0,1464716995.453000,1464716996.378854,1464716996.399494,1464716996.494000
1,1464716995.453000,1464716997.106655,1464716997.137800,1464716997.220000
2,1464716995.453000,1464717001.014489,1464717001.015780,1464717001.087000
3,1464716995.453000,1464716997.845069,1464716997.862113,1464716997.944000
4,1464716995.453000,1464716996.438862,1464716996.446758,1464716996.516000
5,1464716995.453000,1464717001.004101,1464717001.005414,1464717001.081000
6,1464716995.453000,1464716996.328077,1464716996.371715,1464716996.453000
7,1464716995.453000,1464716996.366367,1464716996.374308,1464716996.455000
8,1464716995.454000,1464716998.138328,1464716998.148407,1464716998.236000
9,1464716995.454000,1464717001.003973,1464717001.028093,1464717001.110000
10,1464716995.454000,1464717000.999115,1464717001.000424,1464717001.079000
11,1464716995.454000,1464716996.797284,1464716996.818619,1464716996.900000
12,1464716995.454000,1464716996.373992,1464716996.375645,1464716996.461000
13,1464716995.454000,1464717000.989313,1464717000.998737,1464717001.091000
14,1464716995.454000,1464717001.002516,1464717001.004556,1464717001.086000
15,1464716995.454000,1464716996.492952,1464716996.500437,1464716996.585000
16,1464716995.454000,1464716996.409444,1464716996.411212,1464716996.503000
17,1464716995.454000,1464716996.393334,1464716996.394599,1464716996.480000
18,1464716995.454000,1464717000.990458,1464717000.992006,1464717001.085000
19,1464716995.454000,1464716996.427863,1464716996.429517,1464716996.508000
20,1464716995.454000,1464716996.681454,1464716996.682772,1464716996.771000
21,1464716995.454000,1464716998.252021,1464716998.259304,1464716998.346000
22,1464716995.454000,1464716996.372556,1464716996.382799,1464716996.475000
23,1464716995.454000,1464717000.998042,1464717000.999344,1464717001.080000
24,1464716995.454000,1464717000.998329,1464717001.001572,1464717001.083000
25,1464716995.455000,1464716996.391921,1464716996.404637,1464716996.487000
26,1464716995.455000,1464716996.771313,1464716996.782438,1464716996.864000
27,1464716995.455000,1464716996.459144,1464716996.474376,1464716996.556000
28,1464716995.455000,1464716996.425256,1464716996.435154,1464716996.517000
29,1464716995.455000,1464716996.760009,1464716996.972432,1464716997.060000
30,1464716995.455000,1464716996.374321,1464716996.408142,1464716996.492000
31,1464716995.455000,1464716996.408430,1464716996.409898,1464716996.480000
32,1464716995.457000,1464716996.440661,1464716996.447328,1464716996.543000
33,1464716995.457000,1464717001.011826,1464717001.013582,1464717001.082000
34,1464716995.457000,1464716996.368208,1464716996.400204,1464716996.484000
35,1464716995.457000,1464716996.441437,1464716996.447119,1464716996.543000
36,1464716995.457000,1464716996.498009,1464716996.505517,1464716996.590000
37,1464716995.458000,1464716996.794407,1464716996.804785,1464716996.881000
38,1464716995.459000,1464716996.785448,1464716996.803685,1464716996.886000
39,1464716995.459000,1464716998.168610,1464716998.169896,1464716998.262000
40,1464716995.459000,1464716996.825878,1464716996.849110,1464716996.929000
41,1464716995.459000,1464716996.734209,1464716996.755331,1464716996.835000
42,1464716995.459000,1464716996.798135,1464716996.799117,1464716996.883000
43,1464716995.459000,1464716996.722551,1464716996.723690,1464716996.808000
44,1464716995.459000,1464717001.005851,1464717001.007302,1464717001.089000
45,1464716995.459000,1464717001.004584,1464717001.005805,1464717001.087000
46,1464716995.460000,1464717000.989311,1464717000.992095,1464717001.091000
47,1464716995.460000,1464716996.363335,1464716996.398179,1464716996.480000
48,1464716995.460000,1464717000.993737,1464717000.995070,1464717001.086000
49,1464716995.460000,1464716996.704433,1464716996.727310,1464716996.797000
50,1464716995.460000,1464717001.014834,1464717001.015987,1464717001.085000
51,1464716995.460000,1464717001.000401,1464717001.001938,1464717001.089000
52,1464716995.460000,1464716996.368945,1464716996.397172,1464716996.475000
53,1464716995.460000,1464717001.002570,1464717001.004138,1464717001.085000
54,1464716995.460000,1464716996.796244,1464716996.803790,1464716996.883000
55,1464716995.461000,1464716996.714010,1464716996.718520,1464716996.800000
56,1464716995.463000,1464716996.769884,1464716996.782338,1464716996.865000
57,1464716995.463000,1464716996.739353,1464716996.740401,1464716996.823000
58,1464716995.465000,1464716996.721857,1464716996.727858,1464716996.809000
59,1464716995.468000,1464716996.772987,1464716996.783731,1464716996.866000
60,1464716995.468000,1464716996.827736,1464716996.841807,1464716996.920000
61,1464716995.468000,1464716996.822014,1464716996.897699,1464716996.974000
62,1464716995.468000,1464716996.818913,1464716996.830697,1464716996.923000
63,1464716995.468000,1464716998.192888,1464716998.193988,1464716998.270000
64,1464716995.468000,1464716996.801932,1464716996.803151,1464716996.891000
65,1464716995.468000,1464716996.706124,1464716996.708858,1464716996.793000
66,1464716995.468000,1464716996.761596,1464716996.774778,1464716996.855000
67,1464716995.468000,1464716996.457284,1464716996.458711,1464716996.549000
68,1464716995.468000,1464716996.816488,1464716996.831510,1464716996.912000
69,1464716995.468000,1464716996.703017,1464716996.711253,1464716996.800000
70,1464716995.468000,1464716996.713976,1464716996.719372,1464716996.812000
71,1464716995.468000,1464716996.510160,1464716996.511825,1464716996.593000
72,1464716995.468000,1464716996.501808,1464716996.505309,1464716996.593000
73,1464716995.468000,1464716996.455492,1464716996.458773,1464716996.553000
74,1464716995.469000,1464716996.859020,1464716996.862372,1464716996.933000
75,1464716995.469000,1464716996.707837,1464716996.776409,1464716996.852000
76,1464716995.469000,1464716996.796808,1464716996.816917,1464716996.895000
77,1464716995.469000,1464716996.837448,1464716996.838880,1464716996.908000
78,1464716995.469000,1464716996.412509,1464716996.416188,1464716996.505000
79,1464716995.469000,1464716998.202697,1464716998.203911,1464716998.297000
80,1464716995.469000,1464716996.524964,1464716996.529362,1464716996.611000
81,1464716995.469000,1464716996.702967,1464716996.708616,1464716996.797000
82,1464716995.469000,1464716996.731611,1464716996.732697,1464716996.817000
83,1464716995.469000,1464716996.785306,1464716996.795903,1464716996.883000
84,1464716995.469000,1464716996.454982,1464716996.474914,1464716996.566000
85,1464716995.469000,1464716996.720008,1464716996.737703,1464716996.820000
86,1464716995.469000,1464716996.841317,1464716996.848867,1464716996.929000
87,1464716995.469000,1464716996.709477,1464716996.710632,1464716996.799000
88,1464716995.469000,1464716996.489392,1464716996.507984,1464716996.592000
89,1464716995.470000,1464716996.811373,1464716996.819020,1464716996.906000
90,1464716995.470000,1464716996.509827,1464716996.511322,1464716996.596000
91,1464716995.470000,1464716998.166775,1464716998.181383,1464716998.270000
92,1464716995.470000,1464716996.796821,1464716996.817352,1464716996.897000
93,1464716995.470000,1464716996.475563,1464716996.476949,1464716996.561000
94,1464716995.470000,1464716996.515134,1464716996.520702,1464716996.603000
95,1464716995.470000,1464716996.513147,1464716996.525663,1464716996.597000
96,1464716995.470000,1464716996.806246,1464716996.811781,1464716996.894000
97,1464716995.470000,1464716996.781643,1464716996.784860,1464716996.873000
98,1464716995.470000,1464716996.456995,1464716996.458600,1464716996.544000
99,1464716995.470000,1464716998.202807,1464716998.203828,1464716998.285000
100,1464716995.470000,1464716996.779081,1464716996.789288,1464716996.860000
101,1464716995.470000,1464716996.761547,1464716996.789996,1464716996.870000
102,1464716995.470000,1464716996.707469,1464716996.729468,1464716996.810000
103,1464716995.470000,1464716996.780870,1464716996.795780,1464716996.875000
104,1464716995.470000,1464716996.784928,1464716996.793070,1464716996.874000
105,1464716995.470000,1464716996.691552,1464716996.694211,1464716996.777000
106,1464716995.470000,1464716996.788051,1464716996.808721,1464716996.890000
107,1464716995.471000,1464716996.435706,1464716996.437581,1464716996.517000
108,1464716995.472000,1464716996.769401,1464716996.784829,1464716996.866000
109,1464716995.474000,1464716996.508800,1464716996.513431,1464716996.604000
110,1464716995.479000,1464716996.811795,1464716996.812889,1464716996.904000
111,1464716995.480000,1464716998.204995,1464716998.206342,1464716998.297000
112,1464716995.480000,1464716996.829622,1464716996.843540,1464716996.924000
113,1464716995.481000,1464716996.726276,1464716996.727605,1464716996.812000
114,1464716995.481000,1464716996.733483,1464716996.734594,1464716996.820000
115,1464716995.481000,1464716996.477163,1464716996.488731,1464716996.573000
116,1464716995.481000,1464716996.746224,1464716996.758513,1464716996.841000
117,1464716995.481000,1464716996.809467,1464716996.810772,1464716996.882000
118,1464716995.481000,1464716996.823146,1464716996.978742,1464716997.059000
119,1464716995.481000,1464716996.770897,1464716996.776718,1464716996.861000
120,1464716995.481000,1464716996.761083,1464716996.767005,1464716996.859000
121,1464716995.482000,1464716996.820108,1464716996.838136,1464716996.921000
122,1464716995.482000,1464716996.775386,1464716996.881210,1464716996.960000
123,1464716995.482000,1464716996.503501,1464716996.520647,1464716996.604000
124,1464716995.483000,1464716996.769804,1464716996.786153,1464716996.866000
125,1464716995.483000,1464716998.260905,1464716998.262005,1464716998.344000
126,1464716995.483000,1464716996.418479,1464716996.420012,1464716996.509000
127,1464716995.483000,1464716996.519648,1464716996.547149,1464716996.631000
128,1464716995.483000,1464716996.839031,1464716996.855414,1464716996.944000
129,1464716995.483000,1464716998.190458,1464716998.201616,1464716998.288000
130,1464716995.483000,1464716996.690156,1464716996.698357,1464716996.780000
131,1464716995.483000,1464716996.782481,1464716996.790895,1464716996.870000
132,1464716995.483000,1464716996.506685,1464716996.508100,1464716996.594000
133,1464716995.483000,1464716996.493723,1464716996.494847,1464716996.582000
134,1464716995.484000,1464716998.171173,1464716998.172515,1464716998.261000
135,1464716995.484000,1464716996.752791,1464716996.764751,1464716996.847000
136,1464716995.484000,1464716996.738792,1464716996.760017,1464716996.841000
137,1464716995.485000,1464716996.839367,1464716996.850951,1464716996.932000
138,1464716995.485000,1464716996.783172,1464716996.784190,1464716996.873000
139,1464716995.485000,1464716996.482493,1464716996.523977,1464716996.612000
140,1464716995.485000,1464716996.817863,1464716996.818949,1464716996.910000
141,1464716995.485000,1464716996.822528,1464716996.826763,1464716996.914000
142,1464716995.485000,1464716996.750521,1464716996.843756,1464716996.923000
143,1464716995.485000,1464716996.815174,1464716996.831274,1464716996.911000
144,1464716995.485000,1464716996.736670,1464716996.750495,1464716996.813000
145,1464716995.485000,1464716996.779169,1464716996.780357,1464716996.868000
146,1464716995.486000,1464716996.502296,1464716996.508333,1464716996.582000
147,1464716995.486000,1464716996.804127,1464716996.836407,1464716996.924000
148,1464716995.486000,1464716996.764978,1464716996.774882,1464716996.862000
149,1464716995.487000,1464716996.778823,1464716996.782590,1464716996.852000
150,1464716995.487000,1464716996.799399,1464716996.848918,1464716996.933000
151,1464716995.487000,1464716996.493661,1464716996.514516,1464716996.595000
152,1464716995.487000,1464716996.436137,1464716996.437838,1464716996.526000
153,1464716995.487000,1464716996.504486,1464716996.514850,1464716996.595000
154,1464716995.487000,1464716996.764283,1464716996.765620,1464716996.856000
155,1464716995.487000,1464716996.519591,1464716996.575065,1464716996.655000
156,1464716995.488000,1464716996.498729,1464716996.500401,1464716996.582000
157,1464716995.488000,1464716996.750750,1464716996.762963,1464716996.843000
158,1464716995.488000,1464716996.738195,1464716996.741234,1464716996.821000
159,1464716995.488000,1464716996.518571,1464716996.520986,1464716996.604000
160,1464716995.488000,1464716996.752458,1464716996.809306,1464716996.891000
161,1464716995.488000,1464716996.819411,1464716996.820759,1464716996.889000
162,1464716995.489000,1464716996.800842,1464716996.817355,1464716996.895000
163,1464716995.489000,1464716996.812424,1464716996.830186,1464716996.910000
164,1464716995.489000,1464716996.823037,1464716996.830654,1464716996.901000
165,1464716995.489000,1464716996.677907,1464716996.682834,1464716996.775000
166,1464716995.489000,1464716996.509711,1464716996.529430,1464716996.614000
167,1464716995.489000,1464716996.497031,1464716996.508343,1464716996.592000
168,1464716995.489000,1464716996.329711,1464716996.385510,1464716996.466000
169,1464716995.489000,1464716996.790885,1464716996.791931,1464716996.883000
170,1464716995.489000,1464716996.292761,1464716996.301428,1464716996.392000
171,1464716995.489000,1464716996.462514,1464716996.463763,1464716996.553000
172,1464716995.490000,1464716996.761279,1464716996.762443,1464716996.853000
173,1464716995.490000,1464716996.804994,1464716996.823254,1464716996.911000
174,1464716995.490000,1464716996.320472,1464716996.356492,1464716996.447000
175,1464716995.490000,1464716996.290471,1464716996.310349,1464716996.398000
176,1464716995.490000,1464716996.506174,1464716996.509170,1464716996.580000
177,1464716995.490000,1464716996.750223,1464716996.765067,1464716996.845000
178,1464716995.490000,1464716996.733854,1464716996.742773,1464716996.835000
179,1464716995.490000,1464716996.495131,1464716996.496757,1464716996.586000
180,1464716995.490000,1464716996.777069,1464716996.796668,1464716996.885000
181,1464716995.490000,1464716996.787783,1464716996.806003,1464716996.889000
182,1464716995.490000,1464716996.499575,1464716996.525898,1464716996.600000
183,1464716995.490000,1464716996.787478,1464716996.789025,1464716996.862000
184,1464716995.490000,1464716996.805803,1464716996.815278,1464716996.895000
185,1464716995.490000,1464716996.357831,1464716996.383658,1464716996.466000
186,1464716995.490000,1464716996.711309,1464716996.714451,1464716996.797000
187,1464716995.490000,1464716997.697692,1464716997.717359,1464716997.796000
188,1464716995.490000,1464716996.763886,1464716996.765603,1464716996.838000
189,1464716995.490000,1464716996.522582,1464716996.524087,1464716996.605000
190,1464716995.490000,1464716996.452977,1464716996.454797,1464716996.539000
191,1464716995.490000,1464716996.530104,1464716996.545201,1464716996.614000
192,1464716995.490000,1464716996.522803,1464716996.525127,1464716996.597000
193,1464716995.490000,1464716996.503365,1464716996.515547,1464716996.600000
194,1464716995.490000,1464716996.509236,1464716996.510574,1464716996.601000
195,1464716995.490000,1464716996.503947,1464716996.508340,1464716996.600000
196,1464716995.490000,1464716996.524655,1464716996.554157,1464716996.634000
197,1464716995.490000,1464716996.788104,1464716996.805254,1464716996.883000
198,1464716995.490000,1464716996.366385,1464716996.406236,1464716996.475000
199,1464716995.490000,1464716997.301131,1464716997.309303,1464716997.391000
200,1464716995.490000,1464716996.828562,1464716996.841907,1464716996.924000
201,1464716995.490000,1464716996.300803,1464716996.306485,1464716996.380000
202,1464716995.491000,1464716997.824548,1464716997.863027,1464716997.943000
203,1464716995.491000,1464716996.499857,1464716996.501447,1464716996.593000
204,1464716995.491000,1464716997.235366,1464716997.270810,1464716997.359000
205,1464716995.491000,1464716996.460894,1464716996.462198,1464716996.558000
206,1464716995.491000,1464716996.509279,1464716996.518477,1464716996.597000
207,1464716995.491000,1464716996.287300,1464716996.310117,1464716996.399000
208,1464716995.491000,1464716996.519592,1464716996.559126,1464716996.637000
209,1464716995.491000,1464716996.523243,1464716996.562691,1464716996.650000
210,1464716995.491000,1464716996.473868,1464716996.475605,1464716996.562000
211,1464716995.491000,1464716996.503737,1464716996.505037,1464716996.589000
212,1464716995.491000,1464716998.285761,1464716998.287060,1464716998.373000
213,1464716995.491000,1464716996.482484,1464716996.484081,1464716996.566000
214,1464716995.491000,1464716996.723229,1464716996.734711,1464716996.828000
215,1464716995.491000,1464716996.488476,1464716996.489855,1464716996.580000
216,1464716995.491000,1464716996.463784,1464716996.465261,1464716996.547000
217,1464716995.491000,1464716996.740318,1464716996.757478,1464716996.848000
218,1464716995.491000,1464716996.508048,1464716996.524545,1464716996.619000
219,1464716995.491000,1464716996.305630,1464716996.343101,1464716996.436000
220,1464716995.491000,1464716996.511039,1464716996.524029,1464716996.616000
221,1464716995.491000,1464716996.317711,1464716996.339140,1464716996.420000
222,1464716995.491000,1464716996.345782,1464716996.367224,1464716996.438000
223,1464716995.491000,1464716996.446654,1464716996.448082,1464716996.537000
224,1464716995.491000,1464716996.525601,1464716996.526663,1464716996.598000
225,1464716995.491000,1464716996.291027,1464716996.308362,1464716996.391000
226,1464716995.491000,1464716996.498124,1464716996.535859,1464716996.616000
227,1464716995.491000,1464716997.504622,1464716997.542966,1464716997.623000
228,1464716995.491000,1464716996.512687,1464716996.514373,1464716996.595000
229,1464716995.492000,1464716996.475494,1464716996.483218,1464716996.564000
230,1464716995.492000,1464716996.297817,1464716996.306172,1464716996.378000
231,1464716995.492000,1464716996.529498,1464716996.530693,1464716996.596000
232,1464716995.492000,1464716996.496117,1464716996.499520,1464716996.593000
233,1464716995.492000,1464716996.496175,1464716996.499306,1464716996.578000
234,1464716995.492000,1464716996.531165,1464716996.545624,1464716996.615000
235,1464716995.492000,1464716996.487179,1464716996.519303,1464716996.616000
236,1464716995.492000,1464716996.288251,1464716996.290873,1464716996.391000
237,1464716995.492000,1464716997.212297,1464716997.272362,1464716997.348000
238,1464716995.492000,1464716996.508664,1464716996.534919,1464716996.624000
239,1464716995.492000,1464716996.521481,1464716996.522600,1464716996.597000
240,1464716995.492000,1464716996.521717,1464716996.523280,1464716996.603000
241,1464716995.492000,1464716996.282253,1464716996.323353,1464716996.416000
242,1464716995.492000,1464716996.519020,1464716996.530985,1464716996.612000
243,1464716995.492000,1464716996.470386,1464716996.471883,1464716996.554000
244,1464716995.492000,1464716996.511560,1464716996.526493,1464716996.599000
245,1464716995.492000,1464716996.493031,1464716996.495189,1464716996.590000
246,1464716995.492000,1464716996.763977,1464716996.775013,1464716996.854000
247,1464716995.492000,1464716996.511223,1464716996.512915,1464716996.593000
248,1464716995.492000,1464716996.348422,1464716996.367967,1464716996.448000
249,1464716995.492000,1464716996.786259,1464716996.787913,1464716996.873000
250,1464716995.492000,1464716996.505624,1464716996.515861,1464716996.601000
251,1464716995.492000,1464716996.491540,1464716996.492997,1464716996.563000
252,1464716995.492000,1464716996.499500,1464716996.501207,1464716996.583000
253,1464716995.492000,1464716996.814357,1464716996.815431,1464716996.906000
254,1464716995.492000,1464716996.496319,1464716996.499513,1464716996.583000
255,1464716995.492000,1464716996.518491,1464716996.522336,1464716996.603000
256,1464716995.492000,1464716996.344038,1464716996.358992,1464716996.440000
257,1464716995.493000,1464716996.510826,1464716996.521025,1464716996.604000
258,1464716995.493000,1464716996.492118,1464716996.499281,1464716996.583000
259,1464716995.494000,1464716997.929311,1464716997.930760,1464716997.999000
260,1464716995.496000,1464716996.494417,1464716996.498498,1464716996.593000
261,1464716995.498000,1464716996.476533,1464716996.488701,1464716996.576000
262,1464716995.510000,1464716996.305492,1464716996.342553,1464716996.431000
263,1464716995.514000,1464716996.509632,1464716996.513813,1464716996.604000
264,1464716995.514000,1464716996.499995,1464716996.501612,1464716996.589000
265,1464716995.515000,1464716996.768588,1464716996.769592,1464716996.857000
266,1464716995.515000,1464716996.489112,1464716996.494342,1464716996.581000
267,1464716995.515000,1464716996.483128,1464716996.484588,1464716996.563000
268,1464716995.515000,1464716996.470712,1464716996.473428,1464716996.565000
269,1464716995.515000,1464716996.826621,1464716996.837984,1464716996.917000
270,1464716995.515000,1464716998.225632,1464716998.244413,1464716998.333000
271,1464716995.516000,1464716996.501645,1464716996.503127,1464716996.578000
272,1464716995.516000,1464716996.495415,1464716996.506151,1464716996.592000
273,1464716995.516000,1464716996.827783,1464716996.835572,1464716996.915000
274,1464716995.516000,1464716996.364959,1464716996.385821,1464716996.456000
275,1464716995.516000,1464716996.513986,1464716996.515409,1464716996.602000
276,1464716995.516000,1464716996.520616,1464716996.547401,1464716996.631000
277,1464716995.516000,1464716996.313727,1464716996.377355,1464716996.466000
278,1464716995.516000,1464716996.503012,1464716996.535491,1464716996.624000
279,1464716995.517000,1464716996.527332,1464716996.546200,1464716996.615000
280,1464716995.517000,1464716997.596923,1464716997.677810,1464716997.756000
281,1464716995.517000,1464716997.995110,1464716998.005744,1464716998.074000
282,1464716995.517000,1464716996.831321,1464716996.832596,1464716996.912000
283,1464716995.517000,1464716996.506031,1464716996.507270,1464716996.594000
284,1464716995.517000,1464716996.521096,1464716996.534473,1464716996.615000
285,1464716995.517000,1464716996.511510,1464716996.528822,1464716996.611000
286,1464716995.517000,1464716996.508372,1464716996.510083,1464716996.593000
287,1464716995.518000,1464716998.102877,1464716998.132822,1464716998.211000
288,1464716995.518000,1464716996.479578,1464716996.481264,1464716996.562000
289,1464716995.518000,1464716996.476591,1464716996.477931,1464716996.575000
290,1464716995.518000,1464716996.314688,1464716996.326546,1464716996.396000
291,1464716995.518000,1464716996.447844,1464716996.449363,1464716996.520000
292,1464716995.519000,1464716996.507569,1464716996.508593,1464716996.592000
293,1464716995.519000,1464716996.525943,1464716996.545745,1464716996.619000
294,1464716995.519000,1464716997.548741,1464716997.553764,1464716997.640000
295,1464716995.519000,1464716996.291526,1464716996.356804,1464716996.446000
296,1464716995.519000,1464716996.297369,1464716996.345493,1464716996.439000
297,1464716995.519000,1464716997.504374,1464716997.518601,1464716997.607000
298,1464716995.519000,1464716996.511187,1464716996.525292,1464716996.606000
299,1464716995.520000,1464716996.994111,1464716997.012728,1464716997.084000
300,1464716995.520000,1464716996.361143,1464716996.382672,1464716996.462000
301,1464716995.520000,1464716996.509467,1464716996.516521,1464716996.605000
302,1464716995.520000,1464716996.298206,1464716996.299807,1464716996.398000
303,1464716995.520000,1464716997.290945,1464716997.337852,1464716997.425000
304,1464716995.521000,1464716996.515978,1464716996.534391,1464716996.616000
305,1464716995.521000,1464716996.509289,1464716996.510809,1464716996.604000
306,1464716995.521000,1464716996.296959,1464716996.357134,1464716996.438000
307,1464716995.521000,1464716996.482524,1464716996.483772,1464716996.570000
308,1464716995.521000,1464716996.341808,1464716996.400445,1464716996.494000
309,1464716995.521000,1464716996.502048,1464716996.507978,1464716996.591000
310,1464716995.521000,1464716998.457252,1464716998.461128,1464716998.540000
311,1464716995.521000,1464716996.511548,1464716996.512734,1464716996.599000
312,1464716995.521000,1464716997.010159,1464716997.050104,1464716997.121000
313,1464716995.522000,1464716996.364755,1464716996.382987,1464716996.476000
314,1464716995.522000,1464716996.476322,1464716996.477867,1464716996.569000
315,1464716995.522000,1464716997.850639,1464716997.862753,1464716997.944000
316,1464716995.523000,1464716996.307074,1464716996.319506,1464716996.407000
317,1464716995.523000,1464716997.010149,1464716997.022013,1464716997.102000
318,1464716995.523000,1464716998.281155,1464716998.300956,1464716998.389000
319,1464716995.523000,1464716996.495614,1464716996.499622,1464716996.594000
320,1464716995.523000,1464716996.514010,1464716996.519568,1464716996.602000
321,1464716995.523000,1464716996.298582,1464716996.344919,1464716996.439000
322,1464716995.523000,1464716996.495505,1464716996.496727,1464716996.585000
323,1464716995.523000,1464716996.914599,1464716996.929419,1464716997.012000
324,1464716995.524000,1464716996.373575,1464716996.401527,1464716996.495000
325,1464716995.524000,1464716997.542913,1464716997.601719,1464716997.694000
326,1464716995.524000,1464716996.782751,1464716996.791735,1464716996.874000
327,1464716995.524000,1464716996.780588,1464716996.788484,1464716996.870000
328,1464716995.524000,1464716998.166971,1464716998.173960,1464716998.260000
329,1464716995.524000,1464716996.297434,1464716996.316561,1464716996.398000
330,1464716995.525000,1464716996.528501,1464716996.530545,1464716996.603000
331,1464716995.525000,1464716997.071061,1464716997.079598,1464716997.172000
332,1464716995.525000,1464716996.392060,1464716996.435107,1464716996.516000
333,1464716995.525000,1464716996.389308,1464716996.408442,1464716996.492000
334,1464716995.526000,1464716996.514158,1464716996.517623,1464716996.606000
335,1464716995.526000,1464716996.511442,1464716996.513471,1464716996.606000
336,1464716995.526000,1464716996.518990,1464716996.541914,1464716996.621000
337,1464716995.526000,1464716997.339204,1464716997.358386,1464716997.438000
338,1464716995.527000,1464716996.488359,1464716996.508045,1464716996.592000
339,1464716995.527000,1464716996.751900,1464716996.854798,1464716996.931000
340,1464716995.527000,1464716996.630095,1464716996.729884,1464716996.792000
341,1464716995.527000,1464716997.439590,1464716997.474880,1464716997.562000
342,1464716995.527000,1464716997.542650,1464716997.561920,1464716997.644000
343,1464716995.527000,1464716997.327774,1464716997.331659,1464716997.410000
344,1464716995.527000,1464716996.848921,1464716996.868654,1464716996.942000
345,1464716995.527000,1464716996.522516,1464716996.543882,1464716996.632000
346,1464716995.527000,1464716996.521488,1464716996.523266,1464716996.603000
347,1464716995.528000,1464716997.419567,1464716997.420731,1464716997.500000
348,1464716995.528000,1464716996.370333,1464716996.371641,1464716996.443000
349,1464716995.528000,1464716996.509074,1464716996.525693,1464716996.606000
350,1464716995.529000,1464716997.386161,1464716997.394074,1464716997.474000
351,1464716995.529000,1464716996.287425,1464716996.337941,1464716996.421000
352,1464716995.529000,1464716997.685049,1464716997.743273,1464716997.823000
353,1464716995.529000,1464716996.290361,1464716996.312087,1464716996.394000
354,1464716995.529000,1464716996.671197,1464716996.705570,1464716996.788000
355,1464716995.529000,1464716996.398236,1464716996.418657,1464716996.502000
356,1464716995.529000,1464716997.337525,1464716997.357201,1464716997.435000
357,1464716995.529000,1464716996.376852,1464716996.382480,1464716996.462000
358,1464716995.529000,1464716996.514117,1464716996.515620,1464716996.596000
359,1464716995.529000,1464716996.292508,1464716996.318967,1464716996.408000
360,1464716995.530000,1464716997.028550,1464716997.029927,1464716997.118000
361,1464716995.530000,1464716998.297293,1464716998.302391,1464716998.390000
362,1464716995.530000,1464716996.325005,1464716996.326797,1464716996.407000
363,1464716995.530000,1464716996.388857,1464716996.404727,1464716996.485000
364,1464716995.531000,1464716996.364068,1464716996.396661,1464716996.479000
365,1464716995.531000,1464716997.921599,1464716997.931799,1464716998.010000
366,1464716995.531000,1464716997.044021,1464716997.054873,1464716997.144000
367,1464716995.531000,1464716996.376226,1464716996.430541,1464716996.517000
368,1464716995.531000,1464716997.540362,1464716997.618854,1464716997.712000
369,1464716995.531000,1464716997.021162,1464716997.036061,1464716997.124000
370,1464716995.531000,1464716996.436793,1464716996.438046,1464716996.525000
371,1464716995.531000,1464716996.382566,1464716996.396031,1464716996.480000
372,1464716995.532000,1464716996.350941,1464716996.390757,1464716996.471000
373,1464716995.532000,1464716996.380572,1464716996.389401,1464716996.472000
374,1464716995.532000,1464716997.411765,1464716997.414934,1464716997.494000
375,1464716995.532000,1464716996.304590,1464716996.361667,1464716996.455000
376,1464716995.532000,1464716996.306301,1464716996.308001,1464716996.399000
377,1464716995.532000,1464716997.574819,1464716997.593775,1464716997.680000
378,1464716995.532000,1464716996.838661,1464716996.902145,1464716996.988000
379,1464716995.533000,1464716996.339241,1464716996.373563,1464716996.455000
380,1464716995.533000,1464716997.307438,1464716997.318617,1464716997.398000
381,1464716995.533000,1464716996.300296,1464716996.302037,1464716996.380000
382,1464716995.533000,1464716997.212145,1464716997.218039,1464716997.300000
383,1464716995.533000,1464716997.417980,1464716997.420294,1464716997.507000
384,1464716995.533000,1464716996.502652,1464716996.504156,1464716996.591000
385,1464716995.534000,1464716997.333777,1464716997.341292,1464716997.420000
386,1464716995.534000,1464716997.369291,1464716997.385023,1464716997.465000
387,1464716995.534000,1464716996.401910,1464716996.410583,1464716996.475000
388,1464716995.534000,1464716997.867174,1464716997.883201,1464716997.966000
389,1464716995.534000,1464716996.370250,1464716996.403424,1464716996.483000
390,1464716995.534000,1464716996.380028,1464716996.437883,1464716996.523000
391,1464716995.534000,1464716996.350384,1464716996.367440,1464716996.438000
392,1464716995.535000,1464716997.689720,1464716997.707605,1464716997.789000
393,1464716995.535000,1464716996.365057,1464716996.381871,1464716996.470000
394,1464716995.535000,1464716996.447672,1464716996.449306,1464716996.531000
395,1464716995.536000,1464716996.374331,1464716996.382602,1464716996.475000
396,1464716995.536000,1464716996.625333,1464716996.700187,1464716996.788000
397,1464716995.536000,1464716996.845741,1464716996.848061,1464716996.917000
398,1464716995.536000,1464716997.399169,1464716997.418978,1464716997.505000
399,1464716995.536000,1464716997.758136,1464716997.792722,1464716997.868000
400,1464716995.536000,1464716996.705722,1464716996.717631,1464716996.808000
401,1464716995.536000,1464716996.325004,1464716996.384098,1464716996.472000
402,1464716995.537000,1464716996.359569,1464716996.372415,1464716996.453000
403,1464716995.537000,1464716996.311518,1464716996.329924,1464716996.421000
404,1464716995.537000,1464716996.371185,1464716996.395262,1464716996.485000
405,1464716995.537000,1464716996.343484,1464716996.360979,1464716996.444000
406,1464716995.537000,1464716997.491870,1464716997.497981,1464716997.586000
407,1464716995.537000,1464716996.434609,1464716996.436916,1464716996.520000
408,1464716995.537000,1464716997.396315,1464716997.411688,1464716997.481000
409,1464716995.537000,1464716996.468825,1464716996.488087,1464716996.573000
410,1464716995.538000,1464716996.375265,1464716996.410350,1464716996.499000
411,1464716995.538000,1464716996.449951,1464716996.451475,1464716996.531000
412,1464716995.538000,1464716997.206246,1464716997.224737,1464716997.303000
413,1464716995.538000,1464716996.901132,1464716996.916412,1464716997.004000
414,1464716995.538000,1464716996.350002,1464716996.422787,1464716996.504000
415,1464716995.538000,1464716996.313498,1464716996.367972,1464716996.448000
416,1464716995.538000,1464716996.338913,1464716996.381522,1464716996.475000
417,1464716995.539000,1464716996.308391,1464716996.310242,1464716996.401000
418,1464716995.539000,1464716996.381326,1464716996.391268,1464716996.472000
419,1464716995.539000,1464716997.333225,1464716997.345130,1464716997.414000
420,1464716995.539000,1464716997.515760,1464716997.534894,1464716997.622000
421,1464716995.539000,1464716996.365547,1464716996.367158,1464716996.458000
422,1464716995.539000,1464716997.681537,1464716997.691671,1464716997.768000
423,1464716995.539000,1464716996.386304,1464716996.407409,1464716996.480000
424,1464716995.539000,1464716996.905428,1464716996.907616,1464716996.996000
425,1464716995.540000,1464716996.397460,1464716996.434709,1464716996.516000
426,1464716995.540000,1464716996.950891,1464716996.963203,1464716997.056000
427,1464716995.540000,1464716998.272697,1464716998.281515,1464716998.370000
428,1464716995.540000,1464716997.284908,1464716997.296938,1464716997.377000
429,1464716995.540000,1464716998.113858,1464716998.133871,1464716998.220000
430,1464716995.541000,1464716997.688410,1464716997.703340,1464716997.779000
431,1464716995.541000,1464716996.406473,1464716996.428648,1464716996.494000
432,1464716995.541000,1464716996.385415,1464716996.387292,1464716996.470000
433,1464716995.541000,1464716996.421050,1464716996.465841,1464716996.560000
434,1464716995.541000,1464716996.371831,1464716996.399728,1464716996.494000
435,1464716995.541000,1464716996.315961,1464716996.361453,1464716996.453000
436,1464716995.542000,1464716996.311079,1464716996.319291,1464716996.409000
437,1464716995.542000,1464716996.383877,1464716996.395885,1464716996.479000
438,1464716995.542000,1464716996.411850,1464716996.416462,1464716996.497000
439,1464716995.542000,1464716996.357998,1464716996.401221,1464716996.494000
440,1464716995.542000,1464716997.545829,1464716997.581151,1464716997.660000
441,1464716995.542000,1464716997.254422,1464716997.258623,1464716997.337000
442,1464716995.542000,1464716996.379401,1464716996.395486,1464716996.488000
443,1464716995.543000,1464716996.435620,1464716996.437113,1464716996.519000
444,1464716995.543000,1464716996.308882,1464716996.377772,1464716996.458000
445,1464716995.543000,1464716996.354585,1464716996.363427,1464716996.456000
446,1464716995.543000,1464716996.372627,1464716996.387229,1464716996.467000
447,1464716995.544000,1464716997.073510,1464716997.080163,1464716997.172000
448,1464716995.544000,1464716998.448557,1464716998.461484,1464716998.540000
449,1464716995.544000,1464716996.389968,1464716996.391269,1464716996.471000
450,1464716995.544000,1464716996.383723,1464716996.404667,1464716996.485000
451,1464716995.544000,1464716996.386274,1464716996.415812,1464716996.495000
452,1464716995.544000,1464716996.358628,1464716996.380543,1464716996.464000
453,1464716995.544000,1464716996.348519,1464716996.380152,1464716996.471000
454,1464716995.545000,1464716998.296310,1464716998.300201,1464716998.389000
455,1464716995.545000,1464716996.491861,1464716996.528575,1464716996.610000
456,1464716995.545000,1464716996.287964,1464716996.289769,1464716996.381000
457,1464716995.545000,1464716998.036935,1464716998.051287,1464716998.139000
458,1464716995.545000,1464716997.643429,1464716997.697932,1464716997.780000
459,1464716995.545000,1464716996.703337,1464716996.761212,1464716996.848000
460,1464716995.545000,1464716997.554280,1464716997.569321,1464716997.650000
461,1464716995.546000,1464716997.214103,1464716997.271867,1464716997.347000
462,1464716995.546000,1464716996.301743,1464716996.361310,1464716996.455000
463,1464716995.546000,1464716997.120926,1464716997.126797,1464716997.196000
464,1464716995.546000,1464716996.339882,1464716996.379722,1464716996.470000
465,1464716995.546000,1464716996.294696,1464716996.307430,1464716996.400000
466,1464716995.546000,1464716996.381430,1464716996.397456,1464716996.484000
467,1464716995.546000,1464716997.284087,1464716997.297078,1464716997.375000
468,1464716995.546000,1464716996.372000,1464716996.383297,1464716996.462000
469,1464716995.547000,1464716996.576860,1464716996.632199,1464716996.715000
470,1464716995.547000,1464716996.369641,1464716996.378115,1464716996.466000
471,1464716995.547000,1464716996.900245,1464716996.918131,1464716997.001000
472,1464716995.547000,1464716998.420936,1464716998.429338,1464716998.508000
473,1464716995.547000,1464716997.365528,1464716997.366869,1464716997.436000
474,1464716995.547000,1464716997.884002,1464716997.900217,1464716997.990000
475,1464716995.548000,1464716996.337761,1464716996.361836,1464716996.455000
476,1464716995.548000,1464716998.240806,1464716998.261221,1464716998.350000
477,1464716995.548000,1464716996.293152,1464716996.301653,1464716996.399000
478,1464716995.548000,1464716997.512982,1464716997.517930,1464716997.606000
479,1464716995.548000,1464716996.357819,1464716996.380876,1464716996.464000
480,1464716995.549000,1464716996.390415,1464716996.419251,1464716996.504000
481,1464716995.549000,1464716998.106300,1464716998.122324,1464716998.208000
482,1464716995.549000,1464716997.382748,1464716997.394539,1464716997.480000
483,1464716995.549000,1464716997.356867,1464716997.368019,1464716997.449000
484,1464716995.549000,1464716996.368604,1464716996.377790,1464716996.466000
485,1464716995.549000,1464716996.691644,1464716996.742242,1464716996.821000
486,1464716995.549000,1464716997.868058,1464716997.882692,1464716997.964000
487,1464716995.550000,1464716996.335012,1464716996.352037,1464716996.435000
488,1464716995.550000,1464716997.725329,1464716997.791679,1464716997.867000
489,1464716995.550000,1464716997.867688,1464716997.882037,1464716997.965000
490,1464716995.550000,1464716996.411433,1464716996.412961,1464716996.494000
491,1464716995.550000,1464716997.989975,1464716997.993936,1464716998.063000
492,1464716995.550000,1464716997.538569,1464716997.544768,1464716997.624000
493,1464716995.550000,1464716996.330880,1464716996.385192,1464716996.466000
494,1464716995.550000,1464716998.442429,1464716998.462340,1464716998.541000
495,1464716995.550000,1464716996.419071,1464716996.420614,1464716996.501000
496,1464716995.550000,1464716997.523262,1464716997.524287,1464716997.612000
497,1464716995.550000,1464716997.201555,1464716997.218339,1464716997.301000
498,1464716995.550000,1464716996.293840,1464716996.344519,1464716996.427000
499,1464716995.550000,1464716997.005775,1464716997.020043,1464716997.096000
500,1464716995.550000,1464716997.454951,1464716997.458775,1464716997.546000
501,1464716995.551000,1464716996.384569,1464716996.401812,1464716996.485000
502,1464716995.551000,1464716998.262577,1464716998.279942,1464716998.368000
503,1464716995.551000,1464716997.007048,1464716997.014862,1464716997.095000
504,1464716995.551000,1464716996.286370,1464716996.288958,1464716996.370000
505,1464716995.551000,1464716997.858394,1464716997.862302,1464716997.944000
506,1464716995.551000,1464716996.473013,1464716996.474615,1464716996.561000
507,1464716995.551000,1464716998.224337,1464716998.236127,1464716998.322000
508,1464716995.551000,1464716996.567304,1464716996.638667,1464716996.732000
509,1464716995.551000,1464716996.298440,1464716996.357211,1464716996.436000
510,1464716995.551000,1464716997.232834,1464716997.249068,1464716997.327000
511,1464716995.551000,1464716996.960442,1464716996.976162,1464716997.064000
512,1464716995.551000,1464716996.324448,1464716996.326385,1464716996.396000
513,1464716995.551000,1464716997.990566,1464716998.009933,1464716998.079000
514,1464716995.551000,1464716997.281980,1464716997.292555,1464716997.373000
515,1464716995.551000,1464716996.342105,1464716996.360184,1464716996.444000
516,1464716995.551000,1464716997.633063,1464716997.645178,1464716997.714000
517,1464716995.551000,1464716996.311924,1464716996.313323,1464716996.393000
518,1464716995.551000,1464716996.299437,1464716996.378596,1464716996.457000
519,1464716995.551000,1464716997.844283,1464716997.865582,1464716997.947000
520,1464716995.551000,1464716996.288167,1464716996.363346,1464716996.443000
521,1464716995.551000,1464716996.308981,1464716996.367852,1464716996.452000
522,1464716995.551000,1464716997.311187,1464716997.312595,1464716997.394000
523,1464716995.552000,1464716997.525392,1464716997.561967,1464716997.641000
524,1464716995.552000,1464716996.302488,1464716996.303938,1464716996.381000
525,1464716995.552000,1464716997.135022,1464716997.136329,1464716997.229000
526,1464716995.552000,1464716996.486969,1464716996.505503,1464716996.578000
527,1464716995.552000,1464716996.328357,1464716996.371871,1464716996.455000
528,1464716995.552000,1464716996.363973,1464716996.374716,1464716996.455000
529,1464716995.552000,1464716997.279803,1464716997.381252,1464716997.475000
530,1464716995.552000,1464716996.286627,1464716996.339058,1464716996.422000
531,1464716995.552000,1464716996.378481,1464716996.402324,1464716996.486000
532,1464716995.552000,1464716998.301514,1464716998.303669,1464716998.392000
533,1464716995.552000,1464716996.734846,1464716996.746283,1464716996.815000
534,1464716995.552000,1464716997.503669,1464716997.513901,1464716997.600000
535,1464716995.552000,1464716997.273358,1464716997.280702,1464716997.358000
536,1464716995.552000,1464716997.000893,1464716997.016459,1464716997.105000
537,1464716995.552000,1464716996.294349,1464716996.296443,1464716996.384000
538,1464716995.552000,1464716996.356277,1464716996.374145,1464716996.455000
539,1464716995.552000,1464716996.355603,1464716996.394453,1464716996.474000
540,1464716995.552000,1464716996.357335,1464716996.380237,1464716996.459000
541,1464716995.552000,1464716997.059182,1464716997.080094,1464716997.175000
542,1464716995.552000,1464716998.120876,1464716998.133477,1464716998.212000
543,1464716995.552000,1464716997.665983,1464716997.716784,1464716997.794000
544,1464716995.552000,1464716996.291350,1464716996.360160,1464716996.439000
545,1464716995.552000,1464716996.323522,1464716996.395013,1464716996.485000
546,1464716995.552000,1464716996.299563,1464716996.343763,1464716996.424000
547,1464716995.553000,1464716997.344467,1464716997.397757,1464716997.486000
548,1464716995.553000,1464716996.312457,1464716996.368480,1464716996.438000
549,1464716995.553000,1464716998.223106,1464716998.234199,1464716998.321000
550,1464716995.553000,1464716996.390935,1464716996.430259,1464716996.517000
551,1464716995.553000,1464716997.269802,1464716997.277951,1464716997.357000
552,1464716995.553000,1464716997.483057,1464716997.494041,1464716997.583000
553,1464716995.553000,1464716996.975829,1464716996.992707,1464716997.085000
554,1464716995.553000,1464716998.409138,1464716998.419867,1464716998.499000
555,1464716995.553000,1464716996.378425,1464716996.379840,1464716996.464000
556,1464716995.553000,1464716996.405562,1464716996.407067,1464716996.487000
557,1464716995.553000,1464716997.299822,1464716997.357840,1464716997.440000
558,1464716995.553000,1464716996.385884,1464716996.402057,1464716996.485000
559,1464716995.553000,1464716998.286779,1464716998.301150,1464716998.380000
560,1464716995.553000,1464716997.758861,1464716997.762010,1464716997.843000
561,1464716995.553000,1464716997.193327,1464716997.204479,1464716997.285000
562,1464716995.553000,1464716996.296112,1464716996.349395,1464716996.434000
563,1464716995.553000,1464716996.327074,1464716996.338453,1464716996.435000
564,1464716995.553000,1464716996.319580,1464716996.362484,1464716996.457000
565,1464716995.553000,1464716996.299658,1464716996.374565,1464716996.455000
566,1464716995.553000,1464716996.430121,1464716996.431662,1464716996.514000
567,1464716995.553000,1464716997.536039,1464716997.537359,1464716997.619000
568,1464716995.553000,1464716996.320899,1464716996.362002,1464716996.456000
569,1464716995.553000,1464716996.631734,1464716996.690494,1464716996.753000
570,1464716995.554000,1464716996.379290,1464716996.380588,1464716996.467000
571,1464716995.554000,1464716996.312107,1464716996.362268,1464716996.457000
572,1464716995.554000,1464716998.284545,1464716998.301476,1464716998.390000
573,1464716995.554000,1464716996.314781,1464716996.360882,1464716996.456000
574,1464716995.554000,1464716996.390948,1464716996.415586,1464716996.504000
575,1464716995.554000,1464716997.819344,1464716997.823867,1464716997.904000
576,1464716995.554000,1464716996.290809,1464716996.349258,1464716996.434000
577,1464716995.554000,1464716997.035417,1464716997.037157,1464716997.125000
578,1464716995.554000,1464716996.300932,1464716996.378028,1464716996.459000
579,1464716995.554000,1464716996.321258,1464716996.384153,1464716996.468000
580,1464716995.554000,1464716997.100738,1464716997.120237,1464716997.213000
581,1464716995.554000,1464716996.326210,1464716996.381116,1464716996.470000
582,1464716995.554000,1464716996.349966,1464716996.372482,1464716996.455000
583,1464716995.554000,1464716996.316231,1464716996.365705,1464716996.448000
584,1464716995.554000,1464716996.306819,1464716996.357868,1464716996.438000
585,1464716995.554000,1464716996.295251,1464716996.320331,1464716996.413000
586,1464716995.554000,1464716997.280055,1464716997.283960,1464716997.365000
587,1464716995.554000,1464716996.986385,1464716996.998121,1464716997.080000
588,1464716995.554000,1464716997.292895,1464716997.296796,1464716997.376000
589,1464716995.554000,1464716996.387390,1464716996.422935,1464716996.504000
590,1464716995.554000,1464716997.171620,1464716997.186163,1464716997.267000
591,1464716995.554000,1464716996.327344,1464716996.382706,1464716996.466000
592,1464716995.554000,1464716997.266420,1464716997.277447,1464716997.355000
593,1464716995.554000,1464716996.376202,1464716996.377529,1464716996.460000
594,1464716995.554000,1464716998.407947,1464716998.420934,1464716998.500000
595,1464716995.554000,1464716996.293653,1464716996.294845,1464716996.386000
596,1464716995.555000,1464716996.290082,1464716996.361889,1464716996.456000
597,1464716995.555000,1464716997.297723,1464716997.317936,1464716997.403000
598,1464716995.555000,1464716996.383259,1464716996.386533,1464716996.480000
599,1464716995.555000,1464716996.886356,1464716996.887701,1464716996.964000
600,1464716995.555000,1464716996.369168,1464716996.395274,1464716996.475000
601,1464716995.555000,1464716996.822165,1464716996.881680,1464716996.963000
602,1464716995.555000,1464716996.490980,1464716996.498779,1464716996.583000
603,1464716995.555000,1464716997.550917,1464716997.605833,1464716997.688000
604,1464716995.555000,1464716997.470243,1464716997.485307,1464716997.554000
605,1464716995.555000,1464716997.301630,1464716997.323206,1464716997.411000
606,1464716995.555000,1464716996.311921,1464716996.323210,1464716996.404000
607,1464716995.555000,1464716996.291578,1464716996.357473,1464716996.437000
608,1464716995.555000,1464716997.052874,1464716997.065094,1464716997.143000
609,1464716995.555000,1464716996.277292,1464716996.279288,1464716996.372000
610,1464716995.555000,1464716997.159879,1464716997.177857,1464716997.258000
611,1464716995.555000,1464716998.073061,1464716998.097775,1464716998.186000
612,1464716995.555000,1464716996.422642,1464716996.423909,1464716996.513000
613,1464716995.555000,1464716996.293308,1464716996.307304,1464716996.390000
614,1464716995.555000,1464716996.295613,1464716996.308929,1464716996.401000
615,1464716995.555000,1464716996.325465,1464716996.340279,1464716996.424000
616,1464716995.555000,1464716996.494125,1464716996.541646,1464716996.620000
617,1464716995.555000,1464716996.319174,1464716996.322594,1464716996.405000
618,1464716995.555000,1464716996.329908,1464716996.341152,1464716996.432000
619,1464716995.555000,1464716996.343702,1464716996.361756,1464716996.456000
620,1464716995.555000,1464716997.706057,1464716997.721672,1464716997.804000
621,1464716995.555000,1464716997.629078,1464716997.676992,1464716997.755000
622,1464716995.555000,1464716996.300326,1464716996.305910,1464716996.374000
623,1464716995.556000,1464716996.320317,1464716996.368623,1464716996.451000
624,1464716995.556000,1464716996.298925,1464716996.350251,1464716996.435000
625,1464716995.556000,1464716997.260842,1464716997.277901,1464716997.356000
626,1464716995.556000,1464716997.285599,1464716997.378861,1464716997.475000
627,1464716995.556000,1464716996.345203,1464716996.366551,1464716996.437000
628,1464716995.556000,1464716996.295441,1464716996.351408,1464716996.435000
629,1464716995.556000,1464716996.303275,1464716996.374789,1464716996.456000
630,1464716995.556000,1464716998.288310,1464716998.301053,1464716998.390000
631,1464716995.556000,1464716996.362262,1464716996.380249,1464716996.460000
632,1464716995.556000,1464716996.330858,1464716996.368411,1464716996.449000
633,1464716995.556000,1464716996.312043,1464716996.313214,1464716996.404000
634,1464716995.556000,1464716997.057090,1464716997.079704,1464716997.158000
635,1464716995.556000,1464716998.459659,1464716998.462971,1464716998.542000
636,1464716995.556000,1464716996.323731,1464716996.325866,1464716996.395000
637,1464716995.556000,1464716998.126323,1464716998.134968,1464716998.221000
638,1464716995.556000,1464716996.282244,1464716996.339202,1464716996.431000
639,1464716995.556000,1464716996.314945,1464716996.320657,1464716996.409000
640,1464716995.556000,1464716996.958059,1464716997.012242,1464716997.088000
641,1464716995.556000,1464716998.334139,1464716998.393661,1464716998.480000
642,1464716995.556000,1464716997.345360,1464716997.360233,1464716997.441000
643,1464716995.556000,1464716996.583577,1464716996.598418,1464716996.689000
644,1464716995.556000,1464716996.297861,1464716996.315869,1464716996.396000
645,1464716995.556000,1464716996.344969,1464716996.385525,1464716996.456000
646,1464716995.556000,1464716996.306477,1464716996.357662,1464716996.451000
647,1464716995.556000,1464716996.324081,1464716996.338946,1464716996.419000
648,1464716995.557000,1464716997.550357,1464716997.568635,1464716997.650000
649,1464716995.557000,1464716996.317586,1464716996.379173,1464716996.470000
650,1464716995.557000,1464716996.309449,1464716996.363833,1464716996.444000
651,1464716995.557000,1464716998.032871,1464716998.033799,1464716998.103000
652,1464716995.557000,1464716997.205903,1464716997.223619,1464716997.304000
653,1464716995.557000,1464716996.500106,1464716996.501642,1464716996.592000
654,1464716995.557000,1464716996.308067,1464716996.316127,1464716996.396000
655,1464716995.557000,1464716997.245802,1464716997.270162,1464716997.356000
656,1464716995.557000,1464716996.342953,1464716996.394746,1464716996.475000
657,1464716995.557000,1464716996.398821,1464716996.418091,1464716996.504000
658,1464716995.557000,1464716996.350635,1464716996.386867,1464716996.468000
659,1464716995.557000,1464716996.340573,1464716996.380583,1464716996.471000
660,1464716995.557000,1464716996.358312,1464716996.380304,1464716996.464000
661,1464716995.557000,1464716996.697834,1464716996.748324,1464716996.829000
662,1464716995.557000,1464716996.574035,1464716996.649227,1464716996.711000
663,1464716995.557000,1464716997.614968,1464716997.655285,1464716997.735000
664,1464716995.557000,1464716996.312222,1464716996.355891,1464716996.446000
665,1464716995.557000,1464716996.418929,1464716996.438745,1464716996.534000
666,1464716995.557000,1464716996.325588,1464716996.378247,1464716996.458000
667,1464716995.557000,1464716996.283083,1464716996.329556,1464716996.426000
668,1464716995.557000,1464716998.165751,1464716998.181848,1464716998.270000
669,1464716995.557000,1464716996.280254,1464716996.284858,1464716996.378000
670,1464716995.557000,1464716996.369911,1464716996.388931,1464716996.471000
671,1464716995.557000,1464716997.480106,1464716997.498850,1464716997.586000
672,1464716995.557000,1464716997.337343,1464716997.344834,1464716997.424000
673,1464716995.557000,1464716996.319947,1464716996.379963,1464716996.459000
674,1464716995.558000,1464716998.236655,1464716998.258447,1464716998.344000
675,1464716995.558000,1464716997.793706,1464716997.798005,1464716997.880000
676,1464716995.558000,1464716996.292976,1464716996.294697,1464716996.377000
677,1464716995.558000,1464716997.394752,1464716997.398588,1464716997.478000
678,1464716995.558000,1464716997.196854,1464716997.214316,1464716997.292000
679,1464716995.558000,1464716996.282148,1464716996.286593,1464716996.385000
680,1464716995.558000,1464716997.218077,1464716997.237787,1464716997.320000
681,1464716995.558000,1464716996.318402,1464716996.361555,1464716996.455000
682,1464716995.558000,1464716998.004966,1464716998.009370,1464716998.078000
683,1464716995.558000,1464716996.308295,1464716996.362265,1464716996.440000
684,1464716995.558000,1464716996.960863,1464716997.001082,1464716997.080000
685,1464716995.558000,1464716997.122834,1464716997.126760,1464716997.220000
686,1464716995.558000,1464716996.293360,1464716996.316198,1464716996.398000
687,1464716995.558000,1464716998.027710,1464716998.044771,1464716998.114000
688,1464716995.558000,1464716996.320947,1464716996.356151,1464716996.446000
689,1464716995.559000,1464716996.390598,1464716996.397045,1464716996.480000
690,1464716995.559000,1464716997.407097,1464716997.484398,1464716997.565000
691,1464716995.559000,1464716997.602328,1464716997.698905,1464716997.792000
692,1464716995.559000,1464716997.568233,1464716997.607901,1464716997.689000
693,1464716995.559000,1464716997.038164,1464716997.058251,1464716997.138000
694,1464716995.559000,1464716996.319013,1464716996.356556,1464716996.447000
695,1464716995.559000,1464716996.322785,1464716996.362853,1464716996.457000
696,1464716995.559000,1464716996.384660,1464716996.397969,1464716996.479000
697,1464716995.559000,1464716996.304962,1464716996.306248,1464716996.386000
698,1464716995.559000,1464716996.347445,1464716996.395249,1464716996.486000
699,1464716995.559000,1464716996.336948,1464716996.366599,1464716996.447000
700,1464716995.559000,1464716997.290567,1464716997.291758,1464716997.370000
701,1464716995.559000,1464716996.298686,1464716996.324975,1464716996.410000
702,1464716995.559000,1464716996.289611,1464716996.360415,1464716996.440000
703,1464716995.559000,1464716996.295577,1464716996.305704,1464716996.405000
704,1464716995.559000,1464716997.470099,1464716997.475089,1464716997.562000
705,1464716995.559000,1464716996.338303,1464716996.370923,1464716996.455000
706,1464716995.559000,1464716997.308071,1464716997.328015,1464716997.411000
707,1464716995.559000,1464716996.282313,1464716996.301002,1464716996.392000
708,1464716995.559000,1464716997.610475,1464716997.657789,1464716997.740000
709,1464716995.559000,1464716997.408996,1464716997.431870,1464716997.520000
710,1464716995.559000,1464716997.402955,1464716997.414321,1464716997.494000
711,1464716995.559000,1464716996.860966,1464716996.864047,1464716996.940000
712,1464716995.560000,1464716996.296573,1464716996.341951,1464716996.434000
713,1464716995.560000,1464716997.463535,1464716997.478818,1464716997.567000
714,1464716995.560000,1464716997.299007,1464716997.314952,1464716997.403000
715,1464716995.560000,1464716998.420032,1464716998.428706,1464716998.508000
716,1464716995.560000,1464716996.322416,1464716996.375519,1464716996.458000
717,1464716995.560000,1464716996.303272,1464716996.304859,1464716996.383000
718,1464716995.560000,1464716996.332343,1464716996.373612,1464716996.455000
719,1464716995.560000,1464716996.301212,1464716996.303697,1464716996.399000
720,1464716995.560000,1464716997.733832,1464716997.741659,1464716997.824000
721,1464716995.560000,1464716996.888513,1464716996.896235,1464716996.984000
722,1464716995.560000,1464716998.255994,1464716998.267922,1464716998.356000
723,1464716995.560000,1464716996.382519,1464716996.418973,1464716996.504000
724,1464716995.560000,1464716998.136509,1464716998.149213,1464716998.238000
725,1464716995.560000,1464716997.817149,1464716997.823322,1464716997.904000
726,1464716995.560000,1464716996.284055,1464716996.345833,1464716996.439000
727,1464716995.560000,1464716997.012750,1464716997.028915,1464716997.111000
728,1464716995.560000,1464716997.363188,1464716997.367655,1464716997.436000
729,1464716995.560000,1464716996.298954,1464716996.358582,1464716996.439000
730,1464716995.560000,1464716997.508007,1464716997.517186,1464716997.605000
731,1464716995.560000,1464716996.286379,1464716996.301267,1464716996.390000
732,1464716995.560000,1464716997.117400,1464716997.124749,1464716997.204000
733,1464716995.560000,1464716996.289581,1464716996.337110,1464716996.416000
734,1464716995.560000,1464716996.362092,1464716996.382187,1464716996.461000
735,1464716995.560000,1464716998.276468,1464716998.280579,1464716998.369000
736,1464716995.560000,1464716996.386078,1464716996.397200,1464716996.487000
737,1464716995.561000,1464716997.429094,1464716997.444897,1464716997.514000
738,1464716995.561000,1464716998.032342,1464716998.058626,1464716998.147000
739,1464716995.561000,1464716996.346098,1464716996.366983,1464716996.437000
740,1464716995.564000,1464716997.413821,1464716997.416456,1464716997.496000
741,1464716995.566000,1464716997.354324,1464716997.360804,1464716997.440000
742,1464716995.571000,1464716996.304155,1464716996.305577,1464716996.388000
743,1464716995.583000,1464716997.714975,1464716997.737215,1464716997.819000
744,1464716995.597000,1464716996.993433,1464716997.010894,1464716997.091000
745,1464716995.615000,1464716997.324193,1464716997.341517,1464716997.420000
746,1464716995.621000,1464716997.615542,1464716997.635054,1464716997.715000
747,1464716995.640000,1464716996.455461,1464716996.463564,1464716996.547000
748,1464716995.659000,1464716998.021594,1464716998.024884,1464716998.094000
749,1464716995.660000,1464716996.729051,1464716996.770197,1464716996.832000
750,1464716995.660000,1464716996.483099,1464716996.484457,1464716996.577000
751,1464716995.660000,1464716996.732664,1464716996.743002,1464716996.836000
752,1464716995.660000,1464716996.396927,1464716996.417056,1464716996.496000
753,1464716995.660000,1464716996.369340,1464716996.389868,1464716996.473000
754,1464716995.660000,1464716996.829732,1464716996.831183,1464716996.914000
755,1464716995.660000,1464716996.726544,1464716996.754073,1464716996.851000
756,1464716995.660000,1464716998.242404,1464716998.261669,1464716998.350000
757,1464716995.660000,1464716996.417947,1464716996.443190,1464716996.537000
758,1464716995.660000,1464716998.187507,1464716998.200582,1464716998.289000
759,1464716995.660000,1464716996.386999,1464716996.388331,1464716996.468000
760,1464716995.660000,1464716996.468867,1464716996.475425,1464716996.568000
761,1464716995.660000,1464716996.773418,1464716996.774445,1464716996.865000
762,1464716995.660000,1464716996.516346,1464716996.519842,1464716996.602000
763,1464716995.660000,1464716998.223487,1464716998.242745,1464716998.331000
764,1464716995.660000,1464716996.409150,1464716996.418886,1464716996.512000
765,1464716995.660000,1464716996.796040,1464716996.797126,1464716996.885000
766,1464716995.661000,1464716996.835465,1464716996.836549,1464716996.908000
767,1464716995.660000,1464716996.507543,1464716996.525248,1464716996.597000
768,1464716995.660000,1464716998.248123,1464716998.257612,1464716998.344000
769,1464716995.660000,1464716996.386819,1464716996.398908,1464716996.480000
770,1464716995.660000,1464716996.492582,1464716996.493978,1464716996.582000
771,1464716995.661000,1464716996.750968,1464716996.758699,1464716996.852000
772,1464716995.661000,1464716996.828240,1464716996.851955,1464716996.933000
773,1464716995.660000,1464716996.758213,1464716996.798331,1464716996.881000
774,1464716995.661000,1464716996.817722,1464716996.833093,1464716996.911000
775,1464716995.661000,1464716996.720515,1464716996.722264,1464716996.813000
776,1464716995.661000,1464716996.738877,1464716996.764532,1464716996.845000
777,1464716995.661000,1464716996.766062,1464716996.767465,1464716996.858000
778,1464716995.661000,1464716996.812355,1464716996.818288,1464716996.896000
779,1464716995.661000,1464716996.763555,1464716996.771884,1464716996.860000
780,1464716995.661000,1464716996.412762,1464716996.414132,1464716996.482000
781,1464716995.661000,1464716996.763072,1464716996.766850,1464716996.847000
782,1464716995.661000,1464716996.808792,1464716996.829383,1464716996.914000
783,1464716995.661000,1464716996.428352,1464716996.434951,1464716996.517000
784,1464716995.662000,1464716996.364093,1464716996.365778,1464716996.457000
785,1464716995.661000,1464716996.743028,1464716996.755652,1464716996.838000
786,1464716995.661000,1464716997.757390,1464716997.851746,1464716997.927000
787,1464716995.662000,1464716996.833469,1464716996.834571,1464716996.905000
788,1464716995.662000,1464716998.206231,1464716998.207335,1464716998.276000
789,1464716995.661000,1464716997.764359,1464716997.767324,1464716997.849000
790,1464716995.662000,1464716996.829918,1464716996.841408,1464716996.919000
791,1464716995.662000,1464716996.785798,1464716996.802878,1464716996.882000
792,1464716995.662000,1464716996.771316,1464716996.785866,1464716996.866000
793,1464716995.661000,1464716996.378713,1464716996.383506,1464716996.472000
794,1464716995.661000,1464716996.740850,1464716996.757158,1464716996.835000
795,1464716995.662000,1464716996.823581,1464716996.824576,1464716996.909000
796,1464716995.662000,1464716996.748410,1464716996.749521,1464716996.833000
797,1464716995.661000,1464716996.784161,1464716996.798029,1464716996.880000
798,1464716995.661000,1464716996.458167,1464716996.459358,1464716996.533000
799,1464716995.661000,1464716996.724839,1464716996.730600,1464716996.810000
800,1464716995.662000,1464716996.756504,1464716996.758298,1464716996.827000
801,1464716995.668000,1464716996.802360,1464716996.933563,1464716997.016000
802,1464716995.662000,1464716996.720502,1464716996.730026,1464716996.792000
803,1464716995.662000,1464716996.400757,1464716996.409281,1464716996.492000
804,1464716995.662000,1464716996.774112,1464716996.789001,1464716996.873000
805,1464716995.663000,1464716996.477089,1464716996.500242,1464716996.591000
806,1464716995.662000,1464716996.441967,1464716996.463296,1464716996.547000
807,1464716995.662000,1464716997.764524,1464716997.765531,1464716997.842000
808,1464716995.661000,1464716996.782530,1464716996.795552,1464716996.876000
809,1464716995.661000,1464716996.751372,1464716996.767550,1464716996.847000
810,1464716995.661000,1464716996.784231,1464716996.806118,1464716996.884000
811,1464716995.662000,1464716996.429147,1464716996.434696,1464716996.517000
812,1464716995.661000,1464716996.465029,1464716996.466653,1464716996.539000
813,1464716995.662000,1464716996.828179,1464716996.840963,1464716996.919000
814,1464716995.662000,1464716996.806264,1464716996.807306,1464716996.898000
815,1464716995.662000,1464716996.805058,1464716996.815121,1464716996.898000
816,1464716995.663000,1464716996.802454,1464716996.808791,1464716996.874000
817,1464716995.662000,1464716996.703378,1464716996.718372,1464716996.796000
818,1464716995.662000,1464716996.409236,1464716996.423944,1464716996.505000
819,1464716995.662000,1464716996.402334,1464716996.403819,1464716996.480000
820,1464716995.662000,1464716996.819373,1464716996.837772,1464716996.920000
821,1464716995.662000,1464716996.438417,1464716996.439999,1464716996.531000
822,1464716995.663000,1464716996.718976,1464716996.721279,1464716996.812000
823,1464716995.663000,1464716996.415301,1464716996.417230,1464716996.510000
824,1464716995.662000,1464716996.445638,1464716996.458307,1464716996.544000
825,1464716995.662000,1464716996.369854,1464716996.377601,1464716996.466000
826,1464716995.662000,1464716996.519279,1464716996.552038,1464716996.635000
827,1464716995.662000,1464716996.490106,1464716996.500053,1464716996.581000
828,1464716995.662000,1464716996.828997,1464716996.841672,1464716996.924000
829,1464716995.662000,1464716996.720892,1464716996.724930,1464716996.802000
830,1464716995.663000,1464716996.715414,1464716996.717150,1464716996.808000
831,1464716995.662000,1464716996.517200,1464716996.538146,1464716996.619000
832,1464716995.662000,1464716996.431123,1464716996.445273,1464716996.518000
833,1464716995.663000,1464716996.748245,1464716996.758939,1464716996.841000
834,1464716995.662000,1464716996.380498,1464716996.399366,1464716996.494000
835,1464716995.662000,1464716996.720136,1464716996.721857,1464716996.790000
836,1464716995.663000,1464716996.696343,1464716996.710508,1464716996.804000
837,1464716995.664000,1464716996.475434,1464716996.478793,1464716996.573000
838,1464716995.664000,1464716996.726114,1464716996.747466,1464716996.827000
839,1464716995.662000,1464716996.814483,1464716996.818487,1464716996.896000
840,1464716995.663000,1464716996.797985,1464716996.817436,1464716996.908000
841,1464716995.662000,1464716996.737011,1464716996.744346,1464716996.824000
842,1464716995.662000,1464716996.824293,1464716996.835265,1464716996.923000
843,1464716995.662000,1464716996.848086,1464716996.988331,1464716997.069000
844,1464716995.665000,1464716996.459158,1464716996.460744,1464716996.544000
845,1464716995.662000,1464716996.798890,1464716996.799936,1464716996.885000
846,1464716995.662000,1464716996.764976,1464716996.766061,1464716996.849000
847,1464716995.662000,1464716996.481898,1464716996.496481,1464716996.586000
848,1464716995.663000,1464716996.432826,1464716996.456820,1464716996.537000
849,1464716995.662000,1464716996.699020,1464716996.700246,1464716996.785000
850,1464716995.662000,1464716996.448868,1464716996.450307,1464716996.533000
851,1464716995.663000,1464716996.503791,1464716996.513766,1464716996.606000
852,1464716995.663000,1464716996.744627,1464716996.759978,1464716996.852000
853,1464716995.669000,1464716996.400928,1464716996.417722,1464716996.509000
854,1464716995.663000,1464716996.764039,1464716996.769508,1464716996.851000
855,1464716995.664000,1464716996.694935,1464716996.702858,1464716996.783000
856,1464716995.664000,1464716996.485038,1464716996.498566,1464716996.594000
857,1464716995.663000,1464716996.402403,1464716996.410173,1464716996.493000
858,1464716995.664000,1464716996.809031,1464716996.819210,1464716996.912000
859,1464716995.663000,1464716996.853483,1464716996.894399,1464716996.965000
860,1464716995.664000,1464716996.767776,1464716996.768930,1464716996.860000
861,1464716995.665000,1464716996.488949,1464716996.490145,1464716996.579000
862,1464716995.663000,1464716996.469829,1464716996.471194,1464716996.565000
863,1464716995.663000,1464716996.709687,1464716996.710692,1464716996.795000
864,1464716995.664000,1464716996.805930,1464716996.822877,1464716996.915000
865,1464716995.668000,1464716996.774122,1464716996.776870,1464716996.859000
866,1464716995.663000,1464716998.184136,1464716998.200091,1464716998.288000
867,1464716995.664000,1464716996.717018,1464716996.729851,1464716996.809000
868,1464716995.663000,1464716996.385188,1464716996.434661,1464716996.520000
869,1464716995.664000,1464716996.772888,1464716996.783764,1464716996.867000
870,1464716995.667000,1464716996.467309,1464716996.471171,1464716996.563000
871,1464716995.664000,1464716996.400599,1464716996.419847,1464716996.514000
872,1464716995.666000,1464716996.733685,1464716996.737735,1464716996.828000
873,1464716995.665000,1464716996.491950,1464716996.498570,1464716996.578000
874,1464716995.664000,1464716996.440341,1464716996.457477,1464716996.552000
875,1464716995.664000,1464716996.830957,1464716996.841994,1464716996.920000
876,1464716995.665000,1464716996.412543,1464716996.416673,1464716996.498000
877,1464716995.663000,1464716996.687748,1464716996.697073,1464716996.775000
878,1464716995.664000,1464716996.475050,1464716996.476251,1464716996.567000
879,1464716995.663000,1464716996.767548,1464716996.778538,1464716996.860000
880,1464716995.663000,1464716996.782897,1464716996.803428,1464716996.883000
881,1464716995.665000,1464716996.769462,1464716996.778728,1464716996.871000
882,1464716995.663000,1464716996.708610,1464716996.722734,1464716996.803000
883,1464716995.664000,1464716996.816465,1464716996.817568,1464716996.906000
884,1464716995.664000,1464716996.413742,1464716996.424594,1464716996.507000
885,1464716995.663000,1464716996.766012,1464716996.771659,1464716996.860000
886,1464716995.664000,1464716996.828016,1464716996.843794,1464716996.926000
887,1464716995.665000,1464716996.779152,1464716996.782251,1464716996.851000
888,1464716995.665000,1464716996.782521,1464716996.783663,1464716996.868000
889,1464716995.665000,1464716996.717939,1464716996.721308,1464716996.813000
890,1464716995.663000,1464716998.198215,1464716998.199551,1464716998.279000
891,1464716995.664000,1464716996.774902,1464716996.783305,1464716996.862000
892,1464716995.663000,1464716996.752376,1464716996.765603,1464716996.843000
893,1464716995.663000,1464716996.468073,1464716996.478369,1464716996.564000
894,1464716995.664000,1464716998.175382,1464716998.179199,1464716998.271000
895,1464716995.664000,1464716996.754015,1464716996.755011,1464716996.840000
896,1464716995.663000,1464716996.782769,1464716996.798714,1464716996.889000
897,1464716995.664000,1464716996.799620,1464716996.800994,1464716996.884000
898,1464716995.664000,1464716996.818999,1464716996.822775,1464716996.904000
899,1464716995.665000,1464716998.191381,1464716998.192747,1464716998.275000
900,1464716995.664000,1464716996.771033,1464716996.782730,1464716996.875000
901,1464716995.664000,1464716996.791765,1464716996.812019,1464716996.888000
902,1464716995.665000,1464716996.697951,1464716996.710701,1464716996.803000
903,1464716995.665000,1464716996.714877,1464716996.720106,1464716996.811000
904,1464716995.664000,1464716996.684547,1464716996.688297,1464716996.770000
905,1464716995.668000,1464716996.500321,1464716996.519523,1464716996.616000
906,1464716995.664000,1464716996.704670,1464716996.705943,1464716996.788000
907,1464716995.665000,1464716996.723219,1464716996.737835,1464716996.829000
908,1464716995.664000,1464716996.806880,1464716996.818779,1464716996.907000
909,1464716995.665000,1464716996.501802,1464716996.504317,1464716996.601000
910,1464716995.666000,1464716996.785257,1464716996.797190,1464716996.877000
911,1464716995.664000,1464716996.813858,1464716996.815084,1464716996.877000
912,1464716995.664000,1464716996.481099,1464716996.482385,1464716996.578000
913,1464716995.664000,1464716996.784675,1464716996.795644,1464716996.884000
914,1464716995.664000,1464716996.746818,1464716996.755705,1464716996.840000
915,1464716995.664000,1464716996.777599,1464716996.778778,1464716996.867000
916,1464716995.665000,1464716996.814998,1464716996.822620,1464716996.910000
917,1464716995.666000,1464716996.783511,1464716996.798641,1464716996.881000
918,1464716995.664000,1464716996.803328,1464716996.804513,1464716996.892000
919,1464716995.668000,1464716996.791540,1464716996.805031,1464716996.884000
920,1464716995.664000,1464716996.791738,1464716996.792812,1464716996.877000
921,1464716995.664000,1464716996.711974,1464716996.721073,1464716996.800000
922,1464716995.665000,1464716998.204783,1464716998.206061,1464716998.287000
923,1464716995.666000,1464716996.739313,1464716996.760790,1464716996.842000
924,1464716995.664000,1464716996.474701,1464716996.476450,1464716996.563000
925,1464716995.665000,1464716996.694081,1464716996.714079,1464716996.793000
926,1464716995.666000,1464716998.208029,1464716998.209286,1464716998.297000
927,1464716995.668000,1464716996.753353,1464716996.766019,1464716996.844000
928,1464716995.664000,1464716996.497188,1464716996.498159,1464716996.590000
929,1464716995.665000,1464716996.794962,1464716996.823430,1464716996.903000
930,1464716995.664000,1464716996.745958,1464716996.747070,1464716996.838000
931,1464716995.664000,1464716996.515627,1464716996.517257,1464716996.599000
932,1464716995.665000,1464716996.830786,1464716996.848215,1464716996.929000
933,1464716995.665000,1464716996.734788,1464716996.762229,1464716996.843000
934,1464716995.668000,1464716996.844950,1464716996.847703,1464716996.916000
935,1464716995.665000,1464716996.438083,1464716996.443600,1464716996.537000
936,1464716995.666000,1464716996.738036,1464716996.761755,1464716996.843000
937,1464716995.666000,1464716996.500152,1464716996.501875,1464716996.574000
938,1464716995.675000,1464716996.784055,1464716996.798652,1464716996.876000
939,1464716995.665000,1464716996.783714,1464716996.784801,1464716996.876000
940,1464716995.665000,1464716996.521067,1464716996.524861,1464716996.596000
941,1464716995.666000,1464716996.432909,1464716996.446209,1464716996.518000
942,1464716995.665000,1464716996.787133,1464716996.800592,1464716996.882000
943,1464716995.666000,1464716996.783071,1464716996.806641,1464716996.886000
944,1464716995.666000,1464716996.396248,1464716996.424955,1464716996.495000
945,1464716995.667000,1464716996.813172,1464716996.814942,1464716996.884000
946,1464716995.668000,1464716996.481334,1464716996.483059,1464716996.565000
947,1464716995.666000,1464716996.749054,1464716996.770733,1464716996.832000
948,1464716995.689000,1464716996.491561,1464716996.493278,1464716996.580000
949,1464716995.666000,1464716996.693478,1464716996.712135,1464716996.792000
950,1464716995.665000,1464716996.760126,1464716996.765668,1464716996.851000
951,1464716995.665000,1464716996.769141,1464716996.770256,1464716996.853000
952,1464716995.666000,1464716996.749039,1464716996.750237,1464716996.838000
953,1464716995.666000,1464716996.743575,1464716996.746763,1464716996.815000
954,1464716995.666000,1464716996.780408,1464716996.789134,1464716996.860000
955,1464716995.666000,1464716996.502399,1464716996.508618,1464716996.595000
956,1464716995.666000,1464716996.724859,1464716996.738162,1464716996.829000
957,1464716995.665000,1464716996.421038,1464716996.438585,1464716996.531000
958,1464716995.668000,1464716996.757183,1464716996.758317,1464716996.846000
959,1464716995.665000,1464716996.807889,1464716996.817025,1464716996.899000
960,1464716995.667000,1464716996.717147,1464716996.734207,1464716996.814000
961,1464716995.666000,1464716996.717111,1464716996.736854,1464716996.815000
962,1464716995.668000,1464716996.812756,1464716996.820413,1464716996.913000
963,1464716995.666000,1464716998.221618,1464716998.222637,1464716998.299000
964,1464716995.666000,1464716996.715719,1464716996.718970,1464716996.809000
965,1464716995.666000,1464716996.737292,1464716996.761295,1464716996.842000
966,1464716995.666000,1464716996.762317,1464716996.770766,1464716996.854000
967,1464716995.666000,1464716996.833560,1464716996.834688,1464716996.897000
968,1464716995.666000,1464716996.833631,1464716996.837118,1464716996.908000
969,1464716995.666000,1464716996.696894,1464716996.715401,1464716996.803000
970,1464716995.668000,1464716996.698040,1464716996.706112,1464716996.788000
971,1464716995.668000,1464716996.707331,1464716996.718229,1464716996.810000
972,1464716995.666000,1464716996.729305,1464716996.744900,1464716996.814000
973,1464716995.666000,1464716996.839177,1464716996.848879,1464716996.931000
974,1464716995.666000,1464716996.719896,1464716996.729981,1464716996.810000
975,1464716995.666000,1464716996.804105,1464716996.816079,1464716996.896000
976,1464716995.666000,1464716996.710716,1464716996.711868,1464716996.803000
977,1464716995.666000,1464716996.489593,1464716996.506866,1464716996.591000
978,1464716995.667000,1464716996.737362,1464716996.756829,1464716996.835000
979,1464716995.666000,1464716996.478595,1464716996.498985,1464716996.595000
980,1464716995.667000,1464716996.461294,1464716996.477654,1464716996.561000
981,1464716995.666000,1464716996.693862,1464716996.703262,1464716996.796000
982,1464716995.666000,1464716996.500502,1464716996.505424,1464716996.598000
983,1464716995.677000,1464716996.789809,1464716996.799289,1464716996.877000
984,1464716995.667000,1464716996.823510,1464716996.824578,1464716996.898000
985,1464716995.666000,1464716996.730242,1464716996.739616,1464716996.833000
986,1464716995.667000,1464716996.797958,1464716996.800163,1464716996.891000
987,1464716995.667000,1464716996.784487,1464716996.800057,1464716996.881000
988,1464716995.667000,1464716996.480302,1464716996.481694,1464716996.566000
989,1464716995.667000,1464716996.715087,1464716996.878786,1464716996.967000
990,1464716995.667000,1464716996.750145,1464716996.751150,1464716996.841000
991,1464716995.667000,1464716996.726297,1464716996.739209,1464716996.832000
992,1464716995.667000,1464716996.737893,1464716996.745166,1464716996.833000
993,1464716995.667000,1464716996.752324,1464716996.757021,1464716996.826000
994,1464716995.666000,1464716998.253274,1464716998.261375,1464716998.340000
995,1464716995.666000,1464716996.480991,1464716996.495512,1464716996.588000
996,1464716995.670000,1464716996.795973,1464716996.797716,1464716996.867000
997,1464716995.666000,1464716996.823154,1464716996.846597,1464716996.934000
998,1464716995.666000,1464716996.816643,1464716996.827055,1464716996.907000
999,1464716995.666000,1464716996.490935,1464716996.493681,1464716996.578000
