0,1464717175.637000,1464717176.227713,1464717176.229064,1464717176.309000
1,1464717175.637000,1464717176.235298,1464717176.236529,1464717176.321000
2,1464717175.637000,1464717176.277456,1464717176.278731,1464717176.371000
3,1464717175.637000,1464717176.231208,1464717176.233128,1464717176.309000
4,1464717175.637000,1464717176.231676,1464717176.237939,1464717176.351000
5,1464717175.637000,1464717176.287869,1464717176.289006,1464717176.381000
6,1464717175.637000,1464717176.350997,1464717176.352126,1464717176.433000
7,1464717175.637000,1464717176.285670,1464717176.286793,1464717176.370000
8,1464717175.637000,1464717176.310708,1464717176.311794,1464717176.399000
9,1464717175.637000,1464717176.232699,1464717176.238674,1464717176.344000
10,1464717175.637000,1464717176.303215,1464717176.304547,1464717176.387000
11,1464717175.637000,1464717176.229686,1464717176.231341,1464717176.342000
12,1464717175.637000,1464717176.223763,1464717176.225081,1464717176.327000
13,1464717175.637000,1464717176.274390,1464717176.275420,1464717176.373000
14,1464717175.637000,1464717176.251763,1464717176.252768,1464717176.350000
15,1464717175.637000,1464717176.232788,1464717176.242724,1464717176.336000
16,1464717175.637000,1464717176.226029,1464717176.242627,1464717176.329000
17,1464717175.637000,1464717176.222278,1464717176.234612,1464717176.344000
18,1464717175.638000,1464717176.240534,1464717176.242038,1464717176.317000
19,1464717175.638000,1464717176.218586,1464717176.220911,1464717176.316000
20,1464717175.638000,1464717176.223634,1464717176.225103,1464717176.308000
21,1464717175.638000,1464717176.223906,1464717176.225271,1464717176.338000
22,1464717175.638000,1464717176.220913,1464717176.222430,1464717176.309000
23,1464717175.638000,1464717176.214773,1464717176.218116,1464717176.324000
24,1464717175.638000,1464717176.218770,1464717176.222400,1464717176.336000
25,1464717175.638000,1464717176.225014,1464717176.242475,1464717176.337000
26,1464717175.638000,1464717176.231404,1464717176.233128,1464717176.316000
27,1464717175.638000,1464717176.241154,1464717176.252155,1464717176.335000
28,1464717175.639000,1464717176.265768,1464717176.266817,1464717176.375000
29,1464717175.639000,1464717176.223480,1464717176.224909,1464717176.307000
30,1464717175.639000,1464717176.220969,1464717176.235165,1464717176.349000
31,1464717175.639000,1464717176.225808,1464717176.240206,1464717176.333000
32,1464717175.639000,1464717176.227692,1464717176.230012,1464717176.342000
33,1464717175.639000,1464717176.234396,1464717176.235743,1464717176.329000
34,1464717175.639000,1464717176.265578,1464717176.266751,1464717176.351000
35,1464717175.639000,1464717176.276529,1464717176.289463,1464717176.375000
36,1464717175.639000,1464717176.215866,1464717176.217387,1464717176.325000
37,1464717175.640000,1464717176.219481,1464717176.221196,1464717176.314000
38,1464717175.641000,1464717176.229498,1464717176.254310,1464717176.348000
39,1464717175.641000,1464717176.257468,1464717176.262449,1464717176.355000
40,1464717175.641000,1464717176.271220,1464717176.272262,1464717176.362000
41,1464717175.641000,1464717176.224264,1464717176.240507,1464717176.343000
42,1464717175.641000,1464717176.238113,1464717176.239383,1464717176.320000
43,1464717175.641000,1464717176.225133,1464717176.240817,1464717176.344000
44,1464717175.641000,1464717176.233430,1464717176.235943,1464717176.324000
45,1464717175.643000,1464717176.225040,1464717176.227367,1464717176.319000
46,1464717175.643000,1464717176.226263,1464717176.227427,1464717176.330000
47,1464717175.644000,1464717176.226839,1464717176.228446,1464717176.336000
48,1464717175.644000,1464717176.237927,1464717176.245252,1464717176.327000
49,1464717175.645000,1464717176.221236,1464717176.234021,1464717176.328000
50,1464717175.645000,1464717176.214772,1464717176.217878,1464717176.364000
51,1464717175.645000,1464717176.234792,1464717176.242252,1464717176.322000
52,1464717175.645000,1464717176.296809,1464717176.297888,1464717176.378000
53,1464717175.645000,1464717176.242220,1464717176.243434,1464717176.330000
54,1464717175.645000,1464717176.265275,1464717176.266348,1464717176.356000
55,1464717175.645000,1464717176.336731,1464717176.338477,1464717176.418000
56,1464717175.645000,1464717176.223580,1464717176.241762,1464717176.340000
57,1464717175.645000,1464717176.342451,1464717176.343470,1464717176.430000
58,1464717175.645000,1464717176.597951,1464717176.600812,1464717176.688000
59,1464717175.645000,1464717176.302100,1464717176.303154,1464717176.383000
60,1464717175.645000,1464717176.354544,1464717176.355648,1464717176.442000
61,1464717175.645000,1464717176.410362,1464717176.411548,1464717176.497000
62,1464717175.645000,1464717176.214902,1464717176.216457,1464717176.331000
63,1464717175.645000,1464717176.283690,1464717176.284800,1464717176.374000
64,1464717175.646000,1464717176.352857,1464717176.354310,1464717176.440000
65,1464717175.646000,1464717176.651464,1464717176.652447,1464717176.724000
66,1464717175.647000,1464717176.359185,1464717176.360169,1464717176.449000
67,1464717175.648000,1464717176.385036,1464717176.386478,1464717176.467000
68,1464717175.650000,1464717178.141025,1464717178.142300,1464717178.213000
69,1464717175.652000,1464717176.265486,1464717176.266458,1464717176.334000
70,1464717175.652000,1464717176.407633,1464717176.416250,1464717176.504000
71,1464717175.652000,1464717176.333007,1464717176.334041,1464717176.411000
72,1464717175.652000,1464717176.336853,1464717176.338163,1464717176.419000
73,1464717175.652000,1464717178.079574,1464717178.082414,1464717178.170000
74,1464717175.653000,1464717176.650107,1464717176.651211,1464717176.731000
75,1464717175.653000,1464717176.281272,1464717176.282572,1464717176.374000
76,1464717175.653000,1464717176.708727,1464717176.710086,1464717176.798000
77,1464717175.653000,1464717176.305976,1464717176.306969,1464717176.387000
78,1464717175.653000,1464717176.351294,1464717176.352649,1464717176.441000
79,1464717175.653000,1464717176.348046,1464717176.349122,1464717176.435000
80,1464717175.653000,1464717176.354397,1464717176.355469,1464717176.436000
81,1464717175.653000,1464717176.363197,1464717176.364162,1464717176.453000
82,1464717175.653000,1464717176.352857,1464717176.360739,1464717176.447000
83,1464717175.653000,1464717178.098232,1464717178.099438,1464717178.186000
84,1464717175.653000,1464717176.307647,1464717176.308770,1464717176.397000
85,1464717175.653000,1464717176.402531,1464717176.404175,1464717176.491000
86,1464717175.653000,1464717176.285325,1464717176.286371,1464717176.374000
87,1464717175.653000,1464717176.310972,1464717176.312079,1464717176.392000
88,1464717175.654000,1464717176.397999,1464717176.399113,1464717176.479000
89,1464717175.654000,1464717176.654198,1464717176.655421,1464717176.740000
90,1464717175.654000,1464717176.741848,1464717176.742894,1464717176.830000
91,1464717175.654000,1464717176.379428,1464717176.382051,1464717176.469000
92,1464717175.654000,1464717176.411918,1464717176.422802,1464717176.512000
93,1464717175.654000,1464717178.074599,1464717178.077725,1464717178.170000
94,1464717175.654000,1464717176.344180,1464717176.358204,1464717176.452000
95,1464717175.654000,1464717176.674927,1464717176.681981,1464717176.762000
96,1464717175.654000,1464717176.425246,1464717176.427190,1464717176.497000
97,1464717175.654000,1464717176.276369,1464717176.277706,1464717176.361000
98,1464717175.654000,1464717176.344888,1464717176.345903,1464717176.417000
99,1464717175.654000,1464717176.376880,1464717176.382811,1464717176.472000
100,1464717175.654000,1464717176.312164,1464717176.313511,1464717176.393000
101,1464717175.654000,1464717176.323591,1464717176.325115,1464717176.388000
102,1464717175.654000,1464717176.385466,1464717176.386473,1464717176.466000
103,1464717175.654000,1464717176.351156,1464717176.352238,1464717176.439000
104,1464717175.654000,1464717176.367851,1464717176.386111,1464717176.460000
105,1464717175.654000,1464717176.344889,1464717176.345857,1464717176.434000
106,1464717175.654000,1464717176.327785,1464717176.328791,1464717176.409000
107,1464717175.654000,1464717176.385390,1464717176.386788,1464717176.468000
108,1464717175.654000,1464717176.661032,1464717176.662569,1464717176.749000
109,1464717175.654000,1464717176.402761,1464717176.403948,1464717176.486000
110,1464717175.654000,1464717176.304673,1464717176.305671,1464717176.393000
111,1464717175.655000,1464717176.338251,1464717176.358418,1464717176.453000
112,1464717175.655000,1464717176.356333,1464717176.361457,1464717176.441000
113,1464717175.655000,1464717176.331623,1464717176.332773,1464717176.417000
114,1464717175.655000,1464717176.700343,1464717176.701900,1464717176.770000
115,1464717175.655000,1464717176.606489,1464717176.614277,1464717176.693000
116,1464717175.655000,1464717176.352678,1464717176.353657,1464717176.442000
117,1464717175.655000,1464717176.298380,1464717176.299522,1464717176.380000
118,1464717175.655000,1464717176.677481,1464717176.678499,1464717176.760000
119,1464717175.655000,1464717176.339985,1464717176.340973,1464717176.436000
120,1464717175.655000,1464717176.600055,1464717176.601741,1464717176.688000
121,1464717175.655000,1464717176.331204,1464717176.332372,1464717176.425000
122,1464717175.655000,1464717176.372103,1464717176.373137,1464717176.441000
123,1464717175.655000,1464717176.304781,1464717176.305800,1464717176.392000
124,1464717175.657000,1464717176.360249,1464717176.361399,1464717176.447000
125,1464717175.662000,1464717176.312418,1464717176.319849,1464717176.405000
126,1464717175.665000,1464717176.371692,1464717176.373008,1464717176.454000
127,1464717175.668000,1464717176.310455,1464717176.321546,1464717176.403000
128,1464717175.670000,1464717176.648765,1464717176.649772,1464717176.730000
129,1464717175.670000,1464717176.382776,1464717176.384004,1464717176.467000
130,1464717175.670000,1464717176.391954,1464717176.398579,1464717176.488000
131,1464717175.670000,1464717176.427368,1464717176.446073,1464717176.514000
132,1464717175.670000,1464717176.306613,1464717176.307693,1464717176.399000
133,1464717175.670000,1464717176.639611,1464717176.640614,1464717176.720000
134,1464717175.670000,1464717176.327020,1464717176.328180,1464717176.400000
135,1464717175.671000,1464717176.293903,1464717176.294919,1464717176.363000
136,1464717175.671000,1464717176.399881,1464717176.402559,1464717176.483000
137,1464717175.671000,1464717176.345458,1464717176.346535,1464717176.429000
138,1464717175.672000,1464717176.290892,1464717176.291978,1464717176.384000
139,1464717175.672000,1464717176.599991,1464717176.601264,1464717176.687000
140,1464717175.672000,1464717176.608798,1464717176.609755,1464717176.697000
141,1464717175.672000,1464717176.394872,1464717176.396079,1464717176.477000
142,1464717175.672000,1464717176.666587,1464717176.667683,1464717176.748000
143,1464717175.672000,1464717176.634215,1464717176.635255,1464717176.715000
144,1464717175.672000,1464717176.605041,1464717176.606571,1464717176.685000
145,1464717175.672000,1464717178.087251,1464717178.103118,1464717178.182000
146,1464717175.672000,1464717176.376540,1464717176.378649,1464717176.471000
147,1464717175.672000,1464717176.370912,1464717176.401632,1464717176.482000
148,1464717175.672000,1464717176.362338,1464717176.363810,1464717176.443000
149,1464717175.672000,1464717176.630872,1464717176.632096,1464717176.720000
150,1464717175.672000,1464717176.608865,1464717176.609996,1464717176.697000
151,1464717175.672000,1464717178.084554,1464717178.085578,1464717178.173000
152,1464717175.672000,1464717176.602831,1464717176.604410,1464717176.684000
153,1464717175.672000,1464717176.344432,1464717176.357813,1464717176.452000
154,1464717175.673000,1464717176.634207,1464717176.635272,1464717176.723000
155,1464717175.673000,1464717176.336194,1464717176.337713,1464717176.430000
156,1464717175.673000,1464717176.413307,1464717176.414290,1464717176.486000
157,1464717175.673000,1464717176.684271,1464717176.685589,1464717176.766000
158,1464717175.674000,1464717176.358942,1464717176.360077,1464717176.446000
159,1464717175.674000,1464717176.335142,1464717176.342407,1464717176.431000
160,1464717175.674000,1464717176.387246,1464717176.404709,1464717176.495000
161,1464717175.674000,1464717176.409568,1464717176.410706,1464717176.492000
162,1464717175.674000,1464717178.122699,1464717178.123816,1464717178.212000
163,1464717175.674000,1464717176.676418,1464717176.681505,1464717176.767000
164,1464717175.674000,1464717176.365156,1464717176.366209,1464717176.459000
165,1464717175.674000,1464717176.680210,1464717176.682891,1464717176.763000
166,1464717175.674000,1464717176.630719,1464717176.631900,1464717176.712000
167,1464717175.674000,1464717176.643179,1464717176.644480,1464717176.730000
168,1464717175.674000,1464717176.369217,1464717176.370256,1464717176.442000
169,1464717175.674000,1464717176.313987,1464717176.315002,1464717176.403000
170,1464717175.674000,1464717176.645013,1464717176.646035,1464717176.726000
171,1464717175.674000,1464717176.630442,1464717176.633652,1464717176.720000
172,1464717175.674000,1464717176.387725,1464717176.388767,1464717176.466000
173,1464717175.675000,1464717176.660276,1464717176.661401,1464717176.741000
174,1464717175.675000,1464717176.657588,1464717176.668129,1464717176.748000
175,1464717175.675000,1464717176.683406,1464717176.684630,1464717176.771000
176,1464717175.675000,1464717176.711968,1464717176.712943,1464717176.800000
177,1464717175.675000,1464717176.684438,1464717176.685437,1464717176.765000
178,1464717175.675000,1464717176.645846,1464717176.646848,1464717176.741000
179,1464717175.675000,1464717178.088307,1464717178.089664,1464717178.170000
180,1464717175.675000,1464717176.316887,1464717176.317959,1464717176.397000
181,1464717175.675000,1464717176.642123,1464717176.643328,1464717176.729000
182,1464717175.675000,1464717176.356868,1464717176.361139,1464717176.441000
183,1464717175.675000,1464717176.409050,1464717176.410306,1464717176.484000
184,1464717175.675000,1464717176.694386,1464717176.696020,1464717176.776000
185,1464717175.675000,1464717176.391980,1464717176.393226,1464717176.478000
186,1464717175.675000,1464717176.662278,1464717176.680720,1464717176.766000
187,1464717175.675000,1464717176.658298,1464717176.659457,1464717176.747000
188,1464717175.675000,1464717176.362117,1464717176.381094,1464717176.461000
189,1464717175.675000,1464717176.646611,1464717176.662816,1464717176.742000
190,1464717175.675000,1464717176.378573,1464717176.380204,1464717176.461000
191,1464717175.675000,1464717176.608415,1464717176.609704,1464717176.702000
192,1464717175.675000,1464717176.377068,1464717176.383424,1464717176.469000
193,1464717175.676000,1464717176.632182,1464717176.633321,1464717176.714000
194,1464717175.675000,1464717176.316311,1464717176.317311,1464717176.386000
195,1464717175.675000,1464717176.639943,1464717176.641039,1464717176.726000
196,1464717175.675000,1464717176.345827,1464717176.374028,1464717176.460000
197,1464717175.675000,1464717176.683666,1464717176.701936,1464717176.782000
198,1464717175.676000,1464717176.623878,1464717176.625161,1464717176.713000
199,1464717175.675000,1464717178.117441,1464717178.118725,1464717178.213000
200,1464717175.676000,1464717176.366406,1464717176.368164,1464717176.456000
201,1464717175.675000,1464717176.348928,1464717176.350318,1464717176.431000
202,1464717175.676000,1464717176.376834,1464717176.378478,1464717176.466000
203,1464717175.676000,1464717176.647223,1464717176.648274,1464717176.728000
204,1464717175.676000,1464717176.606616,1464717176.607711,1464717176.688000
205,1464717175.676000,1464717178.103013,1464717178.104274,1464717178.190000
206,1464717175.676000,1464717176.673724,1464717176.674943,1464717176.743000
207,1464717175.676000,1464717176.690184,1464717176.691394,1464717176.777000
208,1464717175.676000,1464717176.371994,1464717176.373016,1464717176.462000
209,1464717175.676000,1464717176.673875,1464717176.681956,1464717176.768000
210,1464717175.676000,1464717176.343075,1464717176.344196,1464717176.424000
211,1464717175.676000,1464717176.361312,1464717176.362960,1464717176.456000
212,1464717175.676000,1464717176.687650,1464717176.688937,1464717176.768000
213,1464717175.676000,1464717176.648331,1464717176.649359,1464717176.729000
214,1464717175.676000,1464717176.704826,1464717176.706125,1464717176.791000
215,1464717175.676000,1464717176.632873,1464717176.633928,1464717176.721000
216,1464717175.676000,1464717176.680755,1464717176.682125,1464717176.769000
217,1464717175.676000,1464717176.363944,1464717176.378830,1464717176.471000
218,1464717175.676000,1464717176.375072,1464717176.376226,1464717176.457000
219,1464717175.676000,1464717176.699934,1464717176.701165,1464717176.780000
220,1464717175.676000,1464717176.739488,1464717176.740574,1464717176.820000
221,1464717175.676000,1464717176.380218,1464717176.381277,1464717176.463000
222,1464717175.676000,1464717176.360479,1464717176.361610,1464717176.447000
223,1464717175.676000,1464717176.394366,1464717176.395949,1464717176.488000
224,1464717175.676000,1464717176.332684,1464717176.334322,1464717176.430000
225,1464717175.676000,1464717176.696327,1464717176.697290,1464717176.769000
226,1464717175.676000,1464717176.637978,1464717176.638983,1464717176.727000
227,1464717175.676000,1464717176.386425,1464717176.394895,1464717176.486000
228,1464717175.676000,1464717176.384848,1464717176.387222,1464717176.475000
229,1464717175.676000,1464717176.421955,1464717176.423897,1464717176.504000
230,1464717175.676000,1464717176.388784,1464717176.405842,1464717176.495000
231,1464717175.676000,1464717178.129754,1464717178.130792,1464717178.218000
232,1464717175.676000,1464717176.681621,1464717176.693865,1464717176.780000
233,1464717175.676000,1464717176.660383,1464717176.680515,1464717176.766000
234,1464717175.676000,1464717176.613447,1464717176.618195,1464717176.701000
235,1464717175.676000,1464717176.383837,1464717176.386005,1464717176.473000
236,1464717175.677000,1464717176.296917,1464717176.298162,1464717176.392000
237,1464717175.677000,1464717176.693955,1464717176.695060,1464717176.781000
238,1464717175.677000,1464717176.637978,1464717176.639474,1464717176.734000
239,1464717175.677000,1464717176.397066,1464717176.416067,1464717176.504000
240,1464717175.677000,1464717176.686560,1464717176.687606,1464717176.768000
241,1464717175.677000,1464717176.381175,1464717176.400630,1464717176.486000
242,1464717175.677000,1464717176.676955,1464717176.678012,1464717176.765000
243,1464717175.677000,1464717176.409825,1464717176.411047,1464717176.497000
244,1464717175.677000,1464717176.351196,1464717176.371862,1464717176.449000
245,1464717175.677000,1464717176.374438,1464717176.375418,1464717176.447000
246,1464717175.677000,1464717178.079078,1464717178.080628,1464717178.168000
247,1464717175.677000,1464717176.670011,1464717176.672216,1464717176.760000
248,1464717175.677000,1464717176.362681,1464717176.363981,1464717176.452000
249,1464717175.677000,1464717176.344394,1464717176.345397,1464717176.426000
250,1464717175.677000,1464717176.396499,1464717176.398044,1464717176.486000
251,1464717175.677000,1464717176.597684,1464717176.601871,1464717176.688000
252,1464717175.677000,1464717176.420195,1464717176.434010,1464717176.514000
253,1464717175.677000,1464717176.362403,1464717176.363836,1464717176.451000
254,1464717175.677000,1464717176.370254,1464717176.371535,1464717176.453000
255,1464717175.677000,1464717176.360063,1464717176.361665,1464717176.455000
256,1464717175.677000,1464717176.353339,1464717176.354434,1464717176.447000
257,1464717175.677000,1464717176.618555,1464717176.619729,1464717176.699000
258,1464717175.677000,1464717176.702001,1464717176.705458,1464717176.773000
259,1464717175.677000,1464717176.348482,1464717176.349540,1464717176.430000
260,1464717175.677000,1464717176.363269,1464717176.364568,1464717176.429000
261,1464717175.677000,1464717176.693424,1464717176.694428,1464717176.773000
262,1464717175.677000,1464717176.637630,1464717176.639007,1464717176.719000
263,1464717175.677000,1464717176.620022,1464717176.621023,1464717176.709000
264,1464717175.677000,1464717176.394586,1464717176.408281,1464717176.489000
265,1464717175.677000,1464717176.338487,1464717176.339578,1464717176.429000
266,1464717175.677000,1464717176.624889,1464717176.625912,1464717176.706000
267,1464717175.678000,1464717176.365552,1464717176.381375,1464717176.461000
268,1464717175.678000,1464717176.715093,1464717176.716342,1464717176.805000
269,1464717175.678000,1464717176.367532,1464717176.368631,1464717176.456000
270,1464717175.678000,1464717176.730278,1464717176.731252,1464717176.818000
271,1464717175.678000,1464717176.350559,1464717176.351784,1464717176.429000
272,1464717175.678000,1464717176.710758,1464717176.711759,1464717176.780000
273,1464717175.678000,1464717176.376301,1464717176.377563,1464717176.459000
274,1464717175.678000,1464717176.637114,1464717176.647963,1464717176.729000
275,1464717175.678000,1464717176.637805,1464717176.638824,1464717176.715000
276,1464717175.678000,1464717178.140502,1464717178.142081,1464717178.210000
277,1464717175.678000,1464717176.363705,1464717176.378649,1464717176.471000
278,1464717175.678000,1464717176.611969,1464717176.613007,1464717176.698000
279,1464717175.678000,1464717176.357715,1464717176.359230,1464717176.444000
280,1464717175.678000,1464717176.404698,1464717176.406119,1464717176.495000
281,1464717175.678000,1464717176.656483,1464717176.660569,1464717176.746000
282,1464717175.678000,1464717176.619648,1464717176.621778,1464717176.702000
283,1464717175.678000,1464717176.617847,1464717176.618884,1464717176.705000
284,1464717175.678000,1464717176.607311,1464717176.613997,1464717176.700000
285,1464717175.678000,1464717176.647037,1464717176.648285,1464717176.741000
286,1464717175.678000,1464717176.355246,1464717176.356489,1464717176.453000
287,1464717175.678000,1464717176.363012,1464717176.364007,1464717176.444000
288,1464717175.678000,1464717178.091018,1464717178.115019,1464717178.202000
289,1464717175.678000,1464717178.118520,1464717178.123758,1464717178.203000
290,1464717175.678000,1464717176.674902,1464717176.676194,1464717176.763000
291,1464717175.679000,1464717176.386951,1464717176.388363,1464717176.468000
292,1464717175.679000,1464717176.710316,1464717176.711486,1464717176.792000
293,1464717175.679000,1464717176.632366,1464717176.633475,1464717176.719000
294,1464717175.681000,1464717176.700654,1464717176.703656,1464717176.771000
295,1464717175.688000,1464717178.129443,1464717178.130655,1464717178.216000
296,1464717175.686000,1464717176.389575,1464717176.401890,1464717176.482000
297,1464717175.696000,1464717176.377882,1464717176.380302,1464717176.463000
298,1464717175.705000,1464717176.714852,1464717176.716485,1464717176.805000
299,1464717175.705000,1464717176.378974,1464717176.382862,1464717176.469000
300,1464717175.709000,1464717176.671160,1464717176.683130,1464717176.771000
301,1464717175.710000,1464717176.645454,1464717176.646527,1464717176.726000
302,1464717175.710000,1464717176.394343,1464717176.395704,1464717176.475000
303,1464717175.710000,1464717176.384058,1464717176.402860,1464717176.491000
304,1464717175.710000,1464717176.359974,1464717176.380814,1464717176.467000
305,1464717175.710000,1464717176.661107,1464717176.663814,1464717176.749000
306,1464717175.710000,1464717176.614276,1464717176.615371,1464717176.709000
307,1464717175.710000,1464717176.360003,1464717176.360971,1464717176.442000
308,1464717175.710000,1464717176.642487,1464717176.643713,1464717176.725000
309,1464717175.710000,1464717176.657113,1464717176.658562,1464717176.744000
310,1464717175.710000,1464717176.407586,1464717176.408569,1464717176.488000
311,1464717175.710000,1464717176.665644,1464717176.666617,1464717176.747000
312,1464717175.710000,1464717176.690291,1464717176.691311,1464717176.779000
313,1464717175.710000,1464717176.683041,1464717176.684227,1464717176.772000
314,1464717175.711000,1464717176.342036,1464717176.343196,1464717176.426000
315,1464717175.711000,1464717176.383556,1464717176.384756,1464717176.466000
316,1464717175.711000,1464717176.400629,1464717176.401815,1464717176.496000
317,1464717175.711000,1464717176.715937,1464717176.717016,1464717176.797000
318,1464717175.712000,1464717176.692025,1464717176.704843,1464717176.772000
319,1464717175.712000,1464717176.399569,1464717176.416037,1464717176.503000
320,1464717175.712000,1464717176.694432,1464717176.701558,1464717176.783000
321,1464717175.712000,1464717176.389307,1464717176.390706,1464717176.479000
322,1464717175.712000,1464717176.366884,1464717176.377938,1464717176.461000
323,1464717175.713000,1464717176.699595,1464717176.700750,1464717176.788000
324,1464717175.713000,1464717176.410552,1464717176.412575,1464717176.502000
325,1464717175.713000,1464717176.411402,1464717176.412466,1464717176.507000
326,1464717175.713000,1464717176.628802,1464717176.630143,1464717176.722000
327,1464717175.713000,1464717176.676968,1464717176.678177,1464717176.759000
328,1464717175.713000,1464717176.609636,1464717176.614823,1464717176.701000
329,1464717175.713000,1464717176.386940,1464717176.388395,1464717176.474000
330,1464717175.713000,1464717178.105659,1464717178.106835,1464717178.199000
331,1464717175.713000,1464717176.361608,1464717176.362624,1464717176.443000
332,1464717175.713000,1464717176.399621,1464717176.401065,1464717176.469000
333,1464717175.714000,1464717176.358263,1464717176.359552,1464717176.442000
334,1464717175.714000,1464717176.399579,1464717176.415023,1464717176.495000
335,1464717175.714000,1464717176.386076,1464717176.402926,1464717176.484000
336,1464717175.714000,1464717176.356787,1464717176.357819,1464717176.446000
337,1464717175.715000,1464717176.391851,1464717176.393543,1464717176.474000
338,1464717175.715000,1464717176.350384,1464717176.363060,1464717176.443000
339,1464717175.715000,1464717176.327959,1464717176.328968,1464717176.409000
340,1464717175.715000,1464717176.708078,1464717176.709234,1464717176.797000
341,1464717175.716000,1464717176.383114,1464717176.397781,1464717176.486000
342,1464717175.716000,1464717176.404553,1464717176.405684,1464717176.491000
343,1464717175.716000,1464717176.356837,1464717176.357975,1464717176.454000
344,1464717175.716000,1464717176.648958,1464717176.650014,1464717176.737000
345,1464717175.716000,1464717176.632515,1464717176.633508,1464717176.713000
346,1464717175.716000,1464717176.397634,1464717176.403794,1464717176.484000
347,1464717175.716000,1464717176.677854,1464717176.683234,1464717176.763000
348,1464717175.716000,1464717176.363258,1464717176.364440,1464717176.447000
349,1464717175.716000,1464717176.373627,1464717176.374756,1464717176.457000
350,1464717175.717000,1464717176.364622,1464717176.382230,1464717176.468000
351,1464717175.717000,1464717176.421342,1464717176.422572,1464717176.505000
352,1464717175.717000,1464717176.388606,1464717176.389989,1464717176.470000
353,1464717175.717000,1464717176.384675,1464717176.386019,1464717176.472000
354,1464717175.717000,1464717176.384931,1464717176.386211,1464717176.467000
355,1464717175.717000,1464717176.369890,1464717176.370912,1464717176.440000
356,1464717175.717000,1464717176.706050,1464717176.707072,1464717176.786000
357,1464717175.717000,1464717176.637931,1464717176.639750,1464717176.734000
358,1464717175.718000,1464717176.663266,1464717176.664410,1464717176.752000
359,1464717175.718000,1464717176.396227,1464717176.405067,1464717176.473000
360,1464717175.718000,1464717176.324329,1464717176.325580,1464717176.418000
361,1464717175.718000,1464717176.356921,1464717176.357973,1464717176.438000
362,1464717175.718000,1464717176.685507,1464717176.686806,1464717176.766000
363,1464717175.718000,1464717176.411699,1464717176.412937,1464717176.494000
364,1464717175.719000,1464717176.378406,1464717176.383129,1464717176.470000
365,1464717175.719000,1464717176.424310,1464717176.426002,1464717176.517000
366,1464717175.719000,1464717176.397466,1464717176.398610,1464717176.494000
367,1464717175.719000,1464717176.395923,1464717176.398284,1464717176.479000
368,1464717175.719000,1464717176.695438,1464717176.702937,1464717176.791000
369,1464717175.719000,1464717176.674810,1464717176.682410,1464717176.771000
370,1464717175.719000,1464717176.415135,1464717176.420542,1464717176.506000
371,1464717175.720000,1464717176.332815,1464717176.334322,1464717176.429000
372,1464717175.720000,1464717176.350010,1464717176.351111,1464717176.437000
373,1464717175.720000,1464717176.646315,1464717176.648170,1464717176.727000
374,1464717175.720000,1464717176.375563,1464717176.376745,1464717176.445000
375,1464717175.720000,1464717176.704358,1464717176.705334,1464717176.791000
376,1464717175.720000,1464717176.680747,1464717176.681734,1464717176.769000
377,1464717175.720000,1464717176.669467,1464717176.670714,1464717176.759000
378,1464717175.720000,1464717176.624729,1464717176.625760,1464717176.720000
379,1464717175.720000,1464717176.385806,1464717176.387492,1464717176.474000
380,1464717175.720000,1464717176.394176,1464717176.395449,1464717176.477000
381,1464717175.720000,1464717176.376553,1464717176.378239,1464717176.470000
382,1464717175.720000,1464717176.367930,1464717176.368948,1464717176.451000
383,1464717175.721000,1464717176.364636,1464717176.374226,1464717176.461000
384,1464717175.721000,1464717176.383287,1464717176.396570,1464717176.485000
385,1464717175.721000,1464717176.427329,1464717176.443846,1464717176.534000
386,1464717175.721000,1464717176.430602,1464717176.448825,1464717176.530000
387,1464717175.722000,1464717176.410708,1464717176.411997,1464717176.497000
388,1464717175.722000,1464717176.347547,1464717176.348728,1464717176.429000
389,1464717175.722000,1464717176.609688,1464717176.618760,1464717176.712000
390,1464717175.722000,1464717176.657597,1464717176.658976,1464717176.739000
391,1464717175.722000,1464717176.374921,1464717176.376406,1464717176.466000
392,1464717175.722000,1464717176.656740,1464717176.659527,1464717176.745000
393,1464717175.722000,1464717176.643772,1464717176.644756,1464717176.725000
394,1464717175.722000,1464717176.659989,1464717176.661019,1464717176.748000
395,1464717175.723000,1464717176.386814,1464717176.396840,1464717176.484000
396,1464717175.723000,1464717176.376988,1464717176.378061,1464717176.458000
397,1464717175.723000,1464717176.381629,1464717176.404189,1464717176.484000
398,1464717175.723000,1464717176.645957,1464717176.647164,1464717176.735000
399,1464717175.723000,1464717176.372044,1464717176.374964,1464717176.461000
400,1464717175.723000,1464717176.648403,1464717176.649740,1464717176.729000
401,1464717175.724000,1464717176.670155,1464717176.671270,1464717176.766000
402,1464717175.724000,1464717176.698114,1464717176.702401,1464717176.790000
403,1464717175.724000,1464717176.689468,1464717176.699899,1464717176.786000
404,1464717175.724000,1464717176.682017,1464717176.697721,1464717176.790000
405,1464717175.724000,1464717176.399759,1464717176.422080,1464717176.504000
406,1464717175.724000,1464717176.420547,1464717176.421860,1464717176.510000
407,1464717175.725000,1464717176.665541,1464717176.666752,1464717176.749000
408,1464717175.725000,1464717176.674520,1464717176.675723,1464717176.763000
409,1464717175.725000,1464717176.369466,1464717176.379474,1464717176.474000
410,1464717175.725000,1464717176.693225,1464717176.694855,1464717176.775000
411,1464717175.726000,1464717176.650899,1464717176.651880,1464717176.740000
412,1464717175.726000,1464717176.642521,1464717176.643602,1464717176.737000
413,1464717175.726000,1464717176.393866,1464717176.402083,1464717176.483000
414,1464717175.726000,1464717176.417949,1464717176.419118,1464717176.506000
415,1464717175.726000,1464717176.411886,1464717176.413060,1464717176.481000
416,1464717175.726000,1464717176.634446,1464717176.635594,1464717176.722000
417,1464717175.726000,1464717176.418194,1464717176.420536,1464717176.507000
418,1464717175.727000,1464717176.683430,1464717176.684389,1464717176.764000
419,1464717175.727000,1464717176.395248,1464717176.398785,1464717176.486000
420,1464717175.727000,1464717176.413969,1464717176.415007,1464717176.495000
421,1464717175.727000,1464717176.428484,1464717176.429629,1464717176.515000
422,1464717175.727000,1464717176.404048,1464717176.405356,1464717176.485000
423,1464717175.727000,1464717176.653936,1464717176.673633,1464717176.760000
424,1464717175.728000,1464717178.145469,1464717178.148857,1464717178.212000
425,1464717175.728000,1464717176.394105,1464717176.399937,1464717176.495000
426,1464717175.728000,1464717176.638027,1464717176.639101,1464717176.724000
427,1464717175.728000,1464717176.389500,1464717176.390830,1464717176.483000
428,1464717175.728000,1464717176.378321,1464717176.386519,1464717176.478000
429,1464717175.728000,1464717176.396311,1464717176.401994,1464717176.486000
430,1464717175.728000,1464717176.408811,1464717176.443966,1464717176.525000
431,1464717175.728000,1464717176.383411,1464717176.384425,1464717176.478000
432,1464717175.729000,1464717176.381043,1464717176.388186,1464717176.468000
433,1464717175.729000,1464717176.356933,1464717176.357953,1464717176.444000
434,1464717175.730000,1464717176.419667,1464717176.420816,1464717176.502000
435,1464717175.730000,1464717176.671979,1464717176.672974,1464717176.752000
436,1464717175.730000,1464717176.348001,1464717176.349678,1464717176.430000
437,1464717175.730000,1464717176.703847,1464717176.705078,1464717176.791000
438,1464717175.730000,1464717176.680903,1464717176.682692,1464717176.763000
439,1464717175.730000,1464717176.417957,1464717176.419463,1464717176.499000
440,1464717175.730000,1464717176.426722,1464717176.440976,1464717176.527000
441,1464717175.731000,1464717176.714751,1464717176.715718,1464717176.795000
442,1464717175.731000,1464717176.392308,1464717176.393413,1464717176.474000
443,1464717175.731000,1464717176.394796,1464717176.396016,1464717176.475000
444,1464717175.731000,1464717176.403124,1464717176.404851,1464717176.491000
445,1464717175.731000,1464717176.675601,1464717176.676867,1464717176.757000
446,1464717175.731000,1464717176.371948,1464717176.373583,1464717176.468000
447,1464717175.732000,1464717176.674646,1464717176.675597,1464717176.762000
448,1464717175.732000,1464717176.398891,1464717176.408534,1464717176.472000
449,1464717175.732000,1464717176.363658,1464717176.364617,1464717176.445000
450,1464717175.732000,1464717176.411628,1464717176.412759,1464717176.494000
451,1464717175.733000,1464717176.420037,1464717176.434854,1464717176.522000
452,1464717175.733000,1464717176.659303,1464717176.674963,1464717176.762000
453,1464717175.734000,1464717176.406407,1464717176.407755,1464717176.487000
454,1464717175.734000,1464717176.622898,1464717176.623966,1464717176.709000
455,1464717175.734000,1464717176.391462,1464717176.392890,1464717176.473000
456,1464717175.734000,1464717176.413846,1464717176.414900,1464717176.483000
457,1464717175.734000,1464717176.422621,1464717176.423950,1464717176.504000
458,1464717175.734000,1464717176.388916,1464717176.395180,1464717176.475000
459,1464717175.734000,1464717176.401944,1464717176.406030,1464717176.494000
460,1464717175.734000,1464717176.425204,1464717176.426611,1464717176.505000
461,1464717175.734000,1464717176.430328,1464717176.431848,1464717176.512000
462,1464717175.735000,1464717176.363417,1464717176.364412,1464717176.453000
463,1464717175.735000,1464717178.127531,1464717178.128952,1464717178.214000
464,1464717175.735000,1464717176.433106,1464717176.434580,1464717176.523000
465,1464717175.735000,1464717176.649058,1464717176.650110,1464717176.736000
466,1464717175.736000,1464717176.412438,1464717176.422611,1464717176.504000
467,1464717175.736000,1464717176.393577,1464717176.394792,1464717176.463000
468,1464717175.736000,1464717176.402329,1464717176.405646,1464717176.494000
469,1464717175.736000,1464717176.357589,1464717176.358718,1464717176.446000
470,1464717175.736000,1464717176.415220,1464717176.416321,1464717176.484000
471,1464717175.736000,1464717176.376036,1464717176.388865,1464717176.477000
472,1464717175.736000,1464717176.398648,1464717176.399669,1464717176.486000
473,1464717175.736000,1464717176.429161,1464717176.446318,1464717176.514000
474,1464717175.736000,1464717176.377784,1464717176.379936,1464717176.475000
475,1464717175.737000,1464717176.398385,1464717176.399799,1464717176.468000
476,1464717175.737000,1464717176.672090,1464717176.673275,1464717176.753000
477,1464717175.737000,1464717176.420472,1464717176.421604,1464717176.502000
478,1464717175.737000,1464717176.377951,1464717176.383367,1464717176.472000
479,1464717175.737000,1464717176.417419,1464717176.418496,1464717176.506000
480,1464717175.738000,1464717176.430874,1464717176.438315,1464717176.526000
481,1464717175.738000,1464717176.684042,1464717176.685470,1464717176.772000
482,1464717175.738000,1464717176.362683,1464717176.363831,1464717176.459000
483,1464717175.738000,1464717176.398122,1464717176.415095,1464717176.505000
484,1464717175.738000,1464717176.684846,1464717176.685863,1464717176.754000
485,1464717175.738000,1464717176.349981,1464717176.351023,1464717176.432000
486,1464717175.738000,1464717176.395038,1464717176.405814,1464717176.475000
487,1464717175.738000,1464717176.391136,1464717176.392556,1464717176.473000
488,1464717175.738000,1464717176.380322,1464717176.399159,1464717176.493000
489,1464717175.738000,1464717176.368408,1464717176.380623,1464717176.467000
490,1464717175.738000,1464717176.365774,1464717176.367156,1464717176.454000
491,1464717175.739000,1464717176.391603,1464717176.392891,1464717176.481000
492,1464717175.739000,1464717176.461500,1464717176.463154,1464717176.549000
493,1464717175.739000,1464717176.697911,1464717176.699492,1464717176.788000
494,1464717175.739000,1464717176.409216,1464717176.410956,1464717176.491000
495,1464717175.739000,1464717176.425013,1464717176.426558,1464717176.517000
496,1464717175.739000,1464717176.565600,1464717176.566734,1464717176.647000
497,1464717175.739000,1464717176.450010,1464717176.451455,1464717176.525000
498,1464717175.739000,1464717176.416548,1464717176.423654,1464717176.512000
499,1464717175.740000,1464717176.447635,1464717176.462023,1464717176.548000
500,1464717175.740000,1464717176.527248,1464717176.528285,1464717176.614000
501,1464717175.740000,1464717176.428846,1464717176.430258,1464717176.516000
502,1464717175.740000,1464717176.426373,1464717176.427785,1464717176.516000
503,1464717175.740000,1464717176.444384,1464717176.445757,1464717176.514000
504,1464717175.740000,1464717176.573532,1464717176.574533,1464717176.655000
505,1464717175.740000,1464717176.401469,1464717176.404166,1464717176.492000
506,1464717175.740000,1464717176.389399,1464717176.397047,1464717176.484000
507,1464717175.740000,1464717176.590538,1464717176.591679,1464717176.686000
508,1464717175.740000,1464717176.544969,1464717176.546183,1464717176.641000
509,1464717175.740000,1464717176.424838,1464717176.441293,1464717176.529000
510,1464717175.740000,1464717176.428427,1464717176.429453,1464717176.506000
511,1464717175.740000,1464717176.448982,1464717176.462292,1464717176.548000
512,1464717175.740000,1464717176.450618,1464717176.456005,1464717176.542000
513,1464717175.740000,1464717176.546190,1464717176.547278,1464717176.634000
514,1464717175.740000,1464717176.469160,1464717176.470241,1464717176.557000
515,1464717175.740000,1464717176.418162,1464717176.419547,1464717176.499000
516,1464717175.740000,1464717176.424070,1464717176.425309,1464717176.518000
517,1464717175.740000,1464717176.420609,1464717176.422471,1464717176.502000
518,1464717175.740000,1464717176.431723,1464717176.433205,1464717176.517000
519,1464717175.740000,1464717176.422462,1464717176.441327,1464717176.529000
520,1464717175.740000,1464717176.400948,1464717176.403140,1464717176.486000
521,1464717175.740000,1464717176.440913,1464717176.442604,1464717176.534000
522,1464717175.740000,1464717176.395122,1464717176.401395,1464717176.487000
523,1464717175.740000,1464717176.405330,1464717176.406812,1464717176.493000
524,1464717175.740000,1464717176.416545,1464717176.419900,1464717176.509000
525,1464717175.740000,1464717176.523166,1464717176.524263,1464717176.606000
526,1464717175.740000,1464717176.572073,1464717176.573697,1464717176.661000
527,1464717175.740000,1464717176.511080,1464717176.512503,1464717176.596000
528,1464717175.741000,1464717176.422269,1464717176.424805,1464717176.493000
529,1464717175.741000,1464717176.464645,1464717176.465779,1464717176.533000
530,1464717175.741000,1464717176.458271,1464717176.468607,1464717176.549000
531,1464717175.741000,1464717176.382216,1464717176.383327,1464717176.475000
532,1464717175.741000,1464717176.482186,1464717176.483215,1464717176.562000
533,1464717175.741000,1464717176.415544,1464717176.423897,1464717176.504000
534,1464717175.741000,1464717176.427038,1464717176.428159,1464717176.509000
535,1464717175.741000,1464717178.146744,1464717178.148104,1464717178.228000
536,1464717175.741000,1464717176.550190,1464717176.551284,1464717176.632000
537,1464717175.741000,1464717176.375549,1464717176.376862,1464717176.471000
538,1464717175.741000,1464717176.434562,1464717176.435818,1464717176.517000
539,1464717175.741000,1464717176.587778,1464717176.588826,1464717176.671000
540,1464717175.741000,1464717176.415851,1464717176.417180,1464717176.501000
541,1464717175.741000,1464717176.869824,1464717176.876310,1464717176.965000
542,1464717175.741000,1464717176.506742,1464717176.507850,1464717176.602000
543,1464717175.741000,1464717176.412281,1464717176.421181,1464717176.507000
544,1464717175.741000,1464717176.539253,1464717176.540250,1464717176.619000
545,1464717175.741000,1464717176.437140,1464717176.438957,1464717176.527000
546,1464717175.741000,1464717176.537627,1464717176.538677,1464717176.625000
547,1464717175.741000,1464717176.455032,1464717176.461898,1464717176.542000
548,1464717175.741000,1464717176.404981,1464717176.406234,1464717176.493000
549,1464717175.741000,1464717176.576232,1464717176.577285,1464717176.658000
550,1464717175.741000,1464717176.380983,1464717176.382142,1464717176.477000
551,1464717175.741000,1464717176.439757,1464717176.440770,1464717176.523000
552,1464717175.741000,1464717176.438576,1464717176.439936,1464717176.522000
553,1464717175.741000,1464717176.427917,1464717176.429720,1464717176.515000
554,1464717175.741000,1464717176.430935,1464717176.441962,1464717176.529000
555,1464717175.741000,1464717176.529386,1464717176.530549,1464717176.617000
556,1464717175.742000,1464717176.521147,1464717176.522266,1464717176.590000
557,1464717175.742000,1464717176.586578,1464717176.588730,1464717176.677000
558,1464717175.742000,1464717176.550460,1464717176.551437,1464717176.631000
559,1464717175.742000,1464717176.509914,1464717176.510934,1464717176.587000
560,1464717175.742000,1464717176.588911,1464717176.590098,1464717176.684000
561,1464717175.742000,1464717176.393277,1464717176.394930,1464717176.490000
562,1464717175.742000,1464717176.547677,1464717176.549592,1464717176.637000
563,1464717175.742000,1464717176.434990,1464717176.436345,1464717176.516000
564,1464717175.742000,1464717176.462833,1464717176.464418,1464717176.544000
565,1464717175.742000,1464717176.435689,1464717176.437426,1464717176.525000
566,1464717175.742000,1464717176.391120,1464717176.392628,1464717176.484000
567,1464717175.742000,1464717176.404979,1464717176.417278,1464717176.507000
568,1464717175.742000,1464717176.395600,1464717176.416251,1464717176.503000
569,1464717175.742000,1464717176.436618,1464717176.438298,1464717176.530000
570,1464717175.742000,1464717176.379511,1464717176.381870,1464717176.468000
571,1464717175.742000,1464717176.578036,1464717176.579121,1464717176.659000
572,1464717175.742000,1464717176.441960,1464717176.460813,1464717176.540000
573,1464717175.742000,1464717176.434289,1464717176.435509,1464717176.519000
574,1464717175.742000,1464717176.423676,1464717176.444252,1464717176.525000
575,1464717175.742000,1464717176.537847,1464717176.538812,1464717176.631000
576,1464717175.742000,1464717176.522254,1464717176.523544,1464717176.606000
577,1464717175.742000,1464717176.442016,1464717176.457964,1464717176.540000
578,1464717175.742000,1464717176.455040,1464717176.468308,1464717176.549000
579,1464717175.742000,1464717176.403481,1464717176.422753,1464717176.503000
580,1464717175.742000,1464717176.429862,1464717176.436054,1464717176.525000
581,1464717175.742000,1464717176.434773,1464717176.438808,1464717176.523000
582,1464717175.742000,1464717176.428038,1464717176.445153,1464717176.513000
583,1464717175.742000,1464717176.450912,1464717176.452013,1464717176.546000
584,1464717175.743000,1464717176.447555,1464717176.460562,1464717176.546000
585,1464717175.743000,1464717176.608351,1464717176.609586,1464717176.683000
586,1464717175.743000,1464717176.520421,1464717176.521385,1464717176.608000
587,1464717175.743000,1464717176.430774,1464717176.431902,1464717176.512000
588,1464717175.743000,1464717176.378847,1464717176.382413,1464717176.463000
589,1464717175.743000,1464717176.440684,1464717176.454211,1464717176.541000
590,1464717175.743000,1464717176.437977,1464717176.439220,1464717176.523000
591,1464717175.743000,1464717176.421501,1464717176.422546,1464717176.517000
592,1464717175.743000,1464717176.426006,1464717176.427541,1464717176.507000
593,1464717175.743000,1464717176.416354,1464717176.420116,1464717176.507000
594,1464717175.743000,1464717176.394219,1464717176.395405,1464717176.475000
595,1464717175.743000,1464717176.497685,1464717176.498830,1464717176.593000
596,1464717175.743000,1464717176.569812,1464717176.574115,1464717176.661000
597,1464717175.743000,1464717176.455983,1464717176.457049,1464717176.551000
598,1464717175.743000,1464717176.511758,1464717176.513526,1464717176.595000
599,1464717175.743000,1464717176.454288,1464717176.455579,1464717176.536000
600,1464717175.743000,1464717176.513798,1464717176.514871,1464717176.604000
601,1464717175.743000,1464717176.594967,1464717176.597928,1464717176.680000
602,1464717175.743000,1464717176.423209,1464717176.436354,1464717176.525000
603,1464717175.743000,1464717176.807347,1464717176.808362,1464717176.888000
604,1464717175.743000,1464717176.397972,1464717176.399162,1464717176.479000
605,1464717175.743000,1464717176.393887,1464717176.415828,1464717176.503000
606,1464717175.743000,1464717176.477581,1464717176.478611,1464717176.565000
607,1464717175.743000,1464717176.476634,1464717176.477603,1464717176.565000
608,1464717175.743000,1464717176.861580,1464717176.862702,1464717176.951000
609,1464717175.743000,1464717176.545652,1464717176.546763,1464717176.627000
610,1464717175.743000,1464717176.458173,1464717176.459253,1464717176.528000
611,1464717175.743000,1464717176.592349,1464717176.593352,1464717176.673000
612,1464717175.743000,1464717176.557062,1464717176.558107,1464717176.645000
613,1464717175.744000,1464717176.555470,1464717176.556592,1464717176.637000
614,1464717175.744000,1464717176.423611,1464717176.424864,1464717176.506000
615,1464717175.744000,1464717176.484123,1464717176.502683,1464717176.590000
616,1464717175.744000,1464717176.502742,1464717176.503895,1464717176.596000
617,1464717175.744000,1464717176.476287,1464717176.483620,1464717176.563000
618,1464717175.744000,1464717176.390438,1464717176.408312,1464717176.489000
619,1464717175.744000,1464717176.888278,1464717176.889358,1464717176.981000
620,1464717175.744000,1464717176.434700,1464717176.438544,1464717176.523000
621,1464717175.744000,1464717176.499681,1464717176.500933,1464717176.582000
622,1464717175.744000,1464717176.453262,1464717176.454578,1464717176.536000
623,1464717175.744000,1464717176.579526,1464717176.600232,1464717176.685000
624,1464717175.744000,1464717176.450798,1464717176.452045,1464717176.533000
625,1464717175.744000,1464717176.372317,1464717176.379082,1464717176.474000
626,1464717175.744000,1464717176.426377,1464717176.427478,1464717176.523000
627,1464717175.744000,1464717176.454198,1464717176.455721,1464717176.536000
628,1464717175.744000,1464717176.572295,1464717176.581949,1464717176.662000
629,1464717175.744000,1464717176.444765,1464717176.445951,1464717176.526000
630,1464717175.744000,1464717176.511736,1464717176.512846,1464717176.605000
631,1464717175.744000,1464717176.420164,1464717176.421420,1464717176.513000
632,1464717175.744000,1464717176.460694,1464717176.461868,1464717176.543000
633,1464717175.744000,1464717176.440086,1464717176.441550,1464717176.533000
634,1464717175.744000,1464717176.446569,1464717176.447646,1464717176.527000
635,1464717175.745000,1464717176.500460,1464717176.501568,1464717176.587000
636,1464717175.745000,1464717176.589870,1464717176.591440,1464717176.654000
637,1464717175.745000,1464717176.535307,1464717176.542437,1464717176.631000
638,1464717175.745000,1464717176.504441,1464717176.505466,1464717176.591000
639,1464717175.745000,1464717176.539440,1464717176.540914,1464717176.627000
640,1464717175.745000,1464717176.409946,1464717176.424831,1464717176.495000
641,1464717175.745000,1464717176.397723,1464717176.398839,1464717176.481000
642,1464717175.745000,1464717176.451938,1464717176.452973,1464717176.527000
643,1464717175.745000,1464717176.407683,1464717176.408784,1464717176.502000
644,1464717175.745000,1464717176.407536,1464717176.418722,1464717176.513000
645,1464717175.745000,1464717176.449562,1464717176.456729,1464717176.542000
646,1464717175.745000,1464717176.568479,1464717176.569672,1464717176.658000
647,1464717175.745000,1464717176.428161,1464717176.429362,1464717176.510000
648,1464717175.745000,1464717176.442520,1464717176.443858,1464717176.531000
649,1464717175.745000,1464717176.466130,1464717176.467329,1464717176.555000
650,1464717175.745000,1464717176.435800,1464717176.437290,1464717176.529000
651,1464717175.746000,1464717176.403036,1464717176.404221,1464717176.490000
652,1464717175.746000,1464717176.464191,1464717176.468534,1464717176.532000
653,1464717175.746000,1464717176.448371,1464717176.455819,1464717176.543000
654,1464717175.746000,1464717176.427706,1464717176.437647,1464717176.525000
655,1464717175.746000,1464717176.390267,1464717176.419889,1464717176.506000
656,1464717175.746000,1464717176.554611,1464717176.555671,1464717176.635000
657,1464717175.746000,1464717176.479559,1464717176.480640,1464717176.567000
658,1464717175.746000,1464717176.428693,1464717176.429781,1464717176.510000
659,1464717175.746000,1464717176.468254,1464717176.479867,1464717176.565000
660,1464717175.746000,1464717176.373143,1464717176.374148,1464717176.456000
661,1464717175.746000,1464717176.429059,1464717176.430195,1464717176.510000
662,1464717175.746000,1464717176.405270,1464717176.406692,1464717176.480000
663,1464717175.746000,1464717176.423254,1464717176.424437,1464717176.511000
664,1464717175.746000,1464717176.447375,1464717176.458481,1464717176.551000
665,1464717175.746000,1464717176.387560,1464717176.390564,1464717176.472000
666,1464717175.746000,1464717176.404476,1464717176.430232,1464717176.515000
667,1464717175.746000,1464717176.528975,1464717176.530099,1464717176.611000
668,1464717175.746000,1464717176.424818,1464717176.425916,1464717176.503000
669,1464717175.746000,1464717176.416089,1464717176.422416,1464717176.504000
670,1464717175.746000,1464717176.444565,1464717176.445948,1464717176.534000
671,1464717175.746000,1464717176.361315,1464717176.362477,1464717176.458000
672,1464717175.746000,1464717176.443507,1464717176.444551,1464717176.525000
673,1464717175.746000,1464717176.466598,1464717176.468133,1464717176.554000
674,1464717175.746000,1464717176.395431,1464717176.396585,1464717176.492000
675,1464717175.746000,1464717176.587421,1464717176.588489,1464717176.681000
676,1464717175.747000,1464717176.431317,1464717176.462420,1464717176.550000
677,1464717175.747000,1464717176.406801,1464717176.416078,1464717176.506000
678,1464717175.747000,1464717176.414278,1464717176.429463,1464717176.513000
679,1464717175.747000,1464717176.505724,1464717176.506859,1464717176.593000
680,1464717175.747000,1464717176.401509,1464717176.419101,1464717176.514000
681,1464717175.747000,1464717176.390731,1464717176.391960,1464717176.477000
682,1464717175.747000,1464717176.465015,1464717176.466503,1464717176.553000
683,1464717175.747000,1464717176.458011,1464717176.459010,1464717176.539000
684,1464717175.747000,1464717176.396113,1464717176.397208,1464717176.483000
685,1464717175.747000,1464717176.445787,1464717176.455218,1464717176.542000
686,1464717175.747000,1464717176.582844,1464717176.584071,1464717176.676000
687,1464717175.747000,1464717176.401632,1464717176.405605,1464717176.486000
688,1464717175.747000,1464717176.489422,1464717176.490514,1464717176.576000
689,1464717175.747000,1464717176.425161,1464717176.426411,1464717176.514000
690,1464717175.747000,1464717176.456079,1464717176.457286,1464717176.522000
691,1464717175.747000,1464717176.484717,1464717176.485863,1464717176.573000
692,1464717175.747000,1464717176.411705,1464717176.423301,1464717176.511000
693,1464717175.747000,1464717176.439568,1464717176.440985,1464717176.522000
694,1464717175.747000,1464717176.449214,1464717176.455805,1464717176.543000
695,1464717175.747000,1464717176.407227,1464717176.408295,1464717176.477000
696,1464717175.747000,1464717176.407570,1464717176.409350,1464717176.489000
697,1464717175.747000,1464717176.539194,1464717176.541005,1464717176.627000
698,1464717175.747000,1464717176.452819,1464717176.461077,1464717176.540000
699,1464717175.747000,1464717176.388176,1464717176.389381,1464717176.471000
700,1464717175.747000,1464717176.434033,1464717176.435073,1464717176.515000
701,1464717175.747000,1464717176.516253,1464717176.517270,1464717176.591000
702,1464717175.748000,1464717176.449951,1464717176.452674,1464717176.539000
703,1464717175.748000,1464717176.533571,1464717176.534756,1464717176.614000
704,1464717175.748000,1464717176.570852,1464717176.575278,1464717176.663000
705,1464717175.748000,1464717176.435128,1464717176.441560,1464717176.523000
706,1464717175.748000,1464717176.455577,1464717176.474992,1464717176.562000
707,1464717175.748000,1464717176.420944,1464717176.423632,1464717176.503000
708,1464717175.748000,1464717176.399665,1464717176.422755,1464717176.503000
709,1464717175.748000,1464717176.417761,1464717176.419061,1464717176.505000
710,1464717175.748000,1464717176.575484,1464717176.576516,1464717176.663000
711,1464717175.748000,1464717176.391729,1464717176.397504,1464717176.491000
712,1464717175.748000,1464717176.448495,1464717176.449530,1464717176.530000
713,1464717175.748000,1464717176.412305,1464717176.413450,1464717176.499000
714,1464717175.748000,1464717176.495300,1464717176.501580,1464717176.583000
715,1464717175.748000,1464717176.449216,1464717176.452230,1464717176.540000
716,1464717175.748000,1464717176.519690,1464717176.520798,1464717176.602000
717,1464717175.748000,1464717176.415900,1464717176.423078,1464717176.512000
718,1464717175.748000,1464717176.651294,1464717176.652399,1464717176.739000
719,1464717175.748000,1464717176.489205,1464717176.490274,1464717176.562000
720,1464717175.748000,1464717176.453775,1464717176.454816,1464717176.534000
721,1464717175.748000,1464717176.860742,1464717176.861836,1464717176.942000
722,1464717175.748000,1464717176.571606,1464717176.572837,1464717176.665000
723,1464717175.748000,1464717176.472807,1464717176.473989,1464717176.553000
724,1464717175.748000,1464717176.398842,1464717176.400215,1464717176.479000
725,1464717175.748000,1464717176.495759,1464717176.496738,1464717176.585000
726,1464717175.748000,1464717176.441222,1464717176.443182,1464717176.529000
727,1464717175.748000,1464717176.501087,1464717176.515098,1464717176.596000
728,1464717175.749000,1464717176.424742,1464717176.426227,1464717176.512000
729,1464717175.749000,1464717176.454190,1464717176.455830,1464717176.542000
730,1464717175.749000,1464717176.390695,1464717176.391950,1464717176.473000
731,1464717175.749000,1464717176.465884,1464717176.466941,1464717176.547000
732,1464717175.749000,1464717176.465427,1464717176.466521,1464717176.558000
733,1464717175.749000,1464717176.501281,1464717176.502334,1464717176.588000
734,1464717175.749000,1464717176.444657,1464717176.445867,1464717176.541000
735,1464717175.749000,1464717176.562065,1464717176.563393,1464717176.644000
736,1464717175.749000,1464717176.498236,1464717176.499483,1464717176.592000
737,1464717175.749000,1464717176.439664,1464717176.441483,1464717176.528000
738,1464717175.749000,1464717176.416463,1464717176.434652,1464717176.525000
739,1464717175.749000,1464717176.440348,1464717176.443280,1464717176.524000
740,1464717175.749000,1464717176.435685,1464717176.437695,1464717176.525000
741,1464717175.749000,1464717176.463780,1464717176.474098,1464717176.561000
742,1464717175.749000,1464717176.566248,1464717176.567362,1464717176.662000
743,1464717175.749000,1464717176.405495,1464717176.406946,1464717176.487000
744,1464717175.749000,1464717176.447561,1464717176.448742,1464717176.529000
745,1464717175.749000,1464717176.447283,1464717176.448473,1464717176.535000
746,1464717175.749000,1464717176.427305,1464717176.428807,1464717176.509000
747,1464717175.749000,1464717176.389572,1464717176.401338,1464717176.481000
748,1464717175.749000,1464717176.451530,1464717176.452699,1464717176.537000
749,1464717175.749000,1464717176.408246,1464717176.417078,1464717176.507000
750,1464717175.749000,1464717176.713167,1464717176.714238,1464717176.795000
751,1464717175.749000,1464717176.419361,1464717176.423624,1464717176.503000
752,1464717175.749000,1464717176.413376,1464717176.414836,1464717176.502000
753,1464717175.749000,1464717176.445787,1464717176.448860,1464717176.538000
754,1464717175.749000,1464717176.443585,1464717176.444836,1464717176.530000
755,1464717175.750000,1464717176.437656,1464717176.438630,1464717176.523000
756,1464717175.751000,1464717176.382164,1464717176.386717,1464717176.478000
757,1464717175.753000,1464717176.465513,1464717176.466569,1464717176.543000
758,1464717175.756000,1464717176.601518,1464717176.602794,1464717176.682000
759,1464717175.826000,1464717176.508144,1464717176.509111,1464717176.596000
760,1464717175.832000,1464717176.538780,1464717176.539922,1464717176.608000
761,1464717175.837000,1464717176.461235,1464717176.462464,1464717176.533000
762,1464717175.837000,1464717176.524350,1464717176.540111,1464717176.629000
763,1464717175.838000,1464717176.547866,1464717176.549025,1464717176.635000
764,1464717175.838000,1464717176.479479,1464717176.482748,1464717176.562000
765,1464717175.838000,1464717176.462784,1464717176.463970,1464717176.558000
766,1464717175.838000,1464717176.586520,1464717176.587745,1464717176.656000
767,1464717175.838000,1464717176.885421,1464717176.886930,1464717176.975000
768,1464717175.838000,1464717176.571616,1464717176.572892,1464717176.658000
769,1464717175.838000,1464717176.424364,1464717176.436826,1464717176.525000
770,1464717175.838000,1464717176.435178,1464717176.437889,1464717176.525000
771,1464717175.838000,1464717176.509113,1464717176.510128,1464717176.590000
772,1464717175.838000,1464717176.471569,1464717176.472734,1464717176.552000
773,1464717175.838000,1464717176.437392,1464717176.442498,1464717176.530000
774,1464717175.838000,1464717176.492103,1464717176.493127,1464717176.579000
775,1464717175.838000,1464717176.541754,1464717176.544465,1464717176.633000
776,1464717175.838000,1464717176.442113,1464717176.443616,1464717176.536000
777,1464717175.839000,1464717176.579251,1464717176.580298,1464717176.672000
778,1464717175.839000,1464717176.446458,1464717176.477766,1464717176.570000
779,1464717175.839000,1464717176.531711,1464717176.532710,1464717176.619000
780,1464717175.839000,1464717176.455086,1464717176.483391,1464717176.563000
781,1464717175.839000,1464717176.441722,1464717176.442818,1464717176.530000
782,1464717175.839000,1464717176.533085,1464717176.534103,1464717176.613000
783,1464717175.839000,1464717176.524616,1464717176.525788,1464717176.595000
784,1464717175.839000,1464717176.451949,1464717176.453226,1464717176.534000
785,1464717175.839000,1464717176.499608,1464717176.500630,1464717176.587000
786,1464717175.839000,1464717176.489689,1464717176.490903,1464717176.585000
787,1464717175.839000,1464717176.438876,1464717176.457806,1464717176.549000
788,1464717175.840000,1464717176.540988,1464717176.542004,1464717176.629000
789,1464717175.840000,1464717176.417536,1464717176.418640,1464717176.499000
790,1464717175.840000,1464717176.445087,1464717176.446463,1464717176.532000
791,1464717175.840000,1464717176.453282,1464717176.454690,1464717176.534000
792,1464717175.840000,1464717176.480055,1464717176.481252,1464717176.550000
793,1464717175.840000,1464717176.464909,1464717176.480213,1464717176.566000
794,1464717175.841000,1464717176.464939,1464717176.465987,1464717176.561000
795,1464717175.840000,1464717176.819363,1464717176.820370,1464717176.888000
796,1464717175.841000,1464717176.466909,1464717176.467885,1464717176.547000
797,1464717175.841000,1464717176.482833,1464717176.483893,1464717176.576000
798,1464717175.842000,1464717176.507730,1464717176.508946,1464717176.581000
799,1464717175.843000,1464717176.444433,1464717176.455075,1464717176.542000
800,1464717175.841000,1464717176.571549,1464717176.572639,1464717176.653000
801,1464717175.842000,1464717176.540028,1464717176.540995,1464717176.629000
802,1464717175.841000,1464717176.453550,1464717176.454683,1464717176.540000
803,1464717175.841000,1464717176.589576,1464717176.590686,1464717176.677000
804,1464717175.843000,1464717176.527027,1464717176.528059,1464717176.620000
805,1464717175.842000,1464717176.445365,1464717176.454998,1464717176.543000
806,1464717175.842000,1464717176.491885,1464717176.493055,1464717176.581000
807,1464717175.843000,1464717176.441727,1464717176.442806,1464717176.524000
808,1464717175.842000,1464717176.552067,1464717176.553190,1464717176.640000
809,1464717175.843000,1464717176.878298,1464717176.879862,1464717176.943000
810,1464717175.844000,1464717176.494185,1464717176.495193,1464717176.574000
811,1464717175.843000,1464717176.511312,1464717176.512270,1464717176.598000
812,1464717175.844000,1464717176.511809,1464717176.521798,1464717176.602000
813,1464717175.843000,1464717176.449637,1464717176.460131,1464717176.546000
814,1464717175.844000,1464717176.482825,1464717176.483950,1464717176.572000
815,1464717175.845000,1464717176.468511,1464717176.485566,1464717176.559000
816,1464717175.845000,1464717176.393621,1464717176.394892,1464717176.488000
817,1464717175.846000,1464717176.575335,1464717176.576553,1464717176.659000
818,1464717175.844000,1464717176.608250,1464717176.609335,1464717176.689000
819,1464717175.846000,1464717176.572196,1464717176.573524,1464717176.664000
820,1464717175.846000,1464717176.579577,1464717176.580954,1464717176.667000
821,1464717175.846000,1464717176.574054,1464717176.575041,1464717176.647000
822,1464717175.846000,1464717176.867387,1464717176.868702,1464717176.949000
823,1464717175.849000,1464717176.592586,1464717176.593829,1464717176.682000
824,1464717175.845000,1464717176.478947,1464717176.480062,1464717176.561000
825,1464717175.847000,1464717176.892366,1464717176.893607,1464717176.973000
826,1464717175.846000,1464717176.543432,1464717176.544783,1464717176.640000
827,1464717175.847000,1464717176.459496,1464717176.460644,1464717176.537000
828,1464717175.846000,1464717176.585264,1464717176.586978,1464717176.673000
829,1464717175.846000,1464717176.547525,1464717176.548564,1464717176.625000
830,1464717175.848000,1464717176.473864,1464717176.474893,1464717176.548000
831,1464717175.847000,1464717176.845454,1464717176.846965,1464717176.935000
832,1464717175.849000,1464717176.558534,1464717176.559501,1464717176.646000
833,1464717175.849000,1464717176.509631,1464717176.510643,1464717176.599000
834,1464717175.848000,1464717176.503539,1464717176.504689,1464717176.585000
835,1464717175.849000,1464717176.582948,1464717176.584749,1464717176.666000
836,1464717175.850000,1464717176.573017,1464717176.578935,1464717176.673000
837,1464717175.850000,1464717176.885568,1464717176.886662,1464717176.979000
838,1464717175.851000,1464717176.570544,1464717176.572614,1464717176.660000
839,1464717175.851000,1464717176.542925,1464717176.544231,1464717176.632000
840,1464717175.851000,1464717176.515271,1464717176.516442,1464717176.585000
841,1464717175.851000,1464717176.872962,1464717176.874231,1464717176.969000
842,1464717175.852000,1464717176.848795,1464717176.849821,1464717176.937000
843,1464717175.851000,1464717176.869212,1464717176.874324,1464717176.961000
844,1464717175.854000,1464717176.581738,1464717176.582864,1464717176.675000
845,1464717175.851000,1464717176.548637,1464717176.549859,1464717176.637000
846,1464717175.851000,1464717176.585590,1464717176.586880,1464717176.673000
847,1464717175.851000,1464717176.581135,1464717176.582163,1464717176.664000
848,1464717175.852000,1464717176.576465,1464717176.594888,1464717176.682000
849,1464717175.852000,1464717176.564515,1464717176.565537,1464717176.645000
850,1464717175.851000,1464717176.573650,1464717176.577495,1464717176.670000
851,1464717175.852000,1464717176.572248,1464717176.573240,1464717176.652000
852,1464717175.853000,1464717176.894079,1464717176.895098,1464717176.974000
853,1464717175.853000,1464717176.868137,1464717176.869141,1464717176.956000
854,1464717175.853000,1464717176.507012,1464717176.508196,1464717176.588000
855,1464717175.855000,1464717176.830223,1464717176.831307,1464717176.919000
856,1464717175.855000,1464717176.571362,1464717176.572711,1464717176.661000
857,1464717175.856000,1464717176.587236,1464717176.602767,1464717176.691000
858,1464717175.855000,1464717176.586752,1464717176.587806,1464717176.669000
859,1464717175.857000,1464717176.558434,1464717176.559650,1464717176.631000
860,1464717175.855000,1464717176.558955,1464717176.560133,1464717176.641000
861,1464717175.856000,1464717176.592610,1464717176.593640,1464717176.679000
862,1464717175.858000,1464717176.406687,1464717176.408319,1464717176.488000
863,1464717175.856000,1464717176.823930,1464717176.824930,1464717176.905000
864,1464717175.857000,1464717176.564465,1464717176.565618,1464717176.651000
865,1464717175.856000,1464717176.593750,1464717176.594935,1464717176.675000
866,1464717175.858000,1464717176.553120,1464717176.554317,1464717176.640000
867,1464717175.857000,1464717176.874811,1464717176.875901,1464717176.963000
868,1464717175.857000,1464717176.857868,1464717176.859024,1464717176.951000
869,1464717175.857000,1464717176.793103,1464717176.794425,1464717176.875000
870,1464717175.859000,1464717176.564429,1464717176.565698,1464717176.661000
871,1464717175.859000,1464717176.572140,1464717176.573627,1464717176.660000
872,1464717175.859000,1464717176.594589,1464717176.596973,1464717176.689000
873,1464717175.861000,1464717176.826456,1464717176.827448,1464717176.916000
874,1464717175.865000,1464717176.816566,1464717176.817863,1464717176.906000
875,1464717175.866000,1464717176.912787,1464717176.924833,1464717176.992000
876,1464717175.867000,1464717176.550493,1464717176.551606,1464717176.638000
877,1464717175.868000,1464717176.592738,1464717176.593875,1464717176.680000
878,1464717175.868000,1464717176.826666,1464717176.827824,1464717176.914000
879,1464717175.871000,1464717178.311138,1464717178.312196,1464717178.397000
880,1464717175.868000,1464717176.891615,1464717176.903288,1464717176.982000
881,1464717175.869000,1464717176.583276,1464717176.584334,1464717176.673000
882,1464717175.871000,1464717176.834218,1464717176.835540,1464717176.914000
883,1464717175.870000,1464717176.592210,1464717176.602814,1464717176.683000
884,1464717175.871000,1464717176.831385,1464717176.832735,1464717176.925000
885,1464717175.871000,1464717176.594208,1464717176.595347,1464717176.676000
886,1464717175.871000,1464717176.612077,1464717176.613149,1464717176.687000
887,1464717175.872000,1464717176.589988,1464717176.591132,1464717176.660000
888,1464717175.873000,1464717176.581059,1464717176.582225,1464717176.668000
889,1464717175.874000,1464717176.588459,1464717176.589529,1464717176.675000
890,1464717175.874000,1464717176.837070,1464717176.838076,1464717176.925000
891,1464717175.874000,1464717176.598997,1464717176.603978,1464717176.683000
892,1464717175.875000,1464717176.603544,1464717176.604618,1464717176.685000
893,1464717175.875000,1464717176.824811,1464717176.825870,1464717176.912000
894,1464717175.875000,1464717176.531456,1464717176.532522,1464717176.613000
895,1464717175.877000,1464717176.520172,1464717176.521518,1464717176.608000
896,1464717175.878000,1464717176.871811,1464717176.872955,1464717176.959000
897,1464717175.879000,1464717176.887988,1464717176.889194,1464717176.969000
898,1464717175.879000,1464717178.327229,1464717178.347984,1464717178.429000
899,1464717175.879000,1464717176.591424,1464717176.592687,1464717176.672000
900,1464717175.880000,1464717176.887178,1464717176.888343,1464717176.975000
901,1464717175.883000,1464717176.834571,1464717176.835556,1464717176.916000
902,1464717175.881000,1464717176.598997,1464717176.603688,1464717176.683000
903,1464717175.883000,1464717176.868452,1464717176.869664,1464717176.949000
904,1464717175.882000,1464717176.851830,1464717176.852830,1464717176.939000
905,1464717175.884000,1464717176.414384,1464717176.415506,1464717176.497000
906,1464717175.885000,1464717176.888350,1464717176.889388,1464717176.975000
907,1464717175.885000,1464717176.547367,1464717176.548500,1464717176.629000
908,1464717175.885000,1464717176.825919,1464717176.826881,1464717176.906000
909,1464717175.886000,1464717176.815657,1464717176.816856,1464717176.905000
910,1464717175.886000,1464717176.886200,1464717176.887521,1464717176.975000
911,1464717175.885000,1464717176.859384,1464717176.862987,1464717176.942000
912,1464717175.886000,1464717176.598798,1464717176.599909,1464717176.680000
913,1464717175.886000,1464717176.896222,1464717176.897322,1464717176.984000
914,1464717175.886000,1464717176.601862,1464717176.603173,1464717176.684000
915,1464717175.885000,1464717176.573650,1464717176.575379,1464717176.668000
916,1464717175.886000,1464717176.604686,1464717176.605863,1464717176.687000
917,1464717175.887000,1464717176.820146,1464717176.821157,1464717176.900000
918,1464717175.886000,1464717176.874508,1464717176.881460,1464717176.961000
919,1464717175.886000,1464717176.484434,1464717176.485620,1464717176.574000
920,1464717175.886000,1464717176.531293,1464717176.532337,1464717176.618000
921,1464717175.888000,1464717176.595946,1464717176.597041,1464717176.682000
922,1464717175.888000,1464717176.894370,1464717176.895661,1464717176.980000
923,1464717175.889000,1464717176.855716,1464717176.857009,1464717176.949000
924,1464717175.889000,1464717176.583200,1464717176.585128,1464717176.666000
925,1464717175.890000,1464717176.428284,1464717176.429807,1464717176.511000
926,1464717175.890000,1464717176.583474,1464717176.584509,1464717176.665000
927,1464717175.890000,1464717176.868993,1464717176.870496,1464717176.950000
928,1464717175.891000,1464717176.572035,1464717176.573264,1464717176.663000
929,1464717175.891000,1464717176.556421,1464717176.557521,1464717176.637000
930,1464717175.892000,1464717176.808733,1464717176.809863,1464717176.899000
931,1464717175.893000,1464717176.880082,1464717176.881134,1464717176.969000
932,1464717175.892000,1464717176.564776,1464717176.565752,1464717176.646000
933,1464717175.893000,1464717176.590210,1464717176.591263,1464717176.671000
934,1464717175.893000,1464717176.607260,1464717176.608533,1464717176.672000
935,1464717175.893000,1464717176.586633,1464717176.587788,1464717176.675000
936,1464717175.894000,1464717176.884507,1464717176.885575,1464717176.971000
937,1464717175.893000,1464717176.796483,1464717176.797613,1464717176.878000
938,1464717175.893000,1464717176.526743,1464717176.528092,1464717176.617000
939,1464717175.895000,1464717176.579678,1464717176.580747,1464717176.660000
940,1464717175.894000,1464717176.547727,1464717176.562731,1464717176.650000
941,1464717175.895000,1464717176.576604,1464717176.582586,1464717176.664000
942,1464717175.894000,1464717176.410474,1464717176.411675,1464717176.491000
943,1464717175.894000,1464717176.589079,1464717176.590625,1464717176.679000
944,1464717175.895000,1464717176.572625,1464717176.573651,1464717176.653000
945,1464717175.894000,1464717176.444519,1464717176.462550,1464717176.551000
946,1464717175.895000,1464717176.598684,1464717176.600107,1464717176.687000
947,1464717175.894000,1464717176.581754,1464717176.601816,1464717176.683000
948,1464717175.894000,1464717176.550122,1464717176.551180,1464717176.644000
949,1464717175.895000,1464717176.556837,1464717176.557822,1464717176.644000
950,1464717175.894000,1464717176.595377,1464717176.596412,1464717176.673000
951,1464717175.895000,1464717176.588440,1464717176.594299,1464717176.674000
952,1464717175.895000,1464717176.602669,1464717176.603727,1464717176.683000
953,1464717175.896000,1464717176.617220,1464717176.618303,1464717176.686000
954,1464717175.896000,1464717176.578043,1464717176.579518,1464717176.664000
955,1464717175.895000,1464717176.887156,1464717176.888115,1464717176.975000
956,1464717175.895000,1464717176.881886,1464717176.882956,1464717176.975000
957,1464717175.895000,1464717176.811129,1464717176.812554,1464717176.892000
958,1464717175.895000,1464717176.516551,1464717176.517645,1464717176.610000
959,1464717175.896000,1464717176.584090,1464717176.585130,1464717176.671000
960,1464717175.898000,1464717176.580207,1464717176.581313,1464717176.670000
961,1464717175.897000,1464717176.567548,1464717176.568594,1464717176.661000
962,1464717175.898000,1464717176.594812,1464717176.596291,1464717176.683000
963,1464717175.898000,1464717176.569318,1464717176.571278,1464717176.659000
964,1464717175.897000,1464717176.583403,1464717176.584662,1464717176.652000
965,1464717175.898000,1464717176.842613,1464717176.844007,1464717176.930000
966,1464717175.898000,1464717176.563792,1464717176.564903,1464717176.646000
967,1464717175.899000,1464717176.844440,1464717176.845762,1464717176.933000
968,1464717175.898000,1464717176.893706,1464717176.894668,1464717176.981000
969,1464717175.899000,1464717176.591530,1464717176.602767,1464717176.691000
970,1464717175.899000,1464717176.873856,1464717176.875049,1464717176.955000
971,1464717175.900000,1464717176.870255,1464717176.871414,1464717176.958000
972,1464717175.900000,1464717176.566583,1464717176.567545,1464717176.653000
973,1464717175.899000,1464717176.604996,1464717176.620782,1464717176.700000
974,1464717175.901000,1464717176.591725,1464717176.593992,1464717176.680000
975,1464717175.900000,1464717176.606667,1464717176.630263,1464717176.701000
976,1464717175.901000,1464717176.586367,1464717176.587453,1464717176.667000
977,1464717175.900000,1464717176.865292,1464717176.866298,1464717176.952000
978,1464717175.900000,1464717176.592677,1464717176.594033,1464717176.675000
979,1464717175.900000,1464717176.556693,1464717176.557690,1464717176.631000
980,1464717175.903000,1464717176.442411,1464717176.443942,1464717176.525000
981,1464717175.904000,1464717176.859870,1464717176.861195,1464717176.941000
982,1464717175.904000,1464717176.590775,1464717176.592303,1464717176.681000
983,1464717175.905000,1464717176.587061,1464717176.598715,1464717176.693000
984,1464717175.904000,1464717176.593631,1464717176.595150,1464717176.682000
985,1464717175.904000,1464717176.601870,1464717176.602896,1464717176.678000
986,1464717175.905000,1464717176.586477,1464717176.587468,1464717176.674000
987,1464717175.905000,1464717176.554783,1464717176.555912,1464717176.642000
988,1464717175.905000,1464717176.601505,1464717176.602742,1464717176.674000
989,1464717175.905000,1464717176.864780,1464717176.865976,1464717176.953000
990,1464717175.906000,1464717176.887884,1464717176.889200,1464717176.975000
991,1464717175.906000,1464717176.831912,1464717176.833160,1464717176.913000
992,1464717175.907000,1464717176.566264,1464717176.567310,1464717176.654000
993,1464717175.907000,1464717176.540802,1464717176.544243,1464717176.632000
994,1464717175.907000,1464717176.890721,1464717176.891750,1464717176.986000
995,1464717175.907000,1464717176.585417,1464717176.602315,1464717176.682000
996,1464717175.909000,1464717176.542088,1464717176.543109,1464717176.635000
997,1464717175.907000,1464717176.585940,1464717176.588434,1464717176.676000
998,1464717175.908000,1464717176.572345,1464717176.573941,1464717176.654000
999,1464717175.907000,1464717176.899759,1464717176.900911,1464717176.981000
