0,1465104345.311000,1465104346.024443,1465104351.026097,1465104351.106000
1,1465104345.311000,1465104345.990688,1465104350.992746,1465104351.077000
2,1465104345.311000,1465104346.018555,1465104351.020166,1465104351.096000
3,1465104345.311000,1465104345.998912,1465104351.000303,1465104351.088000
4,1465104345.311000,1465104345.981813,1465104350.983040,1465104351.073000
5,1465104345.311000,1465104345.985093,1465104350.998360,1465104351.079000
6,1465104345.311000,1465104345.940125,1465104350.941386,1465104351.031000
7,1465104345.311000,1465104346.018252,1465104351.019806,1465104351.100000
8,1465104345.311000,1465104345.957204,1465104350.959500,1465104351.038000
9,1465104345.311000,1465104346.073000,1465104351.074545,1465104351.152000
10,1465104345.311000,1465104345.993937,1465104350.995407,1465104351.083000
11,1465104345.311000,1465104346.016611,1465104351.017866,1465104351.077000
12,1465104345.311000,1465104345.918709,1465104350.920367,1465104351.008000
13,1465104345.311000,1465104345.983009,1465104350.984563,1465104351.065000
14,1465104345.311000,1465104346.042633,1465104351.043855,1465104351.102000
15,1465104345.311000,1465104345.981705,1465104350.982862,1465104351.060000
16,1465104345.311000,1465104345.948001,1465104350.949200,1465104351.026000
17,1465104345.311000,1465104345.975785,1465104350.984002,1465104351.072000
18,1465104345.311000,1465104345.950140,1465104350.951515,1465104351.030000
19,1465104345.312000,1465104346.060256,1465104351.061808,1465104351.140000
20,1465104345.312000,1465104345.928682,1465104350.930294,1465104351.021000
21,1465104345.312000,1465104346.364052,1465104351.365260,1465104351.437000
22,1465104345.312000,1465104345.913852,1465104350.915592,1465104350.996000
23,1465104345.312000,1465104346.001187,1465104351.002410,1465104351.088000
24,1465104345.312000,1465104345.920441,1465104350.921902,1465104350.999000
25,1465104345.313000,1465104346.239024,1465104351.240260,1465104351.325000
26,1465104345.314000,1465104346.054926,1465104351.056141,1465104351.133000
27,1465104345.314000,1465104345.987409,1465104350.988637,1465104351.078000
28,1465104345.314000,1465104346.009302,1465104351.010500,1465104351.095000
29,1465104345.314000,1465104346.036828,1465104351.038610,1465104351.113000
30,1465104345.314000,1465104345.976062,1465104350.977333,1465104351.055000
31,1465104345.315000,1465104345.947642,1465104350.949332,1465104351.029000
32,1465104345.316000,1465104346.274469,1465104351.275712,1465104351.364000
33,1465104345.317000,1465104345.980799,1465104350.982115,1465104351.070000
34,1465104345.317000,1465104346.022793,1465104351.024052,1465104351.102000
35,1465104345.317000,1465104346.265899,1465104351.267113,1465104351.365000
36,1465104345.317000,1465104346.046623,1465104351.068118,1465104351.148000
37,1465104345.317000,1465104346.304262,1465104351.305417,1465104351.404000
38,1465104345.317000,1465104345.912458,1465104350.913914,1465104351.002000
39,1465104345.317000,1465104345.941383,1465104350.942604,1465104351.020000
40,1465104345.317000,1465104346.033934,1465104351.035430,1465104351.122000
41,1465104345.317000,1465104346.004850,1465104351.007088,1465104351.081000
42,1465104345.317000,1465104345.977330,1465104350.978575,1465104351.056000
43,1465104345.318000,1465104345.993786,1465104350.995048,1465104351.074000
44,1465104345.318000,1465104347.794449,1465104352.796122,1465104352.875000
45,1465104345.318000,1465104345.966781,1465104350.968004,1465104351.058000
46,1465104345.318000,1465104346.043279,1465104351.044540,1465104351.123000
47,1465104345.318000,1465104345.925667,1465104350.927223,1465104351.006000
48,1465104345.318000,1465104345.986980,1465104350.988514,1465104351.060000
49,1465104345.318000,1465104345.994237,1465104350.995709,1465104351.054000
50,1465104345.319000,1465104345.988166,1465104350.989502,1465104351.067000
51,1465104345.320000,1465104346.250154,1465104351.251464,1465104351.355000
52,1465104345.319000,1465104345.957744,1465104350.959320,1465104351.038000
53,1465104345.320000,1465104346.281799,1465104351.282964,1465104351.352000
54,1465104345.320000,1465104346.005392,1465104351.006869,1465104351.092000
55,1465104345.324000,1465104345.992957,1465104350.994218,1465104351.075000
56,1465104345.324000,1465104346.310535,1465104351.312282,1465104351.386000
57,1465104345.324000,1465104345.986076,1465104350.987741,1465104351.068000
58,1465104345.324000,1465104345.933865,1465104350.935437,1465104351.015000
59,1465104345.324000,1465104346.034162,1465104351.035724,1465104351.116000
60,1465104345.324000,1465104346.255965,1465104351.257289,1465104351.332000
61,1465104345.324000,1465104345.979597,1465104350.981103,1465104351.078000
62,1465104345.324000,1465104345.997632,1465104350.998902,1465104351.102000
63,1465104345.325000,1465104346.017467,1465104351.018727,1465104351.104000
64,1465104345.325000,1465104345.968901,1465104350.978943,1465104351.058000
65,1465104345.325000,1465104346.076670,1465104351.078473,1465104351.159000
66,1465104345.325000,1465104347.774710,1465104352.776204,1465104352.865000
67,1465104345.325000,1465104346.039923,1465104351.041306,1465104351.101000
68,1465104345.325000,1465104346.328426,1465104351.329591,1465104351.399000
69,1465104345.325000,1465104345.994438,1465104350.996196,1465104351.084000
70,1465104345.325000,1465104346.323968,1465104351.325167,1465104351.405000
71,1465104345.325000,1465104346.249981,1465104351.251270,1465104351.328000
72,1465104345.325000,1465104346.262811,1465104351.264213,1465104351.346000
73,1465104345.325000,0.000000,0.000000,0.000000
74,1465104345.325000,1465104345.991089,1465104351.011185,1465104351.096000
75,1465104345.325000,0.000000,0.000000,0.000000
76,1465104345.325000,1465104346.243752,1465104351.244984,1465104351.325000
77,1465104345.325000,1465104345.952315,1465104350.953593,1465104351.041000
78,1465104345.325000,1465104346.053652,1465104351.055211,1465104351.141000
79,1465104345.325000,1465104346.048757,1465104351.050413,1465104351.138000
80,1465104345.325000,1465104346.241401,1465104351.242620,1465104351.339000
81,1465104345.326000,1465104345.938009,1465104350.939438,1465104351.022000
82,1465104345.326000,1465104346.274543,1465104351.275803,1465104351.361000
83,1465104345.326000,1465104345.967790,1465104350.969279,1465104351.039000
84,1465104345.326000,1465104346.264308,1465104351.265561,1465104351.339000
85,1465104345.326000,1465104346.029950,1465104351.031273,1465104351.105000
86,1465104345.326000,1465104345.944513,1465104350.946000,1465104351.033000
87,1465104345.326000,1465104346.038321,1465104351.041675,1465104351.124000
88,1465104345.326000,1465104347.825236,1465104352.830633,1465104352.911000
89,1465104345.326000,1465104345.955403,1465104350.956887,1465104351.034000
90,1465104345.326000,1465104346.048557,1465104351.049925,1465104351.139000
91,1465104345.326000,1465104346.003152,1465104351.004625,1465104351.079000
92,1465104345.326000,1465104347.815078,1465104352.817783,1465104352.898000
93,1465104345.326000,1465104345.940858,1465104350.951407,1465104351.039000
94,1465104345.326000,1465104346.254866,1465104351.269073,1465104351.350000
95,1465104345.326000,1465104347.818424,1465104352.819636,1465104352.900000
96,1465104345.326000,1465104345.998013,1465104350.999650,1465104351.085000
97,1465104345.326000,1465104346.090038,1465104351.091735,1465104351.172000
98,1465104345.326000,1465104346.039190,1465104351.040518,1465104351.137000
99,1465104345.326000,1465104346.049204,1465104351.050399,1465104351.128000
100,1465104345.326000,1465104346.255090,1465104351.256255,1465104351.326000
101,1465104345.327000,1465104346.051575,1465104351.053075,1465104351.138000
102,1465104345.327000,1465104346.029658,1465104351.030900,1465104351.111000
103,1465104345.327000,1465104346.030200,1465104351.031555,1465104351.117000
104,1465104345.327000,1465104346.239946,1465104351.241172,1465104351.325000
105,1465104345.327000,1465104347.813220,1465104352.814670,1465104352.892000
106,1465104345.328000,1465104347.788427,1465104352.789885,1465104352.889000
107,1465104345.331000,1465104345.939413,1465104350.940880,1465104351.029000
108,1465104345.334000,1465104346.263985,1465104351.265246,1465104351.350000
109,1465104345.335000,1465104346.322056,1465104351.323262,1465104351.410000
110,1465104345.335000,1465104346.046154,1465104351.047472,1465104351.137000
111,1465104345.335000,1465104346.287464,1465104351.289097,1465104351.369000
112,1465104345.335000,0.000000,0.000000,0.000000
113,1465104345.336000,1465104346.076303,1465104351.078771,1465104351.159000
114,1465104345.336000,1465104346.022803,1465104351.023985,1465104351.110000
115,1465104345.336000,1465104346.049156,1465104351.050490,1465104351.124000
116,1465104345.336000,1465104346.270264,1465104351.271686,1465104351.353000
117,1465104345.336000,1465104346.049554,1465104351.050849,1465104351.120000
118,1465104345.336000,1465104345.979450,1465104350.980738,1465104351.068000
119,1465104345.336000,1465104346.054932,1465104351.056176,1465104351.126000
120,1465104345.336000,1465104346.002954,1465104351.004545,1465104351.084000
121,1465104345.336000,1465104347.814695,1465104352.823538,1465104352.926000
122,1465104345.336000,0.000000,0.000000,0.000000
123,1465104345.337000,1465104346.321965,1465104351.323310,1465104351.395000
124,1465104345.337000,1465104346.337177,1465104351.338669,1465104351.419000
125,1465104345.337000,1465104346.315572,1465104351.316758,1465104351.402000
126,1465104345.337000,1465104346.038351,1465104351.039606,1465104351.119000
127,1465104345.338000,1465104346.269524,1465104351.271116,1465104351.359000
128,1465104345.338000,1465104346.291263,1465104351.292779,1465104351.373000
129,1465104345.338000,1465104346.055511,1465104351.056732,1465104351.146000
130,1465104345.338000,1465104345.992229,1465104350.993415,1465104351.091000
131,1465104345.338000,1465104346.344857,1465104351.346071,1465104351.428000
132,1465104345.338000,1465104346.006809,1465104351.008019,1465104351.093000
133,1465104345.339000,1465104346.254511,1465104351.255878,1465104351.345000
134,1465104345.339000,1465104346.042861,1465104351.044105,1465104351.143000
135,1465104345.339000,1465104346.292751,1465104351.293962,1465104351.379000
136,1465104345.339000,1465104346.291927,1465104351.293093,1465104351.363000
137,1465104345.339000,1465104346.039039,1465104351.040626,1465104351.129000
138,1465104345.339000,1465104346.259523,1465104351.260724,1465104351.342000
139,1465104345.340000,1465104346.243063,1465104351.244555,1465104351.342000
140,1465104345.340000,1465104346.036809,1465104351.049152,1465104351.130000
141,1465104345.340000,1465104346.036751,1465104351.038439,1465104351.135000
142,1465104345.340000,1465104346.285916,1465104351.287270,1465104351.375000
143,1465104345.340000,0.000000,0.000000,0.000000
144,1465104345.340000,1465104346.264608,1465104351.265860,1465104351.345000
145,1465104345.340000,1465104345.982774,1465104350.984377,1465104351.065000
146,1465104345.340000,1465104346.274356,1465104351.275621,1465104351.355000
147,1465104345.340000,1465104346.028814,1465104351.030100,1465104351.099000
148,1465104345.340000,0.000000,0.000000,0.000000
149,1465104345.340000,1465104346.000261,1465104351.001557,1465104351.087000
150,1465104345.341000,1465104346.278072,1465104351.279228,1465104351.365000
151,1465104345.341000,1465104346.071271,1465104351.072558,1465104351.151000
152,1465104345.341000,1465104346.000912,1465104351.002276,1465104351.105000
153,1465104345.341000,1465104346.012579,1465104351.013864,1465104351.099000
154,1465104345.341000,1465104345.997318,1465104350.998512,1465104351.076000
155,1465104345.341000,1465104346.011688,1465104351.012871,1465104351.101000
156,1465104345.341000,1465104346.040084,1465104351.041388,1465104351.124000
157,1465104345.341000,1465104345.997645,1465104350.998787,1465104351.086000
158,1465104345.341000,1465104346.268984,1465104351.270214,1465104351.356000
159,1465104345.341000,1465104346.305964,1465104351.307496,1465104351.395000
160,1465104345.341000,1465104345.976712,1465104350.978231,1465104351.064000
161,1465104345.341000,1465104346.376070,1465104351.377244,1465104351.459000
162,1465104345.341000,1465104346.324946,1465104351.326128,1465104351.385000
163,1465104345.342000,1465104346.317789,1465104351.318956,1465104351.389000
164,1465104345.342000,1465104345.990698,1465104350.991945,1465104351.088000
165,1465104345.342000,1465104346.236756,1465104351.238023,1465104351.326000
166,1465104345.342000,1465104346.043054,1465104351.044292,1465104351.122000
167,1465104345.342000,1465104346.058967,1465104351.060376,1465104351.138000
168,1465104345.343000,1465104346.074734,1465104351.075954,1465104351.157000
169,1465104345.343000,1465104346.038519,1465104351.041773,1465104351.123000
170,1465104345.343000,1465104346.048243,1465104351.052809,1465104351.141000
171,1465104345.343000,1465104346.309462,1465104351.310655,1465104351.396000
172,1465104345.343000,1465104345.958643,1465104350.959900,1465104351.050000
173,1465104345.343000,1465104346.063201,1465104351.064479,1465104351.135000
174,1465104345.343000,0.000000,0.000000,0.000000
175,1465104345.343000,1465104346.316290,1465104351.317475,1465104351.397000
176,1465104345.343000,1465104346.074065,1465104351.075476,1465104351.156000
177,1465104345.343000,1465104346.363871,1465104351.365146,1465104351.435000
178,1465104345.343000,1465104345.999634,1465104351.001228,1465104351.081000
179,1465104345.343000,1465104346.021249,1465104351.022506,1465104351.081000
180,1465104345.343000,1465104346.008955,1465104351.010321,1465104351.090000
181,1465104345.343000,1465104346.297825,1465104351.299247,1465104351.358000
182,1465104345.343000,1465104346.290144,1465104351.291598,1465104351.363000
183,1465104345.343000,1465104346.023104,1465104351.024343,1465104351.112000
184,1465104345.343000,0.000000,0.000000,0.000000
185,1465104345.343000,1465104347.829652,1465104352.830856,1465104352.907000
186,1465104345.343000,1465104346.059591,1465104351.060781,1465104351.130000
187,1465104345.343000,1465104346.289630,1465104351.290868,1465104351.370000
188,1465104345.343000,1465104346.278258,1465104351.279505,1465104351.363000
189,1465104345.343000,1465104346.012529,1465104351.013871,1465104351.094000
190,1465104345.343000,1465104346.244757,1465104351.246002,1465104351.344000
191,1465104345.343000,1465104346.044160,1465104351.045580,1465104351.133000
192,1465104345.343000,1465104346.330883,1465104351.332064,1465104351.413000
193,1465104345.343000,1465104346.270972,1465104351.272489,1465104351.354000
194,1465104345.343000,1465104345.998741,1465104351.000070,1465104351.085000
195,1465104345.343000,1465104346.082470,1465104351.084190,1465104351.165000
196,1465104345.343000,1465104346.078246,1465104351.079507,1465104351.158000
197,1465104345.343000,1465104346.036332,1465104351.037815,1465104351.109000
198,1465104345.343000,1465104346.064360,1465104351.068580,1465104351.154000
199,1465104345.343000,1465104346.308020,1465104351.309216,1465104351.397000
200,1465104345.344000,1465104346.283836,1465104351.285040,1465104351.372000
201,1465104345.344000,1465104346.319352,1465104351.320515,1465104351.403000
202,1465104345.344000,1465104346.254518,1465104351.255856,1465104351.335000
203,1465104345.344000,1465104346.041599,1465104351.042798,1465104351.132000
204,1465104345.344000,1465104346.063216,1465104351.064981,1465104351.149000
205,1465104345.344000,1465104346.088402,1465104351.089827,1465104351.160000
206,1465104345.344000,1465104346.326169,1465104351.327515,1465104351.431000
207,1465104345.344000,1465104346.100438,1465104351.121443,1465104351.180000
208,1465104345.344000,1465104346.029004,1465104351.030547,1465104351.111000
209,1465104345.344000,1465104346.263166,1465104351.264427,1465104351.353000
210,1465104345.344000,1465104346.053641,1465104351.054858,1465104351.125000
211,1465104345.344000,1465104345.985859,1465104350.987506,1465104351.073000
212,1465104345.344000,1465104346.042007,1465104351.043655,1465104351.124000
213,1465104345.344000,1465104346.068311,1465104351.069548,1465104351.140000
214,1465104345.344000,1465104346.273414,1465104351.274802,1465104351.371000
215,1465104345.344000,1465104346.311838,1465104351.313128,1465104351.384000
216,1465104345.344000,1465104346.253403,1465104351.254592,1465104351.332000
217,1465104345.344000,1465104346.292926,1465104351.294258,1465104351.374000
218,1465104345.344000,1465104346.041542,1465104351.048672,1465104351.130000
219,1465104345.344000,1465104346.091396,1465104351.092562,1465104351.164000
220,1465104345.344000,1465104345.976850,1465104350.978117,1465104351.060000
221,1465104345.344000,1465104345.992845,1465104350.994159,1465104351.084000
222,1465104345.344000,1465104346.311114,1465104351.312633,1465104351.387000
223,1465104345.344000,1465104346.089342,1465104351.090681,1465104351.161000
224,1465104345.344000,1465104346.014343,1465104351.016024,1465104351.097000
225,1465104345.344000,1465104346.051322,1465104351.052717,1465104351.140000
226,1465104345.344000,1465104346.005039,1465104351.006623,1465104351.095000
227,1465104345.344000,1465104346.278229,1465104351.279511,1465104351.376000
228,1465104345.344000,1465104346.045954,1465104351.047165,1465104351.127000
229,1465104345.344000,1465104346.286552,1465104351.287936,1465104351.359000
230,1465104345.345000,1465104346.325577,1465104351.326751,1465104351.396000
231,1465104345.344000,1465104346.294174,1465104351.295446,1465104351.368000
232,1465104345.344000,1465104346.035729,1465104351.037206,1465104351.141000
233,1465104345.344000,1465104345.983421,1465104350.984841,1465104351.084000
234,1465104345.345000,0.000000,0.000000,0.000000
235,1465104345.345000,1465104346.037751,1465104351.040628,1465104351.130000
236,1465104345.345000,1465104345.952578,1465104350.954252,1465104351.058000
237,1465104345.345000,1465104346.016179,1465104351.017453,1465104351.098000
238,1465104345.345000,1465104346.343563,1465104351.344752,1465104351.430000
239,1465104345.345000,1465104346.047983,1465104351.049305,1465104351.135000
240,1465104345.345000,1465104346.053022,1465104351.054193,1465104351.150000
241,1465104345.345000,1465104346.341582,1465104351.343170,1465104351.423000
242,1465104345.345000,1465104347.828096,1465104352.829371,1465104352.918000
243,1465104345.345000,1465104346.074115,1465104351.076092,1465104351.155000
244,1465104345.345000,1465104346.019502,1465104351.020650,1465104351.098000
245,1465104345.345000,1465104347.813229,1465104352.814533,1465104352.904000
246,1465104345.345000,1465104346.285454,1465104351.286768,1465104351.375000
247,1465104345.345000,1465104346.041876,1465104351.043531,1465104351.124000
248,1465104345.345000,1465104346.032734,1465104351.033980,1465104351.111000
249,1465104345.345000,1465104346.270335,1465104351.271615,1465104351.342000
250,1465104345.345000,1465104346.305978,1465104351.307352,1465104351.385000
251,1465104345.345000,1465104347.798053,1465104352.799549,1465104352.903000
252,1465104345.345000,1465104346.294814,1465104351.295980,1465104351.376000
253,1465104345.345000,1465104346.062710,1465104351.064261,1465104351.123000
254,1465104345.345000,0.000000,0.000000,0.000000
255,1465104345.345000,1465104346.033088,1465104351.034337,1465104351.106000
256,1465104345.345000,1465104347.815582,1465104352.830415,1465104352.910000
257,1465104345.345000,1465104346.006421,1465104351.007656,1465104351.095000
258,1465104345.345000,1465104346.007772,1465104351.009063,1465104351.095000
259,1465104345.345000,1465104346.037565,1465104351.039114,1465104351.118000
260,1465104345.345000,1465104346.063279,1465104351.065428,1465104351.139000
261,1465104345.345000,1465104346.070814,1465104351.073839,1465104351.159000
262,1465104345.345000,1465104346.052715,1465104351.054312,1465104351.133000
263,1465104345.345000,1465104346.260871,1465104351.262088,1465104351.361000
264,1465104345.345000,1465104346.282495,1465104351.283809,1465104351.356000
265,1465104345.345000,1465104346.307685,1465104351.309054,1465104351.394000
266,1465104345.345000,1465104346.317981,1465104351.319120,1465104351.417000
267,1465104345.345000,1465104346.030190,1465104351.031459,1465104351.120000
268,1465104345.346000,1465104346.056317,1465104351.057483,1465104351.155000
269,1465104345.346000,1465104346.027904,1465104351.029298,1465104351.109000
270,1465104345.346000,1465104346.079011,1465104351.080289,1465104351.165000
271,1465104345.347000,1465104346.310769,1465104351.312101,1465104351.409000
272,1465104345.348000,1465104346.061362,1465104351.062627,1465104351.148000
273,1465104345.351000,1465104346.025091,1465104351.026348,1465104351.130000
274,1465104345.355000,1465104346.046966,1465104351.051496,1465104351.139000
275,1465104345.364000,1465104346.071441,1465104351.072660,1465104351.150000
276,1465104345.367000,1465104346.337643,1465104351.338796,1465104351.409000
277,1465104345.367000,1465104346.037848,1465104351.039071,1465104351.124000
278,1465104345.367000,1465104346.053212,1465104351.055013,1465104351.153000
279,1465104345.367000,1465104346.039386,1465104351.040853,1465104351.120000
280,1465104345.367000,1465104346.292382,1465104351.305616,1465104351.377000
281,1465104345.367000,1465104346.061302,1465104351.062650,1465104351.141000
282,1465104345.367000,1465104346.025983,1465104351.031236,1465104351.117000
283,1465104345.367000,1465104345.990528,1465104350.991802,1465104351.064000
284,1465104345.368000,1465104346.014313,1465104351.015823,1465104351.093000
285,1465104345.368000,1465104346.328473,1465104351.329855,1465104351.413000
286,1465104345.368000,1465104346.057147,1465104351.074074,1465104351.160000
287,1465104345.368000,1465104346.035265,1465104351.036520,1465104351.124000
288,1465104345.368000,1465104346.025474,1465104351.026669,1465104351.098000
289,1465104345.368000,1465104346.326655,1465104351.327871,1465104351.413000
290,1465104345.368000,1465104346.271424,1465104351.272735,1465104351.357000
291,1465104345.368000,1465104346.282300,1465104351.283667,1465104351.362000
292,1465104345.369000,1465104346.043317,1465104351.044560,1465104351.115000
293,1465104345.369000,1465104346.010824,1465104351.012198,1465104351.092000
294,1465104345.369000,1465104346.074987,1465104351.077030,1465104351.154000
295,1465104345.369000,1465104346.040793,1465104351.042096,1465104351.120000
296,1465104345.369000,1465104346.050910,1465104351.052192,1465104351.124000
297,1465104345.369000,1465104346.054473,1465104351.055691,1465104351.142000
298,1465104345.369000,1465104346.074215,1465104351.075369,1465104351.147000
299,1465104345.370000,1465104346.034228,1465104351.036011,1465104351.116000
300,1465104345.370000,1465104346.035848,1465104351.037113,1465104351.117000
301,1465104345.370000,1465104346.031533,1465104351.034737,1465104351.111000
302,1465104345.370000,1465104346.068841,1465104351.070068,1465104351.151000
303,1465104345.370000,1465104347.818907,1465104352.820149,1465104352.897000
304,1465104345.370000,1465104346.057532,1465104351.058808,1465104351.139000
305,1465104345.370000,1465104346.064386,1465104351.065944,1465104351.151000
306,1465104345.370000,1465104346.012788,1465104351.013986,1465104351.091000
307,1465104345.371000,1465104346.298288,1465104351.299574,1465104351.389000
308,1465104345.371000,1465104346.302737,1465104351.303978,1465104351.386000
309,1465104345.371000,1465104346.261627,1465104351.262992,1465104351.360000
310,1465104345.371000,1465104346.043867,1465104351.045280,1465104351.126000
311,1465104345.371000,1465104346.029081,1465104351.030370,1465104351.111000
312,1465104345.371000,1465104346.361061,1465104351.362257,1465104351.460000
313,1465104345.371000,1465104345.990148,1465104350.991428,1465104351.061000
314,1465104345.371000,1465104346.288506,1465104351.289700,1465104351.388000
315,1465104345.371000,1465104345.997436,1465104350.999330,1465104351.084000
316,1465104345.371000,1465104345.985794,1465104350.987248,1465104351.068000
317,1465104345.372000,1465104346.036161,1465104351.046973,1465104351.143000
318,1465104345.372000,1465104346.293976,1465104351.295227,1465104351.379000
319,1465104345.372000,1465104346.315258,1465104351.316438,1465104351.394000
320,1465104345.372000,1465104346.041394,1465104351.042632,1465104351.123000
321,1465104345.372000,1465104346.018720,1465104351.019977,1465104351.109000
322,1465104345.372000,1465104345.985403,1465104350.986728,1465104351.068000
323,1465104345.373000,1465104346.279868,1465104351.281125,1465104351.366000
324,1465104345.373000,1465104346.087764,1465104351.088912,1465104351.148000
325,1465104345.373000,1465104346.310925,1465104351.312143,1465104351.391000
326,1465104345.373000,1465104346.008484,1465104351.009718,1465104351.098000
327,1465104345.373000,1465104346.052199,1465104351.053487,1465104351.133000
328,1465104345.373000,1465104346.301583,1465104351.302851,1465104351.380000
329,1465104345.374000,1465104346.056503,1465104351.059522,1465104351.145000
330,1465104345.374000,1465104345.982023,1465104350.983438,1465104351.065000
331,1465104345.374000,1465104346.349644,1465104351.351147,1465104351.440000
332,1465104345.374000,1465104346.058469,1465104351.059686,1465104351.130000
333,1465104345.374000,1465104346.336949,1465104351.338143,1465104351.397000
334,1465104345.374000,1465104346.352004,1465104351.353185,1465104351.433000
335,1465104345.374000,1465104346.057445,1465104351.058616,1465104351.136000
336,1465104345.375000,1465104346.055989,1465104351.057189,1465104351.142000
337,1465104345.375000,1465104346.071544,1465104351.073195,1465104351.159000
338,1465104345.375000,1465104346.082188,1465104351.084207,1465104351.159000
339,1465104345.375000,1465104346.284100,1465104351.285355,1465104351.383000
340,1465104345.375000,1465104346.024227,1465104351.025722,1465104351.104000
341,1465104345.375000,1465104346.233042,1465104351.234398,1465104351.338000
342,1465104345.375000,1465104346.038651,1465104351.040386,1465104351.116000
343,1465104345.375000,1465104346.028186,1465104351.029453,1465104351.089000
344,1465104345.376000,1465104346.009053,1465104351.010475,1465104351.090000
345,1465104345.376000,1465104346.077647,1465104351.078817,1465104351.161000
346,1465104345.376000,1465104346.027940,1465104351.029137,1465104351.111000
347,1465104345.376000,1465104346.310417,1465104351.311611,1465104351.394000
348,1465104345.376000,1465104346.310514,1465104351.311796,1465104351.371000
349,1465104345.376000,1465104346.083347,1465104351.084960,1465104351.158000
350,1465104345.376000,1465104346.351288,1465104351.352513,1465104351.421000
351,1465104345.376000,1465104346.338885,1465104351.346440,1465104351.427000
352,1465104345.377000,1465104345.999970,1465104351.001248,1465104351.090000
353,1465104345.377000,1465104346.331806,1465104351.332974,1465104351.431000
354,1465104345.377000,1465104346.053726,1465104351.069310,1465104351.140000
355,1465104345.377000,1465104346.082369,1465104351.084759,1465104351.165000
356,1465104345.378000,1465104346.087010,1465104351.089900,1465104351.159000
357,1465104345.378000,1465104346.045022,1465104351.046187,1465104351.124000
358,1465104345.378000,1465104346.047550,1465104351.049035,1465104351.130000
359,1465104345.378000,1465104346.033973,1465104351.046176,1465104351.125000
360,1465104345.379000,1465104346.071987,1465104351.073228,1465104351.159000
361,1465104345.379000,1465104346.048749,1465104351.050468,1465104351.137000
362,1465104345.379000,1465104346.296234,1465104351.297565,1465104351.381000
363,1465104345.379000,1465104346.038871,1465104351.040163,1465104351.126000
364,1465104345.379000,1465104346.352720,1465104351.353947,1465104351.434000
365,1465104345.379000,1465104346.012980,1465104351.014457,1465104351.090000
366,1465104345.379000,1465104346.054044,1465104351.055925,1465104351.141000
367,1465104345.379000,1465104346.050075,1465104351.051340,1465104351.140000
368,1465104345.379000,1465104346.314205,1465104351.315496,1465104351.413000
369,1465104345.379000,1465104346.307776,1465104351.308987,1465104351.393000
370,1465104345.380000,1465104346.058239,1465104351.059661,1465104351.139000
371,1465104345.380000,1465104345.995424,1465104351.003589,1465104351.107000
372,1465104345.380000,1465104346.062572,1465104351.064022,1465104351.143000
373,1465104345.380000,1465104346.049570,1465104351.050833,1465104351.137000
374,1465104345.380000,1465104346.294276,1465104351.295450,1465104351.394000
375,1465104345.381000,1465104346.326868,1465104351.328389,1465104351.407000
376,1465104345.381000,1465104346.297097,1465104351.298344,1465104351.368000
377,1465104345.381000,1465104346.002118,1465104351.003395,1465104351.093000
378,1465104345.381000,1465104346.079117,1465104351.080346,1465104351.150000
379,1465104345.381000,1465104346.362189,1465104351.363423,1465104351.423000
380,1465104345.381000,1465104346.014195,1465104351.015580,1465104351.101000
381,1465104345.382000,1465104346.017495,1465104351.018703,1465104351.105000
382,1465104345.382000,1465104346.028002,1465104351.029568,1465104351.115000
383,1465104345.382000,1465104346.298290,1465104351.299501,1465104351.398000
384,1465104345.382000,1465104346.031929,1465104351.033144,1465104351.131000
385,1465104345.382000,1465104346.308392,1465104351.309568,1465104351.386000
386,1465104345.382000,1465104346.052578,1465104351.053918,1465104351.134000
387,1465104345.383000,1465104346.043717,1465104351.044960,1465104351.130000
388,1465104345.383000,1465104346.055336,1465104351.056565,1465104351.131000
389,1465104345.384000,1465104346.048624,1465104351.049965,1465104351.125000
390,1465104345.384000,1465104346.392827,1465104351.394099,1465104351.454000
391,1465104345.384000,1465104346.042717,1465104351.044407,1465104351.124000
392,1465104345.384000,1465104346.069297,1465104351.071048,1465104351.151000
393,1465104345.384000,1465104346.079786,1465104351.081201,1465104351.141000
394,1465104345.384000,1465104346.060561,1465104351.061936,1465104351.147000
395,1465104345.384000,1465104346.012456,1465104351.013940,1465104351.103000
396,1465104345.384000,1465104346.057829,1465104351.075001,1465104351.173000
397,1465104345.384000,1465104346.031831,1465104351.033046,1465104351.118000
398,1465104345.384000,1465104346.043408,1465104351.044623,1465104351.122000
399,1465104345.385000,1465104346.039355,1465104351.057902,1465104351.139000
400,1465104345.385000,1465104346.029724,1465104351.031057,1465104351.110000
401,1465104345.386000,1465104346.052253,1465104351.053578,1465104351.139000
402,1465104345.386000,1465104346.026793,1465104351.028164,1465104351.113000
403,1465104345.386000,1465104346.057575,1465104351.058863,1465104351.139000
404,1465104345.386000,1465104346.034633,1465104351.036614,1465104351.125000
405,1465104345.386000,1465104346.051019,1465104351.052631,1465104351.138000
406,1465104345.386000,1465104346.024417,1465104351.026135,1465104351.106000
407,1465104345.386000,1465104345.987973,1465104350.989862,1465104351.066000
408,1465104345.386000,1465104346.046114,1465104351.047630,1465104351.135000
409,1465104345.387000,1465104346.347804,1465104351.349106,1465104351.423000
410,1465104345.387000,1465104346.332743,1465104351.334331,1465104351.414000
411,1465104345.387000,1465104346.348153,1465104351.349394,1465104351.438000
412,1465104345.388000,1465104346.031757,1465104351.033860,1465104351.113000
413,1465104345.388000,1465104346.073283,1465104351.074573,1465104351.152000
414,1465104345.388000,1465104346.024352,1465104351.026074,1465104351.106000
415,1465104345.388000,1465104346.053285,1465104351.054839,1465104351.140000
416,1465104345.388000,1465104346.067821,1465104351.068958,1465104351.156000
417,1465104345.388000,1465104345.987666,1465104350.989215,1465104351.068000
418,1465104345.388000,1465104346.292249,1465104351.293532,1465104351.376000
419,1465104345.388000,1465104346.067114,1465104351.068595,1465104351.154000
420,1465104345.388000,1465104346.020048,1465104351.030437,1465104351.111000
421,1465104345.388000,1465104346.047322,1465104351.048785,1465104351.128000
422,1465104345.388000,1465104346.015591,1465104351.027051,1465104351.108000
423,1465104345.389000,1465104346.033973,1465104351.035578,1465104351.115000
424,1465104345.389000,1465104346.034902,1465104351.037466,1465104351.119000
425,1465104345.389000,1465104346.352218,1465104351.353383,1465104351.441000
426,1465104345.390000,1465104346.023217,1465104351.024409,1465104351.113000
427,1465104345.390000,1465104346.040714,1465104351.049755,1465104351.131000
428,1465104345.390000,1465104346.346231,1465104351.347415,1465104351.419000
429,1465104345.390000,1465104346.050715,1465104351.051926,1465104351.137000
430,1465104345.390000,1465104346.075046,1465104351.087035,1465104351.166000
431,1465104345.390000,1465104346.320742,1465104351.322352,1465104351.401000
432,1465104345.390000,1465104346.072616,1465104351.074595,1465104351.152000
433,1465104345.391000,1465104346.084973,1465104351.086379,1465104351.161000
434,1465104345.391000,1465104346.052636,1465104351.054100,1465104351.125000
435,1465104345.391000,1465104346.291447,1465104351.292744,1465104351.389000
436,1465104345.391000,1465104346.323323,1465104351.324488,1465104351.402000
437,1465104345.391000,1465104346.041767,1465104351.042959,1465104351.125000
438,1465104345.392000,1465104346.067760,1465104351.069012,1465104351.159000
439,1465104345.392000,1465104346.026314,1465104351.040441,1465104351.116000
440,1465104345.392000,1465104346.050829,1465104351.069046,1465104351.140000
441,1465104345.392000,1465104346.049742,1465104351.051222,1465104351.138000
442,1465104345.392000,1465104347.832549,1465104352.833821,1465104352.937000
443,1465104345.392000,1465104346.036917,1465104351.038200,1465104351.142000
444,1465104345.392000,1465104346.276638,1465104351.277982,1465104351.363000
445,1465104345.392000,1465104346.080569,1465104351.081947,1465104351.141000
446,1465104345.392000,1465104346.023560,1465104351.025041,1465104351.124000
447,1465104345.393000,1465104346.034395,1465104351.035573,1465104351.134000
448,1465104345.394000,1465104346.062166,1465104351.063306,1465104351.151000
449,1465104345.394000,1465104346.075480,1465104351.076895,1465104351.155000
450,1465104345.394000,1465104346.051096,1465104351.053515,1465104351.141000
451,1465104345.394000,1465104346.066429,1465104351.067563,1465104351.153000
452,1465104345.394000,1465104346.344507,1465104351.345727,1465104351.432000
453,1465104345.394000,1465104346.057612,1465104351.059347,1465104351.138000
454,1465104345.395000,1465104346.082980,1465104351.084207,1465104351.162000
455,1465104345.395000,1465104346.051193,1465104351.052392,1465104351.122000
456,1465104345.395000,1465104346.046884,1465104351.048332,1465104351.128000
457,1465104345.395000,1465104346.081217,1465104351.082826,1465104351.157000
458,1465104345.395000,1465104346.307781,1465104351.309126,1465104351.369000
459,1465104345.395000,1465104346.076160,1465104351.077430,1465104351.166000
460,1465104345.396000,1465104346.064049,1465104351.065337,1465104351.148000
461,1465104345.396000,1465104346.056101,1465104351.057329,1465104351.136000
462,1465104345.396000,1465104346.067454,1465104351.068641,1465104351.166000
463,1465104345.397000,1465104346.066569,1465104351.067849,1465104351.147000
464,1465104345.397000,1465104346.045134,1465104351.048259,1465104351.135000
465,1465104345.397000,1465104346.037577,1465104351.038766,1465104351.124000
466,1465104345.397000,1465104346.083187,1465104351.084547,1465104351.164000
467,1465104345.397000,1465104346.062152,1465104351.063506,1465104351.144000
468,1465104345.397000,1465104346.079255,1465104351.080676,1465104351.160000
469,1465104345.397000,1465104346.055514,1465104351.056974,1465104351.142000
470,1465104345.397000,1465104346.089788,1465104351.091498,1465104351.172000
471,1465104345.397000,1465104346.010589,1465104351.011914,1465104351.115000
472,1465104345.397000,1465104346.051616,1465104351.067576,1465104351.148000
473,1465104345.398000,1465104346.048604,1465104351.049920,1465104351.131000
474,1465104345.398000,1465104346.046558,1465104351.047791,1465104351.128000
475,1465104345.398000,1465104346.071372,1465104351.072559,1465104351.157000
476,1465104345.398000,1465104346.065587,1465104351.066787,1465104351.126000
477,1465104345.398000,0.000000,0.000000,0.000000
478,1465104345.398000,1465104346.071326,1465104351.072780,1465104351.161000
479,1465104345.398000,1465104346.346109,1465104351.347442,1465104351.433000
480,1465104345.398000,1465104346.043921,1465104351.045084,1465104351.130000
481,1465104345.398000,1465104346.065326,1465104351.066707,1465104351.138000
482,1465104345.399000,1465104346.021556,1465104351.022815,1465104351.108000
483,1465104345.399000,1465104346.051930,1465104351.053369,1465104351.152000
484,1465104345.399000,1465104346.059977,1465104351.061191,1465104351.131000
485,1465104345.399000,1465104346.074084,1465104351.075225,1465104351.161000
486,1465104345.399000,1465104346.065500,1465104351.067002,1465104351.142000
487,1465104345.400000,1465104346.211842,1465104351.213101,1465104351.283000
488,1465104345.400000,1465104346.339096,1465104351.340612,1465104351.429000
489,1465104345.400000,1465104346.033030,1465104351.034557,1465104351.114000
490,1465104345.400000,1465104346.360813,1465104351.362039,1465104351.459000
491,1465104345.400000,1465104346.052638,1465104351.065367,1465104351.151000
492,1465104345.400000,1465104346.068270,1465104351.069898,1465104351.141000
493,1465104345.401000,1465104346.118828,1465104351.120043,1465104351.190000
494,1465104345.401000,1465104346.055632,1465104351.056857,1465104351.142000
495,1465104345.401000,1465104346.206222,1465104351.207440,1465104351.288000
496,1465104345.402000,1465104346.068532,1465104351.069820,1465104351.173000
497,1465104345.402000,1465104346.064362,1465104351.065975,1465104351.144000
498,1465104345.402000,1465104346.142940,1465104351.144151,1465104351.216000
499,1465104345.402000,1465104346.161278,1465104351.162459,1465104351.248000
500,1465104345.402000,1465104346.112113,1465104351.113372,1465104351.210000
501,1465104345.402000,1465104346.082312,1465104351.084590,1465104351.172000
502,1465104345.402000,1465104346.064354,1465104351.065679,1465104351.169000
503,1465104345.402000,1465104346.087677,1465104351.089029,1465104351.169000
504,1465104345.402000,1465104346.055134,1465104351.056598,1465104351.131000
505,1465104345.402000,1465104346.085794,1465104351.086949,1465104351.169000
506,1465104345.402000,1465104346.178038,1465104351.179281,1465104351.265000
507,1465104345.402000,1465104346.209456,1465104351.210984,1465104351.281000
508,1465104345.402000,1465104346.197945,1465104351.199185,1465104351.278000
509,1465104345.402000,1465104346.060581,1465104351.061964,1465104351.133000
510,1465104345.402000,1465104346.184569,1465104351.185880,1465104351.257000
511,1465104345.402000,1465104346.071277,1465104351.072488,1465104351.156000
512,1465104345.402000,1465104346.212508,1465104351.213807,1465104351.292000
513,1465104345.402000,1465104346.080157,1465104351.081354,1465104351.167000
514,1465104345.402000,1465104346.101002,1465104351.102208,1465104351.179000
515,1465104345.402000,1465104346.166423,1465104351.168006,1465104351.257000
516,1465104345.402000,1465104346.112170,1465104351.113324,1465104351.187000
517,1465104345.402000,1465104346.178671,1465104351.195013,1465104351.293000
518,1465104345.402000,1465104346.141399,1465104351.142676,1465104351.224000
519,1465104345.402000,1465104346.116592,1465104351.117848,1465104351.196000
520,1465104345.402000,1465104346.093900,1465104351.095776,1465104351.170000
521,1465104345.402000,1465104346.080079,1465104351.081574,1465104351.161000
522,1465104345.402000,1465104346.103941,1465104351.105247,1465104351.186000
523,1465104345.402000,1465104346.088293,1465104351.089933,1465104351.170000
524,1465104345.403000,1465104346.197178,1465104351.198481,1465104351.279000
525,1465104345.403000,1465104346.072520,1465104351.074084,1465104351.153000
526,1465104345.403000,1465104346.139307,1465104351.140581,1465104351.218000
527,1465104345.403000,1465104346.126925,1465104351.128137,1465104351.208000
528,1465104345.403000,1465104346.104428,1465104351.114103,1465104351.193000
529,1465104345.403000,1465104346.092912,1465104351.109122,1465104351.179000
530,1465104345.403000,1465104346.068643,1465104351.069981,1465104351.150000
531,1465104345.403000,1465104346.053343,1465104351.054966,1465104351.153000
532,1465104345.403000,1465104346.080816,1465104351.087062,1465104351.167000
533,1465104345.403000,1465104346.028510,1465104351.030483,1465104351.115000
534,1465104345.403000,1465104346.065676,1465104351.067030,1465104351.146000
535,1465104345.403000,1465104346.301737,1465104351.303062,1465104351.391000
536,1465104345.403000,1465104346.093104,1465104351.094417,1465104351.180000
537,1465104345.403000,1465104346.071107,1465104351.073246,1465104351.159000
538,1465104345.403000,1465104346.024407,1465104351.026032,1465104351.102000
539,1465104345.403000,1465104346.082958,1465104351.085147,1465104351.173000
540,1465104345.403000,1465104346.090523,1465104351.109590,1465104351.180000
541,1465104345.403000,1465104346.037510,1465104351.038825,1465104351.119000
542,1465104345.403000,1465104346.179098,1465104351.180330,1465104351.259000
543,1465104345.403000,1465104346.098820,1465104351.100043,1465104351.197000
544,1465104345.403000,1465104346.091793,1465104351.093233,1465104351.173000
545,1465104345.403000,1465104346.133195,1465104351.134381,1465104351.219000
546,1465104345.403000,1465104346.083089,1465104351.084462,1465104351.159000
547,1465104345.403000,1465104346.077022,1465104351.078207,1465104351.164000
548,1465104345.403000,1465104346.064935,1465104351.066156,1465104351.151000
549,1465104345.403000,1465104346.076842,1465104351.078043,1465104351.163000
550,1465104345.404000,1465104346.217627,1465104351.234584,1465104351.312000
551,1465104345.404000,1465104346.053032,1465104351.054204,1465104351.141000
552,1465104345.404000,1465104346.078862,1465104351.080041,1465104351.152000
553,1465104345.404000,1465104346.071789,1465104351.086087,1465104351.165000
554,1465104345.404000,1465104346.324288,1465104351.325599,1465104351.398000
555,1465104345.404000,1465104346.050976,1465104351.052173,1465104351.141000
556,1465104345.404000,1465104346.005033,1465104351.007088,1465104351.082000
557,1465104345.404000,1465104346.072133,1465104351.073663,1465104351.170000
558,1465104345.404000,1465104346.134201,1465104351.135401,1465104351.214000
559,1465104345.404000,1465104346.075258,1465104351.076435,1465104351.173000
560,1465104345.404000,1465104346.076882,1465104351.078100,1465104351.158000
561,1465104345.404000,1465104346.127065,1465104351.143755,1465104351.213000
562,1465104345.404000,1465104346.063730,1465104351.065261,1465104351.151000
563,1465104345.404000,1465104346.052438,1465104351.054156,1465104351.140000
564,1465104345.404000,1465104346.073971,1465104351.075145,1465104351.158000
565,1465104345.404000,1465104346.056861,1465104351.058128,1465104351.144000
566,1465104345.404000,1465104346.043718,1465104351.045142,1465104351.126000
567,1465104345.404000,1465104346.100278,1465104351.101444,1465104351.200000
568,1465104345.404000,1465104346.095514,1465104351.098686,1465104351.173000
569,1465104345.404000,1465104346.075189,1465104351.077179,1465104351.148000
570,1465104345.404000,1465104346.052278,1465104351.053469,1465104351.126000
571,1465104345.404000,1465104346.099322,1465104351.100511,1465104351.171000
572,1465104345.404000,1465104346.089709,1465104351.091026,1465104351.172000
573,1465104345.404000,1465104346.066926,1465104351.071031,1465104351.155000
574,1465104345.404000,1465104346.091397,1465104351.092838,1465104351.163000
575,1465104345.405000,1465104346.060576,1465104351.061762,1465104351.133000
576,1465104345.405000,1465104346.039109,1465104351.042880,1465104351.123000
577,1465104345.405000,1465104346.081972,1465104351.083314,1465104351.169000
578,1465104345.405000,1465104346.083691,1465104351.084982,1465104351.170000
579,1465104345.405000,1465104346.055651,1465104351.057068,1465104351.131000
580,1465104345.405000,1465104346.048301,1465104351.049546,1465104351.153000
581,1465104345.405000,1465104346.033359,1465104351.034665,1465104351.123000
582,1465104345.405000,1465104346.089889,1465104351.091530,1465104351.172000
583,1465104345.405000,1465104346.083315,1465104351.084492,1465104351.156000
584,1465104345.405000,1465104346.327375,1465104351.328613,1465104351.407000
585,1465104345.405000,1465104346.096074,1465104351.098053,1465104351.172000
586,1465104345.405000,1465104346.085334,1465104351.086497,1465104351.175000
587,1465104345.405000,1465104346.189403,1465104351.190689,1465104351.270000
588,1465104345.405000,1465104346.090946,1465104351.092452,1465104351.166000
589,1465104345.405000,1465104346.056940,1465104351.058532,1465104351.136000
590,1465104345.405000,1465104346.162391,1465104351.180414,1465104351.256000
591,1465104345.405000,1465104346.129300,1465104351.130490,1465104351.213000
592,1465104345.405000,1465104346.239061,1465104351.240319,1465104351.310000
593,1465104345.405000,1465104346.052532,1465104351.053995,1465104351.152000
594,1465104345.405000,1465104346.185655,1465104351.187006,1465104351.272000
595,1465104345.405000,1465104346.094247,1465104351.095413,1465104351.173000
596,1465104345.405000,1465104346.168658,1465104351.169911,1465104351.239000
597,1465104345.405000,1465104346.087589,1465104351.089081,1465104351.164000
598,1465104345.405000,1465104346.050731,1465104351.054627,1465104351.134000
599,1465104345.405000,1465104346.240698,1465104351.241980,1465104351.322000
600,1465104345.406000,1465104346.476868,1465104351.478066,1465104351.556000
601,1465104345.406000,1465104346.067431,1465104351.068600,1465104351.151000
602,1465104345.406000,1465104346.092308,1465104351.093505,1465104351.182000
603,1465104345.406000,1465104346.064061,1465104351.065317,1465104351.150000
604,1465104345.406000,1465104346.044734,1465104351.045973,1465104351.135000
605,1465104345.406000,1465104346.065234,1465104351.066380,1465104351.164000
606,1465104345.406000,1465104346.064665,1465104351.065928,1465104351.146000
607,1465104345.406000,1465104346.102966,1465104351.104283,1465104351.179000
608,1465104345.406000,1465104346.155117,1465104351.163914,1465104351.243000
609,1465104345.406000,1465104346.138661,1465104351.139845,1465104351.228000
610,1465104345.406000,1465104346.072167,1465104351.073540,1465104351.159000
611,1465104345.406000,1465104346.518805,1465104351.520035,1465104351.593000
612,1465104345.406000,1465104346.112663,1465104351.113961,1465104351.202000
613,1465104345.406000,1465104346.158918,1465104351.160842,1465104351.239000
614,1465104345.406000,1465104346.180251,1465104351.181946,1465104351.261000
615,1465104345.406000,1465104346.090121,1465104351.091387,1465104351.176000
616,1465104345.406000,1465104346.223440,1465104351.224870,1465104351.301000
617,1465104345.406000,1465104346.155162,1465104351.156699,1465104351.231000
618,1465104345.406000,1465104346.127329,1465104351.128852,1465104351.202000
619,1465104345.406000,1465104346.175694,1465104351.176891,1465104351.249000
620,1465104345.406000,1465104346.210828,1465104351.212105,1465104351.296000
621,1465104345.406000,1465104346.126570,1465104351.127731,1465104351.214000
622,1465104345.406000,1465104346.080536,1465104351.082399,1465104351.171000
623,1465104345.406000,1465104346.074996,1465104351.086584,1465104351.167000
624,1465104345.406000,1465104346.042029,1465104351.043236,1465104351.140000
625,1465104345.407000,1465104346.225498,1465104351.227005,1465104351.305000
626,1465104345.407000,1465104346.082687,1465104351.087656,1465104351.168000
627,1465104345.407000,1465104346.047326,1465104351.048679,1465104351.133000
628,1465104345.407000,1465104346.079863,1465104351.093835,1465104351.179000
629,1465104345.407000,1465104346.086480,1465104351.088198,1465104351.169000
630,1465104345.407000,1465104346.060058,1465104351.074518,1465104351.154000
631,1465104345.407000,1465104346.180460,1465104351.181695,1465104351.241000
632,1465104345.407000,1465104346.075442,1465104351.089206,1465104351.160000
633,1465104345.407000,1465104346.219843,1465104351.221395,1465104351.297000
634,1465104345.407000,1465104346.190899,1465104351.192109,1465104351.262000
635,1465104345.407000,1465104346.129183,1465104351.130386,1465104351.208000
636,1465104345.408000,1465104346.075598,1465104351.076908,1465104351.166000
637,1465104345.408000,1465104346.070324,1465104351.071909,1465104351.152000
638,1465104345.408000,1465104346.145083,1465104351.146306,1465104351.244000
639,1465104345.408000,1465104346.055161,1465104351.056785,1465104351.142000
640,1465104345.408000,1465104346.094490,1465104351.095865,1465104351.176000
641,1465104345.408000,1465104346.061729,1465104351.063116,1465104351.145000
642,1465104345.408000,1465104346.108380,1465104351.109557,1465104351.196000
643,1465104345.408000,1465104346.060915,1465104351.074778,1465104351.155000
644,1465104345.408000,1465104346.176135,1465104351.180857,1465104351.256000
645,1465104345.408000,1465104346.174161,1465104351.175417,1465104351.244000
646,1465104345.408000,1465104346.045786,1465104351.048628,1465104351.136000
647,1465104345.408000,1465104346.090376,1465104351.091916,1465104351.171000
648,1465104345.408000,1465104346.124695,1465104351.126752,1465104351.201000
649,1465104345.408000,1465104346.038082,1465104351.041301,1465104351.131000
650,1465104345.408000,1465104346.092935,1465104351.094330,1465104351.170000
651,1465104345.408000,1465104346.068716,1465104351.070231,1465104351.150000
652,1465104345.408000,1465104346.078263,1465104351.079845,1465104351.158000
653,1465104345.408000,1465104346.079222,1465104351.081236,1465104351.161000
654,1465104345.408000,1465104346.176986,1465104351.178252,1465104351.260000
655,1465104345.408000,1465104346.111380,1465104351.112584,1465104351.197000
656,1465104345.408000,1465104346.066129,1465104351.067579,1465104351.148000
657,1465104345.408000,1465104346.072635,1465104351.073943,1465104351.154000
658,1465104345.408000,1465104346.234917,1465104351.236139,1465104351.320000
659,1465104345.408000,1465104346.150217,1465104351.151435,1465104351.236000
660,1465104345.408000,1465104346.049998,1465104351.051552,1465104351.137000
661,1465104345.408000,1465104346.083031,1465104351.084710,1465104351.158000
662,1465104345.409000,1465104346.063665,1465104351.071944,1465104351.146000
663,1465104345.409000,1465104346.004072,1465104351.005530,1465104351.091000
664,1465104345.409000,1465104346.081423,1465104351.082698,1465104351.163000
665,1465104345.409000,1465104346.009925,1465104351.011254,1465104351.088000
666,1465104345.409000,1465104346.066339,1465104351.067683,1465104351.151000
667,1465104345.409000,1465104346.100915,1465104351.102123,1465104351.187000
668,1465104345.409000,1465104346.064594,1465104351.066520,1465104351.145000
669,1465104345.409000,1465104346.093925,1465104351.095322,1465104351.175000
670,1465104345.409000,1465104346.156152,1465104351.157454,1465104351.237000
671,1465104345.409000,1465104346.071272,1465104351.072490,1465104351.152000
672,1465104345.409000,1465104346.136210,1465104351.137582,1465104351.211000
673,1465104345.409000,1465104346.081648,1465104351.085115,1465104351.165000
674,1465104345.409000,1465104346.125200,1465104351.137496,1465104351.213000
675,1465104345.409000,1465104346.078036,1465104351.079408,1465104351.159000
676,1465104345.409000,1465104346.058699,1465104351.060446,1465104351.146000
677,1465104345.409000,1465104346.040877,1465104351.042204,1465104351.120000
678,1465104345.409000,1465104346.126224,1465104351.127701,1465104351.197000
679,1465104345.409000,1465104346.058574,1465104351.059881,1465104351.158000
680,1465104345.409000,1465104346.071232,1465104351.072618,1465104351.148000
681,1465104345.409000,1465104346.084275,1465104351.086054,1465104351.165000
682,1465104345.409000,1465104346.084809,1465104351.086038,1465104351.189000
683,1465104345.409000,1465104346.044986,1465104351.046621,1465104351.116000
684,1465104345.409000,1465104346.069653,1465104351.083601,1465104351.162000
685,1465104345.409000,1465104346.224106,1465104351.243598,1465104351.323000
686,1465104345.409000,1465104346.083477,1465104351.086987,1465104351.166000
687,1465104345.409000,1465104346.106382,1465104351.107720,1465104351.204000
688,1465104345.409000,1465104346.165283,1465104351.166608,1465104351.247000
689,1465104345.410000,1465104346.203321,1465104351.204616,1465104351.284000
690,1465104345.410000,1465104346.194892,1465104351.196862,1465104351.285000
691,1465104345.410000,1465104346.096504,1465104351.097960,1465104351.171000
692,1465104345.410000,1465104346.097908,1465104351.099301,1465104351.188000
693,1465104345.410000,1465104346.084975,1465104351.086129,1465104351.158000
694,1465104345.410000,1465104346.128039,1465104351.129246,1465104351.207000
695,1465104345.410000,1465104346.128024,1465104351.129334,1465104351.219000
696,1465104345.410000,1465104346.099703,1465104351.100985,1465104351.187000
697,1465104345.410000,1465104346.071442,1465104351.072614,1465104351.170000
698,1465104345.410000,1465104346.172663,1465104351.173908,1465104351.253000
699,1465104345.410000,1465104346.076159,1465104351.077408,1465104351.165000
700,1465104345.410000,1465104346.088566,1465104351.094194,1465104351.175000
701,1465104345.410000,1465104346.128432,1465104351.130027,1465104351.209000
702,1465104345.410000,1465104346.463925,1465104351.465501,1465104351.544000
703,1465104345.410000,1465104346.429635,1465104351.438700,1465104351.518000
704,1465104345.410000,1465104346.077758,1465104351.079191,1465104351.153000
705,1465104345.410000,1465104346.060196,1465104351.061624,1465104351.137000
706,1465104345.410000,1465104346.166516,1465104351.167811,1465104351.248000
707,1465104345.410000,1465104346.121028,1465104351.126907,1465104351.223000
708,1465104345.410000,1465104346.206821,1465104351.208330,1465104351.294000
709,1465104345.410000,1465104346.159872,1465104351.161176,1465104351.232000
710,1465104345.410000,1465104346.147004,1465104351.148409,1465104351.229000
711,1465104345.410000,1465104346.101091,1465104351.102569,1465104351.177000
712,1465104345.410000,1465104346.170498,1465104351.171803,1465104351.256000
713,1465104345.410000,1465104346.075960,1465104351.077231,1465104351.163000
714,1465104345.410000,1465104346.219417,1465104351.223879,1465104351.303000
715,1465104345.410000,1465104346.081885,1465104351.083236,1465104351.170000
716,1465104345.410000,1465104346.085471,1465104351.086900,1465104351.172000
717,1465104345.411000,1465104346.083151,1465104351.084364,1465104351.169000
718,1465104345.411000,1465104346.061053,1465104351.062320,1465104351.150000
719,1465104345.411000,1465104346.049939,1465104351.051189,1465104351.139000
720,1465104345.411000,1465104346.141726,1465104351.142995,1465104351.218000
721,1465104345.411000,1465104346.139797,1465104351.141106,1465104351.227000
722,1465104345.411000,1465104346.071473,1465104351.077105,1465104351.156000
723,1465104345.412000,1465104346.050250,1465104351.052124,1465104351.139000
724,1465104345.416000,1465104346.192668,1465104351.194138,1465104351.283000
725,1465104345.420000,1465104346.173669,1465104351.175002,1465104351.248000
726,1465104345.427000,1465104346.188163,1465104351.189324,1465104351.288000
727,1465104345.427000,1465104346.132407,1465104351.133576,1465104351.219000
728,1465104345.447000,1465104346.150459,1465104351.151727,1465104351.226000
729,1465104345.466000,1465104346.125078,1465104351.126335,1465104351.207000
730,1465104345.469000,1465104346.219073,1465104351.220268,1465104351.291000
731,1465104345.469000,1465104346.150134,1465104351.151345,1465104351.237000
732,1465104345.469000,1465104346.179399,1465104351.181125,1465104351.260000
733,1465104345.469000,1465104346.095252,1465104351.096487,1465104351.174000
734,1465104345.469000,0.000000,0.000000,0.000000
735,1465104345.469000,1465104346.111531,1465104351.112714,1465104351.192000
736,1465104345.469000,1465104346.194200,1465104351.195461,1465104351.275000
737,1465104345.469000,1465104346.133199,1465104351.134460,1465104351.233000
738,1465104345.469000,1465104346.214204,1465104351.215388,1465104351.293000
739,1465104345.469000,1465104346.138310,1465104351.139492,1465104351.238000
740,1465104345.469000,1465104346.234037,1465104351.235336,1465104351.306000
741,1465104345.469000,1465104346.184493,1465104351.185774,1465104351.266000
742,1465104345.469000,1465104346.214558,1465104351.216414,1465104351.292000
743,1465104345.470000,1465104346.140999,1465104351.142167,1465104351.220000
744,1465104345.470000,1465104346.164147,1465104351.165356,1465104351.243000
745,1465104345.470000,1465104346.203646,1465104351.217946,1465104351.299000
746,1465104345.470000,1465104346.136359,1465104351.138060,1465104351.218000
747,1465104345.470000,1465104346.141729,1465104351.142952,1465104351.231000
748,1465104345.470000,1465104346.127440,1465104351.146511,1465104351.228000
749,1465104345.471000,1465104346.202445,1465104351.203802,1465104351.278000
750,1465104345.471000,1465104346.154705,1465104351.155903,1465104351.226000
751,1465104345.471000,1465104346.216386,1465104351.217739,1465104351.293000
752,1465104345.471000,1465104346.111967,1465104351.113323,1465104351.194000
753,1465104345.471000,1465104346.409809,1465104351.411314,1465104351.500000
754,1465104345.471000,1465104346.103396,1465104351.104759,1465104351.179000
755,1465104345.471000,1465104346.523102,1465104351.524343,1465104351.613000
756,1465104345.471000,1465104346.115733,1465104351.117223,1465104351.206000
757,1465104345.472000,1465104346.148683,1465104351.149916,1465104351.231000
758,1465104345.472000,1465104346.448347,1465104351.449597,1465104351.530000
759,1465104345.472000,0.000000,0.000000,0.000000
760,1465104345.472000,1465104346.179741,1465104351.181032,1465104351.260000
761,1465104345.473000,1465104346.228925,1465104351.230148,1465104351.310000
762,1465104345.473000,1465104346.160310,1465104351.161520,1465104351.240000
763,1465104345.473000,1465104346.113464,1465104351.114696,1465104351.201000
764,1465104345.474000,1465104346.151920,1465104351.153129,1465104351.234000
765,1465104345.474000,1465104346.217163,1465104351.218564,1465104351.298000
766,1465104345.474000,1465104346.161983,1465104351.163289,1465104351.253000
767,1465104345.475000,1465104346.162547,1465104351.164702,1465104351.241000
768,1465104345.475000,1465104346.132676,1465104351.133929,1465104351.213000
769,1465104345.475000,1465104346.112292,1465104351.113517,1465104351.192000
770,1465104345.475000,1465104346.188177,1465104351.189884,1465104351.274000
771,1465104345.475000,1465104346.185277,1465104351.198635,1465104351.278000
772,1465104345.475000,1465104346.206364,1465104351.207799,1465104351.305000
773,1465104345.475000,1465104346.104477,1465104351.113698,1465104351.194000
774,1465104345.475000,1465104346.495111,1465104351.496572,1465104351.577000
775,1465104345.476000,1465104346.181605,1465104351.182881,1465104351.257000
776,1465104345.476000,1465104346.194290,1465104351.195601,1465104351.274000
777,1465104345.476000,1465104346.163235,1465104351.164444,1465104351.234000
778,1465104345.476000,1465104346.173189,1465104351.174400,1465104351.259000
779,1465104345.476000,1465104346.228517,1465104351.229755,1465104351.315000
780,1465104345.477000,1465104346.193165,1465104351.194713,1465104351.268000
781,1465104345.477000,1465104346.143324,1465104351.144896,1465104351.225000
782,1465104345.477000,1465104346.130112,1465104351.131469,1465104351.202000
783,1465104345.478000,1465104346.456209,1465104351.457726,1465104351.538000
784,1465104345.478000,1465104346.214958,1465104351.216205,1465104351.294000
785,1465104345.478000,1465104346.185397,1465104351.186656,1465104351.268000
786,1465104345.478000,1465104346.431285,1465104351.432483,1465104351.504000
787,1465104345.479000,1465104346.239781,1465104351.241079,1465104351.319000
788,1465104345.479000,1465104346.503740,1465104351.505001,1465104351.609000
789,1465104345.479000,1465104346.166876,1465104351.168433,1465104351.253000
790,1465104345.479000,1465104346.176853,1465104351.178147,1465104351.256000
791,1465104345.479000,1465104346.092623,1465104351.094404,1465104351.168000
792,1465104345.479000,1465104346.196293,1465104351.197706,1465104351.273000
793,1465104345.479000,1465104346.182593,1465104351.183999,1465104351.259000
794,1465104345.480000,1465104346.127638,1465104351.129240,1465104351.208000
795,1465104345.480000,1465104346.197796,1465104351.199133,1465104351.284000
796,1465104345.480000,1465104346.096881,1465104351.098052,1465104351.196000
797,1465104345.480000,1465104346.518204,1465104351.519682,1465104351.599000
798,1465104345.480000,1465104346.234507,1465104351.235751,1465104351.321000
799,1465104345.481000,1465104346.507023,1465104351.508319,1465104351.586000
800,1465104345.481000,1465104346.201808,1465104351.203089,1465104351.288000
801,1465104345.481000,1465104346.173085,1465104351.174401,1465104351.249000
802,1465104345.481000,1465104346.135654,1465104351.136820,1465104351.219000
803,1465104345.481000,1465104346.172949,1465104351.174162,1465104351.262000
804,1465104345.481000,1465104346.144109,1465104351.145271,1465104351.243000
805,1465104345.482000,1465104346.485768,1465104351.487123,1465104351.590000
806,1465104345.482000,1465104346.471306,1465104351.472521,1465104351.562000
807,1465104345.482000,1465104346.222062,1465104351.223365,1465104351.307000
808,1465104345.482000,1465104346.514728,1465104351.516029,1465104351.620000
809,1465104345.482000,1465104346.248231,1465104351.249527,1465104351.327000
810,1465104345.483000,1465104346.173628,1465104351.174893,1465104351.259000
811,1465104345.483000,1465104346.155894,1465104351.157208,1465104351.236000
812,1465104345.483000,1465104346.153538,1465104351.154780,1465104351.242000
813,1465104345.483000,1465104346.184362,1465104351.185874,1465104351.265000
814,1465104345.483000,1465104346.139878,1465104351.141047,1465104351.239000
815,1465104345.483000,1465104346.237727,1465104351.238981,1465104351.319000
816,1465104345.483000,1465104346.217512,1465104351.219101,1465104351.294000
817,1465104345.484000,1465104346.494461,1465104351.495964,1465104351.586000
818,1465104345.484000,1465104346.110106,1465104351.111323,1465104351.194000
819,1465104345.484000,1465104346.217697,1465104351.219005,1465104351.299000
820,1465104345.484000,1465104346.535152,1465104351.536290,1465104351.615000
821,1465104345.485000,1465104346.192003,1465104351.193287,1465104351.282000
822,1465104345.485000,1465104346.195411,1465104351.196961,1465104351.285000
823,1465104345.486000,1465104346.389026,1465104351.390350,1465104351.480000
824,1465104345.486000,1465104346.541607,1465104351.542806,1465104351.621000
825,1465104345.486000,1465104346.162985,1465104351.164588,1465104351.245000
826,1465104345.486000,1465104346.225229,1465104351.227298,1465104351.316000
827,1465104345.486000,1465104346.449631,1465104351.451041,1465104351.539000
828,1465104345.486000,1465104346.183951,1465104351.185149,1465104351.263000
829,1465104345.486000,1465104346.243007,1465104351.244503,1465104351.322000
830,1465104345.487000,1465104346.229065,1465104351.230530,1465104351.309000
831,1465104345.487000,1465104346.198131,1465104351.199322,1465104351.297000
832,1465104345.487000,1465104346.253994,1465104351.255218,1465104351.329000
833,1465104345.487000,1465104346.460454,1465104351.461752,1465104351.560000
834,1465104345.487000,1465104346.237056,1465104351.238395,1465104351.320000
835,1465104345.488000,1465104346.173067,1465104351.174940,1465104351.250000
836,1465104345.488000,1465104346.120348,1465104351.121584,1465104351.198000
837,1465104345.488000,1465104346.244535,1465104351.246959,1465104351.322000
838,1465104345.488000,1465104346.224035,1465104351.225249,1465104351.303000
839,1465104345.488000,1465104346.158430,1465104351.163707,1465104351.242000
840,1465104345.489000,1465104346.132580,1465104351.133787,1465104351.222000
841,1465104345.490000,1465104346.205894,1465104351.207211,1465104351.283000
842,1465104345.490000,1465104346.532145,1465104351.534655,1465104351.611000
843,1465104345.490000,1465104346.225539,1465104351.226784,1465104351.307000
844,1465104345.490000,1465104346.238032,1465104351.239487,1465104351.315000
845,1465104345.490000,1465104346.236274,1465104351.237645,1465104351.313000
846,1465104345.490000,1465104346.164229,1465104351.165438,1465104351.245000
847,1465104345.490000,1465104346.225070,1465104351.237947,1465104351.327000
848,1465104345.491000,1465104346.221111,1465104351.222316,1465104351.299000
849,1465104345.492000,1465104346.205416,1465104351.206682,1465104351.297000
850,1465104345.492000,1465104346.472649,1465104351.473825,1465104351.572000
851,1465104345.492000,1465104346.223516,1465104351.225141,1465104351.303000
852,1465104345.492000,1465104346.248161,1465104351.249323,1465104351.323000
853,1465104345.493000,1465104346.226199,1465104351.227527,1465104351.316000
854,1465104345.493000,1465104346.230112,1465104351.231321,1465104351.320000
855,1465104345.494000,1465104346.125506,1465104351.126721,1465104351.207000
856,1465104345.494000,1465104346.216241,1465104351.217585,1465104351.316000
857,1465104345.494000,1465104346.232274,1465104351.233523,1465104351.321000
858,1465104345.494000,1465104346.234290,1465104351.235848,1465104351.316000
859,1465104345.494000,1465104346.464518,1465104351.466036,1465104351.550000
860,1465104345.495000,1465104346.229663,1465104351.230864,1465104351.302000
861,1465104345.495000,1465104346.187659,1465104351.189933,1465104351.274000
862,1465104345.495000,1465104346.221775,1465104351.223124,1465104351.303000
863,1465104345.496000,1465104346.237099,1465104351.238363,1465104351.316000
864,1465104345.496000,1465104346.224659,1465104351.225894,1465104351.306000
865,1465104345.496000,1465104346.158351,1465104351.159884,1465104351.244000
866,1465104345.496000,1465104346.185797,1465104351.187053,1465104351.256000
867,1465104345.497000,1465104346.220964,1465104351.222397,1465104351.306000
868,1465104345.497000,1465104346.184782,1465104351.186273,1465104351.262000
869,1465104345.498000,1465104346.182413,1465104351.183861,1465104351.264000
870,1465104345.498000,1465104346.208651,1465104351.209990,1465104351.284000
871,1465104345.498000,1465104346.203408,1465104351.204640,1465104351.283000
872,1465104345.498000,1465104346.400346,1465104351.401800,1465104351.482000
873,1465104345.498000,1465104346.104824,1465104351.106093,1465104351.191000
874,1465104345.498000,1465104346.202972,1465104351.204451,1465104351.293000
875,1465104345.499000,1465104346.196084,1465104351.197519,1465104351.272000
876,1465104345.499000,1465104346.527285,1465104351.528665,1465104351.616000
877,1465104345.499000,1465104346.237489,1465104351.239111,1465104351.319000
878,1465104345.499000,0.000000,0.000000,0.000000
879,1465104345.499000,1465104346.251633,1465104351.252837,1465104351.335000
880,1465104345.499000,1465104346.518531,1465104351.519728,1465104351.618000
881,1465104345.500000,1465104346.211322,1465104351.212539,1465104351.287000
882,1465104345.500000,1465104346.235968,1465104351.237169,1465104351.307000
883,1465104345.500000,1465104346.481974,1465104351.483482,1465104351.572000
884,1465104345.500000,1465104346.246452,1465104351.251921,1465104351.326000
885,1465104345.501000,1465104346.501429,1465104351.502669,1465104351.582000
886,1465104345.501000,1465104346.465101,1465104351.466407,1465104351.556000
887,1465104345.501000,1465104346.236781,1465104351.238046,1465104351.312000
888,1465104345.501000,1465104346.203691,1465104351.204915,1465104351.285000
889,1465104345.501000,1465104346.182208,1465104351.183494,1465104351.257000
890,1465104345.501000,1465104346.527322,1465104351.528576,1465104351.608000
891,1465104345.502000,1465104346.196706,1465104351.197993,1465104351.280000
892,1465104345.502000,1465104346.464772,1465104351.466142,1465104351.536000
893,1465104345.502000,1465104346.247547,1465104351.248721,1465104351.319000
894,1465104345.502000,1465104346.158991,1465104351.160211,1465104351.259000
895,1465104345.502000,1465104346.244212,1465104351.246063,1465104351.321000
896,1465104345.502000,1465104346.168197,1465104351.169621,1465104351.249000
897,1465104345.502000,1465104346.235594,1465104351.236760,1465104351.311000
898,1465104345.502000,1465104346.507972,1465104351.509186,1465104351.581000
899,1465104345.503000,1465104346.189792,1465104351.190985,1465104351.261000
900,1465104345.503000,1465104346.225700,1465104351.226895,1465104351.312000
901,1465104345.503000,1465104346.486058,1465104351.487552,1465104351.567000
902,1465104345.503000,1465104346.225706,1465104351.227043,1465104351.301000
903,1465104345.503000,1465104346.179307,1465104351.180508,1465104351.251000
904,1465104345.504000,1465104346.223333,1465104351.224857,1465104351.303000
905,1465104345.504000,1465104346.207089,1465104351.208313,1465104351.287000
906,1465104345.504000,1465104346.248452,1465104351.249673,1465104351.321000
907,1465104345.504000,1465104346.169555,1465104351.170812,1465104351.248000
908,1465104345.504000,1465104346.227290,1465104351.228558,1465104351.326000
909,1465104345.504000,1465104346.226985,1465104351.228428,1465104351.307000
910,1465104345.505000,1465104346.153802,1465104351.160552,1465104351.239000
911,1465104345.505000,1465104346.198934,1465104351.200185,1465104351.286000
912,1465104345.505000,1465104346.203034,1465104351.204251,1465104351.290000
913,1465104345.505000,1465104346.232489,1465104351.233691,1465104351.323000
914,1465104345.506000,1465104346.178602,1465104351.179828,1465104351.267000
915,1465104345.506000,1465104346.244715,1465104351.246162,1465104351.334000
916,1465104345.506000,1465104346.227460,1465104351.228671,1465104351.307000
917,1465104345.506000,1465104346.186561,1465104351.187871,1465104351.263000
918,1465104345.506000,1465104346.199638,1465104351.201055,1465104351.287000
919,1465104345.507000,1465104346.188036,1465104351.207114,1465104351.304000
920,1465104345.507000,1465104346.205428,1465104351.206606,1465104351.266000
921,1465104345.507000,1465104346.525536,1465104351.526772,1465104351.616000
922,1465104345.507000,1465104346.169822,1465104351.171102,1465104351.245000
923,1465104345.507000,1465104346.231158,1465104351.232479,1465104351.322000
924,1465104345.508000,1465104346.207760,1465104351.208964,1465104351.294000
925,1465104345.508000,1465104346.136509,1465104351.137766,1465104351.222000
926,1465104345.508000,1465104346.249702,1465104351.250975,1465104351.321000
927,1465104345.508000,1465104346.187307,1465104351.188760,1465104351.264000
928,1465104345.508000,1465104346.215179,1465104351.216371,1465104351.304000
929,1465104345.508000,1465104346.243829,1465104351.244998,1465104351.319000
930,1465104345.508000,1465104346.209964,1465104351.211443,1465104351.285000
931,1465104345.509000,1465104346.238066,1465104351.239322,1465104351.319000
932,1465104345.509000,1465104346.233898,1465104351.235136,1465104351.314000
933,1465104345.510000,1465104346.532350,1465104351.533568,1465104351.615000
934,1465104345.510000,1465104346.211616,1465104351.212842,1465104351.301000
935,1465104345.510000,1465104346.225143,1465104351.226298,1465104351.304000
936,1465104345.510000,1465104346.212407,1465104351.213505,1465104351.312000
937,1465104345.510000,1465104346.498703,1465104351.500311,1465104351.581000
938,1465104345.510000,1465104346.215517,1465104351.216827,1465104351.315000
939,1465104345.510000,1465104346.229454,1465104351.230770,1465104351.308000
940,1465104345.511000,1465104346.149799,1465104351.151179,1465104351.230000
941,1465104345.511000,1465104346.516276,1465104351.517556,1465104351.605000
942,1465104345.511000,1465104346.225692,1465104351.226987,1465104351.312000
943,1465104345.511000,1465104346.225065,1465104351.226282,1465104351.314000
944,1465104345.511000,1465104346.264937,1465104351.281241,1465104351.340000
945,1465104345.511000,1465104346.216944,1465104351.218195,1465104351.288000
946,1465104345.511000,1465104346.397980,1465104351.406946,1465104351.503000
947,1465104345.511000,1465104346.192518,1465104351.193823,1465104351.275000
948,1465104345.511000,1465104346.147986,1465104351.149273,1465104351.235000
949,1465104345.512000,1465104346.204775,1465104351.206016,1465104351.275000
950,1465104345.512000,1465104346.235796,1465104351.236998,1465104351.325000
951,1465104345.512000,1465104346.221638,1465104351.223142,1465104351.312000
952,1465104345.512000,1465104346.224388,1465104351.225994,1465104351.301000
953,1465104345.512000,1465104346.523541,1465104351.524932,1465104351.615000
954,1465104345.512000,1465104346.217224,1465104351.218512,1465104351.316000
955,1465104345.513000,1465104346.203399,1465104351.205143,1465104351.286000
956,1465104345.513000,1465104346.474786,1465104351.476311,1465104351.535000
957,1465104345.513000,1465104346.480228,1465104351.481498,1465104351.540000
958,1465104345.513000,1465104346.217134,1465104351.218333,1465104351.303000
959,1465104345.513000,1465104346.219899,1465104351.221353,1465104351.301000
960,1465104345.513000,1465104346.222262,1465104351.223499,1465104351.302000
961,1465104345.514000,1465104346.506889,1465104351.508403,1465104351.592000
962,1465104345.515000,1465104346.232889,1465104351.234064,1465104351.312000
963,1465104345.515000,1465104346.222968,1465104351.224231,1465104351.302000
964,1465104345.515000,1465104346.499111,1465104351.500323,1465104351.573000
965,1465104345.515000,1465104346.179181,1465104351.180669,1465104351.271000
966,1465104345.515000,0.000000,0.000000,0.000000
967,1465104345.515000,1465104346.232331,1465104351.245239,1465104351.331000
968,1465104345.516000,1465104346.234249,1465104351.240337,1465104351.316000
969,1465104345.516000,1465104346.209549,1465104351.210785,1465104351.281000
970,1465104345.516000,1465104346.197048,1465104351.203474,1465104351.277000
971,1465104345.516000,1465104346.153238,1465104351.154524,1465104351.240000
972,1465104345.516000,1465104346.532640,1465104351.534208,1465104351.612000
973,1465104345.516000,1465104346.498146,1465104351.499354,1465104351.559000
974,1465104345.516000,1465104346.210256,1465104351.211443,1465104351.281000
975,1465104345.517000,1465104346.242379,1465104351.243801,1465104351.322000
976,1465104345.517000,1465104346.216182,1465104351.217382,1465104351.302000
977,1465104345.517000,1465104346.516026,1465104351.517431,1465104351.599000
978,1465104345.517000,1465104346.220626,1465104351.222038,1465104351.309000
979,1465104345.517000,1465104346.158125,1465104351.159400,1465104351.237000
980,1465104345.518000,1465104346.231458,1465104351.232681,1465104351.312000
981,1465104345.518000,1465104346.212182,1465104351.213374,1465104351.294000
982,1465104345.519000,1465104346.239271,1465104351.240583,1465104351.323000
983,1465104345.519000,1465104346.214174,1465104351.215728,1465104351.296000
984,1465104345.520000,1465104346.243470,1465104351.244684,1465104351.322000
985,1465104345.520000,0.000000,0.000000,0.000000
986,1465104345.521000,1465104346.508894,1465104351.510311,1465104351.598000
987,1465104345.521000,1465104346.147446,1465104351.148651,1465104351.245000
988,1465104345.522000,1465104346.226302,1465104351.246956,1465104351.343000
989,1465104345.522000,1465104346.237457,1465104351.238736,1465104351.309000
990,1465104345.522000,1465104346.229833,1465104351.231138,1465104351.313000
991,1465104345.522000,1465104346.228071,1465104351.229270,1465104351.319000
992,1465104345.522000,1465104346.246951,1465104351.248237,1465104351.323000
993,1465104345.524000,1465104346.194321,1465104351.195665,1465104351.270000
994,1465104345.524000,1465104346.497573,1465104351.498833,1465104351.602000
995,1465104345.524000,1465104346.261627,1465104351.263099,1465104351.321000
996,1465104345.525000,1465104346.230117,1465104351.231454,1465104351.310000
997,1465104345.527000,1465104346.235533,1465104351.236833,1465104351.322000
998,1465104345.527000,1465104346.209164,1465104351.210413,1465104351.298000
999,1465104345.528000,1465104346.160363,1465104351.161593,1465104351.242000
