0,1465104011.318000,1465104011.913504,1465104016.914898,1465104017.019000
1,1465104011.318000,1465104011.926630,1465104016.928151,1465104017.009000
2,1465104011.318000,1465104011.905734,1465104016.920688,1465104016.997000
3,1465104011.318000,1465104011.994329,1465104016.995685,1465104017.082000
4,1465104011.318000,1465104011.919343,1465104016.921028,1465104016.995000
5,1465104011.318000,1465104011.953947,1465104016.955467,1465104017.033000
6,1465104011.318000,1465104011.917081,1465104016.918314,1465104017.023000
7,1465104011.318000,1465104011.912859,1465104016.914387,1465104016.981000
8,1465104011.319000,1465104011.937852,1465104016.939351,1465104017.017000
9,1465104011.319000,1465104011.941934,1465104016.943122,1465104017.031000
10,1465104011.319000,1465104011.885111,1465104016.886830,1465104016.966000
11,1465104011.319000,1465104011.890557,1465104016.892262,1465104016.983000
12,1465104011.319000,1465104011.896406,1465104016.897916,1465104016.977000
13,1465104011.319000,1465104011.924941,1465104016.926430,1465104016.995000
14,1465104011.319000,1465104011.905777,1465104016.907386,1465104017.012000
15,1465104011.319000,1465104011.951936,1465104016.953077,1465104017.058000
16,1465104011.319000,1465104011.890642,1465104016.892204,1465104016.978000
17,1465104011.319000,1465104011.904681,1465104016.906312,1465104016.974000
18,1465104011.319000,1465104011.948046,1465104016.949340,1465104017.030000
19,1465104011.319000,1465104011.964350,1465104016.965840,1465104017.037000
20,1465104011.320000,1465104011.961020,1465104016.962290,1465104017.031000
21,1465104011.320000,1465104011.948129,1465104016.949872,1465104017.026000
22,1465104011.321000,1465104011.933063,1465104016.934872,1465104017.014000
23,1465104011.320000,1465104011.919479,1465104016.921061,1465104017.009000
24,1465104011.321000,1465104011.953760,1465104016.955204,1465104017.034000
25,1465104011.321000,1465104011.954498,1465104016.955699,1465104017.025000
26,1465104011.321000,1465104011.911505,1465104016.913093,1465104017.018000
27,1465104011.321000,1465104011.910980,1465104016.912602,1465104016.993000
28,1465104011.322000,1465104011.965408,1465104016.966741,1465104017.034000
29,1465104011.321000,1465104011.995647,1465104017.008580,1465104017.094000
30,1465104011.323000,1465104011.964412,1465104016.965886,1465104017.024000
31,1465104011.324000,1465104011.956553,1465104016.958081,1465104017.049000
32,1465104011.324000,1465104011.935329,1465104016.936633,1465104017.016000
33,1465104011.324000,1465104011.949824,1465104016.951425,1465104017.037000
34,1465104011.325000,1465104011.926132,1465104016.927607,1465104016.997000
35,1465104011.325000,1465104011.926451,1465104016.927759,1465104017.013000
36,1465104011.325000,1465104011.952371,1465104016.953660,1465104017.022000
37,1465104011.325000,1465104011.987125,1465104016.988777,1465104017.056000
38,1465104011.325000,1465104011.913481,1465104016.915051,1465104017.008000
39,1465104011.325000,1465104012.021889,1465104017.023163,1465104017.102000
40,1465104011.325000,1465104011.958280,1465104016.959663,1465104017.028000
41,1465104011.325000,1465104011.959889,1465104016.961031,1465104017.038000
42,1465104011.325000,0.000000,0.000000,0.000000
43,1465104011.325000,1465104012.274964,1465104017.276602,1465104017.352000
44,1465104011.325000,1465104011.979858,1465104016.981197,1465104017.039000
45,1465104011.325000,1465104011.926197,1465104016.927546,1465104017.005000
46,1465104011.325000,1465104011.918718,1465104016.920023,1465104017.024000
47,1465104011.325000,1465104012.024382,1465104017.026078,1465104017.099000
48,1465104011.325000,1465104011.918815,1465104016.920688,1465104016.996000
49,1465104011.325000,1465104011.929856,1465104016.931437,1465104017.012000
50,1465104011.326000,1465104012.290694,1465104017.300355,1465104017.376000
51,1465104011.326000,1465104011.929390,1465104016.930958,1465104017.009000
52,1465104011.329000,1465104011.937691,1465104016.938983,1465104017.025000
53,1465104011.330000,1465104011.993139,1465104016.994440,1465104017.072000
54,1465104011.331000,1465104012.009002,1465104017.010451,1465104017.096000
55,1465104011.333000,1465104011.979727,1465104016.981023,1465104017.048000
56,1465104011.333000,1465104011.923676,1465104016.942098,1465104017.019000
57,1465104011.333000,1465104012.065967,1465104017.068094,1465104017.147000
58,1465104011.333000,1465104011.965002,1465104016.966547,1465104017.047000
59,1465104011.333000,1465104011.956175,1465104016.971869,1465104017.062000
60,1465104011.333000,1465104011.931730,1465104016.933085,1465104017.029000
61,1465104011.333000,1465104011.936168,1465104016.937426,1465104017.017000
62,1465104011.333000,1465104012.062266,1465104017.063509,1465104017.143000
63,1465104011.333000,1465104012.000255,1465104017.001655,1465104017.081000
64,1465104011.333000,1465104011.921555,1465104016.922852,1465104017.027000
65,1465104011.333000,1465104011.998014,1465104016.999305,1465104017.068000
66,1465104011.333000,1465104011.923413,1465104016.924657,1465104017.013000
67,1465104011.333000,1465104011.979794,1465104016.987115,1465104017.068000
68,1465104011.333000,1465104011.979361,1465104016.980620,1465104017.060000
69,1465104011.333000,1465104011.999488,1465104017.000749,1465104017.081000
70,1465104011.333000,1465104012.275419,1465104017.296223,1465104017.383000
71,1465104011.334000,1465104012.041940,1465104017.043338,1465104017.119000
72,1465104011.334000,1465104011.960260,1465104016.961871,1465104017.043000
73,1465104011.334000,1465104011.963263,1465104016.964758,1465104017.040000
74,1465104011.334000,1465104011.932319,1465104016.933545,1465104017.038000
75,1465104011.334000,1465104011.920455,1465104016.921680,1465104017.026000
76,1465104011.334000,1465104011.952824,1465104016.954743,1465104017.032000
77,1465104011.334000,1465104011.997336,1465104016.998721,1465104017.091000
78,1465104011.334000,1465104011.975728,1465104016.976958,1465104017.057000
79,1465104011.334000,1465104013.866171,1465104018.867561,1465104018.955000
80,1465104011.334000,1465104011.987518,1465104016.988743,1465104017.047000
81,1465104011.334000,1465104012.282551,1465104017.291926,1465104017.379000
82,1465104011.334000,1465104011.959291,1465104016.960550,1465104017.041000
83,1465104011.334000,1465104011.933354,1465104016.934901,1465104017.020000
84,1465104011.334000,1465104012.310294,1465104017.321423,1465104017.379000
85,1465104011.334000,1465104013.942489,1465104018.943729,1465104019.010000
86,1465104011.334000,1465104011.968395,1465104016.969651,1465104017.038000
87,1465104011.334000,1465104013.905554,1465104018.906772,1465104018.985000
88,1465104011.334000,1465104011.904434,1465104016.905935,1465104017.001000
89,1465104011.334000,1465104011.933731,1465104016.948992,1465104017.030000
90,1465104011.335000,1465104011.952456,1465104016.953689,1465104017.042000
91,1465104011.335000,1465104012.010185,1465104017.011662,1465104017.092000
92,1465104011.335000,1465104012.274274,1465104017.275524,1465104017.366000
93,1465104011.335000,1465104011.937341,1465104016.938575,1465104017.027000
94,1465104011.335000,1465104011.969313,1465104016.970590,1465104017.057000
95,1465104011.335000,1465104011.954068,1465104016.971863,1465104017.062000
96,1465104011.335000,1465104011.911106,1465104016.912389,1465104017.016000
97,1465104011.335000,1465104011.979849,1465104016.981081,1465104017.062000
98,1465104011.335000,1465104011.968927,1465104016.970191,1465104017.052000
99,1465104011.335000,1465104012.307483,1465104017.308667,1465104017.390000
100,1465104011.335000,1465104011.980262,1465104016.981884,1465104017.060000
101,1465104011.335000,1465104012.273101,1465104017.274406,1465104017.369000
102,1465104011.336000,1465104011.942206,1465104016.943460,1465104017.048000
103,1465104011.335000,1465104011.972849,1465104016.974092,1465104017.078000
104,1465104011.335000,1465104011.959266,1465104016.963203,1465104017.056000
105,1465104011.338000,1465104012.009361,1465104017.010611,1465104017.090000
106,1465104011.341000,1465104013.867533,1465104018.868730,1465104018.956000
107,1465104011.342000,1465104011.985923,1465104016.987405,1465104017.055000
108,1465104011.342000,1465104012.298907,1465104017.300094,1465104017.369000
109,1465104011.342000,1465104011.959174,1465104016.963384,1465104017.056000
110,1465104011.342000,1465104011.944422,1465104016.945715,1465104017.032000
111,1465104011.342000,1465104012.005582,1465104017.006998,1465104017.096000
112,1465104011.342000,1465104011.957180,1465104016.958444,1465104017.036000
113,1465104011.343000,1465104011.965415,1465104016.966937,1465104017.055000
114,1465104011.343000,1465104012.305214,1465104017.306919,1465104017.365000
115,1465104011.343000,1465104013.842449,1465104018.843948,1465104018.921000
116,1465104011.343000,1465104011.980467,1465104016.982484,1465104017.060000
117,1465104011.343000,1465104011.946766,1465104016.948387,1465104017.029000
118,1465104011.343000,1465104011.956536,1465104016.957828,1465104017.037000
119,1465104011.343000,1465104012.296441,1465104017.297813,1465104017.356000
120,1465104011.343000,1465104012.289521,1465104017.291355,1465104017.372000
121,1465104011.343000,1465104012.022811,1465104017.024487,1465104017.103000
122,1465104011.343000,1465104011.963178,1465104016.964456,1465104017.045000
123,1465104011.343000,1465104011.975594,1465104016.976930,1465104017.056000
124,1465104011.344000,1465104011.991825,1465104016.993030,1465104017.072000
125,1465104011.344000,1465104012.010287,1465104017.011845,1465104017.097000
126,1465104011.344000,1465104011.993458,1465104016.995002,1465104017.062000
127,1465104011.345000,1465104011.985067,1465104016.986275,1465104017.072000
128,1465104011.345000,1465104011.949482,1465104016.951427,1465104017.037000
129,1465104011.345000,1465104011.992482,1465104017.005498,1465104017.084000
130,1465104011.345000,1465104012.271371,1465104017.272704,1465104017.368000
131,1465104011.345000,1465104012.017917,1465104017.019133,1465104017.124000
132,1465104011.345000,1465104012.018034,1465104017.019257,1465104017.097000
133,1465104011.345000,1465104012.041522,1465104017.042695,1465104017.125000
134,1465104011.345000,1465104012.281612,1465104017.282881,1465104017.361000
135,1465104011.346000,1465104012.050054,1465104017.051308,1465104017.128000
136,1465104011.346000,1465104013.823401,1465104018.824987,1465104018.912000
137,1465104011.346000,1465104012.122402,1465104017.123956,1465104017.197000
138,1465104011.346000,1465104012.031545,1465104017.033079,1465104017.121000
139,1465104011.346000,1465104012.003151,1465104017.004463,1465104017.072000
140,1465104011.346000,1465104012.284294,1465104017.287635,1465104017.368000
141,1465104011.346000,1465104011.987637,1465104016.989242,1465104017.057000
142,1465104011.346000,1465104012.275709,1465104017.290985,1465104017.371000
143,1465104011.346000,1465104012.277483,1465104017.278831,1465104017.358000
144,1465104011.346000,1465104012.342461,1465104017.351497,1465104017.438000
145,1465104011.346000,1465104012.307396,1465104017.321431,1465104017.379000
146,1465104011.346000,1465104011.949717,1465104016.950931,1465104017.045000
147,1465104011.346000,1465104012.296792,1465104017.298369,1465104017.368000
148,1465104011.346000,1465104012.308353,1465104017.309951,1465104017.368000
149,1465104011.346000,1465104012.054814,1465104017.056021,1465104017.124000
150,1465104011.347000,1465104012.039784,1465104017.041024,1465104017.109000
151,1465104011.347000,1465104011.942804,1465104016.960297,1465104017.036000
152,1465104011.347000,1465104012.024222,1465104017.025899,1465104017.102000
153,1465104011.347000,1465104011.952164,1465104016.953761,1465104017.035000
154,1465104011.347000,1465104012.013262,1465104017.014638,1465104017.083000
155,1465104011.347000,1465104012.019064,1465104017.020270,1465104017.086000
156,1465104011.349000,1465104012.042471,1465104017.043751,1465104017.148000
157,1465104011.349000,1465104012.079718,1465104017.080958,1465104017.159000
158,1465104011.349000,1465104012.275220,1465104017.279324,1465104017.358000
159,1465104011.349000,1465104012.049189,1465104017.050399,1465104017.129000
160,1465104011.350000,1465104011.990688,1465104016.991946,1465104017.063000
161,1465104011.350000,1465104012.296239,1465104017.314694,1465104017.392000
162,1465104011.350000,1465104012.261985,1465104017.263222,1465104017.358000
163,1465104011.350000,1465104011.985596,1465104016.986877,1465104017.065000
164,1465104011.350000,1465104012.106940,1465104017.108163,1465104017.194000
165,1465104011.351000,1465104012.288599,1465104017.289910,1465104017.367000
166,1465104011.351000,1465104012.067892,1465104017.069080,1465104017.147000
167,1465104011.351000,1465104012.013758,1465104017.015238,1465104017.101000
168,1465104011.351000,1465104012.335206,1465104017.336526,1465104017.432000
169,1465104011.351000,1465104012.291364,1465104017.292679,1465104017.380000
170,1465104011.351000,0.000000,0.000000,0.000000
171,1465104011.351000,1465104011.956268,1465104016.957500,1465104017.025000
172,1465104011.351000,1465104012.298819,1465104017.315728,1465104017.403000
173,1465104011.351000,1465104011.968528,1465104016.969792,1465104017.074000
174,1465104011.351000,1465104013.898104,1465104018.899576,1465104018.969000
175,1465104011.351000,1465104012.053482,1465104017.054744,1465104017.140000
176,1465104011.351000,1465104012.033013,1465104017.034608,1465104017.117000
177,1465104011.351000,1465104013.823638,1465104018.825219,1465104018.904000
178,1465104011.351000,1465104012.111216,1465104017.112444,1465104017.193000
179,1465104011.351000,1465104012.058514,1465104017.063473,1465104017.131000
180,1465104011.351000,1465104012.059961,1465104017.061248,1465104017.130000
181,1465104011.351000,1465104012.052502,1465104017.054124,1465104017.130000
182,1465104011.351000,1465104012.015071,1465104017.016283,1465104017.088000
183,1465104011.351000,1465104012.293248,1465104017.294749,1465104017.372000
184,1465104011.351000,1465104011.956426,1465104016.957587,1465104017.062000
185,1465104011.351000,1465104012.051142,1465104017.052424,1465104017.132000
186,1465104011.351000,1465104011.981449,1465104016.982647,1465104017.060000
187,1465104011.351000,1465104012.000486,1465104017.001774,1465104017.106000
188,1465104011.351000,1465104012.337938,1465104017.339215,1465104017.420000
189,1465104011.351000,1465104012.069817,1465104017.071182,1465104017.150000
190,1465104011.351000,1465104012.036465,1465104017.037739,1465104017.142000
191,1465104011.351000,1465104012.030620,1465104017.031877,1465104017.110000
192,1465104011.351000,1465104012.034428,1465104017.036008,1465104017.112000
193,1465104011.352000,1465104012.049013,1465104017.050492,1465104017.118000
194,1465104011.352000,1465104012.338554,1465104017.339790,1465104017.420000
195,1465104011.352000,1465104011.958649,1465104016.959859,1465104017.045000
196,1465104011.352000,1465104012.047502,1465104017.060427,1465104017.136000
197,1465104011.352000,1465104012.280354,1465104017.281601,1465104017.370000
198,1465104011.352000,1465104012.301092,1465104017.302281,1465104017.407000
199,1465104011.352000,1465104011.947970,1465104016.949132,1465104017.054000
200,1465104011.352000,1465104012.279529,1465104017.280784,1465104017.376000
201,1465104011.352000,1465104012.092233,1465104017.093562,1465104017.161000
202,1465104011.352000,1465104012.261887,1465104017.263130,1465104017.368000
203,1465104011.352000,1465104012.339414,1465104017.340563,1465104017.435000
204,1465104011.352000,1465104011.982692,1465104016.984144,1465104017.060000
205,1465104011.352000,1465104012.277184,1465104017.278401,1465104017.383000
206,1465104011.352000,1465104011.954419,1465104016.955663,1465104017.044000
207,1465104011.352000,1465104012.292147,1465104017.295971,1465104017.383000
208,1465104011.352000,0.000000,0.000000,0.000000
209,1465104011.352000,1465104012.053948,1465104017.055148,1465104017.133000
210,1465104011.352000,1465104013.886738,1465104018.888242,1465104018.970000
211,1465104011.352000,1465104012.313348,1465104017.314718,1465104017.400000
212,1465104011.352000,1465104012.333369,1465104017.334568,1465104017.419000
213,1465104011.352000,1465104012.058115,1465104017.059385,1465104017.145000
214,1465104011.352000,1465104012.010929,1465104017.012162,1465104017.105000
215,1465104011.352000,1465104012.096987,1465104017.098197,1465104017.180000
216,1465104011.352000,1465104012.072044,1465104017.073428,1465104017.144000
217,1465104011.352000,1465104012.015703,1465104017.016927,1465104017.105000
218,1465104011.352000,1465104011.968854,1465104016.970131,1465104017.049000
219,1465104011.352000,1465104011.962760,1465104016.964015,1465104017.041000
220,1465104011.352000,1465104012.008897,1465104017.014457,1465104017.093000
221,1465104011.352000,1465104012.056127,1465104017.057351,1465104017.137000
222,1465104011.352000,1465104012.063699,1465104017.065227,1465104017.141000
223,1465104011.353000,1465104012.016065,1465104017.017283,1465104017.109000
224,1465104011.353000,1465104012.002753,1465104017.004118,1465104017.084000
225,1465104011.353000,1465104012.101048,1465104017.102295,1465104017.173000
226,1465104011.353000,1465104012.078089,1465104017.079357,1465104017.160000
227,1465104011.353000,1465104012.057222,1465104017.058461,1465104017.138000
228,1465104011.353000,1465104012.291199,1465104017.292401,1465104017.377000
229,1465104011.353000,1465104011.970560,1465104016.971752,1465104017.029000
230,1465104011.353000,1465104013.911491,1465104018.913025,1465104018.981000
231,1465104011.353000,1465104012.022926,1465104017.034259,1465104017.112000
232,1465104011.353000,1465104012.018927,1465104017.020323,1465104017.091000
233,1465104011.353000,1465104012.120659,1465104017.122608,1465104017.199000
234,1465104011.353000,0.000000,0.000000,0.000000
235,1465104011.353000,1465104012.078055,1465104017.079314,1465104017.164000
236,1465104011.353000,1465104013.906134,1465104018.907635,1465104018.974000
237,1465104011.353000,1465104012.033704,1465104017.034878,1465104017.113000
238,1465104011.353000,1465104012.049977,1465104017.051335,1465104017.140000
239,1465104011.353000,1465104012.069921,1465104017.071343,1465104017.147000
240,1465104011.353000,1465104012.062045,1465104017.063292,1465104017.143000
241,1465104011.353000,1465104012.307994,1465104017.309242,1465104017.405000
242,1465104011.353000,1465104012.320948,1465104017.322135,1465104017.409000
243,1465104011.353000,1465104012.082577,1465104017.083793,1465104017.161000
244,1465104011.353000,1465104012.292470,1465104017.293722,1465104017.372000
245,1465104011.353000,1465104012.049927,1465104017.051211,1465104017.137000
246,1465104011.353000,1465104011.974105,1465104016.975308,1465104017.056000
247,1465104011.353000,1465104012.026956,1465104017.028338,1465104017.101000
248,1465104011.353000,1465104012.089539,1465104017.090787,1465104017.177000
249,1465104011.353000,1465104011.975719,1465104016.977190,1465104017.053000
250,1465104011.353000,1465104012.303388,1465104017.304610,1465104017.373000
251,1465104011.353000,1465104012.017967,1465104017.019507,1465104017.104000
252,1465104011.353000,1465104012.279672,1465104017.280936,1465104017.371000
253,1465104011.353000,1465104012.065318,1465104017.077202,1465104017.154000
254,1465104011.353000,1465104012.378481,1465104017.379732,1465104017.459000
255,1465104011.353000,1465104012.019462,1465104017.020714,1465104017.125000
256,1465104011.354000,1465104013.852581,1465104018.853825,1465104018.932000
257,1465104011.354000,1465104012.040886,1465104017.042117,1465104017.126000
258,1465104011.354000,1465104012.019779,1465104017.023236,1465104017.094000
259,1465104011.354000,1465104012.323220,1465104017.324481,1465104017.403000
260,1465104011.354000,1465104012.290082,1465104017.292609,1465104017.368000
261,1465104011.354000,1465104011.973343,1465104016.974965,1465104017.056000
262,1465104011.354000,1465104011.995095,1465104016.996408,1465104017.075000
263,1465104011.354000,0.000000,0.000000,0.000000
264,1465104011.354000,1465104012.060506,1465104017.061808,1465104017.140000
265,1465104011.354000,1465104011.977204,1465104016.978437,1465104017.083000
266,1465104011.354000,1465104011.989836,1465104016.991112,1465104017.082000
267,1465104011.354000,1465104011.965115,1465104016.966585,1465104017.047000
268,1465104011.354000,1465104012.313983,1465104017.315726,1465104017.402000
269,1465104011.354000,1465104012.031494,1465104017.032711,1465104017.112000
270,1465104011.354000,1465104012.273115,1465104017.274314,1465104017.379000
271,1465104011.354000,1465104013.896251,1465104018.897553,1465104018.975000
272,1465104011.354000,1465104012.314694,1465104017.316083,1465104017.404000
273,1465104011.354000,1465104012.056713,1465104017.058269,1465104017.126000
274,1465104011.355000,1465104012.005913,1465104017.007106,1465104017.088000
275,1465104011.355000,1465104012.016343,1465104017.017628,1465104017.086000
276,1465104011.355000,1465104012.096907,1465104017.098180,1465104017.177000
277,1465104011.355000,1465104012.069391,1465104017.074820,1465104017.153000
278,1465104011.355000,1465104012.027452,1465104017.028700,1465104017.107000
279,1465104011.356000,1465104012.071571,1465104017.083468,1465104017.154000
280,1465104011.361000,1465104012.013148,1465104017.014373,1465104017.119000
281,1465104011.368000,1465104012.098256,1465104017.099636,1465104017.173000
282,1465104011.371000,1465104012.331123,1465104017.332325,1465104017.428000
283,1465104011.371000,1465104012.060789,1465104017.062285,1465104017.148000
284,1465104011.371000,1465104012.276321,1465104017.277515,1465104017.372000
285,1465104011.377000,1465104012.312666,1465104017.313943,1465104017.380000
286,1465104011.378000,1465104012.283562,1465104017.291593,1465104017.378000
287,1465104011.378000,1465104012.312937,1465104017.314278,1465104017.395000
288,1465104011.378000,1465104012.345025,1465104017.346298,1465104017.430000
289,1465104011.378000,1465104012.052209,1465104017.053472,1465104017.142000
290,1465104011.378000,1465104012.078720,1465104017.083810,1465104017.155000
291,1465104011.378000,1465104012.323108,1465104017.324405,1465104017.409000
292,1465104011.378000,1465104012.025710,1465104017.026936,1465104017.107000
293,1465104011.378000,1465104012.021298,1465104017.022521,1465104017.108000
294,1465104011.378000,1465104012.047899,1465104017.065958,1465104017.145000
295,1465104011.378000,1465104012.083905,1465104017.085285,1465104017.172000
296,1465104011.378000,1465104012.069022,1465104017.070367,1465104017.156000
297,1465104011.379000,1465104012.061412,1465104017.062629,1465104017.148000
298,1465104011.379000,1465104012.354082,1465104017.355303,1465104017.422000
299,1465104011.379000,1465104012.081199,1465104017.082387,1465104017.151000
300,1465104011.379000,1465104012.361382,1465104017.362656,1465104017.440000
301,1465104011.380000,1465104012.325711,1465104017.326984,1465104017.394000
302,1465104011.380000,1465104012.310794,1465104017.312139,1465104017.391000
303,1465104011.380000,1465104012.111143,1465104017.112485,1465104017.190000
304,1465104011.380000,1465104012.031206,1465104017.032455,1465104017.104000
305,1465104011.380000,1465104012.325557,1465104017.326923,1465104017.405000
306,1465104011.380000,1465104012.022953,1465104017.024275,1465104017.110000
307,1465104011.380000,1465104012.053556,1465104017.058109,1465104017.153000
308,1465104011.380000,1465104011.999152,1465104017.000609,1465104017.105000
309,1465104011.380000,1465104012.081694,1465104017.083183,1465104017.159000
310,1465104011.381000,1465104012.059535,1465104017.071997,1465104017.145000
311,1465104011.381000,1465104013.899337,1465104018.900888,1465104018.987000
312,1465104011.381000,1465104012.025213,1465104017.026690,1465104017.094000
313,1465104011.381000,1465104012.310521,1465104017.311928,1465104017.398000
314,1465104011.381000,1465104012.059074,1465104017.060288,1465104017.139000
315,1465104011.381000,1465104012.040058,1465104017.041301,1465104017.119000
316,1465104011.381000,1465104012.011270,1465104017.012480,1465104017.100000
317,1465104011.382000,1465104012.343268,1465104017.344553,1465104017.412000
318,1465104011.382000,1465104012.308135,1465104017.309560,1465104017.389000
319,1465104011.382000,1465104012.089042,1465104017.090295,1465104017.159000
320,1465104011.382000,1465104012.038317,1465104017.039587,1465104017.116000
321,1465104011.382000,1465104012.343322,1465104017.344596,1465104017.433000
322,1465104011.382000,1465104012.349115,1465104017.350343,1465104017.429000
323,1465104011.382000,1465104012.017332,1465104017.018641,1465104017.096000
324,1465104011.383000,1465104012.316714,1465104017.317994,1465104017.405000
325,1465104011.383000,1465104012.069813,1465104017.071041,1465104017.150000
326,1465104011.383000,1465104011.984740,1465104016.986378,1465104017.068000
327,1465104011.383000,1465104013.925235,1465104018.926464,1465104018.996000
328,1465104011.383000,1465104012.048472,1465104017.050361,1465104017.130000
329,1465104011.383000,1465104012.300559,1465104017.301696,1465104017.379000
330,1465104011.383000,1465104012.318321,1465104017.319576,1465104017.405000
331,1465104011.383000,1465104012.014920,1465104017.016149,1465104017.102000
332,1465104011.383000,1465104012.074647,1465104017.076194,1465104017.163000
333,1465104011.383000,1465104012.302493,1465104017.303774,1465104017.391000
334,1465104011.384000,1465104012.121354,1465104017.122751,1465104017.204000
335,1465104011.384000,1465104012.062152,1465104017.063489,1465104017.141000
336,1465104011.384000,1465104012.031613,1465104017.032890,1465104017.106000
337,1465104011.384000,1465104012.370434,1465104017.371574,1465104017.440000
338,1465104011.384000,0.000000,0.000000,0.000000
339,1465104011.384000,1465104012.404130,1465104017.406739,1465104017.488000
340,1465104011.385000,1465104012.075983,1465104017.077258,1465104017.155000
341,1465104011.385000,1465104012.323487,1465104017.324785,1465104017.412000
342,1465104011.385000,1465104012.383477,1465104017.394279,1465104017.482000
343,1465104011.385000,1465104012.039433,1465104017.040708,1465104017.121000
344,1465104011.385000,1465104012.094787,1465104017.096545,1465104017.172000
345,1465104011.385000,1465104012.011389,1465104017.012618,1465104017.107000
346,1465104011.385000,1465104012.044796,1465104017.046106,1465104017.131000
347,1465104011.385000,1465104012.291018,1465104017.298837,1465104017.377000
348,1465104011.386000,1465104012.308570,1465104017.309826,1465104017.396000
349,1465104011.386000,1465104012.072748,1465104017.073972,1465104017.151000
350,1465104011.386000,1465104012.327794,1465104017.329332,1465104017.408000
351,1465104011.386000,1465104012.068129,1465104017.069625,1465104017.148000
352,1465104011.386000,1465104012.055564,1465104017.056906,1465104017.136000
353,1465104011.386000,1465104012.353827,1465104017.355115,1465104017.439000
354,1465104011.386000,1465104012.049519,1465104017.050698,1465104017.136000
355,1465104011.386000,1465104012.095761,1465104017.097032,1465104017.187000
356,1465104011.387000,1465104012.343703,1465104017.345104,1465104017.411000
357,1465104011.387000,1465104012.089881,1465104017.091083,1465104017.148000
358,1465104011.387000,1465104012.369802,1465104017.371085,1465104017.450000
359,1465104011.387000,1465104011.986811,1465104016.988088,1465104017.093000
360,1465104011.387000,1465104012.312570,1465104017.313770,1465104017.400000
361,1465104011.388000,1465104012.324879,1465104017.326100,1465104017.404000
362,1465104011.388000,1465104012.323419,1465104017.334390,1465104017.413000
363,1465104011.388000,1465104012.051103,1465104017.052583,1465104017.130000
364,1465104011.388000,1465104012.026358,1465104017.027610,1465104017.113000
365,1465104011.388000,1465104012.369454,1465104017.370735,1465104017.455000
366,1465104011.388000,1465104012.079714,1465104017.085178,1465104017.156000
367,1465104011.389000,1465104012.300051,1465104017.301375,1465104017.388000
368,1465104011.389000,1465104012.335285,1465104017.336642,1465104017.417000
369,1465104011.390000,1465104012.085247,1465104017.086488,1465104017.173000
370,1465104011.390000,1465104012.043675,1465104017.044837,1465104017.150000
371,1465104011.390000,1465104012.080906,1465104017.082142,1465104017.152000
372,1465104011.390000,1465104012.312940,1465104017.314116,1465104017.393000
373,1465104011.390000,1465104012.365211,1465104017.366471,1465104017.434000
374,1465104011.390000,1465104012.060911,1465104017.062122,1465104017.120000
375,1465104011.391000,1465104012.355546,1465104017.356746,1465104017.437000
376,1465104011.391000,1465104012.349205,1465104017.350462,1465104017.417000
377,1465104011.391000,1465104012.327128,1465104017.328296,1465104017.406000
378,1465104011.391000,1465104012.078135,1465104017.079645,1465104017.159000
379,1465104011.391000,1465104012.097361,1465104017.098879,1465104017.191000
380,1465104011.391000,0.000000,0.000000,0.000000
381,1465104011.392000,1465104012.374917,1465104017.376134,1465104017.461000
382,1465104011.393000,1465104012.355351,1465104017.356519,1465104017.451000
383,1465104011.393000,1465104012.382416,1465104017.383671,1465104017.463000
384,1465104011.393000,1465104012.058699,1465104017.060128,1465104017.145000
385,1465104011.393000,1465104012.341905,1465104017.343117,1465104017.424000
386,1465104011.393000,1465104012.292669,1465104017.294120,1465104017.398000
387,1465104011.393000,1465104012.387958,1465104017.389173,1465104017.484000
388,1465104011.393000,1465104012.062639,1465104017.081415,1465104017.157000
389,1465104011.393000,1465104012.327053,1465104017.328247,1465104017.398000
390,1465104011.393000,1465104012.350400,1465104017.351722,1465104017.444000
391,1465104011.393000,1465104012.068612,1465104017.069785,1465104017.146000
392,1465104011.393000,1465104012.031174,1465104017.032474,1465104017.124000
393,1465104011.394000,1465104012.130551,1465104017.132346,1465104017.218000
394,1465104011.394000,1465104012.320643,1465104017.321911,1465104017.404000
395,1465104011.394000,1465104012.293513,1465104017.294886,1465104017.399000
396,1465104011.394000,1465104012.076874,1465104017.078276,1465104017.146000
397,1465104011.394000,1465104012.078430,1465104017.079619,1465104017.184000
398,1465104011.394000,1465104012.312656,1465104017.314096,1465104017.402000
399,1465104011.394000,1465104012.111711,1465104017.112973,1465104017.181000
400,1465104011.395000,1465104012.079313,1465104017.085728,1465104017.157000
401,1465104011.395000,1465104012.363856,1465104017.365082,1465104017.460000
402,1465104011.395000,1465104012.019913,1465104017.021261,1465104017.107000
403,1465104011.395000,1465104012.411155,1465104017.412358,1465104017.489000
404,1465104011.396000,1465104012.315038,1465104017.316301,1465104017.395000
405,1465104011.396000,1465104012.106481,1465104017.107665,1465104017.176000
406,1465104011.397000,1465104012.104746,1465104017.106072,1465104017.186000
407,1465104011.397000,1465104012.333047,1465104017.334360,1465104017.423000
408,1465104011.397000,1465104012.125511,1465104017.126769,1465104017.215000
409,1465104011.397000,1465104012.344884,1465104017.346216,1465104017.425000
410,1465104011.397000,1465104012.332742,1465104017.346646,1465104017.427000
411,1465104011.397000,1465104012.315892,1465104017.317144,1465104017.396000
412,1465104011.397000,1465104012.085612,1465104017.086784,1465104017.165000
413,1465104011.397000,1465104012.096580,1465104017.097787,1465104017.172000
414,1465104011.398000,1465104012.041039,1465104017.042463,1465104017.110000
415,1465104011.398000,1465104012.356876,1465104017.358117,1465104017.446000
416,1465104011.398000,1465104012.343195,1465104017.344536,1465104017.430000
417,1465104011.398000,1465104012.088279,1465104017.089485,1465104017.172000
418,1465104011.398000,1465104012.083435,1465104017.084735,1465104017.172000
419,1465104011.398000,1465104012.093427,1465104017.094605,1465104017.180000
420,1465104011.398000,1465104012.086181,1465104017.087453,1465104017.167000
421,1465104011.398000,1465104012.025758,1465104017.027184,1465104017.131000
422,1465104011.399000,1465104012.376311,1465104017.377572,1465104017.445000
423,1465104011.399000,1465104012.082630,1465104017.084232,1465104017.156000
424,1465104011.399000,1465104012.063676,1465104017.064959,1465104017.150000
425,1465104011.399000,1465104012.375298,1465104017.376512,1465104017.456000
426,1465104011.399000,0.000000,0.000000,0.000000
427,1465104011.399000,1465104012.385602,1465104017.386797,1465104017.454000
428,1465104011.399000,1465104012.388480,1465104017.389638,1465104017.467000
429,1465104011.400000,1465104012.082711,1465104017.084467,1465104017.172000
430,1465104011.400000,1465104012.347990,1465104017.349541,1465104017.442000
431,1465104011.400000,1465104012.084311,1465104017.085511,1465104017.190000
432,1465104011.400000,1465104012.320720,1465104017.322055,1465104017.426000
433,1465104011.400000,1465104012.398880,1465104017.400060,1465104017.493000
434,1465104011.400000,1465104012.129400,1465104017.130754,1465104017.204000
435,1465104011.400000,1465104012.120376,1465104017.121659,1465104017.201000
436,1465104011.401000,1465104012.086104,1465104017.087474,1465104017.163000
437,1465104011.401000,0.000000,0.000000,0.000000
438,1465104011.401000,1465104012.121676,1465104017.123004,1465104017.203000
439,1465104011.401000,1465104012.334593,1465104017.338716,1465104017.418000
440,1465104011.401000,0.000000,0.000000,0.000000
441,1465104011.401000,1465104012.053591,1465104017.055086,1465104017.131000
442,1465104011.402000,1465104012.131408,1465104017.133192,1465104017.219000
443,1465104011.402000,1465104012.397232,1465104017.398465,1465104017.477000
444,1465104011.402000,1465104012.381318,1465104017.382521,1465104017.450000
445,1465104011.402000,1465104012.058722,1465104017.060121,1465104017.145000
446,1465104011.402000,1465104012.150284,1465104017.151488,1465104017.218000
447,1465104011.403000,1465104012.319485,1465104017.320859,1465104017.402000
448,1465104011.403000,1465104012.082924,1465104017.093885,1465104017.180000
449,1465104011.403000,1465104012.344286,1465104017.345441,1465104017.440000
450,1465104011.403000,1465104012.345086,1465104017.347457,1465104017.428000
451,1465104011.403000,1465104012.068271,1465104017.069773,1465104017.148000
452,1465104011.403000,1465104012.095874,1465104017.103589,1465104017.175000
453,1465104011.403000,1465104012.395550,1465104017.396742,1465104017.474000
454,1465104011.404000,1465104012.089332,1465104017.090597,1465104017.172000
455,1465104011.404000,1465104012.334384,1465104017.335768,1465104017.393000
456,1465104011.404000,1465104012.337974,1465104017.339219,1465104017.435000
457,1465104011.404000,1465104012.341996,1465104017.343410,1465104017.431000
458,1465104011.404000,1465104012.114737,1465104017.116061,1465104017.195000
459,1465104011.404000,1465104012.068085,1465104017.069754,1465104017.151000
460,1465104011.404000,1465104012.378111,1465104017.379322,1465104017.448000
461,1465104011.404000,1465104012.373053,1465104017.374411,1465104017.441000
462,1465104011.404000,1465104012.091956,1465104017.093091,1465104017.172000
463,1465104011.404000,1465104012.372624,1465104017.373876,1465104017.441000
464,1465104011.405000,1465104012.092723,1465104017.093971,1465104017.173000
465,1465104011.405000,1465104013.938514,1465104018.945371,1465104019.015000
466,1465104011.405000,1465104012.028431,1465104017.029701,1465104017.133000
467,1465104011.405000,1465104012.042828,1465104017.043997,1465104017.122000
468,1465104011.406000,1465104012.098450,1465104017.108674,1465104017.189000
469,1465104011.406000,1465104012.074271,1465104017.075872,1465104017.157000
470,1465104011.406000,1465104012.344166,1465104017.346955,1465104017.428000
471,1465104011.406000,1465104012.324140,1465104017.325398,1465104017.414000
472,1465104011.406000,1465104012.298272,1465104017.306911,1465104017.388000
473,1465104011.406000,1465104012.032629,1465104017.033870,1465104017.138000
474,1465104011.407000,1465104012.079488,1465104017.080664,1465104017.172000
475,1465104011.407000,1465104012.347032,1465104017.348297,1465104017.427000
476,1465104011.407000,1465104012.028901,1465104017.030111,1465104017.116000
477,1465104011.407000,1465104012.125672,1465104017.127050,1465104017.206000
478,1465104011.407000,1465104012.137777,1465104017.139070,1465104017.205000
479,1465104011.407000,1465104012.202891,1465104017.204159,1465104017.300000
480,1465104011.407000,1465104012.426220,1465104017.427524,1465104017.506000
481,1465104011.407000,1465104012.098470,1465104017.106583,1465104017.187000
482,1465104011.407000,1465104012.299145,1465104017.300350,1465104017.405000
483,1465104011.407000,1465104012.233443,1465104017.235063,1465104017.316000
484,1465104011.407000,0.000000,0.000000,0.000000
485,1465104011.408000,1465104012.128364,1465104017.129552,1465104017.198000
486,1465104011.408000,1465104012.133155,1465104017.134588,1465104017.220000
487,1465104011.408000,1465104012.332543,1465104017.343821,1465104017.423000
488,1465104011.408000,1465104012.323031,1465104017.324371,1465104017.413000
489,1465104011.408000,1465104012.049663,1465104017.050991,1465104017.130000
490,1465104011.409000,1465104012.197736,1465104017.199065,1465104017.291000
491,1465104011.409000,1465104012.368873,1465104017.383613,1465104017.462000
492,1465104011.409000,1465104012.054276,1465104017.055483,1465104017.141000
493,1465104011.409000,1465104012.083649,1465104017.084856,1465104017.143000
494,1465104011.409000,1465104012.152335,1465104017.153595,1465104017.234000
495,1465104011.409000,1465104012.097260,1465104017.098953,1465104017.183000
496,1465104011.410000,1465104012.125481,1465104017.126720,1465104017.212000
497,1465104011.410000,1465104012.354157,1465104017.355827,1465104017.437000
498,1465104011.410000,1465104012.137942,1465104017.145450,1465104017.224000
499,1465104011.410000,1465104012.068342,1465104017.069710,1465104017.162000
500,1465104011.410000,1465104012.155749,1465104017.156947,1465104017.235000
501,1465104011.410000,1465104012.095830,1465104017.097817,1465104017.176000
502,1465104011.410000,1465104012.070400,1465104017.071610,1465104017.156000
503,1465104011.410000,1465104012.072744,1465104017.074105,1465104017.148000
504,1465104011.410000,1465104012.364757,1465104017.366002,1465104017.435000
505,1465104011.410000,1465104012.093281,1465104017.094550,1465104017.176000
506,1465104011.410000,1465104012.100420,1465104017.101886,1465104017.182000
507,1465104011.410000,1465104012.337279,1465104017.338402,1465104017.415000
508,1465104011.410000,1465104012.372762,1465104017.373969,1465104017.451000
509,1465104011.410000,1465104012.070826,1465104017.072366,1465104017.151000
510,1465104011.410000,1465104012.154937,1465104017.156482,1465104017.214000
511,1465104011.410000,1465104012.443179,1465104017.444759,1465104017.511000
512,1465104011.410000,1465104012.111534,1465104017.113342,1465104017.195000
513,1465104011.410000,1465104012.138786,1465104017.140103,1465104017.221000
514,1465104011.410000,1465104012.095094,1465104017.097074,1465104017.176000
515,1465104011.410000,1465104012.075965,1465104017.077511,1465104017.146000
516,1465104011.410000,1465104012.343101,1465104017.344436,1465104017.432000
517,1465104011.410000,1465104012.120733,1465104017.122375,1465104017.196000
518,1465104011.410000,1465104012.063149,1465104017.064312,1465104017.150000
519,1465104011.410000,1465104012.091479,1465104017.092702,1465104017.172000
520,1465104011.410000,1465104012.136841,1465104017.139943,1465104017.213000
521,1465104011.410000,1465104012.063561,1465104017.065069,1465104017.152000
522,1465104011.411000,1465104012.119663,1465104017.120922,1465104017.199000
523,1465104011.411000,1465104012.048912,1465104017.050388,1465104017.138000
524,1465104011.411000,1465104012.132658,1465104017.133972,1465104017.227000
525,1465104011.411000,1465104012.144595,1465104017.145992,1465104017.222000
526,1465104011.411000,1465104012.064734,1465104017.065962,1465104017.132000
527,1465104011.411000,1465104012.399779,1465104017.401261,1465104017.468000
528,1465104011.411000,1465104012.201013,1465104017.203093,1465104017.280000
529,1465104011.411000,1465104012.064895,1465104017.066123,1465104017.143000
530,1465104011.411000,0.000000,0.000000,0.000000
531,1465104011.411000,1465104012.106001,1465104017.107819,1465104017.195000
532,1465104011.411000,1465104012.182638,1465104017.183965,1465104017.271000
533,1465104011.411000,1465104012.132800,1465104017.133974,1465104017.211000
534,1465104011.411000,1465104012.099730,1465104017.100917,1465104017.172000
535,1465104011.411000,1465104012.336021,1465104017.337620,1465104017.419000
536,1465104011.411000,1465104012.108935,1465104017.111316,1465104017.197000
537,1465104011.411000,1465104012.107909,1465104017.123295,1465104017.194000
538,1465104011.411000,1465104012.066363,1465104017.067594,1465104017.147000
539,1465104011.411000,1465104012.071587,1465104017.072827,1465104017.159000
540,1465104011.411000,1465104012.139174,1465104017.140479,1465104017.222000
541,1465104011.411000,1465104012.124370,1465104017.125635,1465104017.194000
542,1465104011.411000,1465104012.085414,1465104017.086607,1465104017.181000
543,1465104011.411000,1465104012.128860,1465104017.130558,1465104017.218000
544,1465104011.411000,1465104012.369232,1465104017.370536,1465104017.439000
545,1465104011.411000,1465104012.136260,1465104017.152345,1465104017.226000
546,1465104011.411000,1465104012.103844,1465104017.104990,1465104017.182000
547,1465104011.411000,1465104012.116153,1465104017.117692,1465104017.213000
548,1465104011.411000,1465104012.145805,1465104017.147315,1465104017.221000
549,1465104011.412000,1465104012.134644,1465104017.135872,1465104017.221000
550,1465104011.412000,1465104012.138192,1465104017.140248,1465104017.214000
551,1465104011.412000,1465104012.082116,1465104017.083522,1465104017.172000
552,1465104011.412000,1465104012.402791,1465104017.404502,1465104017.485000
553,1465104011.412000,1465104012.106691,1465104017.108013,1465104017.194000
554,1465104011.412000,1465104012.105971,1465104017.107228,1465104017.202000
555,1465104011.412000,1465104012.212750,1465104017.221192,1465104017.297000
556,1465104011.412000,1465104012.127204,1465104017.128407,1465104017.207000
557,1465104011.412000,1465104012.484155,1465104017.486041,1465104017.566000
558,1465104011.412000,1465104012.077584,1465104017.078783,1465104017.164000
559,1465104011.412000,1465104012.156090,1465104017.157388,1465104017.241000
560,1465104011.412000,1465104012.081816,1465104017.083575,1465104017.172000
561,1465104011.412000,1465104012.154160,1465104017.155374,1465104017.241000
562,1465104011.412000,1465104012.149478,1465104017.150674,1465104017.241000
563,1465104011.412000,1465104012.197122,1465104017.198423,1465104017.279000
564,1465104011.412000,1465104012.177930,1465104017.179152,1465104017.261000
565,1465104011.412000,1465104012.124930,1465104017.126116,1465104017.219000
566,1465104011.412000,1465104012.180601,1465104017.181846,1465104017.277000
567,1465104011.412000,1465104012.129382,1465104017.131283,1465104017.211000
568,1465104011.412000,1465104012.040767,1465104017.042542,1465104017.130000
569,1465104011.412000,1465104012.216090,1465104017.217383,1465104017.307000
570,1465104011.412000,1465104012.120446,1465104017.137806,1465104017.214000
571,1465104011.412000,1465104012.134139,1465104017.152949,1465104017.226000
572,1465104011.412000,1465104012.140663,1465104017.141856,1465104017.219000
573,1465104011.412000,1465104012.105092,1465104017.106739,1465104017.194000
574,1465104011.413000,1465104012.132641,1465104017.135913,1465104017.217000
575,1465104011.413000,1465104012.124308,1465104017.135645,1465104017.223000
576,1465104011.413000,1465104012.116893,1465104017.118154,1465104017.199000
577,1465104011.413000,1465104012.125326,1465104017.126599,1465104017.199000
578,1465104011.413000,1465104012.162374,1465104017.163784,1465104017.243000
579,1465104011.413000,1465104012.104613,1465104017.105875,1465104017.188000
580,1465104011.413000,1465104012.099790,1465104017.100981,1465104017.186000
581,1465104011.413000,1465104012.090938,1465104017.092176,1465104017.180000
582,1465104011.413000,1465104012.082971,1465104017.084273,1465104017.173000
583,1465104011.413000,1465104012.253593,1465104017.254859,1465104017.336000
584,1465104011.413000,1465104012.124555,1465104017.125813,1465104017.221000
585,1465104011.413000,1465104012.180513,1465104017.181781,1465104017.262000
586,1465104011.413000,1465104012.442507,1465104017.444820,1465104017.511000
587,1465104011.413000,1465104012.120538,1465104017.121756,1465104017.214000
588,1465104011.413000,1465104012.099380,1465104017.100714,1465104017.172000
589,1465104011.413000,1465104012.126829,1465104017.128061,1465104017.214000
590,1465104011.413000,1465104012.191463,1465104017.192660,1465104017.273000
591,1465104011.413000,1465104012.120678,1465104017.121826,1465104017.199000
592,1465104011.413000,1465104012.154719,1465104017.157197,1465104017.215000
593,1465104011.413000,1465104012.357548,1465104017.358790,1465104017.438000
594,1465104011.413000,1465104012.162262,1465104017.163515,1465104017.254000
595,1465104011.413000,1465104012.110292,1465104017.111475,1465104017.193000
596,1465104011.413000,1465104012.096225,1465104017.103525,1465104017.208000
597,1465104011.413000,1465104012.185463,1465104017.187025,1465104017.280000
598,1465104011.413000,1465104012.092547,1465104017.093904,1465104017.174000
599,1465104011.414000,1465104012.146327,1465104017.147570,1465104017.227000
600,1465104011.414000,1465104012.098569,1465104017.100120,1465104017.187000
601,1465104011.414000,1465104012.068616,1465104017.070029,1465104017.144000
602,1465104011.414000,1465104012.113021,1465104017.114400,1465104017.196000
603,1465104011.414000,1465104012.125400,1465104017.141737,1465104017.224000
604,1465104011.414000,1465104012.081316,1465104017.082680,1465104017.159000
605,1465104011.414000,1465104012.132907,1465104017.134196,1465104017.221000
606,1465104011.414000,1465104012.162406,1465104017.163866,1465104017.237000
607,1465104011.414000,1465104012.161749,1465104017.163077,1465104017.249000
608,1465104011.414000,1465104012.194375,1465104017.195948,1465104017.275000
609,1465104011.414000,1465104012.085334,1465104017.087032,1465104017.171000
610,1465104011.414000,1465104012.103409,1465104017.104842,1465104017.190000
611,1465104011.414000,1465104012.175447,1465104017.176622,1465104017.263000
612,1465104011.414000,1465104012.128234,1465104017.129417,1465104017.215000
613,1465104011.414000,1465104012.061823,1465104017.063113,1465104017.143000
614,1465104011.414000,1465104012.374023,1465104017.375215,1465104017.453000
615,1465104011.414000,1465104012.125320,1465104017.126878,1465104017.214000
616,1465104011.414000,1465104012.414982,1465104017.416323,1465104017.496000
617,1465104011.414000,1465104012.380543,1465104017.381747,1465104017.460000
618,1465104011.414000,1465104012.109923,1465104017.111503,1465104017.185000
619,1465104011.414000,1465104012.137864,1465104017.139174,1465104017.215000
620,1465104011.414000,1465104012.081481,1465104017.098125,1465104017.186000
621,1465104011.414000,1465104012.135215,1465104017.152094,1465104017.226000
622,1465104011.414000,1465104012.119710,1465104017.131372,1465104017.222000
623,1465104011.415000,1465104012.117068,1465104017.118513,1465104017.214000
624,1465104011.415000,1465104012.381275,1465104017.382466,1465104017.459000
625,1465104011.415000,1465104012.123514,1465104017.125013,1465104017.212000
626,1465104011.415000,1465104012.083156,1465104017.098128,1465104017.186000
627,1465104011.415000,1465104012.109330,1465104017.110759,1465104017.196000
628,1465104011.415000,1465104012.425354,1465104017.426606,1465104017.504000
629,1465104011.415000,1465104012.131530,1465104017.134030,1465104017.215000
630,1465104011.415000,1465104012.131653,1465104017.133237,1465104017.209000
631,1465104011.415000,1465104012.125966,1465104017.127260,1465104017.213000
632,1465104011.415000,1465104012.119388,1465104017.121088,1465104017.202000
633,1465104011.415000,1465104012.068734,1465104017.070473,1465104017.149000
634,1465104011.415000,1465104012.103502,1465104017.104842,1465104017.173000
635,1465104011.415000,1465104012.145819,1465104017.146979,1465104017.218000
636,1465104011.415000,1465104012.174020,1465104017.175311,1465104017.233000
637,1465104011.415000,1465104012.096905,1465104017.098257,1465104017.203000
638,1465104011.415000,1465104012.131907,1465104017.133112,1465104017.212000
639,1465104011.415000,1465104012.059287,1465104017.060740,1465104017.141000
640,1465104011.416000,1465104012.150095,1465104017.151254,1465104017.237000
641,1465104011.416000,1465104012.219154,1465104017.220358,1465104017.304000
642,1465104011.416000,1465104012.189182,1465104017.190654,1465104017.271000
643,1465104011.416000,1465104012.163460,1465104017.164652,1465104017.250000
644,1465104011.416000,1465104012.206538,1465104017.207968,1465104017.283000
645,1465104011.416000,1465104012.176516,1465104017.177977,1465104017.256000
646,1465104011.416000,1465104012.137882,1465104017.139189,1465104017.218000
647,1465104011.416000,1465104012.107812,1465104017.109094,1465104017.189000
648,1465104011.416000,0.000000,0.000000,0.000000
649,1465104011.416000,1465104012.140117,1465104017.141433,1465104017.220000
650,1465104011.416000,1465104012.259004,1465104017.260361,1465104017.337000
651,1465104011.416000,1465104012.199123,1465104017.200281,1465104017.282000
652,1465104011.416000,1465104012.134486,1465104017.136014,1465104017.217000
653,1465104011.416000,1465104012.180020,1465104017.181197,1465104017.267000
654,1465104011.417000,1465104012.107085,1465104017.108740,1465104017.195000
655,1465104011.417000,1465104012.129512,1465104017.130737,1465104017.209000
656,1465104011.417000,1465104012.122870,1465104017.124304,1465104017.203000
657,1465104011.417000,1465104012.099113,1465104017.100524,1465104017.176000
658,1465104011.417000,1465104012.119319,1465104017.120485,1465104017.207000
659,1465104011.417000,1465104012.112791,1465104017.114024,1465104017.199000
660,1465104011.417000,1465104012.129774,1465104017.131011,1465104017.209000
661,1465104011.417000,1465104012.137394,1465104017.138587,1465104017.218000
662,1465104011.417000,1465104012.110269,1465104017.111966,1465104017.190000
663,1465104011.417000,1465104012.095509,1465104017.096723,1465104017.184000
664,1465104011.417000,1465104012.151103,1465104017.153920,1465104017.239000
665,1465104011.417000,1465104012.235533,1465104017.237620,1465104017.313000
666,1465104011.417000,1465104012.132937,1465104017.134156,1465104017.221000
667,1465104011.417000,1465104012.158347,1465104017.159650,1465104017.248000
668,1465104011.417000,1465104012.406261,1465104017.407477,1465104017.487000
669,1465104011.417000,1465104012.116680,1465104017.117939,1465104017.205000
670,1465104011.417000,1465104012.147060,1465104017.148652,1465104017.222000
671,1465104011.417000,1465104012.114586,1465104017.115820,1465104017.204000
672,1465104011.417000,0.000000,0.000000,0.000000
673,1465104011.417000,1465104012.195307,1465104017.196528,1465104017.278000
674,1465104011.417000,1465104012.141400,1465104017.142874,1465104017.231000
675,1465104011.418000,1465104012.150853,1465104017.152161,1465104017.221000
676,1465104011.418000,1465104012.129366,1465104017.130574,1465104017.216000
677,1465104011.418000,1465104012.239944,1465104017.241099,1465104017.327000
678,1465104011.418000,1465104012.132933,1465104017.134118,1465104017.212000
679,1465104011.418000,1465104012.086578,1465104017.087877,1465104017.172000
680,1465104011.418000,1465104012.129733,1465104017.148552,1465104017.229000
681,1465104011.418000,1465104012.141910,1465104017.143220,1465104017.234000
682,1465104011.418000,1465104012.099148,1465104017.100552,1465104017.187000
683,1465104011.418000,1465104012.121153,1465104017.122348,1465104017.207000
684,1465104011.418000,1465104012.131530,1465104017.134812,1465104017.216000
685,1465104011.418000,1465104012.102603,1465104017.103836,1465104017.185000
686,1465104011.418000,1465104012.092048,1465104017.112183,1465104017.186000
687,1465104011.418000,1465104012.132040,1465104017.133198,1465104017.215000
688,1465104011.418000,1465104012.140588,1465104017.141825,1465104017.229000
689,1465104011.418000,1465104012.122110,1465104017.123444,1465104017.205000
690,1465104011.418000,1465104012.173882,1465104017.175052,1465104017.270000
691,1465104011.418000,1465104012.147411,1465104017.148595,1465104017.226000
692,1465104011.418000,1465104012.147451,1465104017.148752,1465104017.230000
693,1465104011.418000,1465104012.122557,1465104017.123954,1465104017.200000
694,1465104011.420000,1465104012.109205,1465104017.110514,1465104017.189000
695,1465104011.418000,1465104012.098892,1465104017.108876,1465104017.189000
696,1465104011.419000,1465104012.407745,1465104017.408975,1465104017.488000
697,1465104011.419000,1465104012.181891,1465104017.183280,1465104017.262000
698,1465104011.419000,1465104012.141582,1465104017.142765,1465104017.223000
699,1465104011.419000,1465104012.099283,1465104017.100569,1465104017.193000
700,1465104011.419000,1465104012.207377,1465104017.208649,1465104017.294000
701,1465104011.419000,1465104012.105035,1465104017.106291,1465104017.185000
702,1465104011.419000,1465104012.109058,1465104017.110296,1465104017.198000
703,1465104011.419000,1465104012.402850,1465104017.404522,1465104017.485000
704,1465104011.419000,1465104012.114243,1465104017.115419,1465104017.196000
705,1465104011.419000,1465104012.229814,1465104017.231229,1465104017.315000
706,1465104011.419000,1465104012.120887,1465104017.137975,1465104017.225000
707,1465104011.419000,1465104012.057833,1465104017.059011,1465104017.145000
708,1465104011.419000,1465104012.398129,1465104017.399776,1465104017.481000
709,1465104011.419000,1465104012.107767,1465104017.109594,1465104017.181000
710,1465104011.419000,1465104012.086296,1465104017.087960,1465104017.174000
711,1465104011.419000,1465104012.079714,1465104017.082968,1465104017.154000
712,1465104011.419000,1465104012.181787,1465104017.183017,1465104017.260000
713,1465104011.419000,1465104012.136403,1465104017.142022,1465104017.224000
714,1465104011.419000,1465104012.063758,1465104017.080344,1465104017.156000
715,1465104011.419000,1465104012.385588,1465104017.386906,1465104017.483000
716,1465104011.419000,1465104012.103291,1465104017.104505,1465104017.197000
717,1465104011.419000,1465104012.120293,1465104017.121460,1465104017.216000
718,1465104011.419000,1465104012.196842,1465104017.198353,1465104017.277000
719,1465104011.419000,1465104012.129345,1465104017.131463,1465104017.219000
720,1465104011.420000,1465104012.121276,1465104017.122510,1465104017.194000
721,1465104011.420000,1465104012.148104,1465104017.149476,1465104017.223000
722,1465104011.420000,1465104012.322445,1465104017.323773,1465104017.428000
723,1465104011.420000,1465104012.119007,1465104017.120391,1465104017.208000
724,1465104011.420000,1465104012.081431,1465104017.082736,1465104017.161000
725,1465104011.420000,1465104012.024682,1465104017.025926,1465104017.114000
726,1465104011.420000,1465104012.082183,1465104017.086373,1465104017.171000
727,1465104011.420000,1465104012.186507,1465104017.187843,1465104017.276000
728,1465104011.420000,1465104012.111552,1465104017.113406,1465104017.192000
729,1465104011.420000,1465104012.245663,1465104017.246981,1465104017.327000
730,1465104011.420000,1465104012.108720,1465104017.123512,1465104017.228000
731,1465104011.420000,1465104012.123444,1465104017.124841,1465104017.204000
732,1465104011.420000,1465104012.124303,1465104017.125586,1465104017.211000
733,1465104011.420000,1465104012.214078,1465104017.215465,1465104017.302000
734,1465104011.420000,1465104012.144676,1465104017.145898,1465104017.233000
735,1465104011.420000,1465104012.124018,1465104017.125243,1465104017.206000
736,1465104011.420000,1465104012.148777,1465104017.150007,1465104017.230000
737,1465104011.420000,1465104012.223460,1465104017.224732,1465104017.291000
738,1465104011.420000,1465104012.364935,1465104017.366113,1465104017.453000
739,1465104011.420000,1465104012.077470,1465104017.085266,1465104017.157000
740,1465104011.420000,1465104012.228518,1465104017.229725,1465104017.317000
741,1465104011.420000,1465104012.146166,1465104017.147407,1465104017.240000
742,1465104011.420000,1465104012.113423,1465104017.114826,1465104017.194000
743,1465104011.420000,1465104012.144335,1465104017.145528,1465104017.241000
744,1465104011.420000,1465104012.124450,1465104017.125782,1465104017.204000
745,1465104011.420000,1465104012.144373,1465104017.145630,1465104017.226000
746,1465104011.421000,1465104012.120637,1465104017.121921,1465104017.213000
747,1465104011.420000,1465104012.134893,1465104017.136170,1465104017.222000
748,1465104011.420000,1465104012.113636,1465104017.115029,1465104017.203000
749,1465104011.420000,1465104012.130353,1465104017.133291,1465104017.220000
750,1465104011.420000,1465104012.143369,1465104017.144518,1465104017.231000
751,1465104011.421000,1465104012.143489,1465104017.144950,1465104017.218000
752,1465104011.421000,1465104012.236237,1465104017.237547,1465104017.295000
753,1465104011.421000,1465104012.140117,1465104017.141453,1465104017.220000
754,1465104011.421000,1465104012.233233,1465104017.234828,1465104017.320000
755,1465104011.421000,1465104012.116176,1465104017.117562,1465104017.209000
756,1465104011.421000,1465104012.107735,1465104017.109008,1465104017.195000
757,1465104011.421000,1465104012.118635,1465104017.119990,1465104017.212000
758,1465104011.421000,1465104012.130789,1465104017.132003,1465104017.209000
759,1465104011.421000,1465104012.402219,1465104017.403477,1465104017.471000
760,1465104011.421000,1465104012.144469,1465104017.145659,1465104017.233000
761,1465104011.421000,1465104012.227139,1465104017.228493,1465104017.315000
762,1465104011.421000,1465104012.433848,1465104017.435060,1465104017.514000
763,1465104011.421000,1465104012.244705,1465104017.246071,1465104017.322000
764,1465104011.421000,1465104012.099418,1465104017.100672,1465104017.185000
765,1465104011.421000,1465104012.140735,1465104017.142027,1465104017.215000
766,1465104011.421000,1465104012.128002,1465104017.129156,1465104017.201000
767,1465104011.421000,1465104012.144885,1465104017.146072,1465104017.214000
768,1465104011.421000,1465104012.157810,1465104017.159199,1465104017.217000
769,1465104011.422000,1465104012.196955,1465104017.198177,1465104017.277000
770,1465104011.421000,1465104012.342458,1465104017.343608,1465104017.421000
771,1465104011.421000,1465104012.356236,1465104017.357446,1465104017.436000
772,1465104011.421000,1465104012.111549,1465104017.113188,1465104017.192000
773,1465104011.421000,1465104012.140904,1465104017.142184,1465104017.223000
774,1465104011.421000,1465104012.187066,1465104017.189134,1465104017.247000
775,1465104011.421000,1465104012.397307,1465104017.398659,1465104017.491000
776,1465104011.422000,1465104012.074393,1465104017.075598,1465104017.161000
777,1465104011.422000,1465104012.415738,1465104017.416956,1465104017.504000
778,1465104011.422000,1465104012.108169,1465104017.109747,1465104017.195000
779,1465104011.422000,1465104012.211178,1465104017.212577,1465104017.291000
780,1465104011.422000,1465104012.160913,1465104017.162190,1465104017.243000
781,1465104011.422000,1465104012.138158,1465104017.139465,1465104017.220000
782,1465104011.422000,1465104012.050381,1465104017.051673,1465104017.156000
783,1465104011.422000,1465104012.080117,1465104017.081587,1465104017.153000
784,1465104011.422000,1465104012.102629,1465104017.104060,1465104017.183000
785,1465104011.422000,1465104012.176773,1465104017.178057,1465104017.269000
786,1465104011.422000,1465104012.246204,1465104017.247583,1465104017.332000
787,1465104011.424000,1465104012.215982,1465104017.217188,1465104017.302000
788,1465104011.427000,1465104012.063060,1465104017.080475,1465104017.157000
789,1465104011.439000,1465104012.381942,1465104017.383137,1465104017.473000
790,1465104011.454000,1465104012.235646,1465104017.237531,1465104017.313000
791,1465104011.487000,1465104012.230459,1465104017.231601,1465104017.326000
792,1465104011.492000,1465104012.128163,1465104017.129468,1465104017.208000
793,1465104011.492000,1465104012.137749,1465104017.138935,1465104017.224000
794,1465104011.492000,1465104012.119346,1465104017.120536,1465104017.198000
795,1465104011.495000,1465104012.138708,1465104017.139904,1465104017.219000
796,1465104011.496000,1465104012.176591,1465104017.177795,1465104017.262000
797,1465104011.497000,1465104012.222046,1465104017.223316,1465104017.328000
798,1465104011.497000,1465104012.275267,1465104017.276487,1465104017.361000
799,1465104011.497000,1465104012.192229,1465104017.193418,1465104017.274000
800,1465104011.497000,1465104012.190121,1465104017.191339,1465104017.273000
801,1465104011.497000,1465104012.222027,1465104017.223302,1465104017.304000
802,1465104011.497000,1465104012.158634,1465104017.159956,1465104017.218000
803,1465104011.497000,1465104012.257731,1465104017.258941,1465104017.346000
804,1465104011.497000,1465104012.300045,1465104017.301340,1465104017.359000
805,1465104011.497000,1465104012.243662,1465104017.244884,1465104017.325000
806,1465104011.498000,1465104012.223269,1465104017.224461,1465104017.303000
807,1465104011.497000,1465104012.220257,1465104017.221563,1465104017.309000
808,1465104011.497000,1465104012.284964,1465104017.288455,1465104017.369000
809,1465104011.498000,1465104012.169632,1465104017.170885,1465104017.253000
810,1465104011.498000,1465104012.248822,1465104017.250190,1465104017.326000
811,1465104011.498000,1465104012.240913,1465104017.242204,1465104017.337000
812,1465104011.498000,1465104012.240349,1465104017.241965,1465104017.317000
813,1465104011.498000,1465104012.251453,1465104017.252700,1465104017.340000
814,1465104011.498000,1465104012.295485,1465104017.296881,1465104017.374000
815,1465104011.498000,1465104012.226453,1465104017.227673,1465104017.314000
816,1465104011.498000,1465104012.235994,1465104017.237134,1465104017.332000
817,1465104011.498000,1465104012.240341,1465104017.241554,1465104017.337000
818,1465104011.498000,1465104012.219004,1465104017.220264,1465104017.307000
819,1465104011.498000,1465104012.264535,1465104017.266038,1465104017.333000
820,1465104011.498000,1465104012.228134,1465104017.229291,1465104017.307000
821,1465104011.498000,1465104012.220753,1465104017.222125,1465104017.327000
822,1465104011.498000,1465104012.265817,1465104017.267058,1465104017.355000
823,1465104011.498000,0.000000,0.000000,0.000000
824,1465104011.498000,1465104012.274484,1465104017.276262,1465104017.357000
825,1465104011.498000,1465104012.219420,1465104017.221192,1465104017.297000
826,1465104011.498000,1465104012.276708,1465104017.277947,1465104017.344000
827,1465104011.498000,1465104012.206522,1465104017.207694,1465104017.294000
828,1465104011.498000,1465104012.253907,1465104017.255602,1465104017.334000
829,1465104011.498000,1465104012.250173,1465104017.251401,1465104017.337000
830,1465104011.498000,1465104012.187189,1465104017.201245,1465104017.259000
831,1465104011.498000,1465104012.277104,1465104017.280089,1465104017.359000
832,1465104011.498000,1465104012.586313,1465104017.587554,1465104017.654000
833,1465104011.498000,1465104012.251808,1465104017.253145,1465104017.339000
834,1465104011.498000,1465104012.209180,1465104017.210408,1465104017.306000
835,1465104011.498000,1465104012.250710,1465104017.253352,1465104017.340000
836,1465104011.498000,1465104012.246748,1465104017.248045,1465104017.306000
837,1465104011.498000,1465104012.208136,1465104017.209322,1465104017.304000
838,1465104011.498000,1465104012.247980,1465104017.249119,1465104017.344000
839,1465104011.499000,1465104012.517893,1465104017.519266,1465104017.599000
840,1465104011.500000,1465104012.243708,1465104017.244883,1465104017.333000
841,1465104011.500000,1465104012.171644,1465104017.172867,1465104017.255000
842,1465104011.499000,1465104012.250775,1465104017.252792,1465104017.339000
843,1465104011.499000,1465104012.216021,1465104017.217282,1465104017.295000
844,1465104011.499000,1465104012.276905,1465104017.278197,1465104017.365000
845,1465104011.499000,1465104012.535197,1465104017.536442,1465104017.616000
846,1465104011.499000,1465104012.228916,1465104017.231903,1465104017.317000
847,1465104011.499000,1465104012.200191,1465104017.201638,1465104017.280000
848,1465104011.500000,1465104012.225926,1465104017.227397,1465104017.315000
849,1465104011.499000,1465104012.259246,1465104017.260786,1465104017.341000
850,1465104011.499000,1465104012.194161,1465104017.195408,1465104017.278000
851,1465104011.499000,1465104012.278168,1465104017.280469,1465104017.359000
852,1465104011.499000,1465104012.265015,1465104017.275217,1465104017.352000
853,1465104011.499000,1465104012.199342,1465104017.200746,1465104017.286000
854,1465104011.500000,1465104012.195234,1465104017.214694,1465104017.291000
855,1465104011.501000,1465104012.591450,1465104017.592681,1465104017.659000
856,1465104011.499000,1465104012.227794,1465104017.229005,1465104017.309000
857,1465104011.502000,1465104012.200910,1465104017.202361,1465104017.289000
858,1465104011.499000,1465104012.183015,1465104017.184228,1465104017.279000
859,1465104011.500000,1465104012.286667,1465104017.287849,1465104017.357000
860,1465104011.499000,1465104012.248878,1465104017.250059,1465104017.336000
861,1465104011.500000,1465104012.230212,1465104017.231538,1465104017.312000
862,1465104011.500000,1465104012.281311,1465104017.282607,1465104017.340000
863,1465104011.500000,1465104012.251995,1465104017.253197,1465104017.358000
864,1465104011.500000,1465104012.271469,1465104017.272964,1465104017.352000
865,1465104011.502000,0.000000,0.000000,0.000000
866,1465104011.501000,1465104012.556399,1465104017.557659,1465104017.638000
867,1465104011.501000,1465104012.278240,1465104017.280715,1465104017.360000
868,1465104011.501000,1465104012.229295,1465104017.230724,1465104017.309000
869,1465104011.501000,1465104012.267927,1465104017.269223,1465104017.350000
870,1465104011.501000,1465104012.229048,1465104017.230206,1465104017.316000
871,1465104011.501000,1465104012.238367,1465104017.239596,1465104017.328000
872,1465104011.501000,1465104012.262632,1465104017.263889,1465104017.350000
873,1465104011.501000,1465104012.224752,1465104017.226023,1465104017.316000
874,1465104011.501000,1465104012.239715,1465104017.240891,1465104017.325000
875,1465104011.502000,0.000000,0.000000,0.000000
876,1465104011.502000,1465104012.264221,1465104017.265677,1465104017.361000
877,1465104011.504000,1465104012.560952,1465104017.562298,1465104017.642000
878,1465104011.502000,1465104012.563031,1465104017.564391,1465104017.652000
879,1465104011.502000,1465104012.255919,1465104017.257149,1465104017.336000
880,1465104011.502000,0.000000,0.000000,0.000000
881,1465104011.502000,1465104012.200524,1465104017.201852,1465104017.298000
882,1465104011.502000,1465104012.221540,1465104017.222919,1465104017.310000
883,1465104011.502000,1465104012.215001,1465104017.216246,1465104017.311000
884,1465104011.502000,1465104012.252324,1465104017.253577,1465104017.332000
885,1465104011.502000,1465104012.176809,1465104017.178312,1465104017.260000
886,1465104011.502000,1465104012.225403,1465104017.226600,1465104017.321000
887,1465104011.503000,1465104012.212587,1465104017.213829,1465104017.299000
888,1465104011.508000,0.000000,0.000000,0.000000
889,1465104011.504000,1465104012.260285,1465104017.261500,1465104017.347000
890,1465104011.504000,1465104012.256385,1465104017.257651,1465104017.348000
891,1465104011.507000,1465104012.224926,1465104017.226502,1465104017.305000
892,1465104011.503000,1465104012.263176,1465104017.264540,1465104017.353000
893,1465104011.505000,1465104012.174293,1465104017.175686,1465104017.266000
894,1465104011.504000,1465104012.277936,1465104017.279583,1465104017.367000
895,1465104011.503000,1465104012.221799,1465104017.223048,1465104017.308000
896,1465104011.504000,1465104012.170830,1465104017.172079,1465104017.249000
897,1465104011.503000,1465104012.546657,1465104017.547852,1465104017.628000
898,1465104011.507000,1465104012.177892,1465104017.197989,1465104017.285000
899,1465104011.504000,1465104012.263630,1465104017.264807,1465104017.352000
900,1465104011.504000,0.000000,0.000000,0.000000
901,1465104011.507000,1465104012.278205,1465104017.279442,1465104017.360000
902,1465104011.504000,1465104012.196476,1465104017.198653,1465104017.275000
903,1465104011.504000,1465104012.263389,1465104017.264724,1465104017.345000
904,1465104011.505000,1465104012.266237,1465104017.267538,1465104017.372000
905,1465104011.505000,1465104012.250267,1465104017.251566,1465104017.338000
906,1465104011.506000,1465104012.252691,1465104017.254213,1465104017.341000
907,1465104011.505000,1465104012.239193,1465104017.240525,1465104017.336000
908,1465104011.504000,1465104012.252012,1465104017.253366,1465104017.334000
909,1465104011.505000,1465104012.249170,1465104017.255684,1465104017.342000
910,1465104011.505000,1465104012.207275,1465104017.208546,1465104017.294000
911,1465104011.506000,1465104012.211872,1465104017.213417,1465104017.299000
912,1465104011.513000,1465104012.573720,1465104017.575139,1465104017.644000
913,1465104011.505000,1465104012.227350,1465104017.228592,1465104017.315000
914,1465104011.507000,1465104012.269866,1465104017.271203,1465104017.352000
915,1465104011.506000,1465104012.276492,1465104017.277760,1465104017.358000
916,1465104011.505000,1465104012.230832,1465104017.232091,1465104017.318000
917,1465104011.505000,1465104012.238446,1465104017.239695,1465104017.327000
918,1465104011.505000,1465104012.284160,1465104017.285349,1465104017.363000
919,1465104011.505000,1465104012.197144,1465104017.198310,1465104017.293000
920,1465104011.505000,1465104012.277097,1465104017.278430,1465104017.366000
921,1465104011.505000,1465104012.273821,1465104017.275025,1465104017.356000
922,1465104011.515000,1465104012.230199,1465104017.231383,1465104017.313000
923,1465104011.505000,1465104012.272194,1465104017.273553,1465104017.364000
924,1465104011.505000,1465104012.213216,1465104017.214458,1465104017.300000
925,1465104011.506000,1465104012.290163,1465104017.291527,1465104017.358000
926,1465104011.506000,1465104012.262463,1465104017.263619,1465104017.341000
927,1465104011.522000,1465104012.247937,1465104017.249145,1465104017.354000
928,1465104011.508000,1465104012.222869,1465104017.224087,1465104017.302000
929,1465104011.511000,1465104012.284338,1465104017.285602,1465104017.368000
930,1465104011.512000,1465104012.225070,1465104017.226318,1465104017.311000
931,1465104011.509000,1465104012.265199,1465104017.266398,1465104017.348000
932,1465104011.506000,1465104012.181726,1465104017.182888,1465104017.260000
933,1465104011.511000,1465104012.199316,1465104017.200537,1465104017.293000
934,1465104011.505000,1465104012.260830,1465104017.262072,1465104017.352000
935,1465104011.511000,1465104012.264462,1465104017.280298,1465104017.356000
936,1465104011.508000,1465104012.246004,1465104017.247175,1465104017.332000
937,1465104011.514000,1465104012.239226,1465104017.240390,1465104017.346000
938,1465104011.505000,0.000000,0.000000,0.000000
939,1465104011.508000,1465104012.252715,1465104017.260287,1465104017.336000
940,1465104011.506000,1465104012.265233,1465104017.266663,1465104017.336000
941,1465104011.505000,1465104012.248998,1465104017.264102,1465104017.349000
942,1465104011.511000,1465104012.241818,1465104017.251384,1465104017.342000
943,1465104011.507000,1465104012.235078,1465104017.236387,1465104017.317000
944,1465104011.507000,1465104012.211752,1465104017.212987,1465104017.294000
945,1465104011.506000,1465104012.235008,1465104017.245610,1465104017.331000
946,1465104011.506000,1465104012.291410,1465104017.292575,1465104017.358000
947,1465104011.506000,1465104012.196371,1465104017.197644,1465104017.285000
948,1465104011.506000,1465104012.282742,1465104017.283957,1465104017.365000
949,1465104011.506000,1465104012.147785,1465104017.149183,1465104017.239000
950,1465104011.506000,1465104012.581337,1465104017.582589,1465104017.660000
951,1465104011.506000,1465104012.282921,1465104017.284114,1465104017.365000
952,1465104011.506000,1465104012.196666,1465104017.217278,1465104017.293000
953,1465104011.506000,1465104012.260032,1465104017.261513,1465104017.341000
954,1465104011.507000,1465104012.268548,1465104017.269787,1465104017.350000
955,1465104011.507000,1465104012.175922,1465104017.177150,1465104017.255000
956,1465104011.507000,1465104012.260078,1465104017.261393,1465104017.330000
957,1465104011.507000,1465104012.238933,1465104017.240322,1465104017.327000
958,1465104011.507000,1465104012.195206,1465104017.196503,1465104017.280000
959,1465104011.506000,1465104012.246794,1465104017.248090,1465104017.339000
960,1465104011.506000,1465104012.284672,1465104017.285878,1465104017.364000
961,1465104011.506000,1465104012.255643,1465104017.256939,1465104017.342000
962,1465104011.506000,1465104012.240046,1465104017.241425,1465104017.322000
963,1465104011.507000,1465104012.248708,1465104017.250093,1465104017.329000
964,1465104011.506000,1465104012.237760,1465104017.239200,1465104017.317000
965,1465104011.506000,1465104012.284828,1465104017.286660,1465104017.367000
966,1465104011.507000,1465104012.235216,1465104017.236553,1465104017.322000
967,1465104011.506000,1465104012.195272,1465104017.209285,1465104017.290000
968,1465104011.506000,1465104012.248814,1465104017.250168,1465104017.331000
969,1465104011.507000,1465104012.284580,1465104017.285776,1465104017.370000
970,1465104011.507000,1465104012.251757,1465104017.253012,1465104017.348000
971,1465104011.507000,1465104012.253405,1465104017.254960,1465104017.333000
972,1465104011.506000,1465104012.281328,1465104017.282804,1465104017.363000
973,1465104011.506000,1465104012.575999,1465104017.577520,1465104017.644000
974,1465104011.507000,1465104012.192783,1465104017.194113,1465104017.273000
975,1465104011.507000,1465104012.201173,1465104017.202764,1465104017.280000
976,1465104011.506000,1465104012.266916,1465104017.268116,1465104017.363000
977,1465104011.507000,1465104012.251530,1465104017.252841,1465104017.310000
978,1465104011.507000,1465104012.183063,1465104017.184413,1465104017.265000
979,1465104011.506000,1465104012.294137,1465104017.295511,1465104017.363000
980,1465104011.507000,1465104012.273353,1465104017.274563,1465104017.355000
981,1465104011.506000,1465104012.586364,1465104017.587616,1465104017.657000
982,1465104011.507000,1465104012.219552,1465104017.220746,1465104017.278000
983,1465104011.507000,1465104012.257752,1465104017.258886,1465104017.354000
984,1465104011.507000,1465104012.214052,1465104017.215294,1465104017.310000
985,1465104011.506000,1465104012.264802,1465104017.266732,1465104017.336000
986,1465104011.507000,1465104012.265634,1465104017.266918,1465104017.344000
987,1465104011.506000,1465104012.258917,1465104017.260583,1465104017.339000
988,1465104011.506000,1465104012.221589,1465104017.222847,1465104017.303000
989,1465104011.507000,1465104012.191102,1465104017.192351,1465104017.279000
990,1465104011.507000,1465104012.189083,1465104017.190536,1465104017.271000
991,1465104011.507000,1465104012.202598,1465104017.203831,1465104017.294000
992,1465104011.507000,1465104012.284284,1465104017.285737,1465104017.361000
993,1465104011.507000,1465104012.201718,1465104017.203335,1465104017.290000
994,1465104011.507000,1465104012.245441,1465104017.246606,1465104017.353000
995,1465104011.507000,1465104012.236855,1465104017.238043,1465104017.323000
996,1465104011.507000,1465104012.273779,1465104017.274994,1465104017.361000
997,1465104011.507000,1465104012.217102,1465104017.218363,1465104017.305000
998,1465104011.511000,1465104012.272199,1465104017.273711,1465104017.358000
999,1465104011.521000,1465104012.274906,1465104017.276288,1465104017.342000
