0,1465104428.453000,1465104429.153294,1465104434.154731,1465104434.243000
1,1465104428.453000,1465104429.118057,1465104434.119575,1465104434.207000
2,1465104428.453000,1465104429.105076,1465104434.106582,1465104434.167000
3,1465104428.453000,1465104429.435717,1465104434.437039,1465104434.518000
4,1465104428.453000,1465104429.377901,1465104434.379179,1465104434.468000
5,1465104428.453000,1465104429.134466,1465104434.138080,1465104434.226000
6,1465104428.453000,1465104429.376412,1465104434.377723,1465104434.463000
7,1465104428.453000,1465104429.075917,1465104434.077174,1465104434.179000
8,1465104428.453000,1465104429.046489,1465104434.047924,1465104434.147000
9,1465104428.453000,1465104429.146436,1465104434.147882,1465104434.227000
10,1465104428.453000,1465104429.102398,1465104434.104036,1465104434.190000
11,1465104428.453000,1465104429.180260,1465104434.181526,1465104434.254000
12,1465104428.453000,1465104429.114326,1465104434.115652,1465104434.201000
13,1465104428.453000,1465104429.110598,1465104434.111861,1465104434.189000
14,1465104428.454000,1465104429.371896,1465104434.373091,1465104434.463000
15,1465104428.454000,1465104429.218492,1465104434.219797,1465104434.295000
16,1465104428.454000,1465104429.105017,1465104434.106503,1465104434.184000
17,1465104428.454000,1465104429.467366,1465104434.468544,1465104434.565000
18,1465104428.455000,1465104429.404486,1465104434.405807,1465104434.484000
19,1465104428.455000,1465104429.374228,1465104434.375510,1465104434.454000
20,1465104428.455000,1465104429.374048,1465104434.375256,1465104434.454000
21,1465104428.455000,1465104429.122626,1465104434.124219,1465104434.213000
22,1465104428.455000,1465104429.180132,1465104434.181408,1465104434.269000
23,1465104428.455000,1465104429.173808,1465104434.175397,1465104434.257000
24,1465104428.456000,1465104429.209127,1465104434.210357,1465104434.290000
25,1465104428.456000,1465104429.120507,1465104434.121957,1465104434.199000
26,1465104428.456000,1465104429.394255,1465104434.395490,1465104434.479000
27,1465104428.456000,1465104429.110716,1465104434.112288,1465104434.192000
28,1465104428.458000,1465104429.102355,1465104434.103825,1465104434.191000
29,1465104428.458000,1465104429.121816,1465104434.123046,1465104434.206000
30,1465104428.459000,1465104429.113098,1465104434.114315,1465104434.175000
31,1465104428.459000,1465104429.110769,1465104434.124351,1465104434.212000
32,1465104428.459000,1465104429.200400,1465104434.201590,1465104434.275000
33,1465104428.459000,1465104429.188691,1465104434.190309,1465104434.275000
34,1465104428.459000,1465104429.135722,1465104434.136983,1465104434.218000
35,1465104428.459000,1465104429.177625,1465104434.178860,1465104434.241000
36,1465104428.459000,1465104429.411401,1465104434.412595,1465104434.499000
37,1465104428.459000,1465104429.058875,1465104434.060410,1465104434.141000
38,1465104428.459000,1465104429.213461,1465104434.215161,1465104434.294000
39,1465104428.459000,1465104429.149321,1465104434.165944,1465104434.245000
40,1465104428.459000,1465104429.157966,1465104434.159707,1465104434.235000
41,1465104428.459000,1465104429.166375,1465104434.167694,1465104434.239000
42,1465104428.459000,1465104429.469410,1465104434.470598,1465104434.531000
43,1465104428.460000,1465104429.144387,1465104434.145814,1465104434.206000
44,1465104428.460000,1465104429.145574,1465104434.146973,1465104434.227000
45,1465104428.460000,1465104430.916124,1465104435.917677,1465104435.999000
46,1465104428.460000,1465104429.100817,1465104434.102371,1465104434.182000
47,1465104428.460000,1465104429.131364,1465104434.132859,1465104434.223000
48,1465104428.461000,1465104429.157598,1465104434.158874,1465104434.261000
49,1465104428.462000,1465104429.389518,1465104434.390729,1465104434.473000
50,1465104428.462000,1465104429.156627,1465104434.157938,1465104434.239000
51,1465104428.462000,1465104429.134802,1465104434.155718,1465104434.245000
52,1465104428.464000,1465104429.420752,1465104434.422267,1465104434.506000
53,1465104428.466000,1465104429.188690,1465104434.189866,1465104434.268000
54,1465104428.466000,1465104429.158784,1465104434.160179,1465104434.248000
55,1465104428.466000,1465104429.152141,1465104434.155140,1465104434.241000
56,1465104428.467000,1465104429.425005,1465104434.426177,1465104434.501000
57,1465104428.467000,1465104429.465386,1465104434.466618,1465104434.564000
58,1465104428.467000,1465104429.415139,1465104434.416400,1465104434.496000
59,1465104428.467000,1465104429.426734,1465104434.427947,1465104434.525000
60,1465104428.467000,1465104429.167738,1465104434.170863,1465104434.256000
61,1465104428.467000,1465104429.380384,1465104434.381878,1465104434.461000
62,1465104428.467000,1465104429.125706,1465104434.127650,1465104434.217000
63,1465104428.467000,1465104429.410850,1465104434.412033,1465104434.487000
64,1465104428.467000,1465104429.359537,1465104434.360715,1465104434.460000
65,1465104428.467000,1465104429.448151,1465104434.462147,1465104434.540000
66,1465104428.467000,1465104429.076785,1465104434.078001,1465104434.177000
67,1465104428.467000,1465104429.418443,1465104434.419666,1465104434.517000
68,1465104428.467000,1465104429.112751,1465104434.114247,1465104434.195000
69,1465104428.467000,1465104429.123928,1465104434.125155,1465104434.210000
70,1465104428.467000,1465104429.170636,1465104434.171795,1465104434.242000
71,1465104428.468000,1465104429.109510,1465104434.111097,1465104434.191000
72,1465104428.468000,1465104429.168734,1465104434.186752,1465104434.267000
73,1465104428.468000,1465104429.131332,1465104434.132951,1465104434.213000
74,1465104428.468000,1465104429.406286,1465104434.407639,1465104434.482000
75,1465104428.468000,1465104429.424325,1465104434.425925,1465104434.506000
76,1465104428.468000,1465104429.143832,1465104434.158630,1465104434.237000
77,1465104428.468000,1465104429.414311,1465104434.415605,1465104434.494000
78,1465104428.468000,1465104429.115974,1465104434.117313,1465104434.196000
79,1465104428.468000,1465104429.130665,1465104434.134554,1465104434.224000
80,1465104428.468000,1465104429.411264,1465104434.412745,1465104434.493000
81,1465104428.468000,0.000000,0.000000,0.000000
82,1465104428.468000,1465104430.926752,1465104435.928395,1465104436.008000
83,1465104428.468000,1465104429.149536,1465104434.151191,1465104434.231000
84,1465104428.468000,1465104430.903990,1465104435.905563,1465104435.991000
85,1465104428.468000,1465104429.440006,1465104434.441259,1465104434.521000
86,1465104428.468000,1465104429.119943,1465104434.121618,1465104434.196000
87,1465104428.468000,0.000000,0.000000,0.000000
88,1465104428.468000,1465104430.922184,1465104435.923433,1465104436.004000
89,1465104428.468000,1465104429.378881,1465104434.380122,1465104434.476000
90,1465104428.468000,1465104429.119696,1465104434.121189,1465104434.207000
91,1465104428.469000,1465104429.130472,1465104434.131775,1465104434.217000
92,1465104428.469000,1465104429.154679,1465104434.155886,1465104434.238000
93,1465104428.469000,1465104429.081054,1465104434.082327,1465104434.184000
94,1465104428.469000,1465104430.971854,1465104435.973172,1465104436.049000
95,1465104428.469000,1465104429.481140,1465104434.482442,1465104434.543000
96,1465104428.469000,1465104429.453282,1465104434.454609,1465104434.539000
97,1465104428.469000,1465104429.425646,1465104434.426962,1465104434.502000
98,1465104428.469000,1465104429.169472,1465104434.171184,1465104434.251000
99,1465104428.469000,1465104429.467577,1465104434.468902,1465104434.549000
100,1465104428.469000,1465104429.409753,1465104434.411128,1465104434.488000
101,1465104428.469000,1465104429.419745,1465104434.420936,1465104434.517000
102,1465104428.469000,1465104429.136873,1465104434.138078,1465104434.227000
103,1465104428.469000,1465104429.088226,1465104434.089679,1465104434.175000
104,1465104428.469000,1465104429.162329,1465104434.163687,1465104434.239000
105,1465104428.469000,1465104429.113951,1465104434.115397,1465104434.193000
106,1465104428.469000,1465104429.154546,1465104434.156031,1465104434.229000
107,1465104428.469000,1465104429.394705,1465104434.395915,1465104434.475000
108,1465104428.469000,1465104429.459967,1465104434.461775,1465104434.537000
109,1465104428.469000,1465104429.389399,1465104434.390642,1465104434.488000
110,1465104428.470000,1465104429.489127,1465104434.490300,1465104434.567000
111,1465104428.470000,1465104429.386154,1465104434.387439,1465104434.474000
112,1465104428.470000,1465104429.100938,1465104434.102521,1465104434.192000
113,1465104428.470000,1465104429.106446,1465104434.108218,1465104434.189000
114,1465104428.470000,1465104429.396090,1465104434.397426,1465104434.482000
115,1465104428.474000,1465104429.151917,1465104434.164051,1465104434.252000
116,1465104428.474000,1465104429.152221,1465104434.154673,1465104434.242000
117,1465104428.477000,1465104429.153444,1465104434.154780,1465104434.216000
118,1465104428.479000,1465104429.411326,1465104434.412638,1465104434.490000
119,1465104428.479000,1465104429.194888,1465104434.196178,1465104434.273000
120,1465104428.479000,1465104429.371614,1465104434.373050,1465104434.457000
121,1465104428.479000,1465104429.114872,1465104434.116499,1465104434.204000
122,1465104428.480000,1465104429.107414,1465104434.108699,1465104434.211000
123,1465104428.480000,1465104429.404769,1465104434.406023,1465104434.491000
124,1465104428.480000,1465104429.461739,1465104434.463026,1465104434.524000
125,1465104428.480000,1465104429.400819,1465104434.402083,1465104434.480000
126,1465104428.480000,1465104429.444024,1465104434.445291,1465104434.520000
127,1465104428.480000,1465104429.186927,1465104434.188221,1465104434.266000
128,1465104428.480000,1465104429.149794,1465104434.151076,1465104434.231000
129,1465104428.480000,1465104429.386468,1465104434.387732,1465104434.470000
130,1465104428.480000,1465104429.399435,1465104434.411330,1465104434.496000
131,1465104428.480000,1465104429.407324,1465104434.408950,1465104434.489000
132,1465104428.481000,1465104429.482044,1465104434.483227,1465104434.556000
133,1465104428.481000,1465104430.930206,1465104435.937392,1465104436.013000
134,1465104428.482000,1465104429.180939,1465104434.182698,1465104434.263000
135,1465104428.482000,1465104430.950818,1465104435.952327,1465104436.050000
136,1465104428.482000,1465104429.375516,1465104434.376735,1465104434.455000
137,1465104428.482000,1465104429.176367,1465104434.188983,1465104434.270000
138,1465104428.482000,1465104429.390027,1465104434.391309,1465104434.471000
139,1465104428.482000,1465104429.105808,1465104434.107127,1465104434.187000
140,1465104428.482000,1465104429.467951,1465104434.469097,1465104434.539000
141,1465104428.482000,1465104429.411500,1465104434.412707,1465104434.485000
142,1465104428.482000,1465104429.175902,1465104434.177878,1465104434.259000
143,1465104428.483000,1465104429.392881,1465104434.394297,1465104434.473000
144,1465104428.483000,1465104429.179481,1465104434.180902,1465104434.270000
145,1465104428.484000,1465104429.476048,1465104434.477345,1465104434.562000
146,1465104428.484000,1465104429.424563,1465104434.425790,1465104434.511000
147,1465104428.484000,1465104429.392425,1465104434.393845,1465104434.479000
148,1465104428.484000,1465104429.423067,1465104434.424352,1465104434.505000
149,1465104428.484000,1465104429.434136,1465104434.435432,1465104434.525000
150,1465104428.484000,1465104429.200977,1465104434.202239,1465104434.273000
151,1465104428.485000,1465104429.381072,1465104434.382666,1465104434.462000
152,1465104428.485000,1465104429.427153,1465104434.428682,1465104434.507000
153,1465104428.485000,1465104429.447125,1465104434.448367,1465104434.532000
154,1465104428.485000,1465104429.402418,1465104434.403674,1465104434.489000
155,1465104428.485000,1465104429.379567,1465104434.380753,1465104434.464000
156,1465104428.485000,1465104429.125923,1465104434.134873,1465104434.223000
157,1465104428.485000,1465104429.374206,1465104434.375588,1465104434.455000
158,1465104428.486000,1465104429.215785,1465104434.216964,1465104434.289000
159,1465104428.486000,1465104430.913996,1465104435.915593,1465104436.012000
160,1465104428.486000,1465104429.393765,1465104434.395020,1465104434.496000
161,1465104428.486000,1465104429.406798,1465104434.408205,1465104434.496000
162,1465104428.486000,1465104429.127908,1465104434.129155,1465104434.215000
163,1465104428.486000,1465104429.374421,1465104434.375696,1465104434.462000
164,1465104428.486000,1465104430.922196,1465104435.923683,1465104436.012000
165,1465104428.486000,1465104430.938993,1465104435.940453,1465104436.028000
166,1465104428.486000,1465104429.445678,1465104434.447144,1465104434.517000
167,1465104428.486000,1465104429.179747,1465104434.181000,1465104434.267000
168,1465104428.486000,1465104429.481700,1465104434.482982,1465104434.563000
169,1465104428.486000,1465104429.191461,1465104434.192684,1465104434.273000
170,1465104428.487000,1465104429.387119,1465104434.388460,1465104434.486000
171,1465104428.487000,1465104429.129503,1465104434.131045,1465104434.217000
172,1465104428.487000,1465104429.124910,1465104434.126208,1465104434.206000
173,1465104428.487000,1465104429.178117,1465104434.179449,1465104434.264000
174,1465104428.487000,1465104429.421341,1465104434.422610,1465104434.493000
175,1465104428.487000,1465104429.385701,1465104434.391812,1465104434.476000
176,1465104428.487000,1465104429.146565,1465104434.156077,1465104434.245000
177,1465104428.487000,1465104429.170493,1465104434.172177,1465104434.253000
178,1465104428.487000,1465104429.195637,1465104434.196837,1465104434.268000
179,1465104428.487000,1465104429.453011,1465104434.454236,1465104434.525000
180,1465104428.487000,1465104429.121790,1465104434.123088,1465104434.201000
181,1465104428.487000,1465104429.476030,1465104434.477416,1465104434.574000
182,1465104428.487000,1465104429.458489,1465104434.460057,1465104434.521000
183,1465104428.487000,1465104429.486257,1465104434.487907,1465104434.568000
184,1465104428.487000,1465104429.125154,1465104434.144091,1465104434.231000
185,1465104428.487000,1465104429.113088,1465104434.114616,1465104434.193000
186,1465104428.487000,1465104429.406094,1465104434.407341,1465104434.481000
187,1465104428.487000,1465104429.459889,1465104434.461069,1465104434.531000
188,1465104428.487000,1465104429.063225,1465104434.064791,1465104434.167000
189,1465104428.487000,1465104429.191319,1465104434.193184,1465104434.263000
190,1465104428.487000,0.000000,0.000000,0.000000
191,1465104428.488000,1465104429.443885,1465104434.445224,1465104434.529000
192,1465104428.488000,1465104429.156016,1465104434.157164,1465104434.234000
193,1465104428.488000,1465104429.417342,1465104434.418554,1465104434.508000
194,1465104428.488000,1465104429.429254,1465104434.430519,1465104434.519000
195,1465104428.488000,1465104429.428433,1465104434.429735,1465104434.500000
196,1465104428.488000,1465104429.428223,1465104434.429372,1465104434.506000
197,1465104428.488000,1465104429.440616,1465104434.441907,1465104434.531000
198,1465104428.488000,0.000000,0.000000,0.000000
199,1465104428.488000,1465104430.950005,1465104435.951489,1465104436.024000
200,1465104428.488000,1465104429.192279,1465104434.193560,1465104434.274000
201,1465104428.488000,1465104429.150937,1465104434.162106,1465104434.239000
202,1465104428.488000,1465104429.457633,1465104434.474550,1465104434.554000
203,1465104428.488000,1465104429.394090,1465104434.395329,1465104434.474000
204,1465104428.488000,1465104429.199853,1465104434.201089,1465104434.290000
205,1465104428.488000,1465104429.201703,1465104434.203156,1465104434.283000
206,1465104428.488000,1465104429.493423,1465104434.494677,1465104434.571000
207,1465104428.488000,1465104429.128887,1465104434.130172,1465104434.232000
208,1465104428.488000,1465104429.122250,1465104434.123785,1465104434.205000
209,1465104428.488000,1465104430.947025,1465104435.948295,1465104436.028000
210,1465104428.488000,1465104429.429256,1465104434.430543,1465104434.511000
211,1465104428.488000,1465104429.150196,1465104434.151554,1465104434.226000
212,1465104428.488000,1465104429.116863,1465104434.120472,1465104434.195000
213,1465104428.488000,1465104429.149439,1465104434.150735,1465104434.228000
214,1465104428.488000,1465104429.160896,1465104434.162170,1465104434.251000
215,1465104428.488000,1465104429.169254,1465104434.170647,1465104434.246000
216,1465104428.488000,1465104429.148546,1465104434.149814,1465104434.235000
217,1465104428.488000,1465104429.430790,1465104434.451271,1465104434.536000
218,1465104428.488000,1465104429.193390,1465104434.194732,1465104434.273000
219,1465104428.488000,1465104429.468598,1465104434.469812,1465104434.548000
220,1465104428.488000,1465104429.150675,1465104434.151851,1465104434.237000
221,1465104428.488000,1465104429.380115,1465104434.381461,1465104434.466000
222,1465104428.488000,1465104429.419028,1465104434.420183,1465104434.518000
223,1465104428.488000,1465104429.135999,1465104434.137319,1465104434.225000
224,1465104428.488000,1465104429.172498,1465104434.174083,1465104434.270000
225,1465104428.489000,1465104429.179391,1465104434.180712,1465104434.254000
226,1465104428.489000,1465104429.116260,1465104434.117648,1465104434.198000
227,1465104428.489000,1465104429.207200,1465104434.208813,1465104434.283000
228,1465104428.489000,1465104429.133573,1465104434.137307,1465104434.226000
229,1465104428.489000,1465104429.175018,1465104434.177086,1465104434.256000
230,1465104428.489000,1465104429.140072,1465104434.141368,1465104434.219000
231,1465104428.489000,1465104429.407194,1465104434.408433,1465104434.511000
232,1465104428.489000,1465104429.190173,1465104434.197819,1465104434.273000
233,1465104428.489000,1465104429.468897,1465104434.473867,1465104434.559000
234,1465104428.489000,1465104429.196318,1465104434.197489,1465104434.275000
235,1465104428.489000,1465104429.144881,1465104434.146117,1465104434.224000
236,1465104428.489000,1465104429.179993,1465104434.181244,1465104434.262000
237,1465104428.489000,1465104429.183240,1465104434.184411,1465104434.270000
238,1465104428.489000,1465104429.151135,1465104434.152325,1465104434.223000
239,1465104428.489000,1465104429.141550,1465104434.142869,1465104434.224000
240,1465104428.489000,1465104429.219222,1465104434.226894,1465104434.307000
241,1465104428.489000,1465104429.119600,1465104434.123275,1465104434.199000
242,1465104428.489000,1465104429.215877,1465104434.217155,1465104434.291000
243,1465104428.489000,1465104429.158631,1465104434.160073,1465104434.248000
244,1465104428.489000,1465104429.443549,1465104434.445001,1465104434.516000
245,1465104428.489000,1465104429.391834,1465104434.393003,1465104434.475000
246,1465104428.489000,1465104429.481227,1465104434.482400,1465104434.557000
247,1465104428.489000,1465104429.136795,1465104434.138007,1465104434.221000
248,1465104428.489000,1465104429.186283,1465104434.187509,1465104434.267000
249,1465104428.489000,1465104429.441282,1465104434.442480,1465104434.521000
250,1465104428.489000,1465104429.205001,1465104434.206695,1465104434.291000
251,1465104428.489000,1465104429.127811,1465104434.129000,1465104434.203000
252,1465104428.489000,1465104429.159538,1465104434.160809,1465104434.240000
253,1465104428.489000,1465104429.405068,1465104434.406308,1465104434.496000
254,1465104428.489000,1465104429.423928,1465104434.425567,1465104434.500000
255,1465104428.489000,1465104429.158656,1465104434.159984,1465104434.245000
256,1465104428.489000,1465104429.173606,1465104434.174921,1465104434.253000
257,1465104428.490000,0.000000,0.000000,0.000000
258,1465104428.490000,1465104429.198709,1465104434.215648,1465104434.295000
259,1465104428.490000,1465104429.197376,1465104434.198628,1465104434.276000
260,1465104428.490000,1465104429.451820,1465104434.470862,1465104434.551000
261,1465104428.490000,1465104429.395670,1465104434.396986,1465104434.478000
262,1465104428.490000,1465104429.388481,1465104434.389836,1465104434.471000
263,1465104428.490000,1465104429.130893,1465104434.132450,1465104434.218000
264,1465104428.490000,1465104429.224773,1465104434.227678,1465104434.302000
265,1465104428.490000,1465104429.398225,1465104434.399571,1465104434.475000
266,1465104428.490000,1465104429.171988,1465104434.173173,1465104434.248000
267,1465104428.490000,1465104429.458816,1465104434.460145,1465104434.530000
268,1465104428.490000,1465104429.110536,1465104434.112314,1465104434.199000
269,1465104428.490000,1465104429.451258,1465104434.452516,1465104434.536000
270,1465104428.490000,1465104429.469946,1465104434.471154,1465104434.556000
271,1465104428.490000,1465104429.169026,1465104434.170235,1465104434.259000
272,1465104428.490000,1465104429.177780,1465104434.179702,1465104434.254000
273,1465104428.490000,1465104429.400688,1465104434.401921,1465104434.482000
274,1465104428.490000,1465104429.156849,1465104434.158076,1465104434.218000
275,1465104428.490000,1465104429.173008,1465104434.174308,1465104434.252000
276,1465104428.490000,1465104429.198844,1465104434.200221,1465104434.298000
277,1465104428.490000,1465104429.144003,1465104434.145209,1465104434.230000
278,1465104428.490000,1465104429.156547,1465104434.174706,1465104434.252000
279,1465104428.490000,1465104429.180454,1465104434.181670,1465104434.266000
280,1465104428.491000,1465104429.195684,1465104434.196882,1465104434.284000
281,1465104428.491000,1465104429.175300,1465104434.176675,1465104434.259000
282,1465104428.491000,1465104429.475430,1465104434.476635,1465104434.566000
283,1465104428.491000,1465104429.166124,1465104434.167845,1465104434.248000
284,1465104428.493000,1465104429.196977,1465104434.198784,1465104434.287000
285,1465104428.498000,1465104429.203470,1465104434.204665,1465104434.283000
286,1465104428.504000,1465104429.154322,1465104434.155560,1465104434.233000
287,1465104428.514000,1465104429.159329,1465104434.160757,1465104434.246000
288,1465104428.515000,1465104429.444000,1465104434.445262,1465104434.529000
289,1465104428.515000,1465104429.191550,1465104434.192755,1465104434.279000
290,1465104428.515000,1465104429.170264,1465104434.171468,1465104434.260000
291,1465104428.515000,1465104429.171642,1465104434.180298,1465104434.256000
292,1465104428.515000,1465104429.136756,1465104434.138253,1465104434.210000
293,1465104428.515000,1465104429.417674,1465104434.419028,1465104434.498000
294,1465104428.515000,1465104429.165038,1465104434.166367,1465104434.252000
295,1465104428.515000,1465104429.133592,1465104434.134823,1465104434.213000
296,1465104428.516000,1465104429.198901,1465104434.217395,1465104434.293000
297,1465104428.516000,1465104429.430802,1465104434.431965,1465104434.504000
298,1465104428.516000,1465104429.156478,1465104434.157731,1465104434.236000
299,1465104428.516000,1465104429.135447,1465104434.136834,1465104434.222000
300,1465104428.516000,1465104429.157235,1465104434.158486,1465104434.247000
301,1465104428.517000,1465104429.186799,1465104434.188001,1465104434.265000
302,1465104428.517000,1465104429.178269,1465104434.179573,1465104434.258000
303,1465104428.517000,1465104429.149418,1465104434.150807,1465104434.228000
304,1465104428.517000,1465104429.180137,1465104434.181438,1465104434.262000
305,1465104428.517000,1465104429.442648,1465104434.444155,1465104434.522000
306,1465104428.517000,1465104429.180537,1465104434.182167,1465104434.262000
307,1465104428.517000,1465104429.186873,1465104434.188230,1465104434.266000
308,1465104428.517000,1465104429.170020,1465104434.171218,1465104434.270000
309,1465104428.518000,1465104429.451274,1465104434.452593,1465104434.524000
310,1465104428.518000,1465104429.230102,1465104434.243514,1465104434.314000
311,1465104428.518000,1465104429.141506,1465104434.142895,1465104434.217000
312,1465104428.518000,1465104429.165539,1465104434.169883,1465104434.241000
313,1465104428.518000,1465104430.944783,1465104435.946425,1465104436.034000
314,1465104428.519000,1465104429.127228,1465104434.128938,1465104434.203000
315,1465104428.519000,1465104429.493072,1465104434.494738,1465104434.575000
316,1465104428.519000,1465104429.441581,1465104434.443452,1465104434.514000
317,1465104428.519000,1465104429.146080,1465104434.147349,1465104434.234000
318,1465104428.519000,1465104430.969791,1465104435.971314,1465104436.046000
319,1465104428.519000,1465104429.177805,1465104434.179155,1465104434.253000
320,1465104428.519000,1465104429.425041,1465104434.426402,1465104434.515000
321,1465104428.520000,1465104429.307208,1465104434.308581,1465104434.396000
322,1465104428.520000,1465104429.131442,1465104434.132948,1465104434.203000
323,1465104428.520000,1465104429.516781,1465104434.518077,1465104434.597000
324,1465104428.520000,1465104429.471630,1465104434.472967,1465104434.557000
325,1465104428.521000,1465104429.428380,1465104434.429685,1465104434.509000
326,1465104428.521000,1465104429.159536,1465104434.160766,1465104434.246000
327,1465104428.521000,1465104429.452424,1465104434.453688,1465104434.539000
328,1465104428.521000,1465104429.447497,1465104434.448686,1465104434.526000
329,1465104428.521000,1465104429.162769,1465104434.163954,1465104434.246000
330,1465104428.521000,1465104429.131748,1465104434.133084,1465104434.222000
331,1465104428.521000,1465104429.190104,1465104434.191293,1465104434.263000
332,1465104428.522000,1465104429.200886,1465104434.202153,1465104434.287000
333,1465104428.521000,1465104429.166981,1465104434.168744,1465104434.249000
334,1465104428.522000,1465104429.169610,1465104434.170759,1465104434.256000
335,1465104428.522000,1465104429.439346,1465104434.440946,1465104434.522000
336,1465104428.522000,1465104429.164714,1465104434.166377,1465104434.254000
337,1465104428.522000,1465104429.199392,1465104434.200950,1465104434.272000
338,1465104428.522000,1465104429.468890,1465104434.470068,1465104434.545000
339,1465104428.522000,1465104429.146477,1465104434.147782,1465104434.227000
340,1465104428.522000,1465104429.417726,1465104434.418940,1465104434.497000
341,1465104428.522000,1465104429.143322,1465104434.145130,1465104434.225000
342,1465104428.522000,1465104429.176119,1465104434.177701,1465104434.239000
343,1465104428.522000,1465104429.434619,1465104434.435914,1465104434.522000
344,1465104428.522000,1465104429.182815,1465104434.184502,1465104434.274000
345,1465104428.523000,1465104429.202410,1465104434.203743,1465104434.282000
346,1465104428.524000,1465104429.409173,1465104434.410430,1465104434.489000
347,1465104428.524000,1465104429.424000,1465104434.425169,1465104434.503000
348,1465104428.524000,1465104429.443083,1465104434.444875,1465104434.523000
349,1465104428.524000,1465104429.183164,1465104434.184440,1465104434.283000
350,1465104428.524000,1465104429.153660,1465104434.154892,1465104434.233000
351,1465104428.524000,1465104429.212984,1465104434.214524,1465104434.293000
352,1465104428.524000,1465104429.199522,1465104434.200727,1465104434.270000
353,1465104428.524000,1465104429.470457,1465104434.471643,1465104434.544000
354,1465104428.524000,1465104429.200022,1465104434.201242,1465104434.282000
355,1465104428.524000,1465104429.470954,1465104434.472250,1465104434.558000
356,1465104428.524000,1465104429.167057,1465104434.168461,1465104434.257000
357,1465104428.524000,1465104429.187281,1465104434.188711,1465104434.249000
358,1465104428.525000,1465104429.511058,1465104434.512414,1465104434.602000
359,1465104428.525000,1465104429.194119,1465104434.195659,1465104434.284000
360,1465104428.525000,1465104429.198470,1465104434.199822,1465104434.280000
361,1465104428.525000,1465104429.432471,1465104434.433722,1465104434.513000
362,1465104428.525000,1465104429.184563,1465104434.185868,1465104434.284000
363,1465104428.525000,1465104429.447085,1465104434.448806,1465104434.519000
364,1465104428.526000,1465104429.222455,1465104434.223631,1465104434.284000
365,1465104428.526000,1465104429.416964,1465104434.418278,1465104434.499000
366,1465104428.526000,1465104429.458109,1465104434.459355,1465104434.536000
367,1465104428.526000,1465104429.183981,1465104434.185596,1465104434.265000
368,1465104428.526000,1465104429.167988,1465104434.169580,1465104434.259000
369,1465104428.526000,1465104429.197426,1465104434.199044,1465104434.279000
370,1465104428.526000,1465104429.524143,1465104434.525395,1465104434.586000
371,1465104428.526000,1465104429.224344,1465104434.243749,1465104434.314000
372,1465104428.527000,1465104429.186874,1465104434.188379,1465104434.273000
373,1465104428.527000,1465104429.170563,1465104434.172419,1465104434.252000
374,1465104428.527000,1465104429.119894,1465104434.121597,1465104434.204000
375,1465104428.527000,1465104429.462570,1465104434.467015,1465104434.547000
376,1465104428.528000,1465104430.945409,1465104435.947159,1465104436.026000
377,1465104428.528000,1465104429.188336,1465104434.189861,1465104434.276000
378,1465104428.528000,1465104429.445959,1465104434.447295,1465104434.534000
379,1465104428.529000,1465104429.149292,1465104434.152013,1465104434.237000
380,1465104428.529000,1465104429.169031,1465104434.170295,1465104434.260000
381,1465104428.529000,1465104429.466376,1465104434.467721,1465104434.556000
382,1465104428.529000,1465104429.452422,1465104434.453720,1465104434.531000
383,1465104428.529000,1465104429.195045,1465104434.203728,1465104434.273000
384,1465104428.529000,1465104429.482948,1465104434.484158,1465104434.544000
385,1465104428.529000,1465104429.191045,1465104434.192599,1465104434.272000
386,1465104428.529000,1465104429.433103,1465104434.434402,1465104434.520000
387,1465104428.529000,1465104429.189898,1465104434.191120,1465104434.251000
388,1465104428.529000,1465104429.154239,1465104434.155603,1465104434.243000
389,1465104428.530000,1465104429.455746,1465104434.456991,1465104434.537000
390,1465104428.530000,1465104429.133295,1465104434.134718,1465104434.232000
391,1465104428.530000,1465104429.198891,1465104434.200239,1465104434.274000
392,1465104428.530000,1465104429.174489,1465104434.175906,1465104434.256000
393,1465104428.530000,1465104429.509797,1465104434.511060,1465104434.588000
394,1465104428.530000,1465104429.154140,1465104434.167001,1465104434.247000
395,1465104428.531000,1465104429.199517,1465104434.200760,1465104434.289000
396,1465104428.531000,1465104429.173603,1465104434.175052,1465104434.254000
397,1465104428.531000,1465104429.135440,1465104434.137307,1465104434.226000
398,1465104428.532000,1465104429.172767,1465104434.174344,1465104434.254000
399,1465104428.532000,1465104429.179947,1465104434.181376,1465104434.262000
400,1465104428.532000,1465104429.189130,1465104434.190992,1465104434.275000
401,1465104428.532000,1465104429.184783,1465104434.186213,1465104434.266000
402,1465104428.532000,1465104429.440776,1465104434.442265,1465104434.512000
403,1465104428.532000,1465104429.196187,1465104434.197492,1465104434.297000
404,1465104428.533000,1465104429.170548,1465104434.171873,1465104434.257000
405,1465104428.533000,1465104429.136054,1465104434.137613,1465104434.213000
406,1465104428.533000,1465104429.156252,1465104434.157494,1465104434.244000
407,1465104428.533000,1465104429.166452,1465104434.167731,1465104434.252000
408,1465104428.533000,1465104429.469954,1465104434.471591,1465104434.551000
409,1465104428.534000,1465104429.211717,1465104434.212990,1465104434.290000
410,1465104428.534000,1465104429.160544,1465104434.162090,1465104434.241000
411,1465104428.534000,1465104429.489141,1465104434.490384,1465104434.551000
412,1465104428.534000,1465104429.189131,1465104434.206531,1465104434.287000
413,1465104428.534000,1465104429.134892,1465104434.136228,1465104434.226000
414,1465104428.534000,1465104429.159541,1465104434.161003,1465104434.249000
415,1465104428.535000,1465104429.182904,1465104434.198022,1465104434.287000
416,1465104428.535000,1465104429.475004,1465104434.476225,1465104434.561000
417,1465104428.535000,1465104429.195524,1465104434.196749,1465104434.278000
418,1465104428.535000,1465104429.454607,1465104434.456063,1465104434.533000
419,1465104428.535000,1465104429.215666,1465104434.217482,1465104434.293000
420,1465104428.535000,1465104429.167487,1465104434.169078,1465104434.250000
421,1465104428.536000,1465104429.190136,1465104434.191299,1465104434.280000
422,1465104428.536000,1465104429.201693,1465104434.202926,1465104434.289000
423,1465104428.536000,1465104429.194488,1465104434.195700,1465104434.274000
424,1465104428.536000,1465104429.167385,1465104434.168663,1465104434.256000
425,1465104428.536000,1465104429.197868,1465104434.199744,1465104434.279000
426,1465104428.536000,1465104429.499242,1465104434.500405,1465104434.577000
427,1465104428.536000,1465104429.174277,1465104434.175489,1465104434.265000
428,1465104428.536000,1465104429.461908,1465104434.463214,1465104434.549000
429,1465104428.536000,1465104429.187918,1465104434.190089,1465104434.261000
430,1465104428.536000,1465104429.512853,1465104434.514149,1465104434.594000
431,1465104428.537000,1465104429.469678,1465104434.471100,1465104434.547000
432,1465104428.537000,1465104429.206991,1465104434.209446,1465104434.284000
433,1465104428.537000,1465104429.176412,1465104434.177913,1465104434.258000
434,1465104428.538000,1465104429.184968,1465104434.186581,1465104434.275000
435,1465104428.538000,1465104429.188856,1465104434.190100,1465104434.275000
436,1465104428.539000,1465104429.180073,1465104434.181635,1465104434.261000
437,1465104428.539000,1465104429.165972,1465104434.168034,1465104434.257000
438,1465104428.539000,1465104429.180829,1465104434.182329,1465104434.259000
439,1465104428.539000,1465104429.164741,1465104434.184594,1465104434.272000
440,1465104428.539000,1465104429.212473,1465104434.213785,1465104434.293000
441,1465104428.539000,1465104429.166492,1465104434.167980,1465104434.244000
442,1465104428.539000,1465104429.187147,1465104434.188690,1465104434.263000
443,1465104428.540000,1465104429.195036,1465104434.196206,1465104434.271000
444,1465104428.540000,1465104429.183343,1465104434.184583,1465104434.265000
445,1465104428.540000,1465104429.208903,1465104434.210251,1465104434.282000
446,1465104428.540000,1465104429.169569,1465104434.171011,1465104434.249000
447,1465104428.540000,1465104429.187100,1465104434.188322,1465104434.274000
448,1465104428.540000,1465104429.209872,1465104434.211391,1465104434.281000
449,1465104428.540000,1465104429.142446,1465104434.143933,1465104434.220000
450,1465104428.540000,1465104429.192102,1465104434.193408,1465104434.272000
451,1465104428.540000,1465104429.184543,1465104434.185904,1465104434.276000
452,1465104428.540000,1465104429.481728,1465104434.482960,1465104434.560000
453,1465104428.541000,1465104429.194338,1465104434.195705,1465104434.273000
454,1465104428.541000,1465104429.149241,1465104434.151058,1465104434.236000
455,1465104428.541000,1465104429.206028,1465104434.207671,1465104434.287000
456,1465104428.541000,1465104429.173790,1465104434.179210,1465104434.268000
457,1465104428.542000,1465104429.196288,1465104434.197494,1465104434.295000
458,1465104428.542000,1465104429.476718,1465104434.478095,1465104434.574000
459,1465104428.543000,1465104429.262407,1465104434.263710,1465104434.338000
460,1465104428.543000,1465104429.162731,1465104434.164177,1465104434.250000
461,1465104428.543000,1465104429.193009,1465104434.194577,1465104434.281000
462,1465104428.543000,1465104429.202495,1465104434.203843,1465104434.281000
463,1465104428.543000,1465104429.182340,1465104434.183634,1465104434.254000
464,1465104428.543000,1465104429.208715,1465104434.209946,1465104434.270000
465,1465104428.543000,1465104429.175399,1465104434.176800,1465104434.262000
466,1465104428.544000,1465104429.210878,1465104434.212194,1465104434.290000
467,1465104428.544000,1465104429.149233,1465104434.150533,1465104434.239000
468,1465104428.544000,1465104429.156303,1465104434.169342,1465104434.255000
469,1465104428.544000,1465104429.178993,1465104434.180437,1465104434.265000
470,1465104428.545000,1465104429.452936,1465104434.454134,1465104434.552000
471,1465104428.545000,1465104429.187796,1465104434.191979,1465104434.266000
472,1465104428.545000,1465104429.178128,1465104434.185477,1465104434.259000
473,1465104428.545000,1465104429.184482,1465104434.185956,1465104434.266000
474,1465104428.545000,1465104429.177607,1465104434.179207,1465104434.268000
475,1465104428.546000,1465104429.205695,1465104434.207406,1465104434.286000
476,1465104428.546000,1465104429.185894,1465104434.187152,1465104434.276000
477,1465104428.546000,1465104429.206675,1465104434.208053,1465104434.286000
478,1465104428.546000,1465104429.170041,1465104434.171390,1465104434.252000
479,1465104428.546000,1465104429.153710,1465104434.155003,1465104434.244000
480,1465104428.546000,1465104429.207805,1465104434.209122,1465104434.292000
481,1465104428.546000,1465104429.176001,1465104434.177291,1465104434.248000
482,1465104428.546000,1465104429.197023,1465104434.198458,1465104434.274000
483,1465104428.547000,1465104429.199778,1465104434.201000,1465104434.287000
484,1465104428.547000,1465104429.206214,1465104434.207390,1465104434.295000
485,1465104428.547000,1465104429.205086,1465104434.206687,1465104434.285000
486,1465104428.547000,1465104429.210196,1465104434.211809,1465104434.291000
487,1465104428.547000,1465104429.204163,1465104434.205390,1465104434.276000
488,1465104428.547000,1465104429.186413,1465104434.188241,1465104434.269000
489,1465104428.547000,1465104429.189885,1465104434.191095,1465104434.279000
490,1465104428.547000,1465104429.173497,1465104434.174900,1465104434.253000
491,1465104428.548000,1465104429.472140,1465104434.473351,1465104434.533000
492,1465104428.548000,1465104429.368556,1465104434.369743,1465104434.452000
493,1465104428.548000,1465104429.447393,1465104434.449903,1465104434.520000
494,1465104428.548000,1465104429.204416,1465104434.205757,1465104434.292000
495,1465104428.548000,1465104429.151105,1465104434.152455,1465104434.237000
496,1465104428.548000,1465104429.176187,1465104434.177367,1465104434.248000
497,1465104428.548000,1465104429.351497,1465104434.352784,1465104434.438000
498,1465104428.548000,1465104429.197013,1465104434.198358,1465104434.268000
499,1465104428.548000,1465104429.270413,1465104434.271581,1465104434.343000
500,1465104428.548000,1465104429.223994,1465104434.225549,1465104434.300000
501,1465104428.548000,1465104429.258088,1465104434.259370,1465104434.329000
502,1465104428.548000,1465104429.359697,1465104434.360986,1465104434.448000
503,1465104428.548000,1465104429.631043,1465104434.632319,1465104434.710000
504,1465104428.548000,1465104429.163625,1465104434.164935,1465104434.245000
505,1465104428.548000,1465104429.193085,1465104434.194554,1465104434.275000
506,1465104428.548000,1465104429.448676,1465104434.449998,1465104434.535000
507,1465104428.548000,1465104429.207713,1465104434.209143,1465104434.284000
508,1465104428.548000,1465104429.200074,1465104434.201291,1465104434.281000
509,1465104428.548000,1465104429.181563,1465104434.183070,1465104434.261000
510,1465104428.548000,1465104429.263958,1465104434.265184,1465104434.344000
511,1465104428.549000,1465104429.196967,1465104434.198229,1465104434.275000
512,1465104428.549000,1465104429.213056,1465104434.234415,1465104434.320000
513,1465104428.549000,1465104429.205602,1465104434.206854,1465104434.292000
514,1465104428.549000,1465104429.256376,1465104434.257623,1465104434.338000
515,1465104428.549000,1465104429.198137,1465104434.199572,1465104434.298000
516,1465104428.549000,1465104429.251075,1465104434.252329,1465104434.330000
517,1465104428.549000,1465104429.219967,1465104434.221228,1465104434.291000
518,1465104428.549000,1465104429.223054,1465104434.224392,1465104434.305000
519,1465104428.549000,1465104429.214076,1465104434.215271,1465104434.302000
520,1465104428.549000,1465104429.231639,1465104434.233329,1465104434.303000
521,1465104428.549000,1465104429.259017,1465104434.260297,1465104434.339000
522,1465104428.549000,1465104429.221206,1465104434.222456,1465104434.300000
523,1465104428.549000,1465104429.320055,1465104434.321299,1465104434.396000
524,1465104428.549000,1465104429.211837,1465104434.213193,1465104434.285000
525,1465104428.549000,1465104429.271696,1465104434.272913,1465104434.333000
526,1465104428.549000,1465104429.298053,1465104434.299306,1465104434.378000
527,1465104428.549000,1465104429.223856,1465104434.225080,1465104434.309000
528,1465104428.549000,1465104429.201636,1465104434.203040,1465104434.280000
529,1465104428.549000,1465104429.339180,1465104434.340359,1465104434.415000
530,1465104428.549000,1465104429.294064,1465104434.297960,1465104434.379000
531,1465104428.549000,1465104429.217657,1465104434.219781,1465104434.300000
532,1465104428.549000,1465104429.224428,1465104434.225803,1465104434.301000
533,1465104428.549000,1465104429.315026,1465104434.316339,1465104434.390000
534,1465104428.549000,1465104429.177973,1465104434.179195,1465104434.257000
535,1465104428.550000,1465104429.202220,1465104434.203548,1465104434.274000
536,1465104428.550000,1465104429.187383,1465104434.188943,1465104434.278000
537,1465104428.550000,1465104429.211249,1465104434.212628,1465104434.287000
538,1465104428.550000,1465104429.159178,1465104434.160407,1465104434.239000
539,1465104428.550000,1465104429.238455,1465104434.239629,1465104434.311000
540,1465104428.550000,1465104430.949205,1465104435.950433,1465104436.047000
541,1465104428.550000,1465104429.198528,1465104434.199918,1465104434.285000
542,1465104428.550000,1465104429.266455,1465104434.268035,1465104434.347000
543,1465104428.550000,1465104429.476921,1465104434.478172,1465104434.539000
544,1465104428.550000,1465104429.252825,1465104434.254267,1465104434.329000
545,1465104428.550000,1465104429.247702,1465104434.249056,1465104434.334000
546,1465104428.550000,1465104429.211756,1465104434.214829,1465104434.300000
547,1465104428.550000,1465104429.185288,1465104434.186758,1465104434.266000
548,1465104428.550000,1465104429.645664,1465104434.646883,1465104434.719000
549,1465104428.550000,1465104429.137460,1465104434.138824,1465104434.218000
550,1465104428.550000,1465104429.189498,1465104434.190801,1465104434.272000
551,1465104428.550000,1465104429.190505,1465104434.206967,1465104434.287000
552,1465104428.550000,1465104429.344228,1465104434.345525,1465104434.425000
553,1465104428.550000,1465104429.197788,1465104434.199877,1465104434.276000
554,1465104428.550000,1465104429.168265,1465104434.170136,1465104434.255000
555,1465104428.550000,1465104429.175031,1465104434.176290,1465104434.274000
556,1465104428.550000,1465104429.289534,1465104434.290805,1465104434.376000
557,1465104428.550000,1465104429.182263,1465104434.183535,1465104434.285000
558,1465104428.550000,1465104429.226696,1465104434.240315,1465104434.316000
559,1465104428.550000,1465104429.159834,1465104434.161016,1465104434.239000
560,1465104428.550000,1465104429.165972,1465104434.167774,1465104434.257000
561,1465104428.550000,1465104429.216584,1465104434.218966,1465104434.299000
562,1465104428.550000,1465104429.346863,1465104434.348163,1465104434.418000
563,1465104428.550000,1465104429.194467,1465104434.195713,1465104434.281000
564,1465104428.551000,1465104429.270419,1465104434.271740,1465104434.352000
565,1465104428.551000,1465104429.223087,1465104434.224689,1465104434.304000
566,1465104428.551000,1465104429.345212,1465104434.346478,1465104434.426000
567,1465104428.551000,1465104429.158974,1465104434.160510,1465104434.241000
568,1465104428.551000,1465104429.461406,1465104434.462926,1465104434.538000
569,1465104428.551000,1465104429.201574,1465104434.202964,1465104434.278000
570,1465104428.551000,1465104429.192731,1465104434.193978,1465104434.271000
571,1465104428.551000,1465104429.566713,1465104434.567930,1465104434.640000
572,1465104428.551000,1465104429.611363,1465104434.612611,1465104434.700000
573,1465104428.551000,1465104429.198790,1465104434.199938,1465104434.270000
574,1465104428.551000,1465104429.267355,1465104434.268659,1465104434.339000
575,1465104428.551000,1465104429.294244,1465104434.298088,1465104434.379000
576,1465104428.551000,1465104429.173594,1465104434.174899,1465104434.253000
577,1465104428.551000,1465104429.211182,1465104434.212372,1465104434.291000
578,1465104428.551000,1465104429.210918,1465104434.212243,1465104434.282000
579,1465104428.551000,1465104429.174728,1465104434.181550,1465104434.264000
580,1465104428.551000,1465104429.204970,1465104434.207342,1465104434.305000
581,1465104428.551000,1465104429.212712,1465104434.215548,1465104434.301000
582,1465104428.551000,1465104429.255222,1465104434.256444,1465104434.345000
583,1465104428.551000,1465104429.205927,1465104434.207266,1465104434.289000
584,1465104428.551000,1465104429.313389,1465104434.314660,1465104434.393000
585,1465104428.551000,1465104429.175051,1465104434.176716,1465104434.256000
586,1465104428.551000,1465104429.321854,1465104434.323028,1465104434.421000
587,1465104428.551000,1465104429.185338,1465104434.186836,1465104434.274000
588,1465104428.551000,1465104429.245141,1465104434.246439,1465104434.325000
589,1465104428.551000,1465104429.181818,1465104434.183464,1465104434.272000
590,1465104428.551000,1465104429.267965,1465104434.269301,1465104434.345000
591,1465104428.552000,1465104429.216408,1465104434.218733,1465104434.298000
592,1465104428.552000,1465104429.262623,1465104434.263775,1465104434.341000
593,1465104428.552000,1465104429.202441,1465104434.203741,1465104434.289000
594,1465104428.552000,1465104429.282891,1465104434.284387,1465104434.363000
595,1465104428.552000,1465104429.186213,1465104434.187430,1465104434.273000
596,1465104428.552000,1465104429.352637,1465104434.353902,1465104434.435000
597,1465104428.552000,1465104429.169966,1465104434.171246,1465104434.269000
598,1465104428.552000,1465104429.285811,1465104434.287071,1465104434.367000
599,1465104428.552000,1465104429.274646,1465104434.275800,1465104434.354000
600,1465104428.552000,1465104429.188967,1465104434.190262,1465104434.288000
601,1465104428.552000,1465104429.292948,1465104434.294124,1465104434.355000
602,1465104428.552000,1465104429.202696,1465104434.203868,1465104434.291000
603,1465104428.552000,1465104429.197380,1465104434.215983,1465104434.305000
604,1465104428.552000,1465104429.183521,1465104434.184772,1465104434.272000
605,1465104428.552000,1465104429.278718,1465104434.279966,1465104434.360000
606,1465104428.552000,1465104429.217880,1465104434.219087,1465104434.289000
607,1465104428.552000,1465104429.205110,1465104434.206651,1465104434.304000
608,1465104428.552000,1465104429.352386,1465104434.353617,1465104434.431000
609,1465104428.552000,1465104429.202036,1465104434.203244,1465104434.263000
610,1465104428.552000,1465104429.219206,1465104434.220464,1465104434.304000
611,1465104428.552000,1465104429.217748,1465104434.219048,1465104434.299000
612,1465104428.553000,1465104429.199430,1465104434.201714,1465104434.284000
613,1465104428.553000,1465104429.310596,1465104434.311941,1465104434.391000
614,1465104428.553000,1465104429.204121,1465104434.205389,1465104434.307000
615,1465104428.553000,1465104429.224577,1465104434.225859,1465104434.322000
616,1465104428.553000,1465104429.204276,1465104434.207334,1465104434.305000
617,1465104428.553000,1465104429.227967,1465104434.229853,1465104434.309000
618,1465104428.553000,1465104429.189153,1465104434.192112,1465104434.272000
619,1465104428.553000,1465104429.197604,1465104434.200499,1465104434.280000
620,1465104428.553000,1465104429.258564,1465104434.259870,1465104434.362000
621,1465104428.553000,1465104429.188704,1465104434.190019,1465104434.292000
622,1465104428.553000,1465104429.271938,1465104434.273177,1465104434.343000
623,1465104428.553000,1465104429.223993,1465104434.225445,1465104434.310000
624,1465104428.553000,1465104429.223955,1465104434.225733,1465104434.295000
625,1465104428.553000,1465104429.306884,1465104434.308587,1465104434.384000
626,1465104428.553000,1465104429.641563,1465104434.642727,1465104434.728000
627,1465104428.553000,1465104429.215564,1465104434.216751,1465104434.294000
628,1465104428.553000,1465104429.212247,1465104434.213455,1465104434.299000
629,1465104428.553000,1465104429.641597,1465104434.642826,1465104434.715000
630,1465104428.554000,1465104429.226054,1465104434.227232,1465104434.324000
631,1465104428.554000,1465104429.268324,1465104434.269887,1465104434.368000
632,1465104428.554000,1465104429.345555,1465104434.346813,1465104434.428000
633,1465104428.554000,1465104429.284647,1465104434.286057,1465104434.369000
634,1465104428.554000,1465104429.213159,1465104434.214378,1465104434.303000
635,1465104428.554000,1465104429.163899,1465104434.165860,1465104434.252000
636,1465104428.554000,1465104429.310737,1465104434.312216,1465104434.387000
637,1465104428.554000,1465104429.333096,1465104434.334291,1465104434.422000
638,1465104428.554000,1465104429.217961,1465104434.219240,1465104434.305000
639,1465104428.554000,1465104429.220357,1465104434.221581,1465104434.301000
640,1465104428.554000,1465104429.270484,1465104434.271815,1465104434.350000
641,1465104428.554000,1465104429.318953,1465104434.320297,1465104434.399000
642,1465104428.555000,1465104429.286733,1465104434.288085,1465104434.369000
643,1465104428.555000,1465104429.281094,1465104434.282259,1465104434.357000
644,1465104428.555000,1465104429.231847,1465104434.233025,1465104434.313000
645,1465104428.555000,1465104429.148691,1465104434.154343,1465104434.240000
646,1465104428.555000,1465104429.211452,1465104434.212854,1465104434.300000
647,1465104428.555000,1465104429.182579,1465104434.184580,1465104434.273000
648,1465104428.555000,1465104429.172135,1465104434.174319,1465104434.257000
649,1465104428.555000,1465104429.166981,1465104434.169371,1465104434.250000
650,1465104428.555000,1465104429.351402,1465104434.360363,1465104434.442000
651,1465104428.555000,1465104429.224579,1465104434.226057,1465104434.300000
652,1465104428.555000,1465104429.195856,1465104434.197146,1465104434.274000
653,1465104428.555000,1465104429.324765,1465104434.325992,1465104434.428000
654,1465104428.555000,1465104429.195558,1465104434.203467,1465104434.274000
655,1465104428.555000,1465104429.255440,1465104434.256611,1465104434.328000
656,1465104428.555000,1465104429.229578,1465104434.233105,1465104434.303000
657,1465104428.555000,1465104429.248281,1465104434.249504,1465104434.347000
658,1465104428.555000,1465104429.181258,1465104434.182673,1465104434.259000
659,1465104428.555000,1465104429.226814,1465104434.228121,1465104434.329000
660,1465104428.555000,1465104429.184152,1465104434.186482,1465104434.273000
661,1465104428.555000,1465104429.195962,1465104434.197157,1465104434.268000
662,1465104428.555000,1465104429.167345,1465104434.168816,1465104434.249000
663,1465104428.555000,1465104429.213812,1465104434.215374,1465104434.290000
664,1465104428.555000,1465104429.154717,1465104434.156179,1465104434.237000
665,1465104428.556000,1465104429.309957,1465104434.311214,1465104434.391000
666,1465104428.556000,1465104429.368496,1465104434.369666,1465104434.447000
667,1465104428.556000,1465104429.323843,1465104434.325020,1465104434.400000
668,1465104428.556000,1465104429.195735,1465104434.197242,1465104434.271000
669,1465104428.556000,1465104429.266284,1465104434.267434,1465104434.338000
670,1465104428.556000,1465104429.208700,1465104434.209933,1465104434.300000
671,1465104428.556000,1465104429.208443,1465104434.209931,1465104434.280000
672,1465104428.556000,1465104429.217640,1465104434.218840,1465104434.291000
673,1465104428.556000,1465104429.161538,1465104434.162765,1465104434.249000
674,1465104428.556000,1465104429.187604,1465104434.189428,1465104434.259000
675,1465104428.556000,1465104429.178102,1465104434.198955,1465104434.274000
676,1465104428.556000,1465104429.213632,1465104434.215065,1465104434.289000
677,1465104428.556000,1465104429.176423,1465104434.177716,1465104434.267000
678,1465104428.556000,1465104429.214598,1465104434.216150,1465104434.301000
679,1465104428.556000,1465104429.193124,1465104434.194648,1465104434.283000
680,1465104428.556000,1465104429.296226,1465104434.297486,1465104434.396000
681,1465104428.556000,1465104429.243938,1465104434.245254,1465104434.315000
682,1465104428.556000,1465104429.210208,1465104434.211451,1465104434.297000
683,1465104428.556000,1465104429.165524,1465104434.166712,1465104434.238000
684,1465104428.556000,1465104429.254196,1465104434.255394,1465104434.330000
685,1465104428.556000,0.000000,0.000000,0.000000
686,1465104428.556000,1465104429.242647,1465104434.243843,1465104434.322000
687,1465104428.557000,1465104429.286370,1465104434.294294,1465104434.373000
688,1465104428.557000,1465104429.344710,1465104434.345859,1465104434.421000
689,1465104428.557000,1465104429.338037,1465104434.339378,1465104434.419000
690,1465104428.557000,1465104429.187160,1465104434.191627,1465104434.279000
691,1465104428.557000,1465104429.235014,1465104434.236326,1465104434.326000
692,1465104428.557000,1465104429.206887,1465104434.208102,1465104434.297000
693,1465104428.557000,1465104429.267210,1465104434.268710,1465104434.353000
694,1465104428.557000,1465104429.200637,1465104434.201866,1465104434.287000
695,1465104428.557000,1465104429.252303,1465104434.253955,1465104434.328000
696,1465104428.557000,1465104429.280618,1465104434.281836,1465104434.361000
697,1465104428.557000,1465104429.250565,1465104434.251888,1465104434.322000
698,1465104428.557000,1465104429.185571,1465104434.187190,1465104434.268000
699,1465104428.557000,1465104429.319771,1465104434.321246,1465104434.392000
700,1465104428.557000,1465104429.219765,1465104434.221956,1465104434.302000
701,1465104428.557000,1465104429.226629,1465104434.227999,1465104434.314000
702,1465104428.557000,1465104429.265302,1465104434.266586,1465104434.368000
703,1465104428.557000,1465104429.225533,1465104434.226924,1465104434.302000
704,1465104428.557000,1465104429.333389,1465104434.334621,1465104434.413000
705,1465104428.557000,1465104429.303733,1465104434.304938,1465104434.377000
706,1465104428.557000,1465104429.267712,1465104434.268958,1465104434.357000
707,1465104428.557000,1465104429.247366,1465104434.248764,1465104434.323000
708,1465104428.557000,1465104429.589712,1465104434.590950,1465104434.663000
709,1465104428.557000,1465104429.655650,1465104434.656928,1465104434.744000
710,1465104428.557000,1465104429.226038,1465104434.227232,1465104434.314000
711,1465104428.558000,1465104429.327838,1465104434.329095,1465104434.409000
712,1465104428.558000,1465104429.333660,1465104434.335307,1465104434.419000
713,1465104428.558000,1465104429.269696,1465104434.270940,1465104434.374000
714,1465104428.558000,1465104429.242947,1465104434.254387,1465104434.334000
715,1465104428.558000,1465104429.266673,1465104434.267885,1465104434.348000
716,1465104428.558000,1465104429.284327,1465104434.285551,1465104434.367000
717,1465104428.558000,1465104429.261166,1465104434.262477,1465104434.339000
718,1465104428.558000,1465104429.225752,1465104434.227067,1465104434.312000
719,1465104428.558000,1465104429.183141,1465104434.184594,1465104434.272000
720,1465104428.558000,1465104429.266012,1465104434.267254,1465104434.355000
721,1465104428.558000,1465104429.323720,1465104434.324904,1465104434.403000
722,1465104428.558000,1465104429.339151,1465104434.340395,1465104434.411000
723,1465104428.558000,1465104429.215152,1465104434.218187,1465104434.297000
724,1465104428.558000,1465104429.202456,1465104434.203781,1465104434.292000
725,1465104428.558000,1465104429.241149,1465104434.242417,1465104434.323000
726,1465104428.558000,1465104429.191804,1465104434.193054,1465104434.272000
727,1465104428.558000,1465104429.255982,1465104434.257513,1465104434.359000
728,1465104428.558000,1465104429.182044,1465104434.197472,1465104434.272000
729,1465104428.558000,1465104429.232884,1465104434.234241,1465104434.322000
730,1465104428.558000,1465104429.252779,1465104434.254277,1465104434.343000
731,1465104428.558000,1465104429.222326,1465104434.224132,1465104434.304000
732,1465104428.558000,1465104429.258772,1465104434.259980,1465104434.356000
733,1465104428.558000,1465104429.203770,1465104434.205010,1465104434.279000
734,1465104428.559000,1465104429.236004,1465104434.237310,1465104434.311000
735,1465104428.559000,1465104429.200860,1465104434.202176,1465104434.287000
736,1465104428.559000,1465104429.657664,1465104434.658875,1465104434.744000
737,1465104428.559000,1465104429.229563,1465104434.230707,1465104434.315000
738,1465104428.559000,1465104429.273266,1465104434.274480,1465104434.361000
739,1465104428.562000,1465104429.257174,1465104434.258363,1465104434.345000
740,1465104428.564000,1465104429.302600,1465104434.303776,1465104434.385000
741,1465104428.568000,1465104429.359356,1465104434.360529,1465104434.440000
742,1465104428.583000,1465104429.218763,1465104434.219973,1465104434.299000
743,1465104428.602000,1465104429.561861,1465104434.563119,1465104434.660000
744,1465104428.606000,1465104429.259434,1465104434.260805,1465104434.339000
745,1465104428.606000,1465104429.274300,1465104434.275513,1465104434.346000
746,1465104428.607000,1465104429.318893,1465104434.320269,1465104434.407000
747,1465104428.607000,1465104429.270612,1465104434.272012,1465104434.357000
748,1465104428.607000,1465104429.329316,1465104434.330838,1465104434.420000
749,1465104428.607000,1465104429.309733,1465104434.311075,1465104434.386000
750,1465104428.607000,1465104429.246054,1465104434.247335,1465104434.333000
751,1465104428.607000,1465104429.228478,1465104434.230544,1465104434.310000
752,1465104428.607000,1465104429.327556,1465104434.328796,1465104434.411000
753,1465104428.607000,0.000000,0.000000,0.000000
754,1465104428.607000,1465104429.251977,1465104434.253235,1465104434.324000
755,1465104428.607000,1465104429.249195,1465104434.250636,1465104434.335000
756,1465104428.607000,1465104429.571781,1465104434.573040,1465104434.670000
757,1465104428.607000,1465104429.335713,1465104434.337003,1465104434.422000
758,1465104428.607000,1465104429.290348,1465104434.291571,1465104434.371000
759,1465104428.607000,1465104429.591809,1465104434.592970,1465104434.692000
760,1465104428.607000,1465104429.303636,1465104434.305343,1465104434.384000
761,1465104428.607000,1465104429.229811,1465104434.231038,1465104434.302000
762,1465104428.607000,1465104429.221106,1465104434.222616,1465104434.303000
763,1465104428.607000,1465104429.339104,1465104434.340490,1465104434.425000
764,1465104428.608000,1465104429.274243,1465104434.275501,1465104434.355000
765,1465104428.608000,1465104429.348591,1465104434.349848,1465104434.431000
766,1465104428.608000,1465104429.224058,1465104434.225509,1465104434.312000
767,1465104428.608000,1465104429.366242,1465104434.367611,1465104434.448000
768,1465104428.608000,1465104429.259417,1465104434.260783,1465104434.338000
769,1465104428.609000,1465104429.245867,1465104434.247148,1465104434.326000
770,1465104428.609000,1465104429.340803,1465104434.342115,1465104434.431000
771,1465104428.609000,1465104429.249249,1465104434.250564,1465104434.337000
772,1465104428.609000,1465104429.286446,1465104434.288011,1465104434.389000
773,1465104428.609000,1465104429.290317,1465104434.291701,1465104434.394000
774,1465104428.610000,1465104429.310636,1465104434.311887,1465104434.399000
775,1465104428.610000,1465104429.256452,1465104434.257671,1465104434.343000
776,1465104428.610000,1465104429.229377,1465104434.234031,1465104434.304000
777,1465104428.610000,1465104429.265331,1465104434.266584,1465104434.341000
778,1465104428.610000,1465104429.303700,1465104434.305031,1465104434.390000
779,1465104428.610000,1465104429.290830,1465104434.292097,1465104434.390000
780,1465104428.610000,1465104429.655487,1465104434.656731,1465104434.754000
781,1465104428.610000,1465104429.253955,1465104434.255175,1465104434.341000
782,1465104428.610000,1465104429.306283,1465104434.307589,1465104434.391000
783,1465104428.610000,1465104429.281573,1465104434.282802,1465104434.370000
784,1465104428.610000,1465104429.368711,1465104434.369950,1465104434.454000
785,1465104428.611000,1465104429.592407,1465104434.603111,1465104434.691000
786,1465104428.611000,1465104429.353324,1465104434.354721,1465104434.436000
787,1465104428.611000,1465104429.317665,1465104434.319570,1465104434.397000
788,1465104428.611000,1465104429.352511,1465104434.354865,1465104434.437000
789,1465104428.611000,1465104429.354667,1465104434.355929,1465104434.426000
790,1465104428.611000,1465104429.313659,1465104434.314877,1465104434.395000
791,1465104428.612000,1465104429.322093,1465104434.323348,1465104434.393000
792,1465104428.612000,1465104429.313616,1465104434.314906,1465104434.395000
793,1465104428.612000,1465104429.320881,1465104434.322172,1465104434.410000
794,1465104428.612000,1465104429.600959,1465104434.602841,1465104434.678000
795,1465104428.612000,1465104429.335722,1465104434.337286,1465104434.413000
796,1465104428.612000,1465104429.364279,1465104434.365777,1465104434.446000
797,1465104428.613000,1465104429.271535,1465104434.272832,1465104434.346000
798,1465104428.613000,1465104429.369785,1465104434.371037,1465104434.442000
799,1465104428.613000,1465104429.633063,1465104434.634291,1465104434.723000
800,1465104428.614000,1465104429.348532,1465104434.349747,1465104434.427000
801,1465104428.614000,1465104429.650242,1465104434.651455,1465104434.748000
802,1465104428.614000,1465104429.601477,1465104434.602644,1465104434.700000
803,1465104428.614000,1465104429.352834,1465104434.354122,1465104434.433000
804,1465104428.614000,1465104429.303013,1465104434.304304,1465104434.386000
805,1465104428.614000,1465104429.355904,1465104434.357216,1465104434.438000
806,1465104428.615000,1465104429.270117,1465104434.271360,1465104434.345000
807,1465104428.614000,1465104429.331667,1465104434.333058,1465104434.423000
808,1465104428.615000,1465104429.304770,1465104434.306100,1465104434.376000
809,1465104428.615000,0.000000,0.000000,0.000000
810,1465104428.615000,1465104429.293633,1465104434.294913,1465104434.374000
811,1465104428.615000,1465104429.630673,1465104434.632075,1465104434.721000
812,1465104428.615000,1465104429.361833,1465104434.363081,1465104434.442000
813,1465104428.616000,1465104429.368738,1465104434.370004,1465104434.448000
814,1465104428.616000,1465104429.573888,1465104434.575062,1465104434.673000
815,1465104428.616000,1465104429.639133,1465104434.640467,1465104434.726000
816,1465104428.616000,1465104429.350533,1465104434.351715,1465104434.426000
817,1465104428.616000,1465104429.330112,1465104434.331415,1465104434.413000
818,1465104428.616000,1465104429.320740,1465104434.321946,1465104434.400000
819,1465104428.618000,1465104429.667718,1465104434.668872,1465104434.755000
820,1465104428.618000,1465104429.340926,1465104434.343587,1465104434.445000
821,1465104428.618000,1465104429.287153,1465104434.288848,1465104434.391000
822,1465104428.618000,1465104429.632276,1465104434.633500,1465104434.720000
823,1465104428.618000,1465104429.338915,1465104434.340233,1465104434.426000
824,1465104428.618000,1465104429.533004,1465104434.534312,1465104434.631000
825,1465104428.618000,1465104429.298100,1465104434.299376,1465104434.381000
826,1465104428.618000,1465104429.273130,1465104434.274378,1465104434.358000
827,1465104428.618000,1465104429.376010,1465104434.377226,1465104434.437000
828,1465104428.618000,1465104429.341640,1465104434.343002,1465104434.445000
829,1465104428.619000,0.000000,0.000000,0.000000
830,1465104428.619000,1465104429.649928,1465104434.651526,1465104434.731000
831,1465104428.619000,1465104429.317981,1465104434.319474,1465104434.398000
832,1465104428.619000,1465104429.269607,1465104434.270793,1465104434.369000
833,1465104428.619000,1465104429.547064,1465104434.548251,1465104434.626000
834,1465104428.620000,1465104429.370245,1465104434.371562,1465104434.450000
835,1465104428.620000,1465104429.270044,1465104434.271247,1465104434.358000
836,1465104428.620000,1465104429.369902,1465104434.371102,1465104434.453000
837,1465104428.620000,1465104429.320378,1465104434.321580,1465104434.418000
838,1465104428.620000,1465104429.357366,1465104434.358737,1465104434.442000
839,1465104428.620000,1465104429.356756,1465104434.358089,1465104434.431000
840,1465104428.620000,1465104429.371315,1465104434.372513,1465104434.445000
841,1465104428.621000,1465104429.665082,1465104434.666427,1465104434.752000
842,1465104428.621000,1465104429.340982,1465104434.342778,1465104434.423000
843,1465104428.621000,1465104429.638023,1465104434.639602,1465104434.726000
844,1465104428.621000,1465104429.628168,1465104434.629451,1465104434.726000
845,1465104428.622000,0.000000,0.000000,0.000000
846,1465104428.622000,1465104429.345311,1465104434.346556,1465104434.436000
847,1465104428.622000,1465104429.612400,1465104434.613847,1465104434.701000
848,1465104428.623000,1465104429.370486,1465104434.371975,1465104434.448000
849,1465104428.623000,1465104429.570542,1465104434.571768,1465104434.649000
850,1465104428.623000,1465104429.353257,1465104434.354689,1465104434.439000
851,1465104428.623000,1465104429.344620,1465104434.345824,1465104434.444000
852,1465104428.623000,1465104429.350658,1465104434.351933,1465104434.423000
853,1465104428.623000,1465104429.598870,1465104434.600070,1465104434.697000
854,1465104428.623000,1465104429.356672,1465104434.357873,1465104434.455000
855,1465104428.623000,1465104429.652503,1465104434.653730,1465104434.739000
856,1465104428.624000,1465104429.307629,1465104434.308930,1465104434.388000
857,1465104428.624000,1465104429.349972,1465104434.351266,1465104434.449000
858,1465104428.624000,1465104429.268868,1465104434.270178,1465104434.351000
859,1465104428.624000,1465104429.335584,1465104434.336755,1465104434.414000
860,1465104428.624000,1465104429.599066,1465104434.605375,1465104434.692000
861,1465104428.624000,1465104429.300275,1465104434.301606,1465104434.384000
862,1465104428.624000,1465104429.639563,1465104434.640845,1465104434.728000
863,1465104428.624000,1465104429.348529,1465104434.349810,1465104434.446000
864,1465104428.625000,1465104429.310060,1465104434.311240,1465104434.410000
865,1465104428.625000,1465104429.286063,1465104434.287290,1465104434.366000
866,1465104428.625000,1465104429.292126,1465104434.293360,1465104434.374000
867,1465104428.625000,1465104429.340106,1465104434.341382,1465104434.427000
868,1465104428.626000,1465104429.621973,1465104434.623217,1465104434.696000
869,1465104428.626000,1465104429.280311,1465104434.281587,1465104434.367000
870,1465104428.626000,1465104429.351488,1465104434.353082,1465104434.433000
871,1465104428.627000,1465104429.352840,1465104434.360753,1465104434.441000
872,1465104428.627000,1465104429.368548,1465104434.369782,1465104434.439000
873,1465104428.627000,1465104429.356169,1465104434.357634,1465104434.447000
874,1465104428.627000,1465104429.346359,1465104434.347587,1465104434.433000
875,1465104428.627000,1465104429.334966,1465104434.336152,1465104434.423000
876,1465104428.627000,1465104429.643649,1465104434.645043,1465104434.723000
877,1465104428.627000,1465104429.340546,1465104434.341810,1465104434.440000
878,1465104428.627000,1465104429.583387,1465104434.584726,1465104434.670000
879,1465104428.627000,1465104429.660556,1465104434.670316,1465104434.750000
880,1465104428.627000,1465104429.311734,1465104434.312941,1465104434.410000
881,1465104428.627000,1465104429.342006,1465104434.343498,1465104434.423000
882,1465104428.628000,1465104429.338247,1465104434.340169,1465104434.436000
883,1465104428.628000,1465104429.378977,1465104434.380570,1465104434.456000
884,1465104428.628000,1465104429.351129,1465104434.352331,1465104434.449000
885,1465104428.629000,1465104429.664965,1465104434.680478,1465104434.755000
886,1465104428.629000,0.000000,0.000000,0.000000
887,1465104428.629000,1465104429.621042,1465104434.622328,1465104434.708000
888,1465104428.630000,1465104429.631350,1465104434.632635,1465104434.694000
889,1465104428.630000,1465104429.312468,1465104434.323588,1465104434.403000
890,1465104428.630000,1465104429.654072,1465104434.655373,1465104434.727000
891,1465104428.630000,1465104429.339778,1465104434.341382,1465104434.444000
892,1465104428.630000,1465104429.326456,1465104434.327750,1465104434.412000
893,1465104428.630000,1465104429.359672,1465104434.360912,1465104434.436000
894,1465104428.631000,1465104429.626782,1465104434.628474,1465104434.709000
895,1465104428.631000,1465104429.655208,1465104434.656438,1465104434.736000
896,1465104428.631000,1465104429.311725,1465104434.313155,1465104434.415000
897,1465104428.632000,0.000000,0.000000,0.000000
898,1465104428.632000,1465104429.321761,1465104434.323036,1465104434.410000
899,1465104428.632000,1465104429.610924,1465104434.612113,1465104434.709000
900,1465104428.632000,1465104429.340947,1465104434.342231,1465104434.427000
901,1465104428.632000,1465104429.345151,1465104434.346376,1465104434.419000
902,1465104428.632000,1465104429.370868,1465104434.372041,1465104434.450000
903,1465104428.633000,1465104429.287225,1465104434.288532,1465104434.372000
904,1465104428.633000,1465104429.324407,1465104434.325729,1465104434.403000
905,1465104428.633000,1465104429.594115,1465104434.611983,1465104434.686000
906,1465104428.633000,1465104429.353727,1465104434.366156,1465104434.445000
907,1465104428.633000,1465104429.327109,1465104434.346552,1465104434.425000
908,1465104428.634000,1465104429.358155,1465104434.359518,1465104434.439000
909,1465104428.634000,1465104429.622362,1465104434.623637,1465104434.713000
910,1465104428.635000,1465104429.350010,1465104434.351346,1465104434.448000
911,1465104428.635000,1465104429.612830,1465104434.614250,1465104434.695000
912,1465104428.637000,1465104429.323490,1465104434.324720,1465104434.410000
913,1465104428.636000,1465104429.346658,1465104434.348432,1465104434.427000
914,1465104428.637000,1465104429.615136,1465104434.616311,1465104434.713000
915,1465104428.641000,1465104429.599065,1465104434.600861,1465104434.687000
916,1465104428.641000,1465104429.629545,1465104434.630728,1465104434.727000
917,1465104428.642000,1465104429.243957,1465104434.245149,1465104434.333000
918,1465104428.641000,1465104429.353412,1465104434.354677,1465104434.434000
919,1465104428.641000,1465104429.346516,1465104434.347847,1465104434.427000
920,1465104428.642000,1465104429.350359,1465104434.351935,1465104434.437000
921,1465104428.642000,1465104429.325379,1465104434.326765,1465104434.408000
922,1465104428.642000,1465104429.645803,1465104434.650287,1465104434.731000
923,1465104428.642000,1465104429.354509,1465104434.355752,1465104434.443000
924,1465104428.643000,1465104429.301059,1465104434.302254,1465104434.381000
925,1465104428.643000,1465104429.687380,1465104434.688545,1465104434.762000
926,1465104428.644000,1465104429.595341,1465104434.596504,1465104434.669000
927,1465104428.644000,1465104429.362230,1465104434.363589,1465104434.452000
928,1465104428.645000,1465104429.365973,1465104434.367184,1465104434.443000
929,1465104428.645000,1465104429.334255,1465104434.337988,1465104434.436000
930,1465104428.645000,1465104429.653808,1465104434.655192,1465104434.734000
931,1465104428.645000,1465104429.649122,1465104434.650279,1465104434.723000
932,1465104428.646000,1465104429.363755,1465104434.365012,1465104434.452000
933,1465104428.646000,1465104429.653258,1465104434.654581,1465104434.727000
934,1465104428.646000,1465104429.347397,1465104434.348612,1465104434.434000
935,1465104428.647000,1465104429.351661,1465104434.352908,1465104434.451000
936,1465104428.647000,1465104429.348249,1465104434.349547,1465104434.429000
937,1465104428.647000,1465104429.365035,1465104434.371676,1465104434.455000
938,1465104428.647000,1465104429.294455,1465104434.295699,1465104434.374000
939,1465104428.647000,1465104429.359314,1465104434.377925,1465104434.458000
940,1465104428.647000,1465104429.647161,1465104434.648328,1465104434.726000
941,1465104428.647000,1465104429.358877,1465104434.361116,1465104434.443000
942,1465104428.648000,1465104429.634696,1465104434.635909,1465104434.722000
943,1465104428.648000,1465104429.346221,1465104434.347520,1465104434.428000
944,1465104428.648000,1465104429.355554,1465104434.356827,1465104434.436000
945,1465104428.648000,1465104429.338653,1465104434.340123,1465104434.437000
946,1465104428.648000,1465104429.302458,1465104434.303897,1465104434.378000
947,1465104428.648000,1465104429.314493,1465104434.315764,1465104434.418000
948,1465104428.648000,1465104429.359810,1465104434.361090,1465104434.435000
949,1465104428.649000,1465104429.374848,1465104434.380394,1465104434.456000
950,1465104428.649000,1465104429.352222,1465104434.354094,1465104434.436000
951,1465104428.649000,1465104429.310723,1465104434.312034,1465104434.398000
952,1465104428.649000,0.000000,0.000000,0.000000
953,1465104428.649000,1465104429.343571,1465104434.344879,1465104434.434000
954,1465104428.649000,1465104429.358120,1465104434.359622,1465104434.435000
955,1465104428.650000,1465104429.361273,1465104434.362540,1465104434.452000
956,1465104428.650000,1465104429.366660,1465104434.367878,1465104434.429000
957,1465104428.650000,1465104429.359004,1465104434.360414,1465104434.444000
958,1465104428.651000,0.000000,0.000000,0.000000
959,1465104428.651000,1465104429.361558,1465104434.363066,1465104434.447000
960,1465104428.651000,1465104429.341191,1465104434.342485,1465104434.423000
961,1465104428.652000,1465104429.348288,1465104434.349756,1465104434.430000
962,1465104428.652000,1465104429.350804,1465104434.352102,1465104434.439000
963,1465104428.653000,0.000000,0.000000,0.000000
964,1465104428.653000,1465104429.370097,1465104434.371701,1465104434.451000
965,1465104428.653000,1465104429.364582,1465104434.365762,1465104434.452000
966,1465104428.653000,0.000000,0.000000,0.000000
967,1465104428.653000,1465104429.336263,1465104434.337599,1465104434.418000
968,1465104428.653000,1465104429.309194,1465104434.310394,1465104434.387000
969,1465104428.653000,1465104429.327826,1465104434.329068,1465104434.414000
970,1465104428.653000,1465104429.298073,1465104434.299331,1465104434.389000
971,1465104428.653000,0.000000,0.000000,0.000000
972,1465104428.654000,0.000000,0.000000,0.000000
973,1465104428.654000,1465104429.357677,1465104434.359237,1465104434.440000
974,1465104428.654000,1465104429.372487,1465104434.373710,1465104434.455000
975,1465104428.654000,1465104429.351953,1465104434.353220,1465104434.427000
976,1465104428.655000,1465104429.353608,1465104434.361499,1465104434.444000
977,1465104428.655000,1465104429.615147,1465104434.616374,1465104434.697000
978,1465104428.655000,1465104429.355776,1465104434.356937,1465104434.435000
979,1465104428.655000,1465104429.353106,1465104434.354257,1465104434.441000
980,1465104428.655000,1465104429.662751,1465104434.663986,1465104434.751000
981,1465104428.655000,1465104429.370806,1465104434.372010,1465104434.442000
982,1465104428.656000,1465104429.359082,1465104434.360434,1465104434.449000
983,1465104428.656000,1465104429.334029,1465104434.335624,1465104434.434000
984,1465104428.656000,1465104429.369417,1465104434.370592,1465104434.445000
985,1465104428.657000,1465104429.358731,1465104434.360108,1465104434.439000
986,1465104428.657000,1465104429.586913,1465104434.588149,1465104434.674000
987,1465104428.657000,1465104429.346747,1465104434.348364,1465104434.427000
988,1465104428.657000,1465104429.319334,1465104434.320559,1465104434.422000
989,1465104428.658000,1465104429.350842,1465104434.352534,1465104434.433000
990,1465104428.658000,1465104429.592885,1465104434.594082,1465104434.679000
991,1465104428.658000,1465104429.352004,1465104434.353251,1465104434.438000
992,1465104428.658000,1465104429.363680,1465104434.365155,1465104434.449000
993,1465104428.658000,1465104429.372958,1465104434.374141,1465104434.453000
994,1465104428.659000,1465104429.369984,1465104434.371276,1465104434.451000
995,1465104428.659000,1465104429.591232,1465104434.592450,1465104434.689000
996,1465104428.660000,1465104429.361970,1465104434.363267,1465104434.444000
997,1465104428.659000,0.000000,0.000000,0.000000
998,1465104428.661000,1465104429.363150,1465104434.364396,1465104434.445000
999,1465104428.661000,1465104429.362468,1465104434.363633,1465104434.446000
