0,1465103836.162000,1465103837.146282,1465103842.147654,1465103842.233000
1,1465103836.162000,1465103836.852812,1465103841.854025,1465103841.932000
2,1465103836.162000,1465103836.801099,1465103841.802340,1465103841.882000
3,1465103836.162000,1465103836.789832,1465103841.791381,1465103841.873000
4,1465103836.162000,1465103836.800894,1465103841.802219,1465103841.891000
5,1465103836.162000,1465103836.794257,1465103841.796128,1465103841.887000
6,1465103836.162000,1465103836.843090,1465103841.844605,1465103841.936000
7,1465103836.162000,1465103836.807482,1465103841.808788,1465103841.894000
8,1465103836.162000,1465103836.856333,1465103841.857559,1465103841.945000
9,1465103836.162000,1465103836.884626,1465103841.886735,1465103841.969000
10,1465103836.162000,1465103836.839520,1465103841.840810,1465103841.920000
11,1465103836.162000,1465103836.813045,1465103841.814626,1465103841.894000
12,1465103836.162000,1465103836.794572,1465103841.796481,1465103841.872000
13,1465103836.162000,1465103836.739783,1465103841.741515,1465103841.834000
14,1465103836.162000,1465103836.901848,1465103841.903193,1465103841.989000
15,1465103836.162000,1465103836.795030,1465103841.796278,1465103841.877000
16,1465103836.162000,1465103836.795534,1465103841.797030,1465103841.889000
17,1465103836.162000,1465103836.872062,1465103841.895606,1465103841.984000
18,1465103836.162000,1465103836.826159,1465103841.827460,1465103841.907000
19,1465103836.163000,1465103836.802251,1465103841.803549,1465103841.896000
20,1465103836.163000,1465103836.843001,1465103841.844688,1465103841.910000
21,1465103836.163000,1465103836.799614,1465103841.800939,1465103841.888000
22,1465103836.163000,1465103836.822485,1465103841.824619,1465103841.903000
23,1465103836.163000,1465103836.824040,1465103841.825413,1465103841.914000
24,1465103836.163000,1465103836.792885,1465103841.794360,1465103841.904000
25,1465103836.164000,1465103836.912379,1465103841.915095,1465103841.981000
26,1465103836.164000,1465103836.877742,1465103841.879010,1465103841.958000
27,1465103836.164000,1465103836.782172,1465103841.783722,1465103841.864000
28,1465103836.165000,1465103836.781695,1465103841.783236,1465103841.871000
29,1465103836.167000,1465103836.825578,1465103841.827749,1465103841.924000
30,1465103836.167000,1465103836.787962,1465103841.793916,1465103841.875000
31,1465103836.167000,1465103836.848607,1465103841.849920,1465103841.937000
32,1465103836.167000,1465103836.878098,1465103841.879345,1465103841.966000
33,1465103836.167000,1465103836.862205,1465103841.863617,1465103841.944000
34,1465103836.167000,1465103836.902582,1465103841.903911,1465103841.984000
35,1465103836.168000,1465103836.906566,1465103841.907734,1465103841.994000
36,1465103836.168000,1465103836.819274,1465103841.820772,1465103841.905000
37,1465103836.168000,1465103836.874535,1465103841.876244,1465103841.955000
38,1465103836.168000,1465103836.791963,1465103841.793233,1465103841.872000
39,1465103836.168000,0.000000,0.000000,0.000000
40,1465103836.168000,1465103837.119228,1465103842.120552,1465103842.193000
41,1465103836.168000,1465103836.780521,1465103841.795746,1465103841.884000
42,1465103836.168000,1465103836.797097,1465103841.798589,1465103841.876000
43,1465103836.168000,1465103837.146691,1465103842.147888,1465103842.226000
44,1465103836.168000,1465103836.825377,1465103841.826980,1465103841.907000
45,1465103836.168000,1465103836.840610,1465103841.842085,1465103841.913000
46,1465103836.169000,1465103836.787874,1465103841.789365,1465103841.879000
47,1465103836.168000,1465103836.837915,1465103841.839584,1465103841.915000
48,1465103836.171000,1465103836.843068,1465103841.848988,1465103841.916000
49,1465103836.171000,1465103836.846366,1465103841.851887,1465103841.937000
50,1465103836.172000,1465103836.835312,1465103841.836580,1465103841.917000
51,1465103836.174000,1465103836.820855,1465103841.822338,1465103841.888000
52,1465103836.174000,1465103836.789068,1465103841.790674,1465103841.869000
53,1465103836.174000,1465103836.835888,1465103841.837204,1465103841.916000
54,1465103836.174000,1465103836.850316,1465103841.851509,1465103841.948000
55,1465103836.174000,1465103837.151732,1465103842.153050,1465103842.232000
56,1465103836.174000,1465103836.820406,1465103841.821892,1465103841.902000
57,1465103836.174000,1465103836.839877,1465103841.841505,1465103841.908000
58,1465103836.174000,1465103836.829537,1465103841.830809,1465103841.912000
59,1465103836.175000,1465103836.784325,1465103841.785842,1465103841.872000
60,1465103836.175000,1465103838.650412,1465103843.660293,1465103843.736000
61,1465103836.175000,1465103836.825380,1465103841.826564,1465103841.921000
62,1465103836.175000,1465103838.651060,1465103843.652811,1465103843.728000
63,1465103836.175000,1465103836.831009,1465103841.832532,1465103841.911000
64,1465103836.175000,1465103836.853977,1465103841.855270,1465103841.936000
65,1465103836.175000,1465103836.845080,1465103841.846487,1465103841.931000
66,1465103836.175000,1465103837.087311,1465103842.088797,1465103842.176000
67,1465103836.175000,1465103836.810839,1465103841.812218,1465103841.893000
68,1465103836.175000,1465103836.878679,1465103841.880193,1465103841.968000
69,1465103836.175000,1465103836.823741,1465103841.825080,1465103841.936000
70,1465103836.175000,1465103836.873805,1465103841.875017,1465103841.958000
71,1465103836.175000,0.000000,0.000000,0.000000
72,1465103836.175000,0.000000,0.000000,0.000000
73,1465103836.175000,1465103836.810341,1465103841.812114,1465103841.892000
74,1465103836.175000,1465103836.840734,1465103841.854266,1465103841.934000
75,1465103836.176000,1465103837.139146,1465103842.140473,1465103842.228000
76,1465103836.176000,1465103836.799741,1465103841.801210,1465103841.884000
77,1465103836.176000,1465103837.124324,1465103842.125648,1465103842.211000
78,1465103836.176000,1465103836.845217,1465103841.846506,1465103841.935000
79,1465103836.176000,1465103836.800901,1465103841.802164,1465103841.883000
80,1465103836.176000,1465103837.080317,1465103842.081978,1465103842.162000
81,1465103836.176000,0.000000,0.000000,0.000000
82,1465103836.176000,1465103838.645912,1465103843.647816,1465103843.724000
83,1465103836.176000,1465103836.821391,1465103841.822685,1465103841.914000
84,1465103836.176000,1465103836.886338,1465103841.888315,1465103841.982000
85,1465103836.176000,1465103837.109717,1465103842.110915,1465103842.198000
86,1465103836.176000,1465103836.844399,1465103841.845712,1465103841.937000
87,1465103836.176000,1465103836.837461,1465103841.838767,1465103841.918000
88,1465103836.176000,1465103837.137474,1465103842.139115,1465103842.226000
89,1465103836.176000,1465103836.840874,1465103841.842098,1465103841.934000
90,1465103836.176000,1465103836.823768,1465103841.824993,1465103841.905000
91,1465103836.176000,1465103836.826537,1465103841.827914,1465103841.908000
92,1465103836.176000,1465103836.834961,1465103841.836152,1465103841.930000
93,1465103836.177000,1465103837.084006,1465103842.085301,1465103842.174000
94,1465103836.177000,1465103836.832904,1465103841.834198,1465103841.923000
95,1465103836.177000,1465103837.126902,1465103842.128098,1465103842.238000
96,1465103836.177000,1465103837.088142,1465103842.089421,1465103842.177000
97,1465103836.177000,1465103836.847371,1465103841.848868,1465103841.925000
98,1465103836.177000,1465103837.145089,1465103842.146304,1465103842.235000
99,1465103836.177000,1465103836.850009,1465103841.851172,1465103841.934000
100,1465103836.177000,1465103837.127572,1465103842.128824,1465103842.209000
101,1465103836.177000,1465103836.892362,1465103841.893543,1465103841.971000
102,1465103836.177000,1465103836.871301,1465103841.872673,1465103841.955000
103,1465103836.177000,1465103837.104194,1465103842.105431,1465103842.215000
104,1465103836.177000,0.000000,0.000000,0.000000
105,1465103836.177000,1465103837.147737,1465103842.148996,1465103842.243000
106,1465103836.177000,1465103836.864232,1465103841.865494,1465103841.947000
107,1465103836.178000,1465103837.092071,1465103842.093250,1465103842.164000
108,1465103836.178000,1465103837.116734,1465103842.118201,1465103842.198000
109,1465103836.178000,0.000000,0.000000,0.000000
110,1465103836.178000,1465103837.128527,1465103842.129730,1465103842.214000
111,1465103836.178000,1465103836.816917,1465103841.818146,1465103841.903000
112,1465103836.180000,1465103837.131300,1465103842.133000,1465103842.222000
113,1465103836.181000,1465103838.649817,1465103843.651308,1465103843.730000
114,1465103836.187000,0.000000,0.000000,0.000000
115,1465103836.189000,1465103836.939866,1465103841.942258,1465103842.003000
116,1465103836.189000,1465103836.858784,1465103841.860021,1465103841.942000
117,1465103836.189000,1465103836.846863,1465103841.848093,1465103841.929000
118,1465103836.189000,1465103836.845728,1465103841.851490,1465103841.939000
119,1465103836.189000,1465103836.876162,1465103841.877675,1465103841.957000
120,1465103836.189000,1465103836.788820,1465103841.790569,1465103841.871000
121,1465103836.189000,1465103836.903796,1465103841.905015,1465103841.991000
122,1465103836.189000,1465103836.855721,1465103841.856907,1465103841.939000
123,1465103836.189000,1465103836.813926,1465103841.815349,1465103841.910000
124,1465103836.189000,1465103837.130880,1465103842.132220,1465103842.213000
125,1465103836.189000,0.000000,0.000000,0.000000
126,1465103836.189000,0.000000,0.000000,0.000000
127,1465103836.189000,1465103837.206158,1465103842.207477,1465103842.284000
128,1465103836.189000,1465103837.196729,1465103842.198539,1465103842.278000
129,1465103836.190000,1465103836.880818,1465103841.882187,1465103841.964000
130,1465103836.190000,1465103837.083867,1465103842.085156,1465103842.164000
131,1465103836.192000,1465103836.899815,1465103841.902325,1465103841.985000
132,1465103836.191000,1465103837.190635,1465103842.191922,1465103842.269000
133,1465103836.191000,1465103836.852302,1465103841.853487,1465103841.920000
134,1465103836.192000,1465103837.122809,1465103842.124194,1465103842.202000
135,1465103836.192000,1465103837.159114,1465103842.160445,1465103842.240000
136,1465103836.192000,1465103836.797474,1465103841.798727,1465103841.887000
137,1465103836.192000,1465103837.121530,1465103842.122836,1465103842.202000
138,1465103836.192000,1465103836.862633,1465103841.863921,1465103841.953000
139,1465103836.192000,1465103836.892553,1465103841.893745,1465103841.961000
140,1465103836.192000,1465103836.913946,1465103841.935468,1465103842.013000
141,1465103836.192000,1465103836.877048,1465103841.878510,1465103841.957000
142,1465103836.192000,1465103836.896343,1465103841.904209,1465103841.989000
143,1465103836.192000,1465103836.839945,1465103841.841169,1465103841.920000
144,1465103836.192000,0.000000,0.000000,0.000000
145,1465103836.193000,1465103837.099091,1465103842.100346,1465103842.188000
146,1465103836.193000,1465103836.858502,1465103841.859845,1465103841.941000
147,1465103836.193000,1465103836.892223,1465103841.912262,1465103842.000000
148,1465103836.193000,1465103837.122410,1465103842.123649,1465103842.191000
149,1465103836.193000,1465103836.915383,1465103841.916773,1465103841.994000
150,1465103836.193000,1465103837.165663,1465103842.167200,1465103842.244000
151,1465103836.194000,1465103837.118790,1465103842.134573,1465103842.214000
152,1465103836.194000,1465103836.871915,1465103841.873688,1465103841.953000
153,1465103836.194000,1465103836.849953,1465103841.855433,1465103841.966000
154,1465103836.194000,1465103836.846732,1465103841.851892,1465103841.937000
155,1465103836.194000,1465103837.144505,1465103842.145715,1465103842.233000
156,1465103836.194000,1465103837.163280,1465103842.164973,1465103842.240000
157,1465103836.194000,1465103837.163012,1465103842.164262,1465103842.245000
158,1465103836.195000,1465103836.912192,1465103841.913472,1465103842.010000
159,1465103836.195000,1465103837.185248,1465103842.186331,1465103842.265000
160,1465103836.195000,1465103836.857701,1465103841.858860,1465103841.953000
161,1465103836.195000,1465103837.083174,1465103842.084426,1465103842.165000
162,1465103836.195000,1465103837.079220,1465103842.081566,1465103842.162000
163,1465103836.196000,1465103837.157838,1465103842.159146,1465103842.240000
164,1465103836.197000,1465103837.174483,1465103842.175769,1465103842.263000
165,1465103836.197000,1465103837.168824,1465103842.170160,1465103842.251000
166,1465103836.197000,1465103837.083315,1465103842.084511,1465103842.162000
167,1465103836.197000,1465103837.121995,1465103842.123228,1465103842.209000
168,1465103836.197000,1465103837.131608,1465103842.133227,1465103842.221000
169,1465103836.197000,1465103837.130617,1465103842.131799,1465103842.209000
170,1465103836.197000,1465103836.892116,1465103841.893347,1465103841.964000
171,1465103836.197000,1465103837.182141,1465103842.183483,1465103842.276000
172,1465103836.197000,1465103836.848887,1465103841.850227,1465103841.930000
173,1465103836.197000,1465103836.849372,1465103841.852394,1465103841.944000
174,1465103836.197000,1465103837.159285,1465103842.160545,1465103842.248000
175,1465103836.197000,1465103837.121611,1465103842.122935,1465103842.209000
176,1465103836.197000,1465103836.910162,1465103841.911430,1465103841.989000
177,1465103836.197000,1465103837.118195,1465103842.138529,1465103842.225000
178,1465103836.197000,1465103837.179288,1465103842.185972,1465103842.266000
179,1465103836.197000,1465103836.882407,1465103841.883565,1465103841.954000
180,1465103836.197000,1465103837.131231,1465103842.132506,1465103842.220000
181,1465103836.197000,1465103837.165707,1465103842.166933,1465103842.261000
182,1465103836.197000,1465103836.913059,1465103841.923573,1465103841.990000
183,1465103836.197000,1465103836.883516,1465103841.884860,1465103841.987000
184,1465103836.197000,1465103836.894502,1465103841.896105,1465103841.976000
185,1465103836.197000,1465103836.830587,1465103841.831963,1465103841.912000
186,1465103836.197000,1465103836.838236,1465103841.839547,1465103841.931000
187,1465103836.197000,1465103837.148918,1465103842.150125,1465103842.235000
188,1465103836.197000,1465103836.888684,1465103841.889974,1465103841.977000
189,1465103836.197000,1465103837.201955,1465103842.203143,1465103842.274000
190,1465103836.197000,1465103837.196864,1465103842.205952,1465103842.287000
191,1465103836.197000,1465103836.861230,1465103841.862705,1465103841.941000
192,1465103836.198000,1465103838.658666,1465103843.661906,1465103843.745000
193,1465103836.198000,1465103836.806919,1465103841.808206,1465103841.896000
194,1465103836.198000,1465103837.079836,1465103842.081078,1465103842.169000
195,1465103836.198000,1465103837.177860,1465103842.180256,1465103842.260000
196,1465103836.198000,1465103837.180832,1465103842.182128,1465103842.258000
197,1465103836.198000,1465103837.124505,1465103842.125761,1465103842.203000
198,1465103836.198000,1465103836.826490,1465103841.827673,1465103841.938000
199,1465103836.198000,1465103836.882558,1465103841.884128,1465103841.970000
200,1465103836.198000,1465103837.094179,1465103842.095430,1465103842.183000
201,1465103836.198000,1465103837.153044,1465103842.154286,1465103842.239000
202,1465103836.198000,1465103836.849464,1465103841.851969,1465103841.944000
203,1465103836.198000,1465103837.166169,1465103842.167449,1465103842.252000
204,1465103836.198000,1465103836.900957,1465103841.902234,1465103841.990000
205,1465103836.198000,1465103836.837606,1465103841.838887,1465103841.918000
206,1465103836.198000,1465103836.826965,1465103841.828197,1465103841.914000
207,1465103836.198000,1465103836.843165,1465103841.844455,1465103841.923000
208,1465103836.198000,1465103836.917945,1465103841.932174,1465103842.006000
209,1465103836.198000,1465103836.888218,1465103841.889406,1465103841.961000
210,1465103836.198000,1465103836.906123,1465103841.907789,1465103841.981000
211,1465103836.198000,1465103837.166342,1465103842.167530,1465103842.246000
212,1465103836.198000,1465103836.849740,1465103841.865229,1465103841.936000
213,1465103836.198000,1465103836.882149,1465103841.883345,1465103841.971000
214,1465103836.198000,1465103836.878741,1465103841.890039,1465103841.956000
215,1465103836.198000,1465103836.933606,1465103841.934998,1465103842.016000
216,1465103836.198000,1465103836.916073,1465103841.917267,1465103842.006000
217,1465103836.198000,1465103837.193467,1465103842.194732,1465103842.274000
218,1465103836.198000,1465103836.827049,1465103841.828497,1465103841.900000
219,1465103836.198000,1465103837.109869,1465103842.111122,1465103842.189000
220,1465103836.198000,1465103836.836990,1465103841.838496,1465103841.931000
221,1465103836.198000,1465103836.927855,1465103841.929169,1465103841.995000
222,1465103836.198000,1465103836.902018,1465103841.912767,1465103842.001000
223,1465103836.198000,1465103836.866564,1465103841.880373,1465103841.955000
224,1465103836.198000,1465103837.109905,1465103842.111171,1465103842.222000
225,1465103836.199000,1465103838.679505,1465103843.680699,1465103843.763000
226,1465103836.199000,1465103837.127790,1465103842.134271,1465103842.223000
227,1465103836.199000,1465103836.872496,1465103841.877122,1465103841.966000
228,1465103836.199000,1465103837.157793,1465103842.159820,1465103842.233000
229,1465103836.199000,1465103836.846832,1465103841.854082,1465103841.941000
230,1465103836.199000,1465103836.844866,1465103841.846073,1465103841.956000
231,1465103836.199000,1465103837.136889,1465103842.138132,1465103842.216000
232,1465103836.199000,1465103837.098975,1465103842.100170,1465103842.188000
233,1465103836.199000,1465103837.130226,1465103842.134518,1465103842.214000
234,1465103836.199000,1465103836.883086,1465103841.891593,1465103841.980000
235,1465103836.199000,1465103837.195147,1465103842.196524,1465103842.273000
236,1465103836.199000,1465103836.930359,1465103841.932507,1465103842.009000
237,1465103836.199000,1465103836.903219,1465103841.904546,1465103841.986000
238,1465103836.199000,1465103836.859882,1465103841.861379,1465103841.942000
239,1465103836.199000,1465103836.898070,1465103841.899405,1465103841.967000
240,1465103836.199000,1465103836.861964,1465103841.863666,1465103841.943000
241,1465103836.199000,1465103836.896081,1465103841.908545,1465103841.989000
242,1465103836.199000,1465103837.142663,1465103842.143895,1465103842.221000
243,1465103836.199000,1465103836.915249,1465103841.916411,1465103842.009000
244,1465103836.199000,0.000000,0.000000,0.000000
245,1465103836.199000,1465103836.849105,1465103841.850333,1465103841.931000
246,1465103836.199000,1465103836.841568,1465103841.856397,1465103841.966000
247,1465103836.199000,1465103836.837002,1465103841.838246,1465103841.934000
248,1465103836.199000,1465103837.129467,1465103842.135688,1465103842.215000
249,1465103836.199000,1465103836.910872,1465103841.912345,1465103841.980000
250,1465103836.199000,1465103836.828899,1465103841.830278,1465103841.909000
251,1465103836.199000,1465103836.846271,1465103841.848044,1465103841.936000
252,1465103836.199000,1465103836.828176,1465103841.829707,1465103841.917000
253,1465103836.199000,1465103837.148192,1465103842.149406,1465103842.236000
254,1465103836.199000,1465103836.877321,1465103841.878695,1465103841.959000
255,1465103836.199000,1465103837.180211,1465103842.182182,1465103842.253000
256,1465103836.199000,1465103836.897612,1465103841.917844,1465103842.012000
257,1465103836.200000,1465103837.174426,1465103842.175759,1465103842.254000
258,1465103836.200000,1465103837.155144,1465103842.156499,1465103842.237000
259,1465103836.200000,1465103837.157853,1465103842.159091,1465103842.240000
260,1465103836.200000,1465103836.863232,1465103841.864556,1465103841.957000
261,1465103836.200000,1465103837.176758,1465103842.177974,1465103842.257000
262,1465103836.200000,1465103837.142686,1465103842.144269,1465103842.232000
263,1465103836.200000,1465103837.155515,1465103842.156748,1465103842.227000
264,1465103836.200000,1465103836.899385,1465103841.900935,1465103841.982000
265,1465103836.201000,1465103836.910698,1465103841.912537,1465103841.979000
266,1465103836.202000,1465103836.818810,1465103841.820111,1465103841.899000
267,1465103836.208000,1465103836.899897,1465103841.901055,1465103841.994000
268,1465103836.213000,1465103836.920188,1465103841.921507,1465103841.989000
269,1465103836.214000,1465103836.825973,1465103841.827691,1465103841.924000
270,1465103836.213000,1465103836.889965,1465103841.891202,1465103841.977000
271,1465103836.220000,1465103837.118456,1465103842.119888,1465103842.206000
272,1465103836.220000,1465103836.834376,1465103841.835540,1465103841.945000
273,1465103836.220000,1465103837.138716,1465103842.139990,1465103842.225000
274,1465103836.220000,1465103836.911147,1465103841.924189,1465103841.990000
275,1465103836.220000,1465103836.811965,1465103841.813210,1465103841.901000
276,1465103836.220000,1465103836.913927,1465103841.915103,1465103841.976000
277,1465103836.221000,1465103836.869038,1465103841.870560,1465103841.941000
278,1465103836.221000,1465103836.871052,1465103841.872373,1465103841.968000
279,1465103836.221000,1465103836.874011,1465103841.875632,1465103841.954000
280,1465103836.221000,1465103836.884802,1465103841.886008,1465103841.973000
281,1465103836.221000,1465103836.865038,1465103841.866276,1465103841.958000
282,1465103836.221000,1465103836.909152,1465103841.925293,1465103841.996000
283,1465103836.221000,1465103837.181439,1465103842.182671,1465103842.260000
284,1465103836.221000,1465103836.905243,1465103841.906414,1465103841.973000
285,1465103836.221000,1465103836.895820,1465103841.897574,1465103841.979000
286,1465103836.221000,1465103838.684534,1465103843.686069,1465103843.747000
287,1465103836.222000,1465103836.875525,1465103841.876689,1465103841.943000
288,1465103836.222000,1465103837.144753,1465103842.146018,1465103842.219000
289,1465103836.222000,1465103836.875839,1465103841.877116,1465103841.964000
290,1465103836.222000,1465103837.165245,1465103842.166511,1465103842.239000
291,1465103836.222000,1465103836.903314,1465103841.904575,1465103841.966000
292,1465103836.222000,1465103836.847217,1465103841.849106,1465103841.930000
293,1465103836.222000,1465103837.176883,1465103842.178258,1465103842.254000
294,1465103836.222000,1465103837.158145,1465103842.159637,1465103842.233000
295,1465103836.222000,1465103837.114536,1465103842.115780,1465103842.205000
296,1465103836.222000,1465103836.910833,1465103841.925960,1465103841.997000
297,1465103836.223000,1465103836.878734,1465103841.880041,1465103841.972000
298,1465103836.223000,1465103837.146567,1465103842.147827,1465103842.218000
299,1465103836.223000,1465103837.108902,1465103842.110488,1465103842.187000
300,1465103836.223000,1465103836.929707,1465103841.930819,1465103842.002000
301,1465103836.223000,1465103836.858364,1465103841.859865,1465103841.927000
302,1465103836.223000,1465103836.920189,1465103841.921765,1465103842.000000
303,1465103836.224000,1465103836.898666,1465103841.900140,1465103841.981000
304,1465103836.224000,1465103836.922347,1465103841.923796,1465103842.005000
305,1465103836.224000,1465103837.123857,1465103842.125138,1465103842.203000
306,1465103836.224000,1465103837.180943,1465103842.182283,1465103842.253000
307,1465103836.224000,1465103836.831828,1465103841.833209,1465103841.912000
308,1465103836.224000,1465103836.862786,1465103841.863927,1465103841.957000
309,1465103836.224000,1465103836.853907,1465103841.855200,1465103841.934000
310,1465103836.224000,1465103837.101017,1465103842.102446,1465103842.190000
311,1465103836.224000,1465103837.163810,1465103842.165019,1465103842.242000
312,1465103836.225000,1465103836.920953,1465103841.922549,1465103842.004000
313,1465103836.225000,1465103836.879860,1465103841.898500,1465103841.979000
314,1465103836.225000,1465103837.166581,1465103842.167887,1465103842.246000
315,1465103836.225000,1465103836.881625,1465103841.883080,1465103841.944000
316,1465103836.225000,1465103836.831646,1465103841.832888,1465103841.912000
317,1465103836.225000,1465103836.891980,1465103841.893200,1465103841.981000
318,1465103836.225000,1465103836.871801,1465103841.873058,1465103841.954000
319,1465103836.225000,1465103837.175070,1465103842.176539,1465103842.253000
320,1465103836.225000,1465103836.897950,1465103841.900356,1465103841.982000
321,1465103836.226000,1465103837.117440,1465103842.118812,1465103842.207000
322,1465103836.226000,1465103837.216662,1465103842.217931,1465103842.279000
323,1465103836.226000,1465103836.882955,1465103841.884282,1465103841.977000
324,1465103836.226000,1465103837.141893,1465103842.143086,1465103842.231000
325,1465103836.226000,1465103836.876533,1465103841.878101,1465103841.967000
326,1465103836.227000,1465103836.892343,1465103841.893605,1465103841.975000
327,1465103836.227000,1465103837.140299,1465103842.141561,1465103842.230000
328,1465103836.227000,1465103837.172798,1465103842.174294,1465103842.253000
329,1465103836.227000,1465103836.886061,1465103841.887406,1465103841.968000
330,1465103836.227000,1465103836.919805,1465103841.923525,1465103841.989000
331,1465103836.227000,1465103836.886555,1465103841.887835,1465103841.969000
332,1465103836.228000,1465103836.847709,1465103841.849008,1465103841.926000
333,1465103836.228000,1465103836.901601,1465103841.903739,1465103841.970000
334,1465103836.228000,1465103836.896381,1465103841.897559,1465103841.985000
335,1465103836.228000,1465103836.873891,1465103841.875327,1465103841.964000
336,1465103836.228000,1465103837.128474,1465103842.129839,1465103842.206000
337,1465103836.228000,1465103837.124840,1465103842.126082,1465103842.213000
338,1465103836.228000,1465103836.879943,1465103841.881191,1465103841.948000
339,1465103836.228000,1465103836.905502,1465103841.906797,1465103841.973000
340,1465103836.228000,1465103836.895888,1465103841.897665,1465103841.989000
341,1465103836.228000,1465103837.145801,1465103842.147249,1465103842.240000
342,1465103836.229000,1465103836.899574,1465103841.901892,1465103841.984000
343,1465103836.229000,1465103837.143350,1465103842.144696,1465103842.221000
344,1465103836.229000,1465103836.886101,1465103841.887845,1465103841.969000
345,1465103836.230000,1465103836.907956,1465103841.909817,1465103841.976000
346,1465103836.230000,1465103836.880734,1465103841.882031,1465103841.953000
347,1465103836.230000,1465103837.145541,1465103842.146853,1465103842.232000
348,1465103836.230000,1465103837.132571,1465103842.133850,1465103842.222000
349,1465103836.230000,1465103836.849762,1465103841.851564,1465103841.961000
350,1465103836.230000,1465103836.910227,1465103841.911860,1465103841.999000
351,1465103836.230000,1465103836.877066,1465103841.878968,1465103841.961000
352,1465103836.230000,1465103836.907744,1465103841.923839,1465103842.002000
353,1465103836.230000,1465103837.164728,1465103842.166382,1465103842.248000
354,1465103836.230000,1465103836.878253,1465103841.879617,1465103841.968000
355,1465103836.230000,1465103837.210067,1465103842.211314,1465103842.303000
356,1465103836.230000,1465103836.896507,1465103841.897775,1465103841.964000
357,1465103836.231000,1465103836.902768,1465103841.904365,1465103841.987000
358,1465103836.231000,1465103836.871965,1465103841.873195,1465103841.952000
359,1465103836.231000,1465103836.837243,1465103841.838448,1465103841.921000
360,1465103836.231000,1465103836.836758,1465103841.838264,1465103841.925000
361,1465103836.231000,1465103836.829253,1465103841.830530,1465103841.912000
362,1465103836.232000,1465103836.927561,1465103841.928885,1465103842.002000
363,1465103836.232000,1465103836.903652,1465103841.905308,1465103841.993000
364,1465103836.232000,1465103836.892445,1465103841.893710,1465103841.986000
365,1465103836.233000,1465103837.159613,1465103842.161091,1465103842.249000
366,1465103836.233000,1465103836.916540,1465103841.918287,1465103841.999000
367,1465103836.233000,1465103837.163824,1465103842.165049,1465103842.251000
368,1465103836.233000,1465103836.880029,1465103841.883739,1465103841.963000
369,1465103836.233000,1465103836.901798,1465103841.902974,1465103841.970000
370,1465103836.234000,1465103837.144342,1465103842.154996,1465103842.265000
371,1465103836.234000,1465103836.895939,1465103841.906517,1465103841.986000
372,1465103836.234000,1465103837.195749,1465103842.196977,1465103842.267000
373,1465103836.234000,1465103836.912614,1465103841.913887,1465103841.995000
374,1465103836.234000,1465103836.874961,1465103841.876473,1465103841.972000
375,1465103836.234000,1465103836.910353,1465103841.911853,1465103841.987000
376,1465103836.234000,1465103837.191884,1465103842.193168,1465103842.271000
377,1465103836.234000,1465103836.876436,1465103841.878968,1465103841.961000
378,1465103836.235000,1465103836.915005,1465103841.916596,1465103841.996000
379,1465103836.234000,1465103836.925807,1465103841.927133,1465103842.005000
380,1465103836.234000,1465103836.852199,1465103841.853579,1465103841.964000
381,1465103836.235000,1465103836.924298,1465103841.943757,1465103842.023000
382,1465103836.235000,1465103836.871724,1465103841.872945,1465103841.967000
383,1465103836.236000,1465103836.895065,1465103841.896262,1465103841.990000
384,1465103836.236000,1465103836.894136,1465103841.898678,1465103841.979000
385,1465103836.236000,1465103836.902887,1465103841.904286,1465103842.000000
386,1465103836.236000,1465103836.855353,1465103841.856945,1465103841.967000
387,1465103836.236000,1465103836.869811,1465103841.871292,1465103841.942000
388,1465103836.236000,1465103836.896672,1465103841.898000,1465103841.978000
389,1465103836.237000,1465103837.185108,1465103842.190011,1465103842.258000
390,1465103836.237000,1465103837.175928,1465103842.177208,1465103842.256000
391,1465103836.237000,1465103836.880845,1465103841.882250,1465103841.958000
392,1465103836.237000,1465103836.868089,1465103841.881522,1465103841.963000
393,1465103836.237000,1465103836.880726,1465103841.882052,1465103841.968000
394,1465103836.238000,1465103836.897320,1465103841.899011,1465103841.991000
395,1465103836.238000,1465103836.880462,1465103841.881951,1465103841.963000
396,1465103836.238000,1465103836.885323,1465103841.886892,1465103841.964000
397,1465103836.238000,1465103836.899632,1465103841.900916,1465103841.961000
398,1465103836.239000,1465103837.168782,1465103842.170054,1465103842.251000
399,1465103836.239000,1465103837.182394,1465103842.183644,1465103842.271000
400,1465103836.239000,1465103837.171322,1465103842.172532,1465103842.253000
401,1465103836.240000,1465103836.927302,1465103841.928606,1465103841.989000
402,1465103836.240000,1465103836.894309,1465103841.912156,1465103842.000000
403,1465103836.240000,1465103837.116871,1465103842.118109,1465103842.203000
404,1465103836.240000,1465103836.902194,1465103841.903930,1465103841.992000
405,1465103836.240000,1465103836.882522,1465103841.883881,1465103841.963000
406,1465103836.240000,1465103836.895632,1465103841.897769,1465103841.979000
407,1465103836.240000,1465103837.163532,1465103842.164853,1465103842.252000
408,1465103836.240000,1465103836.877603,1465103841.885318,1465103841.956000
409,1465103836.241000,1465103836.923798,1465103841.934758,1465103842.012000
410,1465103836.241000,1465103837.189765,1465103842.191218,1465103842.294000
411,1465103836.241000,1465103837.167080,1465103842.168266,1465103842.239000
412,1465103836.241000,1465103836.885229,1465103841.887511,1465103841.969000
413,1465103836.241000,1465103836.861978,1465103841.863535,1465103841.942000
414,1465103836.241000,1465103836.884168,1465103841.885535,1465103841.967000
415,1465103836.242000,1465103837.180931,1465103842.182273,1465103842.262000
416,1465103836.242000,1465103837.171469,1465103842.172640,1465103842.259000
417,1465103836.242000,1465103836.935857,1465103841.937106,1465103842.039000
418,1465103836.242000,1465103836.889136,1465103841.890359,1465103841.971000
419,1465103836.242000,1465103836.882117,1465103841.883534,1465103841.964000
420,1465103836.242000,1465103836.861383,1465103841.867215,1465103841.964000
421,1465103836.242000,1465103836.874335,1465103841.876149,1465103841.972000
422,1465103836.243000,1465103836.872062,1465103841.874082,1465103841.962000
423,1465103836.243000,1465103836.849870,1465103841.851418,1465103841.944000
424,1465103836.243000,1465103837.179858,1465103842.181178,1465103842.261000
425,1465103836.243000,1465103836.936918,1465103841.938131,1465103842.009000
426,1465103836.243000,1465103836.861052,1465103841.863632,1465103841.960000
427,1465103836.244000,1465103836.943527,1465103841.948115,1465103842.009000
428,1465103836.244000,1465103836.923440,1465103841.924790,1465103841.992000
429,1465103836.244000,1465103837.181638,1465103842.182919,1465103842.264000
430,1465103836.244000,1465103836.882776,1465103841.884183,1465103841.973000
431,1465103836.244000,1465103836.868739,1465103841.870214,1465103841.951000
432,1465103836.244000,1465103836.906121,1465103841.917844,1465103842.012000
433,1465103836.244000,1465103836.929238,1465103841.930427,1465103842.008000
434,1465103836.245000,1465103836.900341,1465103841.908461,1465103841.994000
435,1465103836.245000,1465103836.873781,1465103841.875120,1465103841.956000
436,1465103836.245000,1465103837.219809,1465103842.221012,1465103842.299000
437,1465103836.246000,1465103836.880284,1465103841.881777,1465103841.984000
438,1465103836.246000,1465103836.880991,1465103841.882404,1465103841.970000
439,1465103836.246000,1465103836.887554,1465103841.888769,1465103841.968000
440,1465103836.246000,1465103836.901093,1465103841.902543,1465103841.980000
441,1465103836.246000,1465103836.919009,1465103841.920333,1465103841.999000
442,1465103836.246000,1465103836.866394,1465103841.867823,1465103841.955000
443,1465103836.246000,1465103836.884358,1465103841.885551,1465103841.978000
444,1465103836.246000,1465103836.925498,1465103841.926861,1465103841.993000
445,1465103836.246000,1465103836.901065,1465103841.906931,1465103841.989000
446,1465103836.247000,1465103836.936142,1465103841.938580,1465103842.000000
447,1465103836.247000,1465103837.201628,1465103842.202842,1465103842.280000
448,1465103836.247000,1465103836.859684,1465103841.861074,1465103841.942000
449,1465103836.247000,1465103836.868163,1465103841.869710,1465103841.966000
450,1465103836.247000,1465103836.889988,1465103841.906926,1465103841.989000
451,1465103836.248000,1465103836.886779,1465103841.888157,1465103841.983000
452,1465103836.248000,1465103836.918973,1465103841.920368,1465103841.993000
453,1465103836.248000,1465103837.226865,1465103842.228484,1465103842.305000
454,1465103836.248000,1465103836.891258,1465103841.892765,1465103841.975000
455,1465103836.248000,1465103836.927826,1465103841.929125,1465103842.000000
456,1465103836.248000,1465103836.900784,1465103841.902031,1465103841.982000
457,1465103836.248000,1465103837.184905,1465103842.186378,1465103842.262000
458,1465103836.249000,1465103836.902578,1465103841.903890,1465103841.983000
459,1465103836.249000,1465103836.862554,1465103841.866963,1465103841.963000
460,1465103836.249000,1465103836.915549,1465103841.917177,1465103841.999000
461,1465103836.250000,1465103836.871169,1465103841.872428,1465103841.964000
462,1465103836.250000,1465103836.895640,1465103841.896800,1465103841.968000
463,1465103836.250000,1465103836.876923,1465103841.879906,1465103841.981000
464,1465103836.250000,1465103836.892463,1465103841.893978,1465103841.981000
465,1465103836.250000,1465103836.908147,1465103841.910300,1465103841.998000
466,1465103836.250000,1465103837.221333,1465103842.222501,1465103842.293000
467,1465103836.250000,1465103836.897110,1465103841.898598,1465103841.983000
468,1465103836.250000,1465103836.914982,1465103841.934401,1465103842.012000
469,1465103836.251000,1465103836.863299,1465103841.864490,1465103841.952000
470,1465103836.251000,1465103836.872591,1465103841.874146,1465103841.955000
471,1465103836.251000,1465103836.862471,1465103841.864214,1465103841.944000
472,1465103836.251000,1465103836.942390,1465103841.945381,1465103842.006000
473,1465103836.251000,1465103836.919322,1465103841.924471,1465103842.005000
474,1465103836.251000,1465103836.903009,1465103841.905846,1465103841.994000
475,1465103836.251000,1465103836.892747,1465103841.907106,1465103842.003000
476,1465103836.251000,1465103836.899604,1465103841.900905,1465103841.992000
477,1465103836.253000,1465103836.906954,1465103841.908237,1465103841.996000
478,1465103836.252000,1465103836.917303,1465103841.918944,1465103842.000000
479,1465103836.252000,1465103836.925441,1465103841.926777,1465103842.004000
480,1465103836.253000,1465103836.908303,1465103841.923070,1465103842.015000
481,1465103836.253000,1465103836.918456,1465103841.919942,1465103842.006000
482,1465103836.253000,1465103836.853937,1465103841.856112,1465103841.966000
483,1465103836.253000,1465103836.886916,1465103841.888293,1465103841.967000
484,1465103836.253000,1465103836.877468,1465103841.881243,1465103841.982000
485,1465103836.253000,1465103836.913621,1465103841.914792,1465103841.981000
486,1465103836.253000,1465103836.853499,1465103841.854840,1465103841.943000
487,1465103836.253000,1465103836.877071,1465103841.883520,1465103841.985000
488,1465103836.253000,1465103836.907607,1465103841.909328,1465103841.989000
489,1465103836.254000,1465103836.894016,1465103841.895229,1465103841.997000
490,1465103836.254000,1465103836.895306,1465103841.907570,1465103841.989000
491,1465103836.254000,1465103836.923018,1465103841.924202,1465103841.985000
492,1465103836.254000,1465103837.361418,1465103842.362567,1465103842.455000
493,1465103836.254000,1465103836.933463,1465103841.934946,1465103842.008000
494,1465103836.254000,1465103836.937303,1465103841.938968,1465103842.026000
495,1465103836.254000,1465103837.000786,1465103842.002003,1465103842.079000
496,1465103836.254000,1465103836.910452,1465103841.912317,1465103841.984000
497,1465103836.254000,1465103836.940086,1465103841.941704,1465103842.022000
498,1465103836.254000,1465103836.890108,1465103841.891389,1465103841.993000
499,1465103836.254000,1465103836.958460,1465103841.975183,1465103842.052000
500,1465103836.254000,1465103836.978739,1465103841.979986,1465103842.047000
501,1465103836.255000,1465103836.932483,1465103841.933764,1465103842.013000
502,1465103836.255000,1465103837.020517,1465103842.021726,1465103842.100000
503,1465103836.255000,1465103836.960332,1465103841.961718,1465103842.049000
504,1465103836.255000,1465103836.910786,1465103841.911906,1465103842.006000
505,1465103836.255000,1465103836.885579,1465103841.886806,1465103841.983000
506,1465103836.255000,1465103836.940831,1465103841.942169,1465103842.009000
507,1465103836.255000,1465103836.924882,1465103841.928197,1465103842.007000
508,1465103836.255000,1465103836.919255,1465103841.937223,1465103842.014000
509,1465103836.255000,1465103837.318863,1465103842.320089,1465103842.402000
510,1465103836.255000,1465103836.888805,1465103841.890165,1465103841.969000
511,1465103836.255000,1465103836.880593,1465103841.882329,1465103841.975000
512,1465103836.255000,1465103836.894282,1465103841.895781,1465103841.976000
513,1465103836.255000,1465103836.913980,1465103841.915112,1465103842.009000
514,1465103836.255000,1465103836.902045,1465103841.903293,1465103841.974000
515,1465103836.255000,1465103836.970092,1465103841.971498,1465103842.047000
516,1465103836.255000,1465103836.920355,1465103841.921583,1465103842.009000
517,1465103836.255000,1465103837.025257,1465103842.026467,1465103842.112000
518,1465103836.255000,1465103836.898956,1465103841.901072,1465103841.989000
519,1465103836.255000,1465103836.898417,1465103841.900007,1465103841.992000
520,1465103836.255000,1465103837.318285,1465103842.320088,1465103842.400000
521,1465103836.255000,1465103836.983651,1465103841.984952,1465103842.071000
522,1465103836.255000,1465103836.944554,1465103841.945764,1465103842.032000
523,1465103836.256000,1465103836.938181,1465103841.939343,1465103842.017000
524,1465103836.256000,1465103836.990090,1465103841.991493,1465103842.067000
525,1465103836.256000,1465103836.992032,1465103841.993251,1465103842.071000
526,1465103836.256000,1465103836.914846,1465103841.916403,1465103841.983000
527,1465103836.256000,1465103836.906505,1465103841.907902,1465103842.002000
528,1465103836.256000,1465103837.039142,1465103842.040494,1465103842.119000
529,1465103836.256000,1465103836.972114,1465103841.973345,1465103842.040000
530,1465103836.256000,1465103836.941356,1465103841.942996,1465103842.020000
531,1465103836.256000,1465103837.066648,1465103842.069092,1465103842.151000
532,1465103836.256000,1465103836.990333,1465103841.991698,1465103842.080000
533,1465103836.256000,1465103836.932402,1465103841.933660,1465103842.015000
534,1465103836.256000,1465103836.959860,1465103841.961202,1465103842.037000
535,1465103836.256000,1465103837.271503,1465103842.272844,1465103842.360000
536,1465103836.256000,1465103836.901335,1465103841.902562,1465103841.997000
537,1465103836.256000,1465103837.305763,1465103842.307031,1465103842.388000
538,1465103836.256000,1465103837.317931,1465103842.319345,1465103842.386000
539,1465103836.256000,1465103836.901094,1465103841.903879,1465103841.985000
540,1465103836.256000,1465103836.950834,1465103841.952551,1465103842.030000
541,1465103836.256000,1465103837.045392,1465103842.046649,1465103842.135000
542,1465103836.256000,1465103837.074396,1465103842.075557,1465103842.142000
543,1465103836.256000,1465103836.912443,1465103841.913788,1465103842.015000
544,1465103836.256000,1465103837.307616,1465103842.308834,1465103842.419000
545,1465103836.256000,1465103836.916699,1465103841.919068,1465103841.985000
546,1465103836.256000,1465103837.287217,1465103842.288740,1465103842.365000
547,1465103836.256000,1465103836.921312,1465103841.922497,1465103841.988000
548,1465103836.256000,1465103836.948488,1465103841.949663,1465103842.021000
549,1465103836.256000,1465103836.936577,1465103841.939624,1465103842.013000
550,1465103836.257000,1465103836.935094,1465103841.936279,1465103842.017000
551,1465103836.257000,1465103836.889811,1465103841.891077,1465103841.957000
552,1465103836.257000,1465103836.914151,1465103841.915285,1465103842.003000
553,1465103836.257000,1465103836.926821,1465103841.929055,1465103842.011000
554,1465103836.257000,1465103836.897809,1465103841.899153,1465103841.995000
555,1465103836.257000,1465103836.973634,1465103841.974889,1465103842.048000
556,1465103836.257000,1465103836.906016,1465103841.908706,1465103842.003000
557,1465103836.257000,1465103836.920234,1465103841.924216,1465103841.990000
558,1465103836.257000,1465103836.898239,1465103841.899731,1465103841.992000
559,1465103836.257000,1465103836.930258,1465103841.931552,1465103842.020000
560,1465103836.257000,1465103836.971990,1465103841.973350,1465103842.041000
561,1465103836.257000,1465103836.965992,1465103841.983272,1465103842.054000
562,1465103836.257000,1465103836.926967,1465103841.947528,1465103842.029000
563,1465103836.257000,1465103836.967603,1465103841.968799,1465103842.054000
564,1465103836.257000,1465103836.860437,1465103841.861749,1465103841.953000
565,1465103836.257000,1465103836.911877,1465103841.913064,1465103842.000000
566,1465103836.257000,1465103836.920651,1465103841.922050,1465103842.000000
567,1465103836.257000,1465103836.901368,1465103841.902521,1465103841.988000
568,1465103836.257000,1465103836.910705,1465103841.912746,1465103841.993000
569,1465103836.257000,1465103836.890665,1465103841.911598,1465103841.999000
570,1465103836.257000,1465103837.026802,1465103842.028112,1465103842.130000
571,1465103836.257000,1465103836.900954,1465103841.902648,1465103841.984000
572,1465103836.257000,1465103836.905551,1465103841.907640,1465103841.985000
573,1465103836.257000,1465103836.901002,1465103841.903280,1465103841.969000
574,1465103836.257000,1465103836.854584,1465103841.855935,1465103841.944000
575,1465103836.257000,1465103836.907508,1465103841.910042,1465103841.997000
576,1465103836.257000,1465103836.889936,1465103841.891110,1465103841.980000
577,1465103836.258000,1465103836.899843,1465103841.901097,1465103842.003000
578,1465103836.258000,1465103836.923749,1465103841.925024,1465103842.005000
579,1465103836.258000,1465103836.897490,1465103841.898975,1465103841.980000
580,1465103836.258000,1465103836.981276,1465103841.982497,1465103842.067000
581,1465103836.258000,1465103836.864853,1465103841.866142,1465103841.945000
582,1465103836.258000,1465103836.907896,1465103841.909205,1465103841.987000
583,1465103836.258000,1465103836.923510,1465103841.926405,1465103842.003000
584,1465103836.258000,1465103836.931877,1465103841.933065,1465103842.013000
585,1465103836.258000,1465103837.269661,1465103842.271189,1465103842.381000
586,1465103836.258000,1465103836.937869,1465103841.952175,1465103842.025000
587,1465103836.258000,1465103836.921480,1465103841.922832,1465103842.001000
588,1465103836.258000,1465103836.957459,1465103841.958810,1465103842.045000
589,1465103836.258000,1465103836.868060,1465103841.869285,1465103841.958000
590,1465103836.258000,1465103837.310969,1465103842.312650,1465103842.392000
591,1465103836.258000,1465103837.007663,1465103842.008925,1465103842.087000
592,1465103836.258000,1465103836.904489,1465103841.905770,1465103842.007000
593,1465103836.258000,1465103836.901039,1465103841.902346,1465103841.989000
594,1465103836.258000,1465103836.903202,1465103841.904437,1465103841.993000
595,1465103836.258000,1465103836.948567,1465103841.949852,1465103842.027000
596,1465103836.258000,1465103837.030819,1465103842.032016,1465103842.121000
597,1465103836.258000,1465103837.042224,1465103842.051968,1465103842.125000
598,1465103836.258000,1465103836.964115,1465103841.965293,1465103842.043000
599,1465103836.259000,1465103836.982424,1465103841.983591,1465103842.050000
600,1465103836.259000,1465103836.927651,1465103841.928885,1465103842.008000
601,1465103836.259000,1465103837.336715,1465103842.338166,1465103842.414000
602,1465103836.259000,1465103836.896328,1465103841.898830,1465103841.984000
603,1465103836.259000,1465103837.023223,1465103842.024566,1465103842.097000
604,1465103836.259000,1465103837.307700,1465103842.308981,1465103842.396000
605,1465103836.259000,1465103836.943503,1465103841.963993,1465103842.049000
606,1465103836.259000,1465103836.900243,1465103841.901412,1465103841.989000
607,1465103836.259000,1465103836.936438,1465103841.938375,1465103841.999000
608,1465103836.259000,1465103836.942986,1465103841.944233,1465103842.022000
609,1465103836.259000,1465103836.924130,1465103841.925611,1465103842.003000
610,1465103836.259000,1465103836.932205,1465103841.933740,1465103842.006000
611,1465103836.259000,1465103836.981188,1465103841.982525,1465103842.063000
612,1465103836.259000,1465103836.923040,1465103841.924295,1465103842.026000
613,1465103836.259000,1465103836.905705,1465103841.907171,1465103841.986000
614,1465103836.259000,1465103837.071390,1465103842.074757,1465103842.152000
615,1465103836.259000,1465103836.930102,1465103841.931368,1465103841.997000
616,1465103836.259000,1465103837.007030,1465103842.008320,1465103842.086000
617,1465103836.259000,1465103836.921532,1465103841.935382,1465103842.013000
618,1465103836.259000,1465103836.916089,1465103841.917458,1465103841.996000
619,1465103836.259000,1465103837.031243,1465103842.032934,1465103842.112000
620,1465103836.259000,1465103836.966414,1465103841.967974,1465103842.039000
621,1465103836.259000,1465103837.044616,1465103842.045954,1465103842.133000
622,1465103836.259000,1465103837.287845,1465103842.289289,1465103842.365000
623,1465103836.259000,1465103836.910774,1465103841.912631,1465103841.993000
624,1465103836.259000,1465103836.910376,1465103841.912322,1465103842.000000
625,1465103836.260000,1465103836.953064,1465103841.954373,1465103842.056000
626,1465103836.260000,1465103836.900328,1465103841.919264,1465103842.000000
627,1465103836.260000,1465103836.946927,1465103841.948146,1465103842.027000
628,1465103836.260000,1465103836.914510,1465103841.915767,1465103842.001000
629,1465103836.260000,1465103837.009293,1465103842.010618,1465103842.088000
630,1465103836.260000,1465103837.078472,1465103842.080362,1465103842.161000
631,1465103836.260000,1465103836.898350,1465103841.901569,1465103841.988000
632,1465103836.260000,1465103836.926033,1465103841.944419,1465103842.023000
633,1465103836.260000,1465103836.974697,1465103841.976003,1465103842.062000
634,1465103836.260000,1465103836.908276,1465103841.909513,1465103841.970000
635,1465103836.261000,1465103836.980971,1465103841.982217,1465103842.053000
636,1465103836.261000,1465103836.946935,1465103841.948234,1465103842.026000
637,1465103836.261000,1465103836.970187,1465103841.971696,1465103842.051000
638,1465103836.261000,1465103837.002516,1465103842.003818,1465103842.085000
639,1465103836.261000,1465103837.036056,1465103842.037320,1465103842.116000
640,1465103836.261000,1465103836.883820,1465103841.885277,1465103841.973000
641,1465103836.261000,1465103836.921471,1465103841.934445,1465103842.013000
642,1465103836.261000,1465103836.941085,1465103841.942341,1465103842.038000
643,1465103836.261000,1465103836.909642,1465103841.910841,1465103842.001000
644,1465103836.261000,1465103836.941727,1465103841.943117,1465103842.024000
645,1465103836.261000,1465103836.912173,1465103841.913488,1465103841.992000
646,1465103836.261000,1465103836.942464,1465103841.943968,1465103842.032000
647,1465103836.261000,1465103836.982529,1465103841.983780,1465103842.077000
648,1465103836.261000,1465103836.918284,1465103841.928797,1465103842.014000
649,1465103836.261000,1465103836.932999,1465103841.952079,1465103842.025000
650,1465103836.261000,1465103836.938045,1465103841.939899,1465103842.013000
651,1465103836.261000,1465103836.917584,1465103841.919634,1465103841.986000
652,1465103836.261000,1465103836.926472,1465103841.927864,1465103841.999000
653,1465103836.261000,1465103836.901739,1465103841.903388,1465103841.981000
654,1465103836.261000,1465103837.255830,1465103842.257006,1465103842.339000
655,1465103836.261000,1465103837.064129,1465103842.065364,1465103842.153000
656,1465103836.261000,1465103836.886643,1465103841.888327,1465103841.970000
657,1465103836.261000,1465103836.892326,1465103841.893584,1465103841.961000
658,1465103836.261000,1465103836.911363,1465103841.912982,1465103841.980000
659,1465103836.261000,1465103837.297198,1465103842.298645,1465103842.386000
660,1465103836.262000,1465103836.908309,1465103841.909763,1465103841.992000
661,1465103836.262000,1465103836.902716,1465103841.910306,1465103841.991000
662,1465103836.262000,1465103836.906839,1465103841.908029,1465103841.996000
663,1465103836.262000,1465103836.927315,1465103841.943831,1465103842.023000
664,1465103836.262000,1465103836.935722,1465103841.936918,1465103842.013000
665,1465103836.262000,1465103836.924885,1465103841.942363,1465103842.019000
666,1465103836.262000,1465103836.906300,1465103841.916382,1465103841.993000
667,1465103836.262000,1465103836.921930,1465103841.923214,1465103842.011000
668,1465103836.262000,1465103836.899069,1465103841.900573,1465103841.987000
669,1465103836.262000,1465103836.887904,1465103841.889230,1465103841.978000
670,1465103836.262000,1465103836.972323,1465103841.973605,1465103842.052000
671,1465103836.262000,1465103836.882001,1465103841.883464,1465103841.972000
672,1465103836.262000,1465103836.910304,1465103841.912977,1465103841.984000
673,1465103836.262000,1465103836.902398,1465103841.904378,1465103841.972000
674,1465103836.262000,1465103837.050264,1465103842.051524,1465103842.138000
675,1465103836.262000,1465103836.926981,1465103841.928154,1465103841.994000
676,1465103836.262000,1465103836.992537,1465103841.993740,1465103842.072000
677,1465103836.262000,1465103836.945875,1465103841.947607,1465103842.029000
678,1465103836.262000,1465103836.945458,1465103841.947276,1465103842.008000
679,1465103836.262000,1465103836.990380,1465103841.991947,1465103842.071000
680,1465103836.262000,1465103837.003764,1465103842.005064,1465103842.090000
681,1465103836.262000,1465103837.289433,1465103842.291124,1465103842.371000
682,1465103836.262000,1465103836.900051,1465103841.901689,1465103841.998000
683,1465103836.262000,1465103836.898223,1465103841.900256,1465103841.983000
684,1465103836.263000,1465103836.921918,1465103841.923239,1465103841.991000
685,1465103836.263000,1465103836.969775,1465103841.970926,1465103842.065000
686,1465103836.263000,1465103836.941142,1465103841.942413,1465103842.009000
687,1465103836.263000,1465103837.057347,1465103842.074196,1465103842.152000
688,1465103836.263000,1465103836.918333,1465103841.919579,1465103842.011000
689,1465103836.263000,1465103837.063034,1465103842.064395,1465103842.150000
690,1465103836.263000,1465103836.999409,1465103842.000606,1465103842.067000
691,1465103836.263000,1465103836.951988,1465103841.953195,1465103842.048000
692,1465103836.263000,1465103836.907009,1465103841.908234,1465103842.000000
693,1465103836.263000,1465103836.981813,1465103841.983307,1465103842.069000
694,1465103836.263000,1465103837.014802,1465103842.016377,1465103842.101000
695,1465103836.263000,1465103836.942315,1465103841.961174,1465103842.022000
696,1465103836.263000,1465103836.917834,1465103841.919094,1465103842.004000
697,1465103836.263000,1465103837.297612,1465103842.298924,1465103842.392000
698,1465103836.263000,1465103836.951280,1465103841.954052,1465103842.036000
699,1465103836.263000,1465103836.921487,1465103841.922691,1465103842.016000
700,1465103836.263000,1465103836.928808,1465103841.930254,1465103842.032000
701,1465103836.263000,1465103837.013047,1465103842.014451,1465103842.093000
702,1465103836.263000,1465103837.051230,1465103842.052454,1465103842.122000
703,1465103836.263000,1465103836.897955,1465103841.899634,1465103841.993000
704,1465103836.263000,1465103836.951802,1465103841.966538,1465103842.049000
705,1465103836.263000,1465103836.913521,1465103841.915791,1465103841.993000
706,1465103836.263000,1465103837.065724,1465103842.066909,1465103842.133000
707,1465103836.263000,1465103837.267652,1465103842.269167,1465103842.379000
708,1465103836.263000,1465103836.922871,1465103841.924131,1465103842.009000
709,1465103836.263000,1465103836.922358,1465103841.923606,1465103841.994000
710,1465103836.264000,1465103836.943088,1465103841.944510,1465103842.025000
711,1465103836.264000,1465103836.930547,1465103841.932546,1465103842.008000
712,1465103836.264000,1465103836.925161,1465103841.926306,1465103842.014000
713,1465103836.264000,1465103836.964265,1465103841.965456,1465103842.036000
714,1465103836.264000,1465103837.275616,1465103842.277442,1465103842.353000
715,1465103836.264000,1465103837.022558,1465103842.026485,1465103842.109000
716,1465103836.264000,1465103836.944709,1465103841.946511,1465103842.007000
717,1465103836.264000,1465103837.239943,1465103842.241263,1465103842.317000
718,1465103836.264000,1465103836.952058,1465103841.953432,1465103842.031000
719,1465103836.264000,1465103836.992511,1465103842.007023,1465103842.086000
720,1465103836.264000,1465103837.005554,1465103842.006906,1465103842.080000
721,1465103836.264000,1465103836.974178,1465103841.977473,1465103842.053000
722,1465103836.264000,1465103837.330891,1465103842.332118,1465103842.409000
723,1465103836.264000,1465103836.966807,1465103841.968332,1465103842.047000
724,1465103836.264000,1465103837.070065,1465103842.071347,1465103842.157000
725,1465103836.264000,1465103837.004040,1465103842.005631,1465103842.097000
726,1465103836.264000,1465103836.947677,1465103841.948941,1465103842.010000
727,1465103836.264000,1465103836.948136,1465103841.949340,1465103842.039000
728,1465103836.264000,1465103836.898718,1465103841.899945,1465103841.987000
729,1465103836.264000,1465103837.025279,1465103842.026506,1465103842.108000
730,1465103836.264000,1465103836.905727,1465103841.907106,1465103842.003000
731,1465103836.264000,1465103836.914408,1465103841.915729,1465103841.997000
732,1465103836.264000,1465103836.920484,1465103841.923400,1465103842.005000
733,1465103836.265000,1465103836.940808,1465103841.942277,1465103842.028000
734,1465103836.267000,1465103836.957208,1465103841.959407,1465103842.061000
735,1465103836.269000,1465103837.015562,1465103842.017114,1465103842.102000
736,1465103836.275000,1465103836.957798,1465103841.959208,1465103842.061000
737,1465103836.291000,1465103836.986953,1465103841.988223,1465103842.067000
738,1465103836.291000,1465103837.294656,1465103842.296005,1465103842.375000
739,1465103836.313000,1465103836.993057,1465103841.994529,1465103842.073000
740,1465103836.316000,1465103836.970030,1465103841.971325,1465103842.033000
741,1465103836.316000,1465103837.196979,1465103842.215229,1465103842.325000
742,1465103836.316000,1465103836.981918,1465103841.983567,1465103842.065000
743,1465103836.316000,1465103836.971569,1465103841.985953,1465103842.066000
744,1465103836.316000,1465103837.227360,1465103842.228583,1465103842.322000
745,1465103836.316000,1465103836.954841,1465103841.956262,1465103842.038000
746,1465103836.316000,1465103837.253709,1465103842.255088,1465103842.342000
747,1465103836.316000,1465103837.061059,1465103842.062556,1465103842.148000
748,1465103836.317000,1465103836.931003,1465103841.932312,1465103842.010000
749,1465103836.317000,1465103836.977696,1465103841.978947,1465103842.059000
750,1465103836.317000,1465103837.352641,1465103842.354102,1465103842.432000
751,1465103836.317000,1465103837.312777,1465103842.314279,1465103842.402000
752,1465103836.318000,1465103837.243553,1465103842.246046,1465103842.326000
753,1465103836.318000,1465103837.054010,1465103842.055195,1465103842.132000
754,1465103836.318000,1465103837.031910,1465103842.033110,1465103842.118000
755,1465103836.318000,1465103837.352248,1465103842.353520,1465103842.436000
756,1465103836.318000,1465103837.014724,1465103842.015945,1465103842.095000
757,1465103836.318000,1465103837.292890,1465103842.294192,1465103842.373000
758,1465103836.318000,1465103836.984908,1465103841.986157,1465103842.059000
759,1465103836.318000,1465103837.045718,1465103842.046862,1465103842.124000
760,1465103836.318000,1465103837.056402,1465103842.057662,1465103842.124000
761,1465103836.318000,1465103836.999776,1465103842.001077,1465103842.103000
762,1465103836.318000,1465103837.039460,1465103842.040627,1465103842.118000
763,1465103836.319000,1465103837.047004,1465103842.048293,1465103842.134000
764,1465103836.319000,1465103836.931423,1465103841.932898,1465103842.011000
765,1465103836.319000,1465103837.073090,1465103842.074420,1465103842.152000
766,1465103836.320000,1465103836.928097,1465103841.943489,1465103842.045000
767,1465103836.320000,1465103837.297805,1465103842.299373,1465103842.387000
768,1465103836.320000,1465103837.067634,1465103842.068868,1465103842.147000
769,1465103836.321000,1465103837.021378,1465103842.022649,1465103842.084000
770,1465103836.321000,1465103836.978371,1465103841.979809,1465103842.067000
771,1465103836.321000,1465103837.000839,1465103842.002340,1465103842.080000
772,1465103836.321000,1465103837.349361,1465103842.350713,1465103842.438000
773,1465103836.321000,1465103837.350813,1465103842.352109,1465103842.441000
774,1465103836.322000,1465103837.342379,1465103842.343589,1465103842.415000
775,1465103836.322000,1465103836.928747,1465103841.929922,1465103842.019000
776,1465103836.322000,1465103837.320745,1465103842.322009,1465103842.399000
777,1465103836.322000,1465103837.064571,1465103842.065803,1465103842.151000
778,1465103836.322000,1465103837.058719,1465103842.059950,1465103842.138000
779,1465103836.322000,1465103836.942962,1465103841.945038,1465103842.031000
780,1465103836.323000,1465103837.057952,1465103842.059212,1465103842.148000
781,1465103836.323000,1465103837.007661,1465103842.008942,1465103842.089000
782,1465103836.323000,1465103837.030720,1465103842.032057,1465103842.133000
783,1465103836.324000,1465103837.082870,1465103842.084104,1465103842.150000
784,1465103836.324000,1465103837.023402,1465103842.031480,1465103842.120000
785,1465103836.324000,1465103836.983745,1465103841.985281,1465103842.073000
786,1465103836.324000,1465103837.034371,1465103842.035578,1465103842.102000
787,1465103836.324000,1465103837.350061,1465103842.351296,1465103842.447000
788,1465103836.324000,1465103837.027645,1465103842.028835,1465103842.100000
789,1465103836.324000,1465103837.295882,1465103842.297067,1465103842.391000
790,1465103836.325000,1465103837.292394,1465103842.293639,1465103842.364000
791,1465103836.325000,1465103837.012222,1465103842.013438,1465103842.092000
792,1465103836.325000,1465103837.041939,1465103842.043253,1465103842.110000
793,1465103836.326000,1465103837.051360,1465103842.052602,1465103842.155000
794,1465103836.326000,1465103837.309940,1465103842.311219,1465103842.421000
795,1465103836.326000,1465103837.073034,1465103842.074261,1465103842.163000
796,1465103836.326000,1465103836.971783,1465103841.973031,1465103842.051000
797,1465103836.326000,1465103837.035433,1465103842.036654,1465103842.117000
798,1465103836.327000,1465103837.319866,1465103842.321240,1465103842.401000
799,1465103836.327000,1465103836.964933,1465103841.966177,1465103842.055000
800,1465103836.327000,1465103836.996510,1465103841.997897,1465103842.083000
801,1465103836.328000,1465103837.001419,1465103842.003006,1465103842.080000
802,1465103836.328000,1465103837.086727,1465103842.089365,1465103842.155000
803,1465103836.328000,1465103836.971961,1465103841.973415,1465103842.053000
804,1465103836.328000,1465103837.064788,1465103842.066151,1465103842.152000
805,1465103836.328000,1465103837.304452,1465103842.305659,1465103842.385000
806,1465103836.328000,1465103837.019323,1465103842.020605,1465103842.088000
807,1465103836.328000,1465103837.348690,1465103842.349904,1465103842.431000
808,1465103836.328000,1465103837.056379,1465103842.057554,1465103842.146000
809,1465103836.328000,1465103837.365713,1465103842.366943,1465103842.444000
810,1465103836.329000,1465103837.356348,1465103842.365425,1465103842.437000
811,1465103836.330000,1465103837.350558,1465103842.351824,1465103842.418000
812,1465103836.330000,1465103837.343010,1465103842.345268,1465103842.421000
813,1465103836.330000,1465103836.995026,1465103841.996418,1465103842.064000
814,1465103836.330000,1465103837.068201,1465103842.069397,1465103842.148000
815,1465103836.330000,1465103837.310962,1465103842.312273,1465103842.405000
816,1465103836.331000,1465103837.038832,1465103842.040221,1465103842.119000
817,1465103836.331000,1465103837.250711,1465103842.251917,1465103842.334000
818,1465103836.331000,1465103837.011596,1465103842.012745,1465103842.090000
819,1465103836.332000,1465103837.008071,1465103842.009330,1465103842.096000
820,1465103836.332000,1465103837.024171,1465103842.031481,1465103842.120000
821,1465103836.332000,1465103837.319513,1465103842.320691,1465103842.413000
822,1465103836.332000,1465103837.041614,1465103842.043023,1465103842.130000
823,1465103836.332000,1465103837.056952,1465103842.058367,1465103842.147000
824,1465103836.333000,1465103837.066465,1465103842.067665,1465103842.147000
825,1465103836.333000,1465103837.068455,1465103842.069804,1465103842.158000
826,1465103836.333000,1465103837.257072,1465103842.258317,1465103842.346000
827,1465103836.333000,1465103836.941291,1465103841.942589,1465103842.015000
828,1465103836.334000,1465103837.060083,1465103842.061329,1465103842.150000
829,1465103836.334000,1465103837.066947,1465103842.068435,1465103842.134000
830,1465103836.334000,1465103836.956376,1465103841.958005,1465103842.045000
831,1465103836.334000,1465103837.340817,1465103842.342095,1465103842.434000
832,1465103836.335000,1465103837.338654,1465103842.339952,1465103842.421000
833,1465103836.335000,1465103837.347028,1465103842.354225,1465103842.434000
834,1465103836.335000,1465103837.367166,1465103842.368473,1465103842.447000
835,1465103836.335000,1465103837.323266,1465103842.324441,1465103842.434000
836,1465103836.335000,1465103837.008778,1465103842.010013,1465103842.112000
837,1465103836.335000,1465103837.067930,1465103842.069279,1465103842.136000
838,1465103836.335000,1465103837.062362,1465103842.063630,1465103842.130000
839,1465103836.335000,1465103837.274482,1465103842.275716,1465103842.336000
840,1465103836.335000,1465103837.037038,1465103842.038407,1465103842.126000
841,1465103836.336000,1465103837.026392,1465103842.027648,1465103842.088000
842,1465103836.336000,1465103837.055562,1465103842.056795,1465103842.134000
843,1465103836.336000,0.000000,0.000000,0.000000
844,1465103836.337000,1465103837.318301,1465103842.319576,1465103842.405000
845,1465103836.338000,1465103837.014723,1465103842.016043,1465103842.117000
846,1465103836.338000,1465103837.072264,1465103842.073460,1465103842.134000
847,1465103836.338000,1465103837.012140,1465103842.013319,1465103842.091000
848,1465103836.338000,1465103837.338989,1465103842.340651,1465103842.420000
849,1465103836.338000,1465103837.353334,1465103842.354756,1465103842.448000
850,1465103836.338000,1465103837.307485,1465103842.308761,1465103842.386000
851,1465103836.338000,1465103837.086943,1465103842.089154,1465103842.155000
852,1465103836.339000,1465103837.343421,1465103842.344632,1465103842.426000
853,1465103836.339000,1465103837.336705,1465103842.337904,1465103842.419000
854,1465103836.340000,1465103837.342927,1465103842.344982,1465103842.421000
855,1465103836.340000,1465103837.054782,1465103842.055983,1465103842.135000
856,1465103836.340000,1465103837.089256,1465103842.090748,1465103842.157000
857,1465103836.340000,1465103837.372699,1465103842.374100,1465103842.453000
858,1465103836.340000,1465103837.055367,1465103842.057477,1465103842.145000
859,1465103836.341000,1465103837.062161,1465103842.063418,1465103842.149000
860,1465103836.340000,1465103837.011582,1465103842.012927,1465103842.089000
861,1465103836.340000,1465103837.367920,1465103842.369227,1465103842.448000
862,1465103836.340000,1465103837.062984,1465103842.064795,1465103842.153000
863,1465103836.341000,1465103837.067705,1465103842.072070,1465103842.160000
864,1465103836.341000,1465103837.078456,1465103842.080148,1465103842.156000
865,1465103836.341000,1465103837.277291,1465103842.278671,1465103842.356000
866,1465103836.341000,1465103837.055332,1465103842.067519,1465103842.149000
867,1465103836.342000,1465103837.044201,1465103842.045579,1465103842.133000
868,1465103836.342000,1465103837.067311,1465103842.068573,1465103842.157000
869,1465103836.342000,1465103837.291313,1465103842.292515,1465103842.379000
870,1465103836.342000,1465103837.066519,1465103842.067708,1465103842.154000
871,1465103836.343000,0.000000,0.000000,0.000000
872,1465103836.343000,1465103837.049867,1465103842.051199,1465103842.112000
873,1465103836.344000,1465103837.331156,1465103842.332659,1465103842.409000
874,1465103836.344000,1465103837.061908,1465103842.072108,1465103842.160000
875,1465103836.345000,1465103837.013414,1465103842.014680,1465103842.101000
876,1465103836.345000,1465103836.992978,1465103841.994288,1465103842.096000
877,1465103836.346000,1465103837.291517,1465103842.292714,1465103842.371000
878,1465103836.346000,1465103837.008070,1465103842.009404,1465103842.076000
879,1465103836.346000,1465103836.984269,1465103841.985653,1465103842.063000
880,1465103836.346000,1465103837.380563,1465103842.381792,1465103842.448000
881,1465103836.346000,1465103837.073698,1465103842.074971,1465103842.146000
882,1465103836.347000,1465103837.370846,1465103842.372058,1465103842.455000
883,1465103836.348000,1465103837.354020,1465103842.355434,1465103842.448000
884,1465103836.348000,1465103837.344004,1465103842.345534,1465103842.424000
885,1465103836.348000,1465103837.008016,1465103842.009198,1465103842.080000
886,1465103836.348000,1465103837.283249,1465103842.284450,1465103842.363000
887,1465103836.349000,1465103837.080966,1465103842.082260,1465103842.149000
888,1465103836.349000,1465103837.078394,1465103842.079741,1465103842.160000
889,1465103836.349000,1465103837.318833,1465103842.320016,1465103842.398000
890,1465103836.349000,1465103837.038686,1465103842.039932,1465103842.128000
891,1465103836.349000,1465103837.310453,1465103842.311641,1465103842.390000
892,1465103836.349000,1465103837.282383,1465103842.283687,1465103842.364000
893,1465103836.350000,1465103837.069902,1465103842.071319,1465103842.158000
894,1465103836.350000,1465103837.287263,1465103842.288510,1465103842.376000
895,1465103836.351000,1465103837.031302,1465103842.032519,1465103842.113000
896,1465103836.351000,1465103837.343009,1465103842.344237,1465103842.431000
897,1465103836.352000,1465103837.230535,1465103842.231723,1465103842.342000
898,1465103836.352000,1465103837.055094,1465103842.056599,1465103842.144000
899,1465103836.352000,1465103837.338082,1465103842.339346,1465103842.436000
900,1465103836.352000,1465103837.042926,1465103842.044208,1465103842.122000
901,1465103836.352000,1465103837.072080,1465103842.073376,1465103842.158000
902,1465103836.353000,1465103837.050098,1465103842.051355,1465103842.139000
903,1465103836.353000,1465103837.054804,1465103842.057929,1465103842.146000
904,1465103836.353000,1465103837.037247,1465103842.038513,1465103842.116000
905,1465103836.354000,1465103837.029096,1465103842.030454,1465103842.132000
906,1465103836.354000,1465103837.003124,1465103842.004358,1465103842.105000
907,1465103836.354000,1465103837.059594,1465103842.060941,1465103842.146000
908,1465103836.354000,1465103837.090325,1465103842.091551,1465103842.157000
909,1465103836.354000,1465103837.299237,1465103842.300608,1465103842.377000
910,1465103836.354000,1465103837.013768,1465103842.015214,1465103842.101000
911,1465103836.354000,1465103837.051173,1465103842.052396,1465103842.138000
912,1465103836.355000,1465103837.012635,1465103842.013957,1465103842.101000
913,1465103836.355000,1465103837.312761,1465103842.314365,1465103842.406000
914,1465103836.355000,1465103837.066899,1465103842.068264,1465103842.141000
915,1465103836.355000,1465103837.076367,1465103842.077655,1465103842.151000
916,1465103836.355000,1465103837.033245,1465103842.034491,1465103842.123000
917,1465103836.356000,1465103837.075856,1465103842.077089,1465103842.149000
918,1465103836.356000,1465103837.294351,1465103842.295995,1465103842.383000
919,1465103836.357000,1465103837.079212,1465103842.080873,1465103842.163000
920,1465103836.357000,1465103837.068035,1465103842.069263,1465103842.155000
921,1465103836.357000,0.000000,0.000000,0.000000
922,1465103836.357000,1465103837.026056,1465103842.027334,1465103842.116000
923,1465103836.357000,1465103837.083433,1465103842.084609,1465103842.155000
924,1465103836.357000,1465103837.321319,1465103842.322845,1465103842.411000
925,1465103836.358000,1465103837.071809,1465103842.073358,1465103842.159000
926,1465103836.358000,1465103837.063133,1465103842.071144,1465103842.160000
927,1465103836.358000,1465103837.326408,1465103842.343708,1465103842.411000
928,1465103836.358000,1465103837.054752,1465103842.056114,1465103842.145000
929,1465103836.358000,1465103837.302974,1465103842.304273,1465103842.383000
930,1465103836.358000,1465103837.297710,1465103842.299462,1465103842.375000
931,1465103836.359000,1465103837.070945,1465103842.091047,1465103842.180000
932,1465103836.359000,1465103837.314790,1465103842.316172,1465103842.393000
933,1465103836.359000,1465103837.072865,1465103842.074054,1465103842.163000
934,1465103836.359000,1465103837.057634,1465103842.058905,1465103842.130000
935,1465103836.359000,1465103837.050077,1465103842.051317,1465103842.139000
936,1465103836.359000,1465103837.049557,1465103842.050830,1465103842.123000
937,1465103836.360000,1465103837.042059,1465103842.043261,1465103842.133000
938,1465103836.360000,1465103837.040546,1465103842.041721,1465103842.120000
939,1465103836.360000,1465103837.057620,1465103842.058818,1465103842.139000
940,1465103836.360000,1465103837.071052,1465103842.072481,1465103842.159000
941,1465103836.361000,1465103837.324274,1465103842.344180,1465103842.411000
942,1465103836.361000,1465103837.271887,1465103842.273049,1465103842.383000
943,1465103836.361000,1465103837.327845,1465103842.329023,1465103842.408000
944,1465103836.361000,1465103837.035702,1465103842.036962,1465103842.126000
945,1465103836.361000,0.000000,0.000000,0.000000
946,1465103836.361000,1465103837.066620,1465103842.067871,1465103842.153000
947,1465103836.362000,1465103837.301451,1465103842.302768,1465103842.398000
948,1465103836.362000,1465103837.045416,1465103842.046982,1465103842.133000
949,1465103836.362000,1465103837.033970,1465103842.035456,1465103842.114000
950,1465103836.362000,1465103837.351409,1465103842.352645,1465103842.439000
951,1465103836.362000,1465103837.016487,1465103842.017775,1465103842.084000
952,1465103836.363000,1465103837.320007,1465103842.321416,1465103842.398000
953,1465103836.363000,1465103837.067077,1465103842.069054,1465103842.151000
954,1465103836.363000,1465103837.056884,1465103842.058492,1465103842.146000
955,1465103836.363000,1465103837.064380,1465103842.065672,1465103842.132000
956,1465103836.363000,1465103837.077039,1465103842.078288,1465103842.164000
957,1465103836.363000,1465103837.056120,1465103842.057349,1465103842.143000
958,1465103836.364000,1465103837.378306,1465103842.379702,1465103842.459000
959,1465103836.364000,1465103837.050989,1465103842.052634,1465103842.135000
960,1465103836.364000,1465103837.065443,1465103842.066921,1465103842.145000
961,1465103836.365000,1465103837.343494,1465103842.345537,1465103842.424000
962,1465103836.365000,1465103837.353284,1465103842.354752,1465103842.432000
963,1465103836.365000,1465103837.052818,1465103842.055094,1465103842.136000
964,1465103836.365000,1465103837.014799,1465103842.016133,1465103842.101000
965,1465103836.365000,1465103837.069564,1465103842.070866,1465103842.144000
966,1465103836.365000,1465103837.045443,1465103842.048749,1465103842.134000
967,1465103836.365000,1465103837.379834,1465103842.381252,1465103842.457000
968,1465103836.366000,1465103837.045793,1465103842.047187,1465103842.157000
969,1465103836.367000,0.000000,0.000000,0.000000
970,1465103836.367000,1465103837.331225,1465103842.332538,1465103842.424000
971,1465103836.367000,1465103837.350448,1465103842.352011,1465103842.431000
972,1465103836.368000,1465103837.086892,1465103842.088123,1465103842.159000
973,1465103836.368000,1465103837.371438,1465103842.372644,1465103842.443000
974,1465103836.368000,1465103837.285843,1465103842.287308,1465103842.370000
975,1465103836.368000,1465103836.986551,1465103841.987986,1465103842.085000
976,1465103836.368000,1465103837.053473,1465103842.073696,1465103842.155000
977,1465103836.368000,1465103837.040378,1465103842.041674,1465103842.119000
978,1465103836.369000,1465103837.375998,1465103842.377181,1465103842.447000
979,1465103836.369000,1465103837.075474,1465103842.076771,1465103842.148000
980,1465103836.369000,1465103837.069957,1465103842.071515,1465103842.132000
981,1465103836.369000,1465103837.001465,1465103842.002702,1465103842.073000
982,1465103836.370000,1465103837.039894,1465103842.041147,1465103842.126000
983,1465103836.370000,1465103837.366713,1465103842.367946,1465103842.451000
984,1465103836.370000,1465103837.351513,1465103842.352923,1465103842.426000
985,1465103836.372000,1465103837.070887,1465103842.072354,1465103842.159000
986,1465103836.373000,1465103837.078342,1465103842.079528,1465103842.157000
987,1465103836.373000,1465103837.074489,1465103842.075745,1465103842.153000
988,1465103836.373000,1465103837.051295,1465103842.052928,1465103842.142000
989,1465103836.373000,1465103837.074628,1465103842.075916,1465103842.161000
990,1465103836.373000,1465103837.051188,1465103842.053861,1465103842.134000
991,1465103836.374000,1465103837.319599,1465103842.338643,1465103842.417000
992,1465103836.374000,1465103837.077565,1465103842.080589,1465103842.157000
993,1465103836.374000,1465103837.052005,1465103842.053422,1465103842.132000
994,1465103836.374000,1465103837.375941,1465103842.377126,1465103842.456000
995,1465103836.375000,1465103837.080221,1465103842.081609,1465103842.158000
996,1465103836.376000,1465103837.342257,1465103842.343682,1465103842.431000
997,1465103836.376000,1465103837.055697,1465103842.058162,1465103842.145000
998,1465103836.378000,1465103837.074725,1465103842.075971,1465103842.156000
999,1465103836.380000,1465103837.034045,1465103842.035203,1465103842.113000
