0,1465104094.722000,1465104095.287147,1465104100.288648,1465104100.364000
1,1465104094.722000,1465104095.277185,1465104100.278435,1465104100.350000
2,1465104094.722000,1465104095.264337,1465104100.265889,1465104100.346000
3,1465104094.722000,1465104095.288742,1465104100.289960,1465104100.367000
4,1465104094.722000,1465104095.295140,1465104100.296507,1465104100.374000
5,1465104094.722000,1465104095.297915,1465104100.309075,1465104100.378000
6,1465104094.722000,1465104095.294014,1465104100.295737,1465104100.374000
7,1465104094.722000,1465104095.274522,1465104100.275979,1465104100.348000
8,1465104094.722000,1465104095.274995,1465104100.277181,1465104100.353000
9,1465104094.722000,1465104095.291546,1465104100.292742,1465104100.371000
10,1465104094.722000,1465104095.262841,1465104100.264390,1465104100.350000
11,1465104094.723000,1465104095.267641,1465104100.269107,1465104100.347000
12,1465104094.723000,1465104095.262453,1465104100.264015,1465104100.343000
13,1465104094.723000,1465104095.397383,1465104100.398899,1465104100.480000
14,1465104094.723000,1465104095.263662,1465104100.265408,1465104100.346000
15,1465104094.723000,1465104095.257078,1465104100.258596,1465104100.346000
16,1465104094.723000,1465104095.296912,1465104100.298097,1465104100.368000
17,1465104094.723000,1465104095.287220,1465104100.288743,1465104100.374000
18,1465104094.723000,1465104095.276843,1465104100.278370,1465104100.354000
19,1465104094.724000,1465104095.333568,1465104100.334970,1465104100.414000
20,1465104094.724000,1465104095.263509,1465104100.264674,1465104100.368000
21,1465104094.724000,1465104095.297184,1465104100.298720,1465104100.355000
22,1465104094.725000,1465104095.323012,1465104100.324255,1465104100.394000
23,1465104094.725000,1465104095.282440,1465104100.283971,1465104100.353000
24,1465104094.725000,1465104095.331074,1465104100.332974,1465104100.412000
25,1465104094.725000,1465104095.331941,1465104100.333772,1465104100.412000
26,1465104094.727000,1465104095.289269,1465104100.290752,1465104100.369000
27,1465104094.727000,1465104095.263829,1465104100.265289,1465104100.353000
28,1465104094.728000,1465104095.292049,1465104100.293308,1465104100.373000
29,1465104094.728000,1465104095.308949,1465104100.310184,1465104100.389000
30,1465104094.728000,1465104095.297535,1465104100.298951,1465104100.375000
31,1465104094.729000,1465104095.270943,1465104100.272400,1465104100.365000
32,1465104094.729000,1465104095.321878,1465104100.323236,1465104100.403000
33,1465104094.729000,1465104095.271348,1465104100.272989,1465104100.353000
34,1465104094.729000,1465104095.280596,1465104100.282330,1465104100.362000
35,1465104094.729000,1465104095.345240,1465104100.346608,1465104100.416000
36,1465104094.729000,1465104095.329120,1465104100.330738,1465104100.399000
37,1465104094.729000,1465104095.270344,1465104100.271511,1465104100.349000
38,1465104094.729000,1465104095.277058,1465104100.278268,1465104100.370000
39,1465104094.729000,1465104095.287602,1465104100.288946,1465104100.367000
40,1465104094.729000,1465104095.288136,1465104100.305443,1465104100.384000
41,1465104094.729000,1465104095.334182,1465104100.335383,1465104100.413000
42,1465104094.729000,1465104095.255050,1465104100.256276,1465104100.360000
43,1465104094.729000,1465104095.276017,1465104100.277507,1465104100.355000
44,1465104094.729000,1465104095.323167,1465104100.324434,1465104100.409000
45,1465104094.729000,1465104095.275455,1465104100.276865,1465104100.357000
46,1465104094.729000,1465104095.271127,1465104100.272590,1465104100.368000
47,1465104094.729000,1465104095.248821,1465104100.250755,1465104100.354000
48,1465104094.730000,1465104095.353116,1465104100.354332,1465104100.441000
49,1465104094.730000,1465104095.334960,1465104100.340332,1465104100.415000
50,1465104094.732000,1465104095.250347,1465104100.251630,1465104100.354000
51,1465104094.732000,1465104095.292590,1465104100.294242,1465104100.374000
52,1465104094.733000,1465104095.309067,1465104100.310311,1465104100.405000
53,1465104094.736000,1465104095.334185,1465104100.335524,1465104100.416000
54,1465104094.737000,1465104095.337349,1465104100.338651,1465104100.420000
55,1465104094.737000,1465104095.323478,1465104100.324775,1465104100.411000
56,1465104094.737000,1465104095.333418,1465104100.345918,1465104100.426000
57,1465104094.737000,1465104095.313791,1465104100.315099,1465104100.402000
58,1465104094.737000,1465104095.425619,1465104100.426913,1465104100.502000
59,1465104094.737000,1465104095.335576,1465104100.338622,1465104100.415000
60,1465104094.737000,1465104095.288946,1465104100.290625,1465104100.396000
61,1465104094.737000,1465104095.335165,1465104100.336707,1465104100.415000
62,1465104094.737000,1465104095.359209,1465104100.360517,1465104100.417000
63,1465104094.737000,1465104095.398712,1465104100.400614,1465104100.472000
64,1465104094.737000,1465104095.350594,1465104100.352156,1465104100.441000
65,1465104094.737000,1465104095.360529,1465104100.361911,1465104100.431000
66,1465104094.738000,1465104095.335819,1465104100.337366,1465104100.415000
67,1465104094.738000,1465104095.334537,1465104100.336013,1465104100.422000
68,1465104094.738000,1465104095.328066,1465104100.329606,1465104100.410000
69,1465104094.738000,1465104095.361518,1465104100.362821,1465104100.443000
70,1465104094.738000,1465104095.380137,1465104100.381405,1465104100.460000
71,1465104094.738000,1465104095.389708,1465104100.393819,1465104100.474000
72,1465104094.738000,1465104095.318033,1465104100.319523,1465104100.400000
73,1465104094.738000,1465104095.345694,1465104100.347192,1465104100.414000
74,1465104094.738000,1465104095.336116,1465104100.337878,1465104100.414000
75,1465104094.738000,1465104095.402548,1465104100.404560,1465104100.477000
76,1465104094.738000,1465104095.386576,1465104100.387897,1465104100.475000
77,1465104094.738000,1465104095.343368,1465104100.344530,1465104100.422000
78,1465104094.738000,1465104095.332759,1465104100.333951,1465104100.403000
79,1465104094.738000,1465104095.355572,1465104100.356935,1465104100.425000
80,1465104094.738000,1465104095.349989,1465104100.352193,1465104100.426000
81,1465104094.738000,1465104095.371684,1465104100.372902,1465104100.442000
82,1465104094.739000,1465104095.384786,1465104100.386034,1465104100.465000
83,1465104094.739000,1465104095.399210,1465104100.400368,1465104100.486000
84,1465104094.739000,1465104095.332379,1465104100.333838,1465104100.414000
85,1465104094.739000,1465104095.318800,1465104100.320009,1465104100.424000
86,1465104094.739000,1465104095.324978,1465104100.326190,1465104100.421000
87,1465104094.739000,1465104095.327273,1465104100.328457,1465104100.398000
88,1465104094.739000,1465104095.337974,1465104100.339274,1465104100.419000
89,1465104094.739000,1465104095.377385,1465104100.378685,1465104100.459000
90,1465104094.739000,1465104095.372292,1465104100.373571,1465104100.477000
91,1465104094.739000,1465104095.351758,1465104100.352950,1465104100.422000
92,1465104094.739000,1465104095.326920,1465104100.328107,1465104100.406000
93,1465104094.739000,1465104095.381298,1465104100.382589,1465104100.462000
94,1465104094.739000,1465104095.375526,1465104100.376716,1465104100.465000
95,1465104094.739000,1465104095.301277,1465104100.302522,1465104100.395000
96,1465104094.739000,1465104095.380094,1465104100.382278,1465104100.459000
97,1465104094.739000,1465104095.362217,1465104100.363876,1465104100.451000
98,1465104094.739000,1465104095.328870,1465104100.330506,1465104100.412000
99,1465104094.739000,1465104095.366218,1465104100.367409,1465104100.446000
100,1465104094.740000,1465104095.348034,1465104100.349243,1465104100.429000
101,1465104094.741000,1465104095.377378,1465104100.378598,1465104100.451000
102,1465104094.744000,1465104095.321919,1465104100.323272,1465104100.403000
103,1465104094.746000,1465104095.376256,1465104100.377515,1465104100.458000
104,1465104094.746000,1465104095.388715,1465104100.390024,1465104100.456000
105,1465104094.746000,1465104095.362465,1465104100.363661,1465104100.452000
106,1465104094.746000,1465104095.348077,1465104100.349281,1465104100.419000
107,1465104094.747000,1465104095.391899,1465104100.393669,1465104100.475000
108,1465104094.747000,1465104095.353361,1465104100.354639,1465104100.460000
109,1465104094.747000,1465104095.337594,1465104100.338967,1465104100.444000
110,1465104094.747000,1465104095.303708,1465104100.304992,1465104100.410000
111,1465104094.747000,1465104095.334800,1465104100.336308,1465104100.422000
112,1465104094.747000,1465104095.414069,1465104100.415354,1465104100.489000
113,1465104094.747000,1465104095.349874,1465104100.351975,1465104100.426000
114,1465104094.748000,1465104095.354140,1465104100.355635,1465104100.442000
115,1465104094.748000,1465104095.358285,1465104100.359854,1465104100.416000
116,1465104094.748000,1465104095.397310,1465104100.399011,1465104100.468000
117,1465104094.748000,1465104095.380151,1465104100.381549,1465104100.463000
118,1465104094.748000,1465104095.407240,1465104100.408408,1465104100.487000
119,1465104094.749000,1465104095.393347,1465104100.408092,1465104100.487000
120,1465104094.749000,1465104095.349734,1465104100.354495,1465104100.433000
121,1465104094.749000,1465104095.381285,1465104100.391566,1465104100.482000
122,1465104094.749000,1465104095.370760,1465104100.372575,1465104100.476000
123,1465104094.749000,1465104095.406201,1465104100.407394,1465104100.488000
124,1465104094.749000,1465104095.360876,1465104100.362338,1465104100.450000
125,1465104094.750000,1465104095.409057,1465104100.410365,1465104100.484000
126,1465104094.750000,1465104095.354516,1465104100.355811,1465104100.442000
127,1465104094.750000,1465104095.323489,1465104100.324711,1465104100.417000
128,1465104094.750000,1465104095.415841,1465104100.417085,1465104100.474000
129,1465104094.750000,1465104095.356592,1465104100.357740,1465104100.435000
130,1465104094.750000,1465104095.337229,1465104100.338516,1465104100.407000
131,1465104094.750000,1465104095.388586,1465104100.389857,1465104100.469000
132,1465104094.750000,1465104095.909054,1465104100.910702,1465104100.997000
133,1465104094.750000,1465104095.377091,1465104100.378379,1465104100.457000
134,1465104094.751000,1465104095.403427,1465104100.404627,1465104100.471000
135,1465104094.751000,1465104095.392231,1465104100.393458,1465104100.486000
136,1465104094.751000,1465104095.442092,1465104100.443476,1465104100.499000
137,1465104094.751000,1465104095.420187,1465104100.421710,1465104100.508000
138,1465104094.751000,1465104095.396380,1465104100.400855,1465104100.477000
139,1465104094.751000,1465104095.370784,1465104100.371981,1465104100.460000
140,1465104094.751000,1465104095.406546,1465104100.409025,1465104100.483000
141,1465104094.752000,1465104095.406493,1465104100.407814,1465104100.476000
142,1465104094.752000,1465104095.356388,1465104100.357785,1465104100.426000
143,1465104094.752000,1465104095.376264,1465104100.377451,1465104100.481000
144,1465104094.752000,1465104095.334934,1465104100.336150,1465104100.417000
145,1465104094.752000,1465104095.338289,1465104100.339555,1465104100.418000
146,1465104094.752000,1465104095.404783,1465104100.405967,1465104100.476000
147,1465104094.752000,1465104095.404879,1465104100.406264,1465104100.474000
148,1465104094.752000,1465104095.365316,1465104100.366662,1465104100.446000
149,1465104094.754000,1465104095.381367,1465104100.382693,1465104100.457000
150,1465104094.754000,1465104095.331334,1465104100.332885,1465104100.412000
151,1465104094.754000,1465104095.348060,1465104100.349594,1465104100.431000
152,1465104094.754000,1465104095.380324,1465104100.382099,1465104100.469000
153,1465104094.754000,1465104095.387927,1465104100.389238,1465104100.470000
154,1465104094.754000,1465104095.336917,1465104100.340665,1465104100.416000
155,1465104094.754000,1465104095.406612,1465104100.408564,1465104100.483000
156,1465104094.754000,1465104095.392017,1465104100.393161,1465104100.470000
157,1465104094.754000,1465104095.367547,1465104100.368793,1465104100.455000
158,1465104094.754000,1465104095.413559,1465104100.414778,1465104100.484000
159,1465104094.754000,1465104095.401175,1465104100.403973,1465104100.476000
160,1465104094.754000,1465104095.347004,1465104100.348193,1465104100.425000
161,1465104094.754000,1465104095.382017,1465104100.383294,1465104100.461000
162,1465104094.755000,1465104095.395788,1465104100.397074,1465104100.469000
163,1465104094.755000,1465104095.379011,1465104100.380276,1465104100.460000
164,1465104094.756000,1465104095.317428,1465104100.318777,1465104100.422000
165,1465104094.757000,1465104095.393813,1465104100.395196,1465104100.470000
166,1465104094.757000,1465104095.392563,1465104100.393837,1465104100.481000
167,1465104094.757000,1465104095.396322,1465104100.397985,1465104100.477000
168,1465104094.757000,1465104095.395407,1465104100.396764,1465104100.476000
169,1465104094.757000,1465104095.402494,1465104100.405689,1465104100.478000
170,1465104094.757000,1465104095.403242,1465104100.404617,1465104100.474000
171,1465104094.757000,1465104096.270919,1465104101.272151,1465104101.353000
172,1465104094.757000,1465104096.254203,1465104101.255454,1465104101.335000
173,1465104094.757000,1465104095.900589,1465104100.902249,1465104100.982000
174,1465104094.757000,1465104095.390178,1465104100.391469,1465104100.495000
175,1465104094.757000,1465104095.343860,1465104100.345263,1465104100.423000
176,1465104094.757000,1465104095.376651,1465104100.377916,1465104100.457000
177,1465104094.757000,1465104095.374788,1465104100.376055,1465104100.456000
178,1465104094.757000,1465104095.385532,1465104100.386713,1465104100.479000
179,1465104094.757000,1465104095.900724,1465104100.911861,1465104100.997000
180,1465104094.757000,1465104095.390039,1465104100.403662,1465104100.483000
181,1465104094.757000,1465104095.384140,1465104100.385469,1465104100.472000
182,1465104094.757000,1465104097.687358,1465104102.688634,1465104102.766000
183,1465104094.757000,1465104095.372669,1465104100.374129,1465104100.444000
184,1465104094.758000,1465104095.401895,1465104100.403171,1465104100.481000
185,1465104094.758000,1465104095.409517,1465104100.410726,1465104100.488000
186,1465104094.758000,1465104095.427725,1465104100.428928,1465104100.497000
187,1465104094.758000,1465104095.871687,1465104100.872898,1465104100.951000
188,1465104094.758000,1465104095.386750,1465104100.388100,1465104100.462000
189,1465104094.758000,1465104095.428250,1465104100.429461,1465104100.486000
190,1465104094.758000,1465104097.225026,1465104102.226573,1465104102.314000
191,1465104094.758000,1465104095.399005,1465104100.401141,1465104100.473000
192,1465104094.758000,1465104095.371971,1465104100.373341,1465104100.443000
193,1465104094.758000,1465104095.793080,1465104100.794600,1465104100.881000
194,1465104094.758000,1465104095.378246,1465104100.379457,1465104100.472000
195,1465104094.758000,1465104095.400044,1465104100.402685,1465104100.482000
196,1465104094.758000,1465104095.364254,1465104100.365441,1465104100.435000
197,1465104094.758000,1465104095.406878,1465104100.408253,1465104100.488000
198,1465104094.758000,1465104095.404546,1465104100.405873,1465104100.484000
199,1465104094.758000,1465104095.394367,1465104100.396021,1465104100.482000
200,1465104094.758000,1465104096.176813,1465104101.178364,1465104101.259000
201,1465104094.758000,1465104095.393469,1465104100.394738,1465104100.484000
202,1465104094.758000,1465104095.869294,1465104100.870554,1465104100.957000
203,1465104094.758000,1465104095.390767,1465104100.391955,1465104100.470000
204,1465104094.758000,1465104095.401022,1465104100.402247,1465104100.488000
205,1465104094.758000,1465104095.363257,1465104100.364671,1465104100.451000
206,1465104094.758000,1465104095.365628,1465104100.366861,1465104100.455000
207,1465104094.758000,1465104095.402434,1465104100.403860,1465104100.481000
208,1465104094.758000,1465104095.396900,1465104100.398496,1465104100.477000
209,1465104094.758000,1465104095.394230,1465104100.395540,1465104100.469000
210,1465104094.758000,1465104095.397355,1465104100.398570,1465104100.476000
211,1465104094.758000,1465104095.395752,1465104100.398298,1465104100.474000
212,1465104094.758000,1465104095.389530,1465104100.390935,1465104100.469000
213,1465104094.758000,1465104095.434193,1465104100.451959,1465104100.525000
214,1465104094.758000,1465104096.768167,1465104101.769839,1465104101.851000
215,1465104094.758000,1465104095.392461,1465104100.393893,1465104100.474000
216,1465104094.759000,1465104095.353976,1465104100.355243,1465104100.444000
217,1465104094.759000,1465104096.250225,1465104101.251423,1465104101.344000
218,1465104094.759000,1465104096.659079,1465104101.660613,1465104101.749000
219,1465104094.759000,1465104096.656793,1465104101.659598,1465104101.747000
220,1465104094.759000,1465104095.410656,1465104100.411901,1465104100.481000
221,1465104094.759000,1465104096.235529,1465104101.238686,1465104101.318000
222,1465104094.759000,1465104095.428858,1465104100.430113,1465104100.514000
223,1465104094.759000,1465104095.407837,1465104100.409099,1465104100.487000
224,1465104094.759000,1465104095.386681,1465104100.387948,1465104100.477000
225,1465104094.759000,1465104095.417840,1465104100.419001,1465104100.505000
226,1465104094.759000,1465104095.378986,1465104100.380449,1465104100.461000
227,1465104094.759000,1465104095.419184,1465104100.420549,1465104100.511000
228,1465104094.759000,1465104095.398543,1465104100.400000,1465104100.478000
229,1465104094.759000,1465104095.370431,1465104100.386634,1465104100.468000
230,1465104094.759000,1465104095.382801,1465104100.384056,1465104100.473000
231,1465104094.759000,1465104095.395357,1465104100.396749,1465104100.481000
232,1465104094.759000,1465104095.443727,1465104100.444917,1465104100.502000
233,1465104094.759000,1465104095.422715,1465104100.423951,1465104100.498000
234,1465104094.759000,1465104095.387476,1465104100.388718,1465104100.473000
235,1465104094.759000,1465104096.163260,1465104101.164490,1465104101.249000
236,1465104094.759000,1465104095.418963,1465104100.420194,1465104100.492000
237,1465104094.759000,1465104095.397534,1465104100.398703,1465104100.484000
238,1465104094.759000,1465104095.399829,1465104100.401434,1465104100.475000
239,1465104094.759000,1465104095.422504,1465104100.423722,1465104100.493000
240,1465104094.759000,1465104095.397785,1465104100.399292,1465104100.485000
241,1465104094.759000,1465104095.401417,1465104100.414435,1465104100.494000
242,1465104094.759000,1465104095.395341,1465104100.397557,1465104100.477000
243,1465104094.759000,1465104095.429651,1465104100.431227,1465104100.507000
244,1465104094.759000,1465104095.375351,1465104100.376630,1465104100.480000
245,1465104094.759000,1465104095.401821,1465104100.403383,1465104100.471000
246,1465104094.759000,1465104095.400769,1465104100.402992,1465104100.482000
247,1465104094.759000,1465104095.429711,1465104100.430999,1465104100.509000
248,1465104094.759000,1465104095.411682,1465104100.412985,1465104100.493000
249,1465104094.759000,1465104095.397075,1465104100.398700,1465104100.478000
250,1465104094.760000,1465104095.364108,1465104100.365333,1465104100.458000
251,1465104094.760000,1465104095.404002,1465104100.423273,1465104100.495000
252,1465104094.760000,1465104095.400522,1465104100.420312,1465104100.496000
253,1465104094.760000,1465104095.371156,1465104100.372479,1465104100.446000
254,1465104094.760000,1465104095.399996,1465104100.401257,1465104100.494000
255,1465104094.760000,1465104095.404434,1465104100.405927,1465104100.480000
256,1465104094.760000,1465104095.397104,1465104100.398414,1465104100.484000
257,1465104094.760000,1465104095.378920,1465104100.380446,1465104100.458000
258,1465104094.760000,1465104095.378062,1465104100.379479,1465104100.455000
259,1465104094.760000,1465104095.413588,1465104100.414796,1465104100.483000
260,1465104094.760000,1465104095.354342,1465104100.355634,1465104100.459000
261,1465104094.760000,1465104095.416141,1465104100.417827,1465104100.508000
262,1465104094.760000,1465104096.231760,1465104101.233121,1465104101.319000
263,1465104094.760000,1465104095.381982,1465104100.383306,1465104100.487000
264,1465104094.760000,1465104095.930144,1465104100.931686,1465104101.012000
265,1465104094.760000,1465104095.379687,1465104100.380870,1465104100.468000
266,1465104094.760000,1465104095.406592,1465104100.407862,1465104100.513000
267,1465104094.760000,1465104095.895853,1465104100.897180,1465104100.973000
268,1465104094.760000,1465104095.394134,1465104100.395476,1465104100.477000
269,1465104094.760000,1465104095.369037,1465104100.370233,1465104100.442000
270,1465104094.760000,1465104095.429074,1465104100.430270,1465104100.508000
271,1465104094.760000,1465104096.234220,1465104101.235499,1465104101.315000
272,1465104094.760000,1465104095.388380,1465104100.389680,1465104100.476000
273,1465104094.760000,1465104095.396525,1465104100.397868,1465104100.473000
274,1465104094.760000,1465104095.353324,1465104100.354666,1465104100.458000
275,1465104094.760000,1465104095.362458,1465104100.366946,1465104100.462000
276,1465104094.760000,1465104095.915919,1465104100.917147,1465104101.006000
277,1465104094.760000,1465104095.412989,1465104100.431956,1465104100.506000
278,1465104094.760000,1465104095.356781,1465104100.358030,1465104100.463000
279,1465104094.760000,0.000000,0.000000,0.000000
280,1465104094.761000,1465104095.415861,1465104100.417272,1465104100.493000
281,1465104094.761000,1465104096.238672,1465104101.239951,1465104101.319000
282,1465104094.761000,1465104095.415110,1465104100.416364,1465104100.502000
283,1465104094.762000,1465104095.396948,1465104100.398358,1465104100.476000
284,1465104094.764000,1465104095.382986,1465104100.384194,1465104100.465000
285,1465104094.767000,1465104095.407342,1465104100.408729,1465104100.484000
286,1465104094.778000,1465104095.407471,1465104100.408721,1465104100.487000
287,1465104094.784000,1465104095.419638,1465104100.421037,1465104100.501000
288,1465104094.784000,1465104095.379861,1465104100.381269,1465104100.477000
289,1465104094.784000,1465104095.403103,1465104100.411753,1465104100.502000
290,1465104094.784000,1465104096.274370,1465104101.275597,1465104101.332000
291,1465104094.788000,1465104095.404273,1465104100.422411,1465104100.500000
292,1465104094.789000,1465104095.380403,1465104100.395034,1465104100.498000
293,1465104094.789000,1465104095.418321,1465104100.419614,1465104100.500000
294,1465104094.789000,1465104095.406258,1465104100.408185,1465104100.486000
295,1465104094.789000,1465104095.414375,1465104100.415589,1465104100.508000
296,1465104094.789000,1465104095.380824,1465104100.395314,1465104100.499000
297,1465104094.789000,1465104095.914918,1465104100.916746,1465104101.001000
298,1465104094.789000,1465104095.407301,1465104100.409400,1465104100.491000
299,1465104094.789000,1465104095.369578,1465104100.375676,1465104100.479000
300,1465104094.789000,1465104095.396774,1465104100.398438,1465104100.468000
301,1465104094.789000,1465104095.420089,1465104100.423435,1465104100.492000
302,1465104094.789000,1465104095.392189,1465104100.393375,1465104100.471000
303,1465104094.789000,1465104095.383249,1465104100.384707,1465104100.464000
304,1465104094.789000,1465104096.250113,1465104101.251394,1465104101.330000
305,1465104094.789000,1465104095.869239,1465104100.871186,1465104100.947000
306,1465104094.789000,1465104097.705753,1465104102.706965,1465104102.777000
307,1465104094.789000,1465104096.234111,1465104101.235369,1465104101.331000
308,1465104094.790000,1465104095.394577,1465104100.395969,1465104100.464000
309,1465104094.791000,1465104095.892335,1465104100.893513,1465104100.979000
310,1465104094.791000,1465104095.399496,1465104100.402371,1465104100.478000
311,1465104094.791000,1465104096.237553,1465104101.238744,1465104101.331000
312,1465104094.791000,1465104095.390317,1465104100.391571,1465104100.480000
313,1465104094.791000,1465104095.397745,1465104100.400167,1465104100.478000
314,1465104094.791000,1465104095.378869,1465104100.380051,1465104100.475000
315,1465104094.791000,1465104095.405518,1465104100.406731,1465104100.502000
316,1465104094.792000,1465104095.395841,1465104100.397279,1465104100.477000
317,1465104094.792000,1465104095.888409,1465104100.889645,1465104100.970000
318,1465104094.792000,1465104095.406362,1465104100.407890,1465104100.488000
319,1465104094.792000,1465104095.400250,1465104100.401437,1465104100.480000
320,1465104094.792000,1465104095.418222,1465104100.419470,1465104100.497000
321,1465104094.792000,1465104096.242911,1465104101.244391,1465104101.330000
322,1465104094.792000,1465104095.430065,1465104100.431357,1465104100.511000
323,1465104094.792000,1465104095.383560,1465104100.384782,1465104100.488000
324,1465104094.793000,1465104095.437002,1465104100.438393,1465104100.512000
325,1465104094.793000,1465104095.878801,1465104100.880833,1465104100.966000
326,1465104094.793000,1465104095.411697,1465104100.413110,1465104100.488000
327,1465104094.793000,1465104095.397320,1465104100.398569,1465104100.478000
328,1465104094.793000,1465104095.399273,1465104100.400721,1465104100.490000
329,1465104094.793000,1465104095.393452,1465104100.407313,1465104100.486000
330,1465104094.793000,1465104096.059811,1465104101.061049,1465104101.157000
331,1465104094.793000,1465104095.422585,1465104100.423815,1465104100.490000
332,1465104094.793000,1465104095.398791,1465104100.400174,1465104100.492000
333,1465104094.793000,1465104095.405035,1465104100.406223,1465104100.495000
334,1465104094.794000,1465104095.905269,1465104100.917253,1465104100.993000
335,1465104094.794000,1465104095.403898,1465104100.405689,1465104100.483000
336,1465104094.794000,1465104096.068643,1465104101.070113,1465104101.153000
337,1465104094.795000,1465104095.425548,1465104100.426909,1465104100.503000
338,1465104094.795000,1465104095.395173,1465104100.398258,1465104100.477000
339,1465104094.795000,1465104095.410823,1465104100.412137,1465104100.488000
340,1465104094.795000,1465104095.398627,1465104100.400028,1465104100.489000
341,1465104094.795000,1465104097.689934,1465104102.691187,1465104102.768000
342,1465104094.795000,1465104095.402534,1465104100.403736,1465104100.482000
343,1465104094.795000,1465104095.400490,1465104100.401794,1465104100.470000
344,1465104094.795000,1465104095.405055,1465104100.409675,1465104100.484000
345,1465104094.796000,1465104095.422285,1465104100.423549,1465104100.504000
346,1465104094.796000,1465104095.451574,1465104100.452792,1465104100.509000
347,1465104094.796000,1465104095.450024,1465104100.451256,1465104100.537000
348,1465104094.796000,1465104095.371002,1465104100.375038,1465104100.478000
349,1465104094.796000,1465104095.407301,1465104100.409399,1465104100.490000
350,1465104094.796000,1465104095.435214,1465104100.436396,1465104100.506000
351,1465104094.796000,1465104095.436879,1465104100.438444,1465104100.507000
352,1465104094.796000,1465104095.388895,1465104100.390118,1465104100.477000
353,1465104094.796000,1465104095.389441,1465104100.390704,1465104100.494000
354,1465104094.797000,1465104095.421709,1465104100.422956,1465104100.501000
355,1465104094.797000,1465104095.402574,1465104100.404264,1465104100.478000
356,1465104094.797000,1465104095.395241,1465104100.396380,1465104100.473000
357,1465104094.797000,1465104095.368743,1465104100.369996,1465104100.457000
358,1465104094.797000,1465104095.425758,1465104100.426954,1465104100.496000
359,1465104094.797000,1465104095.438024,1465104100.439504,1465104100.508000
360,1465104094.798000,1465104095.815705,1465104100.816902,1465104100.889000
361,1465104094.798000,1465104095.440283,1465104100.441472,1465104100.537000
362,1465104094.798000,1465104095.872823,1465104100.874132,1465104100.955000
363,1465104094.798000,1465104095.884164,1465104100.885563,1465104100.966000
364,1465104094.798000,1465104095.419886,1465104100.434388,1465104100.519000
365,1465104094.798000,1465104095.854262,1465104100.868936,1465104100.950000
366,1465104094.798000,0.000000,0.000000,0.000000
367,1465104094.798000,1465104095.892282,1465104100.893542,1465104100.974000
368,1465104094.799000,1465104095.635563,1465104100.637078,1465104100.711000
369,1465104094.799000,1465104095.545589,1465104100.546948,1465104100.633000
370,1465104094.799000,1465104096.252355,1465104101.253602,1465104101.344000
371,1465104094.799000,1465104096.243618,1465104101.244823,1465104101.331000
372,1465104094.799000,1465104097.627949,1465104102.629243,1465104102.699000
373,1465104094.799000,1465104095.860203,1465104100.861749,1465104100.948000
374,1465104094.799000,1465104095.601766,1465104100.603279,1465104100.671000
375,1465104094.799000,1465104095.869559,1465104100.870868,1465104100.944000
376,1465104094.799000,1465104095.844723,1465104100.846018,1465104100.932000
377,1465104094.799000,1465104095.823119,1465104100.824346,1465104100.909000
378,1465104094.799000,1465104095.436840,1465104100.438092,1465104100.519000
379,1465104094.799000,1465104096.371634,1465104101.372957,1465104101.456000
380,1465104094.800000,1465104096.237117,1465104101.238537,1465104101.324000
381,1465104094.799000,1465104095.798122,1465104100.799362,1465104100.872000
382,1465104094.799000,1465104095.547781,1465104100.548998,1465104100.644000
383,1465104094.799000,1465104097.613688,1465104102.614946,1465104102.693000
384,1465104094.799000,1465104095.810885,1465104100.812450,1465104100.891000
385,1465104094.799000,1465104095.901464,1465104100.902668,1465104100.989000
386,1465104094.799000,1465104096.228398,1465104101.230109,1465104101.321000
387,1465104094.799000,1465104095.839627,1465104100.840893,1465104100.911000
388,1465104094.799000,1465104095.841612,1465104100.842873,1465104100.915000
389,1465104094.800000,1465104097.476132,1465104102.477809,1465104102.557000
390,1465104094.800000,1465104096.236456,1465104101.237776,1465104101.316000
391,1465104094.800000,1465104096.660270,1465104101.671102,1465104101.758000
392,1465104094.799000,1465104095.962757,1465104100.963981,1465104101.031000
393,1465104094.800000,1465104095.888433,1465104100.890104,1465104100.971000
394,1465104094.799000,1465104095.799339,1465104100.800885,1465104100.894000
395,1465104094.799000,1465104096.009892,1465104101.011423,1465104101.094000
396,1465104094.800000,1465104095.947730,1465104100.949056,1465104101.028000
397,1465104094.800000,1465104095.899748,1465104100.901419,1465104100.982000
398,1465104094.800000,1465104095.829100,1465104100.830605,1465104100.911000
399,1465104094.800000,1465104096.279676,1465104101.281281,1465104101.357000
400,1465104094.800000,1465104096.020794,1465104101.022023,1465104101.105000
401,1465104094.800000,1465104095.821838,1465104100.828576,1465104100.915000
402,1465104094.800000,1465104095.655786,1465104100.657325,1465104100.743000
403,1465104094.801000,1465104095.900058,1465104100.901382,1465104100.984000
404,1465104094.801000,1465104095.877707,1465104100.878926,1465104100.958000
405,1465104094.800000,1465104095.891995,1465104100.893536,1465104100.979000
406,1465104094.801000,1465104097.647272,1465104102.648815,1465104102.727000
407,1465104094.800000,1465104095.882522,1465104100.898321,1465104100.986000
408,1465104094.800000,1465104095.999281,1465104101.000817,1465104101.079000
409,1465104094.800000,1465104095.932274,1465104100.933503,1465104101.013000
410,1465104094.800000,1465104097.589143,1465104102.590531,1465104102.660000
411,1465104094.801000,1465104096.579547,1465104101.580790,1465104101.685000
412,1465104094.800000,1465104095.917663,1465104100.921792,1465104101.012000
413,1465104094.802000,1465104097.661177,1465104102.662583,1465104102.744000
414,1465104094.802000,1465104095.871451,1465104100.872796,1465104100.957000
415,1465104094.802000,1465104096.272062,1465104101.273553,1465104101.354000
416,1465104094.802000,1465104095.980872,1465104100.982149,1465104101.070000
417,1465104094.802000,1465104096.062266,1465104101.063576,1465104101.169000
418,1465104094.802000,1465104095.881460,1465104100.882974,1465104100.978000
419,1465104094.803000,1465104095.895499,1465104100.896789,1465104100.977000
420,1465104094.802000,1465104095.869982,1465104100.871555,1465104100.957000
421,1465104094.804000,1465104095.876973,1465104100.878322,1465104100.964000
422,1465104094.800000,1465104095.928446,1465104100.929984,1465104101.012000
423,1465104094.801000,1465104095.931885,1465104100.933190,1465104101.012000
424,1465104094.800000,1465104095.883637,1465104100.884839,1465104100.963000
425,1465104094.802000,1465104095.873398,1465104100.874831,1465104100.955000
426,1465104094.802000,1465104096.662114,1465104101.674387,1465104101.753000
427,1465104094.802000,1465104096.243104,1465104101.244896,1465104101.333000
428,1465104094.802000,1465104096.661509,1465104101.662820,1465104101.740000
429,1465104094.802000,1465104095.897636,1465104100.899264,1465104100.969000
430,1465104094.800000,1465104095.957026,1465104100.958314,1465104101.064000
431,1465104094.803000,1465104095.745554,1465104100.746787,1465104100.824000
432,1465104094.802000,1465104096.670113,1465104101.671479,1465104101.741000
433,1465104094.802000,1465104097.434581,1465104102.436013,1465104102.505000
434,1465104094.800000,1465104095.651895,1465104100.653126,1465104100.737000
435,1465104094.802000,1465104096.587374,1465104101.588644,1465104101.677000
436,1465104094.800000,1465104095.979027,1465104100.980482,1465104101.056000
437,1465104094.802000,1465104095.936348,1465104100.937500,1465104101.023000
438,1465104094.802000,1465104095.906656,1465104100.907883,1465104101.000000
439,1465104094.803000,1465104095.923389,1465104100.924553,1465104101.012000
440,1465104094.801000,1465104096.275486,1465104101.276685,1465104101.359000
441,1465104094.802000,1465104095.913443,1465104100.914634,1465104100.971000
442,1465104094.803000,1465104096.658827,1465104101.660062,1465104101.748000
443,1465104094.802000,1465104095.935199,1465104100.936415,1465104101.022000
444,1465104094.803000,1465104096.112125,1465104101.113328,1465104101.200000
445,1465104094.802000,1465104095.922990,1465104100.931815,1465104101.023000
446,1465104094.802000,1465104096.594533,1465104101.596182,1465104101.675000
447,1465104094.802000,1465104095.868374,1465104100.869771,1465104100.957000
448,1465104094.803000,1465104095.998359,1465104100.999603,1465104101.086000
449,1465104094.804000,0.000000,0.000000,0.000000
450,1465104094.803000,1465104096.254615,1465104101.255753,1465104101.351000
451,1465104094.803000,1465104095.921107,1465104100.922256,1465104101.009000
452,1465104094.803000,1465104096.139159,1465104101.140654,1465104101.208000
453,1465104094.803000,1465104095.936464,1465104100.937741,1465104101.011000
454,1465104094.802000,1465104096.249702,1465104101.250901,1465104101.332000
455,1465104094.803000,0.000000,0.000000,0.000000
456,1465104094.803000,1465104096.284589,1465104101.286610,1465104101.344000
457,1465104094.803000,1465104095.909628,1465104100.910837,1465104100.998000
458,1465104094.803000,1465104095.905429,1465104100.906575,1465104100.992000
459,1465104094.804000,1465104095.921478,1465104100.928676,1465104101.009000
460,1465104094.804000,1465104095.887666,1465104100.888923,1465104100.945000
461,1465104094.803000,1465104096.251431,1465104101.258024,1465104101.346000
462,1465104094.803000,1465104096.271083,1465104101.272432,1465104101.353000
463,1465104094.803000,1465104095.907603,1465104100.908963,1465104100.985000
464,1465104094.803000,1465104097.478135,1465104102.479470,1465104102.568000
465,1465104094.807000,1465104096.652571,1465104101.653805,1465104101.735000
466,1465104094.803000,1465104096.680034,1465104101.681853,1465104101.749000
467,1465104094.802000,1465104096.267986,1465104101.269348,1465104101.336000
468,1465104094.802000,1465104095.919411,1465104100.920933,1465104101.011000
469,1465104094.803000,1465104095.892069,1465104100.893560,1465104100.979000
470,1465104094.802000,1465104095.896094,1465104100.897334,1465104100.984000
471,1465104094.804000,1465104095.823284,1465104100.824752,1465104100.882000
472,1465104094.803000,1465104096.265150,1465104101.266863,1465104101.344000
473,1465104094.803000,1465104095.914670,1465104100.916002,1465104101.011000
474,1465104094.802000,1465104095.926855,1465104100.928016,1465104101.014000
475,1465104094.802000,1465104096.233433,1465104101.235316,1465104101.340000
476,1465104094.802000,1465104095.903034,1465104100.904271,1465104100.990000
477,1465104094.803000,1465104095.920589,1465104100.938176,1465104101.026000
478,1465104094.803000,1465104095.880990,1465104100.882237,1465104100.962000
479,1465104094.803000,1465104095.864214,1465104100.865704,1465104100.969000
480,1465104094.805000,1465104095.632309,1465104100.633990,1465104100.713000
481,1465104094.802000,1465104096.673637,1465104101.675003,1465104101.742000
482,1465104094.802000,1465104095.870504,1465104100.872055,1465104100.940000
483,1465104094.804000,1465104095.837946,1465104100.839438,1465104100.919000
484,1465104094.804000,1465104096.660635,1465104101.662139,1465104101.749000
485,1465104094.803000,1465104095.897311,1465104100.898693,1465104100.986000
486,1465104094.803000,1465104097.593368,1465104102.611496,1465104102.698000
487,1465104094.803000,1465104096.252528,1465104101.253727,1465104101.338000
488,1465104094.803000,1465104095.862335,1465104100.863908,1465104100.951000
489,1465104094.803000,1465104095.797757,1465104100.799007,1465104100.877000
490,1465104094.804000,1465104096.231981,1465104101.234063,1465104101.330000
491,1465104094.803000,1465104095.927748,1465104100.929664,1465104101.012000
492,1465104094.804000,1465104095.858152,1465104100.859828,1465104100.940000
493,1465104094.804000,1465104096.666871,1465104101.668765,1465104101.750000
494,1465104094.804000,1465104096.113991,1465104101.115239,1465104101.201000
495,1465104094.803000,1465104095.940112,1465104100.941290,1465104101.028000
496,1465104094.804000,1465104095.918419,1465104100.919787,1465104100.998000
497,1465104094.804000,1465104095.898591,1465104100.899890,1465104100.980000
498,1465104094.806000,1465104096.660879,1465104101.662281,1465104101.731000
499,1465104094.804000,1465104096.105874,1465104101.107657,1465104101.183000
500,1465104094.804000,1465104096.668059,1465104101.669704,1465104101.750000
501,1465104094.807000,1465104096.251608,1465104101.252920,1465104101.329000
502,1465104094.804000,0.000000,0.000000,0.000000
503,1465104094.805000,1465104096.265418,1465104101.266610,1465104101.351000
504,1465104094.803000,1465104095.885466,1465104100.886691,1465104100.973000
505,1465104094.806000,1465104096.268357,1465104101.269671,1465104101.349000
506,1465104094.803000,1465104095.876733,1465104100.877917,1465104100.966000
507,1465104094.803000,1465104096.124407,1465104101.126054,1465104101.211000
508,1465104094.804000,1465104095.931227,1465104100.932540,1465104101.013000
509,1465104094.804000,1465104095.908280,1465104100.909571,1465104100.995000
510,1465104094.804000,1465104095.838451,1465104100.839943,1465104100.908000
511,1465104094.805000,1465104096.266233,1465104101.267635,1465104101.345000
512,1465104094.805000,1465104096.240061,1465104101.241530,1465104101.346000
513,1465104094.808000,1465104095.871544,1465104100.872902,1465104100.959000
514,1465104094.805000,1465104095.926450,1465104100.927730,1465104101.014000
515,1465104094.807000,1465104096.105718,1465104101.107168,1465104101.193000
516,1465104094.806000,1465104096.228553,1465104101.229925,1465104101.335000
517,1465104094.808000,0.000000,0.000000,0.000000
518,1465104094.804000,1465104095.632354,1465104100.633750,1465104100.720000
519,1465104094.806000,1465104095.874007,1465104100.875303,1465104100.949000
520,1465104094.805000,1465104095.917948,1465104100.919262,1465104100.999000
521,1465104094.805000,1465104096.658794,1465104101.660143,1465104101.737000
522,1465104094.806000,1465104095.910324,1465104100.911688,1465104100.998000
523,1465104094.806000,1465104096.655669,1465104101.657398,1465104101.735000
524,1465104094.804000,1465104095.863450,1465104100.865088,1465104100.946000
525,1465104094.807000,1465104095.872404,1465104100.873705,1465104100.958000
526,1465104094.805000,1465104095.881762,1465104100.883183,1465104100.971000
527,1465104094.804000,1465104095.921049,1465104100.924621,1465104101.011000
528,1465104094.807000,1465104095.911220,1465104100.912428,1465104101.008000
529,1465104094.807000,1465104095.879055,1465104100.880241,1465104100.962000
530,1465104094.805000,1465104095.919875,1465104100.929645,1465104101.011000
531,1465104094.807000,1465104095.864202,1465104100.865708,1465104100.954000
532,1465104094.807000,1465104096.252010,1465104101.253490,1465104101.336000
533,1465104094.804000,1465104096.114284,1465104101.115510,1465104101.193000
534,1465104094.808000,1465104095.922968,1465104100.924407,1465104101.012000
535,1465104094.804000,1465104096.017661,1465104101.018987,1465104101.098000
536,1465104094.805000,1465104095.893243,1465104100.894444,1465104100.976000
537,1465104094.805000,1465104095.873432,1465104100.883066,1465104100.976000
538,1465104094.804000,1465104097.669385,1465104102.670554,1465104102.740000
539,1465104094.807000,1465104095.565228,1465104100.566443,1465104100.644000
540,1465104094.806000,1465104096.230184,1465104101.231507,1465104101.322000
541,1465104094.807000,1465104095.891505,1465104100.892774,1465104100.966000
542,1465104094.807000,1465104095.822714,1465104100.824068,1465104100.910000
543,1465104094.807000,1465104096.126810,1465104101.128202,1465104101.216000
544,1465104094.805000,1465104095.914135,1465104100.915464,1465104100.993000
545,1465104094.806000,1465104096.222380,1465104101.223696,1465104101.310000
546,1465104094.810000,1465104096.265735,1465104101.267079,1465104101.345000
547,1465104094.806000,1465104095.921074,1465104100.923554,1465104101.011000
548,1465104094.806000,1465104095.877466,1465104100.878964,1465104100.967000
549,1465104094.805000,1465104096.245063,1465104101.246394,1465104101.335000
550,1465104094.805000,1465104096.663453,1465104101.665394,1465104101.746000
551,1465104094.805000,1465104095.868235,1465104100.869681,1465104100.956000
552,1465104094.805000,1465104097.663605,1465104102.665263,1465104102.734000
553,1465104094.805000,1465104096.251904,1465104101.253575,1465104101.333000
554,1465104094.809000,1465104095.931932,1465104100.933357,1465104101.009000
555,1465104094.808000,1465104095.862299,1465104100.869045,1465104100.939000
556,1465104094.805000,1465104095.952182,1465104100.961548,1465104101.018000
557,1465104094.806000,1465104096.664698,1465104101.665957,1465104101.744000
558,1465104094.806000,1465104095.906024,1465104100.908886,1465104100.991000
559,1465104094.807000,1465104095.848285,1465104100.849524,1465104100.929000
560,1465104094.806000,1465104095.898434,1465104100.900053,1465104100.968000
561,1465104094.808000,1465104095.862462,1465104100.863713,1465104100.941000
562,1465104094.820000,1465104095.923932,1465104100.925412,1465104101.006000
563,1465104094.805000,1465104096.211336,1465104101.212504,1465104101.308000
564,1465104094.806000,1465104096.267409,1465104101.268766,1465104101.338000
565,1465104094.805000,1465104096.647796,1465104101.658957,1465104101.738000
566,1465104094.805000,1465104096.642684,1465104101.644152,1465104101.740000
567,1465104094.806000,1465104095.909580,1465104100.911028,1465104100.990000
568,1465104094.808000,1465104095.875148,1465104100.877535,1465104100.964000
569,1465104094.806000,1465104095.887728,1465104100.888976,1465104100.968000
570,1465104094.808000,1465104095.878020,1465104100.879235,1465104100.966000
571,1465104094.806000,1465104095.876936,1465104100.878207,1465104100.935000
572,1465104094.806000,1465104095.911334,1465104100.912544,1465104100.994000
573,1465104094.806000,1465104096.271266,1465104101.272612,1465104101.352000
574,1465104094.810000,1465104095.910387,1465104100.911585,1465104101.007000
575,1465104094.806000,1465104095.936255,1465104100.937697,1465104101.013000
576,1465104094.807000,1465104096.254758,1465104101.256313,1465104101.332000
577,1465104094.806000,1465104095.899802,1465104100.902014,1465104100.987000
578,1465104094.807000,1465104095.899987,1465104100.902246,1465104100.983000
579,1465104094.806000,1465104095.873454,1465104100.878193,1465104100.966000
580,1465104094.807000,1465104096.289776,1465104101.290920,1465104101.357000
581,1465104094.811000,1465104095.918642,1465104100.920421,1465104101.007000
582,1465104094.807000,1465104096.275599,1465104101.277250,1465104101.358000
583,1465104094.807000,1465104096.233749,1465104101.235060,1465104101.313000
584,1465104094.809000,1465104096.262186,1465104101.263491,1465104101.350000
585,1465104094.806000,1465104096.117581,1465104101.118872,1465104101.210000
586,1465104094.816000,1465104095.911998,1465104100.913316,1465104100.970000
587,1465104094.809000,1465104095.921894,1465104100.923531,1465104101.009000
588,1465104094.807000,0.000000,0.000000,0.000000
589,1465104094.806000,0.000000,0.000000,0.000000
590,1465104094.806000,1465104096.637058,1465104101.638405,1465104101.744000
591,1465104094.811000,1465104096.230303,1465104101.231702,1465104101.311000
592,1465104094.808000,1465104095.908023,1465104100.909473,1465104100.981000
593,1465104094.810000,1465104095.907180,1465104100.908664,1465104100.994000
594,1465104094.820000,1465104096.656417,1465104101.659124,1465104101.739000
595,1465104094.807000,1465104096.239102,1465104101.240269,1465104101.326000
596,1465104094.807000,1465104096.231666,1465104101.238099,1465104101.333000
597,1465104094.807000,1465104096.277414,1465104101.284058,1465104101.356000
598,1465104094.809000,1465104096.655484,1465104101.657002,1465104101.738000
599,1465104094.810000,1465104096.237122,1465104101.238399,1465104101.319000
600,1465104094.809000,1465104095.872714,1465104100.874178,1465104100.952000
601,1465104094.807000,1465104095.872968,1465104100.874340,1465104100.956000
602,1465104094.806000,1465104095.890029,1465104100.891552,1465104100.979000
603,1465104094.811000,1465104095.921941,1465104100.938617,1465104101.026000
604,1465104094.809000,1465104095.881716,1465104100.882988,1465104100.970000
605,1465104094.808000,1465104095.638830,1465104100.640093,1465104100.735000
606,1465104094.808000,1465104096.254208,1465104101.255703,1465104101.348000
607,1465104094.807000,1465104095.897745,1465104100.899269,1465104100.995000
608,1465104094.807000,1465104096.225181,1465104101.226609,1465104101.313000
609,1465104094.808000,1465104096.671321,1465104101.672493,1465104101.741000
610,1465104094.810000,1465104096.232958,1465104101.234181,1465104101.313000
611,1465104094.809000,1465104096.220212,1465104101.221485,1465104101.316000
612,1465104094.807000,1465104095.631379,1465104100.632840,1465104100.720000
613,1465104094.807000,1465104095.867940,1465104100.870085,1465104100.956000
614,1465104094.813000,1465104095.879602,1465104100.880940,1465104100.960000
615,1465104094.811000,1465104096.233688,1465104101.235234,1465104101.340000
616,1465104094.807000,1465104096.252020,1465104101.253425,1465104101.340000
617,1465104094.811000,0.000000,0.000000,0.000000
618,1465104094.809000,1465104095.869791,1465104100.871000,1465104100.975000
619,1465104094.811000,0.000000,0.000000,0.000000
620,1465104094.807000,1465104095.931952,1465104100.933147,1465104101.000000
621,1465104094.807000,1465104095.920853,1465104100.922616,1465104101.009000
622,1465104094.810000,1465104096.663121,1465104101.664301,1465104101.742000
623,1465104094.809000,1465104096.647799,1465104101.658685,1465104101.738000
624,1465104094.807000,1465104095.891898,1465104100.897799,1465104100.994000
625,1465104094.807000,0.000000,0.000000,0.000000
626,1465104094.808000,1465104095.890519,1465104100.895652,1465104100.983000
627,1465104094.807000,1465104095.911922,1465104100.913150,1465104100.999000
628,1465104094.811000,1465104096.262645,1465104101.263855,1465104101.344000
629,1465104094.809000,1465104095.897199,1465104100.898477,1465104100.955000
630,1465104094.810000,1465104095.918288,1465104100.931400,1465104101.022000
631,1465104094.811000,1465104095.900468,1465104100.902030,1465104100.988000
632,1465104094.810000,1465104095.911789,1465104100.914628,1465104101.005000
633,1465104094.810000,1465104096.227593,1465104101.229182,1465104101.309000
634,1465104094.808000,1465104096.217126,1465104101.218434,1465104101.304000
635,1465104094.813000,1465104096.225839,1465104101.227143,1465104101.305000
636,1465104094.820000,1465104095.920279,1465104100.921463,1465104100.999000
637,1465104094.811000,1465104095.925179,1465104100.926354,1465104101.013000
638,1465104094.811000,1465104095.912110,1465104100.913534,1465104100.992000
639,1465104094.808000,1465104095.886886,1465104100.888230,1465104100.974000
640,1465104094.808000,1465104095.678966,1465104100.680575,1465104100.762000
641,1465104094.808000,1465104095.864866,1465104100.866358,1465104100.940000
642,1465104094.809000,1465104095.919623,1465104100.920902,1465104101.003000
643,1465104094.809000,1465104095.894223,1465104100.895510,1465104100.975000
644,1465104094.808000,1465104095.909116,1465104100.923449,1465104101.002000
645,1465104094.811000,1465104095.922274,1465104100.923476,1465104101.010000
646,1465104094.809000,1465104095.897646,1465104100.898880,1465104100.984000
647,1465104094.808000,1465104095.792867,1465104100.794103,1465104100.866000
648,1465104094.809000,1465104096.239403,1465104101.240612,1465104101.326000
649,1465104094.809000,1465104096.650904,1465104101.653215,1465104101.734000
650,1465104094.809000,1465104096.270165,1465104101.271404,1465104101.357000
651,1465104094.809000,1465104095.905200,1465104100.906412,1465104100.987000
652,1465104094.812000,1465104097.417910,1465104102.419515,1465104102.499000
653,1465104094.809000,1465104095.912334,1465104100.913810,1465104101.004000
654,1465104094.809000,1465104095.899599,1465104100.900865,1465104100.988000
655,1465104094.812000,1465104096.239499,1465104101.240728,1465104101.321000
656,1465104094.811000,1465104097.466420,1465104102.467908,1465104102.556000
657,1465104094.811000,1465104096.594813,1465104101.596353,1465104101.676000
658,1465104094.809000,1465104095.902306,1465104100.903662,1465104101.009000
659,1465104094.809000,1465104096.124638,1465104101.125910,1465104101.183000
660,1465104094.809000,1465104096.269050,1465104101.270232,1465104101.356000
661,1465104094.812000,1465104095.922259,1465104100.923452,1465104101.008000
662,1465104094.812000,1465104095.881532,1465104100.882907,1465104100.963000
663,1465104094.811000,1465104095.880673,1465104100.882384,1465104100.961000
664,1465104094.812000,1465104096.231477,1465104101.232932,1465104101.329000
665,1465104094.809000,1465104095.959092,1465104100.960374,1465104101.041000
666,1465104094.810000,1465104096.268536,1465104101.269756,1465104101.347000
667,1465104094.809000,1465104095.966437,1465104100.967669,1465104101.052000
668,1465104094.811000,1465104095.597270,1465104100.598759,1465104100.684000
669,1465104094.812000,1465104096.638147,1465104101.639505,1465104101.735000
670,1465104094.811000,1465104096.241191,1465104101.242404,1465104101.323000
671,1465104094.810000,1465104097.552206,1465104102.553846,1465104102.635000
672,1465104094.811000,1465104096.254189,1465104101.275035,1465104101.353000
673,1465104094.810000,1465104096.229868,1465104101.231459,1465104101.327000
674,1465104094.810000,1465104097.414163,1465104102.415726,1465104102.496000
675,1465104094.810000,0.000000,0.000000,0.000000
676,1465104094.815000,1465104096.675769,1465104101.676936,1465104101.744000
677,1465104094.811000,1465104096.665510,1465104101.666741,1465104101.746000
678,1465104094.814000,1465104095.907868,1465104100.910990,1465104100.998000
679,1465104094.811000,1465104096.602068,1465104101.603539,1465104101.670000
680,1465104094.810000,1465104096.262177,1465104101.263588,1465104101.354000
681,1465104094.810000,1465104096.093232,1465104101.094756,1465104101.181000
682,1465104094.810000,1465104096.248845,1465104101.250331,1465104101.331000
683,1465104094.810000,1465104095.825687,1465104100.827340,1465104100.909000
684,1465104094.810000,1465104096.659798,1465104101.661050,1465104101.739000
685,1465104094.810000,1465104095.937867,1465104100.939064,1465104101.005000
686,1465104094.810000,1465104096.657617,1465104101.659178,1465104101.738000
687,1465104094.811000,1465104095.927416,1465104100.928666,1465104101.024000
688,1465104094.814000,1465104095.887521,1465104100.888892,1465104100.974000
689,1465104094.811000,1465104096.659495,1465104101.674044,1465104101.759000
690,1465104094.820000,1465104096.681240,1465104101.682871,1465104101.750000
691,1465104094.811000,1465104095.883456,1465104100.895139,1465104100.999000
692,1465104094.812000,1465104096.658696,1465104101.660094,1465104101.739000
693,1465104094.811000,1465104096.649340,1465104101.650833,1465104101.730000
694,1465104094.811000,1465104095.875044,1465104100.876783,1465104100.963000
695,1465104094.811000,1465104095.867909,1465104100.869247,1465104100.948000
696,1465104094.811000,1465104095.821897,1465104100.823425,1465104100.910000
697,1465104094.810000,0.000000,0.000000,0.000000
698,1465104094.810000,1465104096.116966,1465104101.118441,1465104101.200000
699,1465104094.813000,1465104095.901993,1465104100.903373,1465104100.972000
700,1465104094.811000,1465104096.232018,1465104101.233875,1465104101.329000
701,1465104094.811000,1465104095.896089,1465104100.906935,1465104101.002000
702,1465104094.812000,1465104096.657748,1465104101.667961,1465104101.748000
703,1465104094.811000,1465104095.894363,1465104100.896778,1465104100.976000
704,1465104094.815000,1465104095.885395,1465104100.887424,1465104100.973000
705,1465104094.811000,1465104095.864928,1465104100.866178,1465104100.962000
706,1465104094.812000,1465104095.857454,1465104100.858712,1465104100.915000
707,1465104094.811000,1465104096.119288,1465104101.120606,1465104101.202000
708,1465104094.813000,1465104096.253927,1465104101.255054,1465104101.351000
709,1465104094.813000,1465104096.254181,1465104101.255455,1465104101.336000
710,1465104094.811000,1465104095.900747,1465104100.902422,1465104100.987000
711,1465104094.812000,1465104096.578456,1465104101.580021,1465104101.668000
712,1465104094.811000,1465104095.903938,1465104100.905210,1465104100.984000
713,1465104094.813000,1465104095.931580,1465104100.932744,1465104101.010000
714,1465104094.814000,1465104095.920171,1465104100.923596,1465104100.991000
715,1465104094.815000,1465104095.882929,1465104100.884079,1465104100.980000
716,1465104094.820000,1465104096.649833,1465104101.651125,1465104101.738000
717,1465104094.811000,1465104096.283789,1465104101.285119,1465104101.361000
718,1465104094.811000,1465104096.233435,1465104101.234649,1465104101.321000
719,1465104094.811000,1465104095.904917,1465104100.906475,1465104101.000000
720,1465104094.813000,1465104095.916662,1465104100.917965,1465104101.013000
721,1465104094.811000,1465104096.266843,1465104101.268191,1465104101.355000
722,1465104094.816000,1465104095.898909,1465104100.900152,1465104100.996000
723,1465104094.811000,1465104096.669924,1465104101.671140,1465104101.750000
724,1465104094.811000,1465104096.249728,1465104101.250956,1465104101.331000
725,1465104094.812000,1465104096.654238,1465104101.656071,1465104101.734000
726,1465104094.814000,1465104096.239924,1465104101.241175,1465104101.319000
727,1465104094.813000,1465104095.853087,1465104100.854430,1465104100.947000
728,1465104094.814000,1465104095.865902,1465104100.867397,1465104100.949000
729,1465104094.813000,1465104095.876296,1465104100.877938,1465104100.957000
730,1465104094.815000,1465104095.895686,1465104100.898547,1465104100.994000
731,1465104094.814000,1465104096.259574,1465104101.260779,1465104101.341000
732,1465104094.812000,1465104095.987531,1465104100.988698,1465104101.084000
733,1465104094.812000,1465104095.820111,1465104100.821343,1465104100.908000
734,1465104094.812000,1465104095.810642,1465104100.812204,1465104100.917000
735,1465104094.815000,1465104095.911987,1465104100.913207,1465104100.999000
736,1465104094.813000,1465104095.875001,1465104100.876232,1465104100.964000
737,1465104094.812000,1465104095.886154,1465104100.887889,1465104100.974000
738,1465104094.815000,1465104095.560066,1465104100.561570,1465104100.648000
739,1465104094.816000,1465104096.269963,1465104101.271251,1465104101.338000
740,1465104094.819000,1465104095.923532,1465104100.924749,1465104101.010000
741,1465104094.812000,1465104095.891867,1465104100.893377,1465104100.959000
742,1465104094.812000,1465104095.918491,1465104100.928746,1465104101.009000
743,1465104094.812000,1465104096.237368,1465104101.240669,1465104101.317000
744,1465104094.812000,1465104095.896652,1465104100.898026,1465104100.977000
745,1465104094.812000,1465104095.930189,1465104100.931389,1465104101.011000
746,1465104094.813000,1465104095.904365,1465104100.905626,1465104100.977000
747,1465104094.815000,1465104096.666693,1465104101.669031,1465104101.749000
748,1465104094.813000,1465104096.229752,1465104101.231305,1465104101.324000
749,1465104094.812000,1465104096.260785,1465104101.262609,1465104101.338000
750,1465104094.812000,1465104097.568010,1465104102.569580,1465104102.649000
751,1465104094.812000,1465104096.249886,1465104101.251133,1465104101.307000
752,1465104094.814000,1465104096.651855,1465104101.657919,1465104101.739000
753,1465104094.812000,1465104096.267875,1465104101.269154,1465104101.349000
754,1465104094.812000,1465104095.921867,1465104100.923632,1465104101.010000
755,1465104094.819000,1465104096.239484,1465104101.241630,1465104101.347000
756,1465104094.814000,1465104096.266893,1465104101.268195,1465104101.348000
757,1465104094.813000,1465104096.645509,1465104101.647144,1465104101.734000
758,1465104094.816000,1465104096.241271,1465104101.242479,1465104101.327000
759,1465104094.813000,1465104096.235891,1465104101.237675,1465104101.314000
760,1465104094.814000,1465104095.905802,1465104100.917636,1465104100.994000
761,1465104094.813000,1465104095.889941,1465104100.891331,1465104100.973000
762,1465104094.813000,1465104095.912201,1465104100.913476,1465104100.994000
763,1465104094.813000,1465104095.925097,1465104100.926436,1465104101.007000
764,1465104094.815000,1465104096.258566,1465104101.259758,1465104101.353000
765,1465104094.813000,1465104095.905379,1465104100.906609,1465104100.991000
766,1465104094.813000,1465104096.656529,1465104101.657750,1465104101.724000
767,1465104094.818000,1465104095.921917,1465104100.923174,1465104100.990000
768,1465104094.813000,1465104095.922632,1465104100.923977,1465104101.010000
769,1465104094.813000,1465104095.905453,1465104100.907952,1465104100.988000
770,1465104094.813000,1465104095.927920,1465104100.929195,1465104100.985000
771,1465104094.814000,1465104095.916970,1465104100.930378,1465104101.011000
772,1465104094.813000,1465104096.601151,1465104101.602827,1465104101.677000
773,1465104094.815000,1465104095.893020,1465104100.906515,1465104100.987000
774,1465104094.813000,1465104095.903419,1465104100.905240,1465104100.995000
775,1465104094.817000,1465104096.211243,1465104101.212509,1465104101.318000
776,1465104094.813000,1465104095.903915,1465104100.905091,1465104100.991000
777,1465104094.820000,1465104097.149575,1465104102.151128,1465104102.239000
778,1465104094.816000,1465104095.819579,1465104100.821152,1465104100.891000
779,1465104094.813000,1465104095.892089,1465104100.893686,1465104100.970000
780,1465104094.815000,1465104096.226546,1465104101.227887,1465104101.306000
781,1465104094.817000,1465104096.245001,1465104101.246199,1465104101.332000
782,1465104094.814000,1465104095.886905,1465104100.888145,1465104100.975000
783,1465104094.814000,1465104096.274937,1465104101.276393,1465104101.353000
784,1465104094.814000,1465104095.885505,1465104100.886896,1465104100.980000
785,1465104094.817000,1465104096.657377,1465104101.658935,1465104101.745000
786,1465104094.814000,1465104095.984386,1465104100.985891,1465104101.081000
787,1465104094.814000,1465104095.921021,1465104100.922659,1465104101.013000
788,1465104094.816000,1465104095.917408,1465104100.919013,1465104101.005000
789,1465104094.815000,1465104095.909690,1465104100.918817,1465104100.998000
790,1465104094.815000,1465104096.633520,1465104101.637149,1465104101.743000
791,1465104094.819000,1465104096.270316,1465104101.271501,1465104101.354000
792,1465104094.816000,1465104096.257301,1465104101.258907,1465104101.345000
793,1465104094.847000,1465104096.654063,1465104101.655298,1465104101.733000
794,1465104094.818000,1465104096.261443,1465104101.262620,1465104101.345000
795,1465104094.828000,1465104095.904479,1465104100.906800,1465104100.989000
796,1465104094.814000,1465104096.648607,1465104101.650570,1465104101.731000
797,1465104094.815000,1465104095.884256,1465104100.885441,1465104100.973000
798,1465104094.814000,1465104095.908504,1465104100.909731,1465104100.992000
799,1465104094.814000,1465104096.646281,1465104101.647820,1465104101.734000
800,1465104094.819000,1465104096.665960,1465104101.667114,1465104101.746000
801,1465104094.819000,1465104096.225851,1465104101.227126,1465104101.322000
802,1465104094.818000,1465104096.231934,1465104101.233146,1465104101.314000
803,1465104094.815000,1465104095.879973,1465104100.881165,1465104100.958000
804,1465104094.814000,1465104095.895077,1465104100.897451,1465104100.977000
805,1465104094.817000,1465104096.207994,1465104101.209334,1465104101.304000
806,1465104094.814000,1465104095.986218,1465104100.987606,1465104101.064000
807,1465104094.820000,1465104095.925592,1465104100.927040,1465104101.003000
808,1465104094.820000,1465104096.235563,1465104101.236887,1465104101.323000
809,1465104094.820000,1465104096.274344,1465104101.275803,1465104101.353000
810,1465104094.821000,1465104095.912141,1465104100.913296,1465104101.000000
811,1465104094.820000,1465104096.648277,1465104101.650009,1465104101.731000
812,1465104094.814000,1465104096.262641,1465104101.264041,1465104101.331000
813,1465104094.819000,1465104096.282124,1465104101.283275,1465104101.350000
814,1465104094.821000,1465104096.653135,1465104101.654752,1465104101.735000
815,1465104094.817000,1465104096.243402,1465104101.244635,1465104101.325000
816,1465104094.820000,1465104096.229139,1465104101.230310,1465104101.316000
817,1465104094.821000,1465104095.873844,1465104100.877322,1465104100.964000
818,1465104094.815000,1465104095.921479,1465104100.923079,1465104100.999000
819,1465104094.815000,1465104096.644595,1465104101.645870,1465104101.741000
820,1465104094.816000,1465104097.427494,1465104102.429019,1465104102.496000
821,1465104094.817000,1465104095.899868,1465104100.901135,1465104100.981000
822,1465104094.815000,1465104095.914159,1465104100.915423,1465104100.995000
823,1465104094.817000,1465104095.878717,1465104100.880468,1465104100.966000
824,1465104094.817000,1465104095.916919,1465104100.919245,1465104101.004000
825,1465104094.829000,1465104096.236777,1465104101.238045,1465104101.319000
826,1465104094.817000,1465104096.262637,1465104101.263896,1465104101.343000
827,1465104094.815000,0.000000,0.000000,0.000000
828,1465104094.815000,1465104095.818605,1465104100.820379,1465104100.889000
829,1465104094.816000,1465104096.251769,1465104101.253019,1465104101.359000
830,1465104094.819000,1465104095.893580,1465104100.895008,1465104100.990000
831,1465104094.816000,1465104095.905486,1465104100.907507,1465104100.993000
832,1465104094.816000,1465104096.241410,1465104101.242720,1465104101.333000
833,1465104094.816000,1465104096.660587,1465104101.661767,1465104101.739000
834,1465104094.816000,1465104095.892915,1465104100.895104,1465104100.999000
835,1465104094.816000,1465104096.666584,1465104101.667766,1465104101.745000
836,1465104094.834000,1465104096.605853,1465104101.607087,1465104101.686000
837,1465104094.817000,1465104096.642882,1465104101.644425,1465104101.731000
838,1465104094.832000,1465104095.882754,1465104100.883892,1465104100.970000
839,1465104094.821000,1465104096.268121,1465104101.269328,1465104101.347000
840,1465104094.834000,1465104096.225686,1465104101.228591,1465104101.309000
841,1465104094.853000,1465104096.625510,1465104101.627004,1465104101.713000
842,1465104094.819000,1465104096.079281,1465104101.080739,1465104101.166000
843,1465104094.829000,1465104096.251595,1465104101.252832,1465104101.339000
844,1465104094.818000,1465104096.241638,1465104101.242851,1465104101.329000
845,1465104094.817000,1465104095.876050,1465104100.877537,1465104100.964000
846,1465104094.819000,1465104095.899734,1465104100.900962,1465104100.982000
847,1465104094.832000,1465104095.915455,1465104100.916782,1465104100.998000
848,1465104094.815000,1465104096.234182,1465104101.235527,1465104101.326000
849,1465104094.817000,1465104096.246476,1465104101.247725,1465104101.326000
850,1465104094.820000,1465104095.929628,1465104100.930852,1465104100.988000
851,1465104094.820000,1465104096.654844,1465104101.656309,1465104101.734000
852,1465104094.821000,1465104096.263011,1465104101.264221,1465104101.357000
853,1465104094.820000,1465104095.940495,1465104100.941725,1465104101.021000
854,1465104094.819000,1465104097.659752,1465104102.661571,1465104102.742000
855,1465104094.820000,1465104096.272420,1465104101.273739,1465104101.352000
856,1465104094.816000,1465104095.908546,1465104100.909919,1465104101.006000
857,1465104094.816000,1465104096.243958,1465104101.245586,1465104101.323000
858,1465104094.820000,1465104095.916699,1465104100.919381,1465104101.004000
859,1465104094.820000,1465104096.265824,1465104101.267236,1465104101.334000
860,1465104094.820000,1465104095.840263,1465104100.841538,1465104100.937000
861,1465104094.819000,1465104095.892607,1465104100.894240,1465104100.980000
862,1465104094.821000,1465104096.667801,1465104101.669001,1465104101.736000
863,1465104094.817000,1465104095.903768,1465104100.905422,1465104100.987000
864,1465104094.816000,1465104096.259832,1465104101.260996,1465104101.347000
865,1465104094.817000,0.000000,0.000000,0.000000
866,1465104094.820000,1465104096.233459,1465104101.234850,1465104101.314000
867,1465104094.820000,1465104095.897637,1465104100.898865,1465104100.976000
868,1465104094.817000,1465104095.892756,1465104100.893989,1465104100.962000
869,1465104094.816000,1465104096.237928,1465104101.239223,1465104101.317000
870,1465104094.816000,1465104096.611275,1465104101.612776,1465104101.682000
871,1465104094.816000,1465104095.930500,1465104100.932218,1465104101.012000
872,1465104094.816000,1465104096.232282,1465104101.238096,1465104101.335000
873,1465104094.819000,1465104096.108743,1465104101.110153,1465104101.201000
874,1465104094.816000,1465104095.895114,1465104100.896413,1465104100.982000
875,1465104094.816000,1465104095.862688,1465104100.864273,1465104100.944000
876,1465104094.819000,1465104095.883006,1465104100.884806,1465104100.961000
877,1465104094.817000,1465104096.680307,1465104101.689880,1465104101.756000
878,1465104094.818000,1465104095.905141,1465104100.911542,1465104100.998000
879,1465104094.819000,1465104096.602745,1465104101.604209,1465104101.682000
880,1465104094.817000,1465104095.873384,1465104100.874655,1465104100.943000
881,1465104094.819000,1465104096.243848,1465104101.257180,1465104101.333000
882,1465104094.820000,1465104096.102847,1465104101.104236,1465104101.185000
883,1465104094.819000,1465104095.915603,1465104100.918681,1465104101.003000
884,1465104094.819000,1465104096.625161,1465104101.626749,1465104101.712000
885,1465104094.817000,1465104095.920328,1465104100.921547,1465104100.999000
886,1465104094.821000,1465104097.562717,1465104102.564288,1465104102.653000
887,1465104094.819000,1465104096.245158,1465104101.246412,1465104101.337000
888,1465104094.817000,1465104096.635217,1465104101.636623,1465104101.719000
889,1465104094.819000,1465104096.231970,1465104101.233403,1465104101.339000
890,1465104094.829000,1465104096.054278,1465104101.055496,1465104101.112000
891,1465104094.817000,1465104095.917426,1465104100.918964,1465104101.006000
892,1465104094.817000,1465104096.273065,1465104101.274343,1465104101.353000
893,1465104094.820000,1465104095.888206,1465104100.889381,1465104100.975000
894,1465104094.817000,1465104096.085182,1465104101.086377,1465104101.171000
895,1465104094.817000,1465104095.891093,1465104100.892375,1465104100.980000
896,1465104094.851000,1465104095.898570,1465104100.899795,1465104100.982000
897,1465104094.817000,1465104095.921384,1465104100.922652,1465104101.004000
898,1465104094.829000,1465104095.926556,1465104100.927823,1465104101.013000
899,1465104094.820000,1465104096.220526,1465104101.221897,1465104101.308000
900,1465104094.817000,1465104096.656945,1465104101.666416,1465104101.745000
901,1465104094.817000,1465104096.631543,1465104101.650096,1465104101.717000
902,1465104094.820000,1465104095.905313,1465104100.906483,1465104100.993000
903,1465104094.817000,1465104095.918752,1465104100.919961,1465104101.007000
904,1465104094.818000,1465104096.255163,1465104101.256435,1465104101.342000
905,1465104094.833000,1465104095.898975,1465104100.911860,1465104100.996000
906,1465104094.833000,1465104096.266665,1465104101.267958,1465104101.349000
907,1465104094.833000,1465104095.864479,1465104100.865850,1465104100.955000
908,1465104094.833000,1465104096.658483,1465104101.661513,1465104101.750000
909,1465104094.833000,1465104095.868501,1465104100.870047,1465104100.956000
910,1465104094.832000,1465104096.263803,1465104101.265230,1465104101.341000
911,1465104094.833000,0.000000,0.000000,0.000000
912,1465104094.827000,1465104096.273396,1465104101.274649,1465104101.355000
913,1465104094.833000,1465104096.654899,1465104101.656262,1465104101.737000
914,1465104094.827000,1465104096.646875,1465104101.648250,1465104101.736000
915,1465104094.827000,1465104096.229967,1465104101.231806,1465104101.310000
916,1465104094.827000,1465104095.925417,1465104100.927100,1465104101.007000
917,1465104094.827000,1465104096.222592,1465104101.223793,1465104101.319000
918,1465104094.834000,1465104095.900263,1465104100.901673,1465104100.987000
919,1465104094.832000,1465104095.836409,1465104100.838075,1465104100.919000
920,1465104094.831000,1465104095.951325,1465104100.961325,1465104101.018000
921,1465104094.831000,1465104095.906397,1465104100.921546,1465104101.003000
922,1465104094.831000,1465104095.929748,1465104100.931276,1465104101.012000
923,1465104094.831000,1465104095.933803,1465104100.946532,1465104101.028000
924,1465104094.850000,1465104096.269757,1465104101.271219,1465104101.356000
925,1465104094.831000,1465104095.919305,1465104100.920902,1465104101.006000
926,1465104094.832000,1465104096.240827,1465104101.242033,1465104101.335000
927,1465104094.831000,1465104095.941876,1465104100.943098,1465104101.000000
928,1465104094.848000,1465104095.923413,1465104100.924576,1465104100.996000
929,1465104094.857000,1465104096.667049,1465104101.669229,1465104101.750000
930,1465104094.834000,1465104095.884687,1465104100.886299,1465104100.965000
931,1465104094.850000,1465104096.276815,1465104101.278166,1465104101.359000
932,1465104094.832000,1465104096.263750,1465104101.265025,1465104101.345000
933,1465104094.832000,1465104096.678829,1465104101.685301,1465104101.754000
934,1465104094.832000,1465104095.903786,1465104100.905021,1465104100.993000
935,1465104094.834000,1465104096.607121,1465104101.608362,1465104101.688000
936,1465104094.832000,1465104096.244146,1465104101.255354,1465104101.333000
937,1465104094.853000,1465104096.282729,1465104101.284214,1465104101.356000
938,1465104094.864000,1465104095.916765,1465104100.918033,1465104101.000000
939,1465104094.845000,1465104095.894330,1465104100.895631,1465104100.980000
940,1465104094.845000,1465104095.869467,1465104100.870787,1465104100.957000
941,1465104094.847000,1465104095.876432,1465104100.877699,1465104100.971000
942,1465104094.848000,1465104097.630668,1465104102.632104,1465104102.728000
943,1465104094.848000,1465104096.260454,1465104101.261796,1465104101.348000
944,1465104094.849000,1465104096.220406,1465104101.221728,1465104101.310000
945,1465104094.847000,1465104096.665173,1465104101.667052,1465104101.748000
946,1465104094.847000,1465104096.599878,1465104101.601202,1465104101.679000
947,1465104094.850000,1465104096.275312,1465104101.277162,1465104101.357000
948,1465104094.850000,1465104095.901717,1465104100.903110,1465104100.974000
949,1465104094.847000,1465104096.278691,1465104101.280548,1465104101.356000
950,1465104094.847000,1465104096.269552,1465104101.271096,1465104101.350000
951,1465104094.848000,1465104096.235229,1465104101.236602,1465104101.318000
952,1465104094.850000,1465104096.670442,1465104101.671587,1465104101.749000
953,1465104094.851000,1465104096.584885,1465104101.586249,1465104101.673000
954,1465104094.850000,1465104096.278498,1465104101.279967,1465104101.352000
955,1465104094.850000,1465104096.623717,1465104101.643565,1465104101.748000
956,1465104094.850000,1465104095.921744,1465104100.923029,1465104101.001000
957,1465104094.850000,1465104095.925356,1465104100.926562,1465104100.996000
958,1465104094.847000,1465104096.643595,1465104101.644824,1465104101.731000
959,1465104094.850000,1465104096.666457,1465104101.685977,1465104101.766000
960,1465104094.850000,1465104096.232143,1465104101.234437,1465104101.314000
961,1465104094.847000,1465104096.257896,1465104101.259106,1465104101.339000
962,1465104094.850000,1465104096.661446,1465104101.662880,1465104101.741000
963,1465104094.868000,1465104096.635189,1465104101.638362,1465104101.743000
964,1465104094.869000,1465104095.907586,1465104100.909002,1465104100.983000
965,1465104094.905000,1465104096.238491,1465104101.239768,1465104101.325000
966,1465104094.879000,1465104095.911079,1465104100.912289,1465104100.984000
967,1465104094.884000,1465104096.284998,1465104101.286696,1465104101.343000
968,1465104094.879000,1465104096.251578,1465104101.252887,1465104101.334000
969,1465104094.887000,1465104096.277361,1465104101.278596,1465104101.358000
970,1465104094.848000,1465104095.913305,1465104100.914981,1465104101.005000
971,1465104094.880000,1465104096.263089,1465104101.264277,1465104101.350000
972,1465104094.899000,1465104096.255119,1465104101.256464,1465104101.345000
973,1465104094.875000,1465104095.904354,1465104100.905986,1465104100.991000
974,1465104094.848000,1465104096.661339,1465104101.662645,1465104101.742000
975,1465104094.848000,1465104096.623350,1465104101.643818,1465104101.749000
976,1465104094.857000,1465104096.563992,1465104101.565291,1465104101.671000
977,1465104094.879000,1465104095.938395,1465104100.939743,1465104101.016000
978,1465104094.848000,1465104096.659974,1465104101.661551,1465104101.749000
979,1465104094.870000,1465104096.256136,1465104101.257411,1465104101.350000
980,1465104094.881000,1465104096.074619,1465104101.075813,1465104101.171000
981,1465104094.858000,1465104096.230089,1465104101.231445,1465104101.312000
982,1465104094.885000,1465104096.646916,1465104101.648107,1465104101.729000
983,1465104094.848000,1465104096.665176,1465104101.666376,1465104101.736000
984,1465104094.848000,1465104096.268385,1465104101.269643,1465104101.357000
985,1465104094.879000,1465104095.875684,1465104100.894310,1465104100.974000
986,1465104094.895000,1465104095.905836,1465104100.907867,1465104100.987000
987,1465104094.868000,1465104095.924193,1465104100.930099,1465104101.011000
988,1465104094.875000,1465104096.656177,1465104101.657992,1465104101.736000
989,1465104094.880000,1465104096.635287,1465104101.637696,1465104101.743000
990,1465104094.884000,1465104096.245396,1465104101.246731,1465104101.326000
991,1465104094.879000,1465104095.885656,1465104100.886992,1465104100.966000
992,1465104094.848000,1465104096.652044,1465104101.653312,1465104101.732000
993,1465104094.868000,1465104096.112978,1465104101.114255,1465104101.202000
994,1465104094.888000,1465104095.906981,1465104100.908180,1465104100.994000
995,1465104094.892000,1465104096.678626,1465104101.680287,1465104101.750000
996,1465104094.848000,1465104096.274185,1465104101.275402,1465104101.345000
997,1465104094.863000,1465104095.927829,1465104100.928984,1465104101.015000
998,1465104094.882000,1465104095.891968,1465104100.893260,1465104100.973000
999,1465104094.884000,1465104095.923249,1465104100.924532,1465104101.006000
