0,1465104453.315000,1465104453.994832,1465104458.996315,1465104459.078000
1,1465104453.315000,1465104454.045409,1465104459.047004,1465104459.133000
2,1465104453.315000,1465104453.958229,1465104458.959726,1465104459.030000
3,1465104453.315000,1465104453.973358,1465104458.974769,1465104459.071000
4,1465104453.315000,1465104453.938648,1465104458.939993,1465104459.042000
5,1465104453.315000,1465104453.968731,1465104458.970241,1465104459.060000
6,1465104453.315000,1465104453.975321,1465104458.976547,1465104459.066000
7,1465104453.315000,1465104454.035721,1465104459.037303,1465104459.123000
8,1465104453.315000,1465104454.052627,1465104459.053983,1465104459.134000
9,1465104453.316000,1465104454.027802,1465104459.029100,1465104459.114000
10,1465104453.316000,1465104453.982326,1465104458.983928,1465104459.063000
11,1465104453.316000,1465104453.960998,1465104458.975480,1465104459.071000
12,1465104453.316000,1465104454.008988,1465104459.010234,1465104459.084000
13,1465104453.316000,1465104454.022872,1465104459.024090,1465104459.104000
14,1465104453.316000,1465104454.002027,1465104459.003237,1465104459.083000
15,1465104453.316000,1465104453.949272,1465104458.951034,1465104459.032000
16,1465104453.316000,1465104454.039924,1465104459.041110,1465104459.138000
17,1465104453.316000,1465104454.034828,1465104459.036736,1465104459.117000
18,1465104453.316000,1465104454.022386,1465104459.024511,1465104459.096000
19,1465104453.316000,1465104454.266750,1465104459.267885,1465104459.365000
20,1465104453.316000,1465104453.978474,1465104458.979734,1465104459.059000
21,1465104453.316000,1465104453.969363,1465104458.970639,1465104459.051000
22,1465104453.316000,1465104454.012932,1465104459.025473,1465104459.104000
23,1465104453.316000,1465104453.970792,1465104458.972005,1465104459.058000
24,1465104453.316000,1465104453.928301,1465104458.929781,1465104459.007000
25,1465104453.316000,1465104453.999145,1465104459.000470,1465104459.081000
26,1465104453.317000,1465104453.948022,1465104458.949299,1465104459.026000
27,1465104453.318000,1465104454.056096,1465104459.057682,1465104459.135000
28,1465104453.318000,1465104454.023876,1465104459.025476,1465104459.111000
29,1465104453.319000,1465104453.990714,1465104458.992050,1465104459.068000
30,1465104453.319000,1465104453.978517,1465104458.979744,1465104459.041000
31,1465104453.319000,1465104453.962392,1465104458.963914,1465104459.025000
32,1465104453.319000,1465104453.938818,1465104458.940440,1465104459.021000
33,1465104453.319000,1465104454.008103,1465104459.009542,1465104459.098000
34,1465104453.320000,1465104454.019367,1465104459.020642,1465104459.101000
35,1465104453.319000,1465104453.938211,1465104458.939691,1465104459.018000
36,1465104453.320000,1465104454.021862,1465104459.023689,1465104459.096000
37,1465104453.320000,1465104454.068727,1465104459.069946,1465104459.148000
38,1465104453.321000,1465104453.910260,1465104458.918104,1465104459.007000
39,1465104453.322000,1465104453.935303,1465104458.937132,1465104459.038000
40,1465104453.322000,1465104454.331554,1465104459.333211,1465104459.412000
41,1465104453.322000,1465104453.943023,1465104458.944514,1465104459.032000
42,1465104453.322000,1465104455.848035,1465104460.849249,1465104460.935000
43,1465104453.322000,1465104454.383079,1465104459.384300,1465104459.465000
44,1465104453.322000,1465104454.048353,1465104459.049885,1465104459.136000
45,1465104453.322000,1465104455.821973,1465104460.831825,1465104460.917000
46,1465104453.322000,1465104453.958653,1465104458.959965,1465104459.040000
47,1465104453.323000,1465104454.020013,1465104459.021375,1465104459.097000
48,1465104453.323000,0.000000,0.000000,0.000000
49,1465104453.323000,1465104453.962023,1465104458.963578,1465104459.044000
50,1465104453.323000,1465104453.958017,1465104458.959269,1465104459.039000
51,1465104453.323000,1465104454.048763,1465104459.050020,1465104459.130000
52,1465104453.323000,1465104454.048821,1465104459.050023,1465104459.125000
53,1465104453.323000,1465104454.316741,1465104459.317939,1465104459.401000
54,1465104453.323000,1465104454.030236,1465104459.031481,1465104459.118000
55,1465104453.323000,1465104453.999415,1465104459.014282,1465104459.104000
56,1465104453.327000,1465104453.929349,1465104458.930788,1465104459.016000
57,1465104453.327000,1465104453.981742,1465104458.982908,1465104459.068000
58,1465104453.328000,1465104455.839818,1465104460.841196,1465104460.916000
59,1465104453.328000,1465104453.980348,1465104458.981816,1465104459.080000
60,1465104453.329000,1465104455.842823,1465104460.844406,1465104460.930000
61,1465104453.330000,1465104455.850531,1465104460.851839,1465104460.937000
62,1465104453.330000,1465104454.060161,1465104459.065271,1465104459.138000
63,1465104453.330000,1465104454.095469,1465104459.112813,1465104459.198000
64,1465104453.330000,1465104453.963836,1465104458.977633,1465104459.053000
65,1465104453.330000,1465104454.031887,1465104459.033176,1465104459.120000
66,1465104453.330000,1465104454.307332,1465104459.308698,1465104459.388000
67,1465104453.330000,1465104454.073672,1465104459.075383,1465104459.146000
68,1465104453.330000,1465104454.033747,1465104459.037595,1465104459.119000
69,1465104453.330000,1465104453.984576,1465104458.985811,1465104459.056000
70,1465104453.330000,1465104454.031644,1465104459.033168,1465104459.108000
71,1465104453.330000,1465104454.012836,1465104459.026149,1465104459.104000
72,1465104453.330000,1465104454.043776,1465104459.044988,1465104459.123000
73,1465104453.330000,1465104454.319370,1465104459.321268,1465104459.382000
74,1465104453.330000,1465104454.025019,1465104459.026278,1465104459.097000
75,1465104453.330000,1465104454.005332,1465104459.006795,1465104459.081000
76,1465104453.330000,1465104453.933666,1465104458.934848,1465104459.021000
77,1465104453.331000,1465104453.953101,1465104458.954866,1465104459.034000
78,1465104453.331000,1465104454.058979,1465104459.060834,1465104459.138000
79,1465104453.331000,1465104454.291277,1465104459.293086,1465104459.372000
80,1465104453.331000,1465104454.283137,1465104459.284287,1465104459.355000
81,1465104453.331000,1465104454.262766,1465104459.263949,1465104459.341000
82,1465104453.331000,1465104454.336562,1465104459.337903,1465104459.419000
83,1465104453.331000,1465104454.309174,1465104459.310381,1465104459.390000
84,1465104453.331000,1465104454.001582,1465104459.002952,1465104459.082000
85,1465104453.331000,1465104454.340100,1465104459.341464,1465104459.427000
86,1465104453.331000,1465104454.010778,1465104459.012108,1465104459.093000
87,1465104453.331000,1465104454.073952,1465104459.075187,1465104459.159000
88,1465104453.331000,1465104453.986299,1465104458.991103,1465104459.077000
89,1465104453.331000,1465104454.391579,1465104459.392818,1465104459.471000
90,1465104453.331000,1465104454.025220,1465104459.026437,1465104459.114000
91,1465104453.331000,1465104455.873119,1465104460.880512,1465104460.956000
92,1465104453.331000,0.000000,0.000000,0.000000
93,1465104453.331000,1465104454.317558,1465104459.319321,1465104459.400000
94,1465104453.331000,1465104454.301472,1465104459.302663,1465104459.383000
95,1465104453.331000,1465104454.339798,1465104459.341403,1465104459.420000
96,1465104453.331000,1465104455.853000,1465104460.854162,1465104460.940000
97,1465104453.331000,1465104454.053630,1465104459.055212,1465104459.153000
98,1465104453.332000,1465104454.085175,1465104459.086786,1465104459.169000
99,1465104453.332000,1465104454.300439,1465104459.301682,1465104459.387000
100,1465104453.332000,1465104454.311298,1465104459.312442,1465104459.389000
101,1465104453.332000,1465104454.336115,1465104459.337434,1465104459.398000
102,1465104453.332000,1465104455.876139,1465104460.877862,1465104460.959000
103,1465104453.332000,1465104454.003429,1465104459.004628,1465104459.075000
104,1465104453.332000,0.000000,0.000000,0.000000
105,1465104453.332000,1465104454.002089,1465104459.003702,1465104459.065000
106,1465104453.332000,1465104453.968868,1465104458.970805,1465104459.045000
107,1465104453.332000,1465104454.047595,1465104459.048991,1465104459.132000
108,1465104453.332000,1465104454.001133,1465104459.002659,1465104459.084000
109,1465104453.332000,1465104454.043649,1465104459.044934,1465104459.118000
110,1465104453.332000,1465104454.329226,1465104459.330433,1465104459.418000
111,1465104453.334000,1465104454.078524,1465104459.080055,1465104459.155000
112,1465104453.335000,1465104454.290984,1465104459.292261,1465104459.390000
113,1465104453.341000,1465104454.037010,1465104459.038437,1465104459.114000
114,1465104453.340000,1465104454.012803,1465104459.014145,1465104459.099000
115,1465104453.340000,1465104454.370022,1465104459.371378,1465104459.442000
116,1465104453.343000,1465104454.315442,1465104459.317432,1465104459.406000
117,1465104453.343000,1465104454.277190,1465104459.278426,1465104459.360000
118,1465104453.343000,1465104454.035435,1465104459.041223,1465104459.103000
119,1465104453.343000,1465104454.056789,1465104459.058307,1465104459.139000
120,1465104453.343000,1465104454.298330,1465104459.311106,1465104459.397000
121,1465104453.343000,1465104454.337854,1465104459.339052,1465104459.401000
122,1465104453.343000,1465104454.331312,1465104459.332620,1465104459.411000
123,1465104453.343000,1465104454.262281,1465104459.263471,1465104459.353000
124,1465104453.343000,1465104454.295237,1465104459.297313,1465104459.372000
125,1465104453.343000,1465104454.052537,1465104459.063661,1465104459.142000
126,1465104453.343000,1465104454.041065,1465104459.054179,1465104459.143000
127,1465104453.343000,1465104454.332843,1465104459.334168,1465104459.406000
128,1465104453.343000,1465104454.317354,1465104459.318927,1465104459.408000
129,1465104453.344000,1465104454.298814,1465104459.310965,1465104459.396000
130,1465104453.344000,1465104454.350977,1465104459.352151,1465104459.414000
131,1465104453.344000,1465104454.305640,1465104459.307128,1465104459.379000
132,1465104453.344000,1465104454.341419,1465104459.343115,1465104459.420000
133,1465104453.344000,1465104454.027503,1465104459.028643,1465104459.125000
134,1465104453.345000,1465104454.343348,1465104459.344664,1465104459.425000
135,1465104453.344000,1465104454.328348,1465104459.330064,1465104459.409000
136,1465104453.345000,1465104454.078434,1465104459.079647,1465104459.152000
137,1465104453.346000,1465104454.071104,1465104459.072244,1465104459.145000
138,1465104453.346000,1465104454.272005,1465104459.273542,1465104459.361000
139,1465104453.346000,1465104454.275303,1465104459.276591,1465104459.366000
140,1465104453.346000,1465104454.351501,1465104459.352722,1465104459.423000
141,1465104453.346000,1465104454.033902,1465104459.035166,1465104459.121000
142,1465104453.346000,1465104454.017587,1465104459.030271,1465104459.110000
143,1465104453.346000,1465104454.305319,1465104459.307382,1465104459.379000
144,1465104453.346000,1465104454.072557,1465104459.073927,1465104459.175000
145,1465104453.346000,1465104454.066967,1465104459.068099,1465104459.145000
146,1465104453.346000,1465104454.049797,1465104459.051141,1465104459.140000
147,1465104453.346000,1465104454.296089,1465104459.297341,1465104459.383000
148,1465104453.346000,1465104454.366501,1465104459.367755,1465104459.452000
149,1465104453.347000,1465104455.846099,1465104460.847720,1465104460.933000
150,1465104453.347000,1465104454.342019,1465104459.343252,1465104459.417000
151,1465104453.348000,1465104454.003508,1465104459.011538,1465104459.098000
152,1465104453.348000,1465104454.342399,1465104459.343610,1465104459.429000
153,1465104453.348000,1465104454.006443,1465104459.007958,1465104459.096000
154,1465104453.348000,1465104454.297929,1465104459.299116,1465104459.372000
155,1465104453.348000,1465104454.272935,1465104459.274181,1465104459.354000
156,1465104453.348000,1465104454.305830,1465104459.307018,1465104459.387000
157,1465104453.348000,1465104454.350899,1465104459.352153,1465104459.432000
158,1465104453.348000,1465104454.327812,1465104459.330617,1465104459.411000
159,1465104453.349000,1465104454.273162,1465104459.274393,1465104459.354000
160,1465104453.349000,1465104454.055406,1465104459.062320,1465104459.139000
161,1465104453.349000,1465104454.023445,1465104459.025224,1465104459.101000
162,1465104453.349000,1465104453.986736,1465104458.987940,1465104459.086000
163,1465104453.349000,1465104454.286683,1465104459.288081,1465104459.373000
164,1465104453.350000,0.000000,0.000000,0.000000
165,1465104453.350000,1465104453.997544,1465104458.998788,1465104459.096000
166,1465104453.350000,1465104454.022179,1465104459.024036,1465104459.098000
167,1465104453.351000,1465104454.064458,1465104459.066052,1465104459.145000
168,1465104453.351000,1465104454.323822,1465104459.325241,1465104459.404000
169,1465104453.351000,1465104454.063015,1465104459.065296,1465104459.152000
170,1465104453.351000,1465104454.024925,1465104459.026228,1465104459.105000
171,1465104453.351000,1465104454.280828,1465104459.282190,1465104459.362000
172,1465104453.351000,1465104454.061926,1465104459.063401,1465104459.152000
173,1465104453.351000,1465104454.035334,1465104459.038364,1465104459.120000
174,1465104453.351000,1465104454.018193,1465104459.019828,1465104459.100000
175,1465104453.351000,1465104455.847408,1465104460.848877,1465104460.935000
176,1465104453.351000,1465104454.034662,1465104459.035981,1465104459.114000
177,1465104453.351000,1465104454.063291,1465104459.064595,1465104459.153000
178,1465104453.351000,1465104454.055431,1465104459.057445,1465104459.135000
179,1465104453.351000,1465104454.287739,1465104459.289196,1465104459.365000
180,1465104453.351000,1465104454.349089,1465104459.350314,1465104459.435000
181,1465104453.351000,1465104454.367552,1465104459.380616,1465104459.456000
182,1465104453.351000,1465104454.294379,1465104459.295758,1465104459.369000
183,1465104453.351000,1465104454.016017,1465104459.017660,1465104459.097000
184,1465104453.351000,1465104454.303162,1465104459.305135,1465104459.391000
185,1465104453.351000,1465104454.355134,1465104459.356295,1465104459.428000
186,1465104453.351000,1465104454.033734,1465104459.034925,1465104459.110000
187,1465104453.351000,1465104454.351714,1465104459.352967,1465104459.439000
188,1465104453.351000,1465104454.060176,1465104459.061701,1465104459.136000
189,1465104453.351000,1465104454.290681,1465104459.291987,1465104459.373000
190,1465104453.351000,1465104455.875139,1465104460.876729,1465104460.946000
191,1465104453.351000,1465104454.287374,1465104459.288704,1465104459.368000
192,1465104453.351000,1465104454.269146,1465104459.270386,1465104459.350000
193,1465104453.351000,1465104454.038750,1465104459.039899,1465104459.136000
194,1465104453.352000,1465104454.294257,1465104459.295559,1465104459.385000
195,1465104453.352000,1465104454.335515,1465104459.336744,1465104459.416000
196,1465104453.352000,1465104454.303787,1465104459.304960,1465104459.393000
197,1465104453.352000,1465104455.860187,1465104460.861495,1465104460.950000
198,1465104453.352000,1465104454.058623,1465104459.059872,1465104459.144000
199,1465104453.352000,1465104454.012337,1465104459.013634,1465104459.093000
200,1465104453.352000,1465104455.845360,1465104460.847001,1465104460.949000
201,1465104453.352000,1465104454.090004,1465104459.091364,1465104459.169000
202,1465104453.352000,1465104454.329076,1465104459.330701,1465104459.410000
203,1465104453.352000,1465104454.002574,1465104459.004230,1465104459.065000
204,1465104453.352000,1465104454.314592,1465104459.315793,1465104459.394000
205,1465104453.352000,1465104454.310780,1465104459.311993,1465104459.384000
206,1465104453.352000,1465104454.054522,1465104459.071436,1465104459.155000
207,1465104453.352000,1465104454.019461,1465104459.020704,1465104459.118000
208,1465104453.352000,1465104454.331715,1465104459.332968,1465104459.420000
209,1465104453.352000,1465104454.050040,1465104459.051337,1465104459.132000
210,1465104453.352000,1465104454.060905,1465104459.070507,1465104459.151000
211,1465104453.352000,1465104455.869105,1465104460.870367,1465104460.959000
212,1465104453.352000,1465104455.846597,1465104460.847947,1465104460.934000
213,1465104453.352000,1465104454.066852,1465104459.068092,1465104459.164000
214,1465104453.352000,1465104455.843129,1465104460.844444,1465104460.929000
215,1465104453.352000,1465104454.035309,1465104459.036640,1465104459.138000
216,1465104453.352000,1465104454.319704,1465104459.321268,1465104459.383000
217,1465104453.352000,1465104455.843431,1465104460.858251,1465104460.948000
218,1465104453.352000,1465104454.307839,1465104459.309125,1465104459.387000
219,1465104453.352000,1465104454.016104,1465104459.017607,1465104459.090000
220,1465104453.352000,1465104454.008005,1465104459.009273,1465104459.090000
221,1465104453.352000,0.000000,0.000000,0.000000
222,1465104453.352000,1465104453.954526,1465104458.955739,1465104459.035000
223,1465104453.352000,1465104454.280185,1465104459.281646,1465104459.357000
224,1465104453.352000,1465104454.065649,1465104459.066925,1465104459.141000
225,1465104453.352000,1465104454.081519,1465104459.082860,1465104459.154000
226,1465104453.352000,1465104454.303532,1465104459.305066,1465104459.391000
227,1465104453.352000,1465104454.252968,1465104459.254145,1465104459.340000
228,1465104453.353000,0.000000,0.000000,0.000000
229,1465104453.353000,1465104454.316821,1465104459.318180,1465104459.392000
230,1465104453.353000,1465104454.371249,1465104459.372456,1465104459.443000
231,1465104453.353000,1465104454.295635,1465104459.296893,1465104459.376000
232,1465104453.353000,1465104454.367360,1465104459.369481,1465104459.449000
233,1465104453.353000,1465104454.080574,1465104459.091584,1465104459.175000
234,1465104453.353000,1465104454.051049,1465104459.052272,1465104459.138000
235,1465104453.353000,1465104454.313438,1465104459.314770,1465104459.389000
236,1465104453.353000,1465104454.041604,1465104459.043078,1465104459.145000
237,1465104453.353000,1465104455.861163,1465104460.862439,1465104460.948000
238,1465104453.353000,1465104454.291139,1465104459.292373,1465104459.363000
239,1465104453.353000,1465104454.350843,1465104459.352252,1465104459.427000
240,1465104453.353000,1465104454.066779,1465104459.068072,1465104459.141000
241,1465104453.353000,1465104454.353533,1465104459.354775,1465104459.425000
242,1465104453.353000,1465104453.984003,1465104458.985731,1465104459.071000
243,1465104453.353000,1465104454.340937,1465104459.343232,1465104459.420000
244,1465104453.353000,1465104454.069806,1465104459.071567,1465104459.157000
245,1465104453.353000,1465104454.294520,1465104459.295752,1465104459.383000
246,1465104453.353000,1465104454.348515,1465104459.349800,1465104459.429000
247,1465104453.353000,1465104454.022616,1465104459.023913,1465104459.121000
248,1465104453.353000,1465104453.992226,1465104458.993463,1465104459.074000
249,1465104453.353000,1465104454.267013,1465104459.268327,1465104459.342000
250,1465104453.353000,1465104454.316608,1465104459.319013,1465104459.408000
251,1465104453.353000,1465104454.295506,1465104459.296746,1465104459.374000
252,1465104453.353000,1465104454.071620,1465104459.073172,1465104459.155000
253,1465104453.353000,1465104454.307359,1465104459.308724,1465104459.389000
254,1465104453.353000,1465104454.014336,1465104459.015534,1465104459.096000
255,1465104453.353000,1465104454.087378,1465104459.088613,1465104459.174000
256,1465104453.353000,1465104454.367509,1465104459.368811,1465104459.440000
257,1465104453.353000,1465104454.074192,1465104459.085548,1465104459.158000
258,1465104453.353000,1465104454.280775,1465104459.282236,1465104459.371000
259,1465104453.354000,1465104454.080690,1465104459.081890,1465104459.167000
260,1465104453.354000,0.000000,0.000000,0.000000
261,1465104453.354000,1465104454.348995,1465104459.350262,1465104459.428000
262,1465104453.354000,1465104454.016127,1465104459.017312,1465104459.115000
263,1465104453.354000,1465104454.290551,1465104459.292220,1465104459.371000
264,1465104453.354000,1465104454.366852,1465104459.368067,1465104459.441000
265,1465104453.354000,1465104454.350303,1465104459.362123,1465104459.439000
266,1465104453.354000,1465104454.286862,1465104459.288136,1465104459.367000
267,1465104453.354000,0.000000,0.000000,0.000000
268,1465104453.354000,1465104454.330336,1465104459.331532,1465104459.421000
269,1465104453.354000,1465104455.839407,1465104460.840880,1465104460.930000
270,1465104453.354000,1465104454.332993,1465104459.334343,1465104459.408000
271,1465104453.354000,1465104454.009378,1465104459.010620,1465104459.096000
272,1465104453.354000,1465104454.299922,1465104459.301190,1465104459.382000
273,1465104453.354000,1465104454.355321,1465104459.356470,1465104459.434000
274,1465104453.354000,1465104454.355235,1465104459.356508,1465104459.435000
275,1465104453.354000,1465104454.043771,1465104459.045332,1465104459.132000
276,1465104453.354000,1465104454.067259,1465104459.068909,1465104459.154000
277,1465104453.356000,1465104454.015999,1465104459.017242,1465104459.106000
278,1465104453.356000,1465104454.308949,1465104459.310187,1465104459.395000
279,1465104453.356000,1465104454.070611,1465104459.073227,1465104459.155000
280,1465104453.358000,1465104454.277949,1465104459.279236,1465104459.358000
281,1465104453.364000,1465104454.312643,1465104459.313785,1465104459.385000
282,1465104453.376000,1465104454.099982,1465104459.101159,1465104459.176000
283,1465104453.381000,1465104455.857510,1465104460.859028,1465104460.947000
284,1465104453.381000,1465104454.024793,1465104459.025958,1465104459.124000
285,1465104453.381000,1465104454.323280,1465104459.324535,1465104459.405000
286,1465104453.381000,1465104454.059033,1465104459.060735,1465104459.133000
287,1465104453.381000,1465104454.016630,1465104459.017792,1465104459.114000
288,1465104453.381000,1465104453.987699,1465104458.989168,1465104459.077000
289,1465104453.381000,1465104454.278796,1465104459.279982,1465104459.365000
290,1465104453.381000,1465104454.333752,1465104459.335069,1465104459.420000
291,1465104453.381000,1465104454.307103,1465104459.308443,1465104459.380000
292,1465104453.381000,1465104454.035487,1465104459.036691,1465104459.124000
293,1465104453.381000,1465104454.270492,1465104459.271734,1465104459.354000
294,1465104453.381000,1465104455.864927,1465104460.866159,1465104460.951000
295,1465104453.381000,1465104454.020156,1465104459.021409,1465104459.104000
296,1465104453.382000,1465104454.057076,1465104459.058333,1465104459.134000
297,1465104453.382000,1465104455.866187,1465104460.867532,1465104460.946000
298,1465104453.383000,1465104454.333349,1465104459.334592,1465104459.415000
299,1465104453.383000,1465104454.327715,1465104459.328983,1465104459.408000
300,1465104453.383000,1465104454.086260,1465104459.087511,1465104459.170000
301,1465104453.383000,1465104454.042044,1465104459.043880,1465104459.131000
302,1465104453.383000,1465104454.009492,1465104459.010669,1465104459.096000
303,1465104453.383000,1465104454.351353,1465104459.352569,1465104459.429000
304,1465104453.383000,1465104454.271659,1465104459.273605,1465104459.361000
305,1465104453.383000,1465104454.015164,1465104459.016387,1465104459.101000
306,1465104453.383000,1465104454.059604,1465104459.060899,1465104459.146000
307,1465104453.384000,1465104454.333138,1465104459.347152,1465104459.428000
308,1465104453.384000,1465104454.073182,1465104459.074409,1465104459.163000
309,1465104453.384000,1465104454.366506,1465104459.367814,1465104459.453000
310,1465104453.384000,1465104454.093210,1465104459.094594,1465104459.169000
311,1465104453.384000,1465104454.072502,1465104459.073749,1465104459.158000
312,1465104453.384000,1465104454.059344,1465104459.060652,1465104459.157000
313,1465104453.384000,1465104454.022341,1465104459.023666,1465104459.125000
314,1465104453.384000,1465104454.371094,1465104459.372320,1465104459.449000
315,1465104453.384000,1465104454.108369,1465104459.125306,1465104459.203000
316,1465104453.385000,1465104454.053295,1465104459.054631,1465104459.151000
317,1465104453.385000,1465104454.323437,1465104459.330041,1465104459.411000
318,1465104453.385000,1465104454.024245,1465104459.025389,1465104459.121000
319,1465104453.385000,1465104454.387153,1465104459.388397,1465104459.467000
320,1465104453.385000,1465104454.365454,1465104459.366666,1465104459.456000
321,1465104453.385000,1465104454.030282,1465104459.031531,1465104459.129000
322,1465104453.385000,1465104454.306952,1465104459.308165,1465104459.389000
323,1465104453.386000,1465104454.015375,1465104459.023690,1465104459.102000
324,1465104453.386000,1465104453.986798,1465104458.987982,1465104459.073000
325,1465104453.386000,1465104454.343622,1465104459.344900,1465104459.426000
326,1465104453.386000,1465104454.013254,1465104459.014721,1465104459.096000
327,1465104453.386000,1465104454.318558,1465104459.319947,1465104459.401000
328,1465104453.386000,0.000000,0.000000,0.000000
329,1465104453.386000,1465104454.063767,1465104459.065233,1465104459.151000
330,1465104453.386000,1465104454.054108,1465104459.057084,1465104459.134000
331,1465104453.386000,1465104454.271018,1465104459.272180,1465104459.350000
332,1465104453.386000,1465104454.023558,1465104459.034388,1465104459.114000
333,1465104453.387000,1465104454.080284,1465104459.081563,1465104459.164000
334,1465104453.388000,1465104454.060922,1465104459.062139,1465104459.141000
335,1465104453.388000,1465104454.040503,1465104459.041658,1465104459.130000
336,1465104453.388000,1465104454.058697,1465104459.060162,1465104459.139000
337,1465104453.388000,1465104454.318117,1465104459.320100,1465104459.400000
338,1465104453.388000,1465104454.082010,1465104459.097210,1465104459.173000
339,1465104453.388000,1465104454.315356,1465104459.316574,1465104459.394000
340,1465104453.388000,1465104454.042934,1465104459.044242,1465104459.123000
341,1465104453.388000,1465104454.349515,1465104459.357428,1465104459.433000
342,1465104453.388000,1465104454.001569,1465104459.003138,1465104459.083000
343,1465104453.389000,1465104454.055210,1465104459.056414,1465104459.135000
344,1465104453.389000,1465104454.062016,1465104459.063222,1465104459.136000
345,1465104453.389000,1465104454.287043,1465104459.288267,1465104459.377000
346,1465104453.389000,1465104454.072993,1465104459.074878,1465104459.152000
347,1465104453.389000,1465104454.057308,1465104459.058766,1465104459.136000
348,1465104453.390000,1465104453.993617,1465104458.995027,1465104459.093000
349,1465104453.390000,1465104454.354625,1465104459.355954,1465104459.435000
350,1465104453.390000,1465104454.101761,1465104459.103429,1465104459.184000
351,1465104453.390000,1465104454.109121,1465104459.110672,1465104459.188000
352,1465104453.391000,1465104454.051674,1465104459.052942,1465104459.130000
353,1465104453.391000,1465104454.014458,1465104459.015683,1465104459.112000
354,1465104453.391000,1465104454.101656,1465104459.102803,1465104459.173000
355,1465104453.391000,1465104454.022502,1465104459.023763,1465104459.104000
356,1465104453.391000,1465104454.042548,1465104459.043732,1465104459.114000
357,1465104453.391000,1465104454.328007,1465104459.329438,1465104459.417000
358,1465104453.391000,1465104454.371082,1465104459.372307,1465104459.460000
359,1465104453.391000,1465104454.058747,1465104459.061775,1465104459.134000
360,1465104453.391000,1465104454.001588,1465104459.002761,1465104459.089000
361,1465104453.392000,0.000000,0.000000,0.000000
362,1465104453.392000,1465104454.060765,1465104459.062137,1465104459.158000
363,1465104453.393000,1465104454.344865,1465104459.346042,1465104459.423000
364,1465104453.393000,1465104454.338046,1465104459.339263,1465104459.428000
365,1465104453.393000,1465104454.051767,1465104459.053126,1465104459.132000
366,1465104453.394000,1465104454.076593,1465104459.077965,1465104459.151000
367,1465104453.394000,1465104454.086302,1465104459.088036,1465104459.175000
368,1465104453.394000,1465104454.378398,1465104459.379690,1465104459.458000
369,1465104453.394000,1465104454.323912,1465104459.329009,1465104459.410000
370,1465104453.394000,1465104454.342431,1465104459.346152,1465104459.426000
371,1465104453.394000,1465104454.084432,1465104459.085987,1465104459.168000
372,1465104453.394000,1465104454.025650,1465104459.027004,1465104459.101000
373,1465104453.395000,1465104454.052962,1465104459.054672,1465104459.134000
374,1465104453.395000,1465104454.078086,1465104459.079449,1465104459.159000
375,1465104453.395000,1465104454.071244,1465104459.073843,1465104459.155000
376,1465104453.396000,1465104454.052335,1465104459.053691,1465104459.136000
377,1465104453.396000,1465104454.070182,1465104459.071681,1465104459.147000
378,1465104453.397000,1465104454.070042,1465104459.071525,1465104459.159000
379,1465104453.397000,1465104454.036091,1465104459.038218,1465104459.119000
380,1465104453.397000,1465104454.357524,1465104459.359210,1465104459.438000
381,1465104453.397000,1465104453.987546,1465104458.988857,1465104459.075000
382,1465104453.397000,1465104454.296034,1465104459.297220,1465104459.386000
383,1465104453.398000,1465104454.043021,1465104459.044277,1465104459.131000
384,1465104453.398000,1465104454.364969,1465104459.366317,1465104459.436000
385,1465104453.398000,1465104454.050186,1465104459.051389,1465104459.122000
386,1465104453.398000,1465104454.340911,1465104459.342271,1465104459.417000
387,1465104453.398000,1465104454.056186,1465104459.057511,1465104459.133000
388,1465104453.398000,1465104454.056073,1465104459.057303,1465104459.143000
389,1465104453.398000,1465104454.078525,1465104459.079758,1465104459.150000
390,1465104453.398000,1465104454.082236,1465104459.103328,1465104459.190000
391,1465104453.399000,1465104454.288755,1465104459.290013,1465104459.379000
392,1465104453.399000,1465104454.066018,1465104459.067392,1465104459.147000
393,1465104453.399000,1465104454.067143,1465104459.068324,1465104459.166000
394,1465104453.399000,1465104454.106333,1465104459.107499,1465104459.178000
395,1465104453.399000,1465104454.062787,1465104459.064028,1465104459.144000
396,1465104453.399000,1465104454.088180,1465104459.090629,1465104459.160000
397,1465104453.399000,1465104454.012798,1465104459.026139,1465104459.106000
398,1465104453.400000,1465104454.348628,1465104459.363623,1465104459.442000
399,1465104453.400000,1465104454.060165,1465104459.062120,1465104459.146000
400,1465104453.400000,1465104454.376775,1465104459.377965,1465104459.451000
401,1465104453.400000,1465104454.094067,1465104459.095300,1465104459.181000
402,1465104453.400000,1465104454.072723,1465104459.074407,1465104459.152000
403,1465104453.401000,1465104454.076707,1465104459.077909,1465104459.165000
404,1465104453.401000,1465104454.066383,1465104459.067824,1465104459.170000
405,1465104453.401000,0.000000,0.000000,0.000000
406,1465104453.401000,1465104454.057426,1465104459.058657,1465104459.135000
407,1465104453.401000,1465104454.086008,1465104459.087233,1465104459.160000
408,1465104453.402000,1465104454.049394,1465104459.050977,1465104459.128000
409,1465104453.402000,1465104454.312985,1465104459.314138,1465104459.399000
410,1465104453.402000,1465104454.058349,1465104459.059893,1465104459.145000
411,1465104453.402000,1465104454.348722,1465104459.349920,1465104459.439000
412,1465104453.403000,1465104454.061740,1465104459.063030,1465104459.137000
413,1465104453.403000,1465104454.052892,1465104459.054247,1465104459.151000
414,1465104453.403000,1465104454.079654,1465104459.091546,1465104459.178000
415,1465104453.403000,1465104454.385578,1465104459.386825,1465104459.456000
416,1465104453.403000,1465104454.348630,1465104459.350817,1465104459.426000
417,1465104453.403000,1465104454.375123,1465104459.376322,1465104459.464000
418,1465104453.403000,1465104454.078954,1465104459.080254,1465104459.160000
419,1465104453.403000,1465104454.311915,1465104459.313221,1465104459.392000
420,1465104453.403000,1465104454.063907,1465104459.065184,1465104459.154000
421,1465104453.404000,1465104454.292294,1465104459.293535,1465104459.395000
422,1465104453.404000,1465104454.091214,1465104459.092615,1465104459.182000
423,1465104453.404000,1465104454.064638,1465104459.065868,1465104459.155000
424,1465104453.405000,1465104454.020341,1465104459.021728,1465104459.123000
425,1465104453.405000,1465104454.365146,1465104459.366334,1465104459.452000
426,1465104453.405000,1465104454.074699,1465104459.075829,1465104459.172000
427,1465104453.405000,1465104454.064010,1465104459.065494,1465104459.144000
428,1465104453.406000,1465104454.100837,1465104459.102029,1465104459.181000
429,1465104453.406000,1465104454.011148,1465104459.012479,1465104459.101000
430,1465104453.406000,1465104454.046141,1465104459.047304,1465104459.146000
431,1465104453.406000,1465104454.328719,1465104459.330700,1465104459.411000
432,1465104453.406000,1465104454.074041,1465104459.075276,1465104459.160000
433,1465104453.407000,1465104454.086320,1465104459.087863,1465104459.184000
434,1465104453.407000,1465104454.052387,1465104459.053595,1465104459.134000
435,1465104453.407000,1465104454.079058,1465104459.080685,1465104459.159000
436,1465104453.408000,1465104454.011675,1465104459.013070,1465104459.098000
437,1465104453.408000,1465104454.064248,1465104459.065531,1465104459.149000
438,1465104453.408000,1465104454.058468,1465104459.059653,1465104459.149000
439,1465104453.408000,1465104454.108979,1465104459.110659,1465104459.200000
440,1465104453.408000,1465104454.053696,1465104459.054969,1465104459.144000
441,1465104453.408000,1465104454.051501,1465104459.052813,1465104459.130000
442,1465104453.408000,1465104454.051140,1465104459.052703,1465104459.128000
443,1465104453.408000,1465104454.292476,1465104459.293691,1465104459.392000
444,1465104453.409000,1465104454.322015,1465104459.335660,1465104459.424000
445,1465104453.409000,1465104454.024977,1465104459.026654,1465104459.104000
446,1465104453.409000,1465104454.085905,1465104459.087127,1465104459.172000
447,1465104453.409000,1465104454.074310,1465104459.076056,1465104459.148000
448,1465104453.409000,1465104454.334930,1465104459.336184,1465104459.424000
449,1465104453.409000,1465104454.067587,1465104459.068963,1465104459.149000
450,1465104453.410000,1465104454.332939,1465104459.334294,1465104459.424000
451,1465104453.410000,1465104454.067993,1465104459.069426,1465104459.154000
452,1465104453.410000,1465104454.380284,1465104459.381577,1465104459.462000
453,1465104453.410000,1465104454.090491,1465104459.091701,1465104459.153000
454,1465104453.410000,1465104454.045805,1465104459.047158,1465104459.126000
455,1465104453.410000,1465104454.107598,1465104459.109038,1465104459.183000
456,1465104453.411000,1465104454.067082,1465104459.068740,1465104459.155000
457,1465104453.411000,1465104454.112625,1465104459.123822,1465104459.194000
458,1465104453.411000,1465104454.049817,1465104459.051255,1465104459.147000
459,1465104453.411000,1465104454.117876,1465104459.119104,1465104459.192000
460,1465104453.411000,1465104454.086794,1465104459.088207,1465104459.164000
461,1465104453.412000,1465104454.025773,1465104459.027308,1465104459.104000
462,1465104453.412000,1465104454.055880,1465104459.057112,1465104459.142000
463,1465104453.412000,1465104454.321516,1465104459.329665,1465104459.411000
464,1465104453.412000,1465104454.352485,1465104459.353685,1465104459.434000
465,1465104453.413000,1465104454.068958,1465104459.070482,1465104459.172000
466,1465104453.413000,1465104454.044795,1465104459.046051,1465104459.119000
467,1465104453.413000,1465104454.085422,1465104459.086683,1465104459.166000
468,1465104453.413000,1465104454.050584,1465104459.051869,1465104459.126000
469,1465104453.413000,1465104454.367660,1465104459.374190,1465104459.453000
470,1465104453.413000,1465104454.085187,1465104459.086415,1465104459.174000
471,1465104453.413000,1465104454.317368,1465104459.318730,1465104459.389000
472,1465104453.414000,1465104454.102524,1465104459.113877,1465104459.193000
473,1465104453.414000,1465104454.327810,1465104459.329155,1465104459.403000
474,1465104453.414000,1465104454.102811,1465104459.104298,1465104459.184000
475,1465104453.414000,1465104454.042649,1465104459.044039,1465104459.145000
476,1465104453.414000,1465104454.104439,1465104459.105770,1465104459.189000
477,1465104453.414000,1465104454.094779,1465104459.096017,1465104459.183000
478,1465104453.414000,1465104454.056258,1465104459.057550,1465104459.154000
479,1465104453.415000,1465104454.082205,1465104459.083636,1465104459.171000
480,1465104453.415000,0.000000,0.000000,0.000000
481,1465104453.415000,1465104454.086574,1465104459.087881,1465104459.171000
482,1465104453.415000,1465104454.366148,1465104459.367442,1465104459.438000
483,1465104453.415000,1465104454.336361,1465104459.337705,1465104459.426000
484,1465104453.416000,1465104454.059334,1465104459.074930,1465104459.152000
485,1465104453.417000,1465104454.034130,1465104459.035392,1465104459.131000
486,1465104453.417000,1465104454.053883,1465104459.055122,1465104459.135000
487,1465104453.417000,1465104454.066414,1465104459.067581,1465104459.153000
488,1465104453.417000,1465104454.077309,1465104459.078527,1465104459.149000
489,1465104453.417000,1465104454.070512,1465104459.072049,1465104459.156000
490,1465104453.417000,1465104454.097284,1465104459.098740,1465104459.179000
491,1465104453.417000,1465104454.040820,1465104459.042043,1465104459.127000
492,1465104453.417000,1465104454.055754,1465104459.057081,1465104459.136000
493,1465104453.417000,1465104454.371474,1465104459.372706,1465104459.451000
494,1465104453.417000,1465104454.061254,1465104459.062534,1465104459.143000
495,1465104453.417000,1465104454.217611,1465104459.218880,1465104459.297000
496,1465104453.417000,1465104454.089806,1465104459.091125,1465104459.171000
497,1465104453.417000,1465104454.027753,1465104459.029138,1465104459.116000
498,1465104453.417000,1465104454.111520,1465104459.112740,1465104459.191000
499,1465104453.418000,1465104454.059590,1465104459.060844,1465104459.122000
500,1465104453.418000,1465104454.052084,1465104459.053874,1465104459.133000
501,1465104453.418000,1465104454.334944,1465104459.336101,1465104459.413000
502,1465104453.418000,1465104454.087329,1465104459.090004,1465104459.160000
503,1465104453.418000,1465104454.157139,1465104459.158377,1465104459.255000
504,1465104453.418000,1465104454.074479,1465104459.075776,1465104459.157000
505,1465104453.418000,1465104454.095121,1465104459.096428,1465104459.173000
506,1465104453.418000,1465104454.233297,1465104459.234488,1465104459.295000
507,1465104453.418000,1465104454.074361,1465104459.075657,1465104459.155000
508,1465104453.418000,1465104454.097421,1465104459.098665,1465104459.173000
509,1465104453.418000,1465104454.071469,1465104459.072845,1465104459.150000
510,1465104453.418000,1465104454.071506,1465104459.073100,1465104459.174000
511,1465104453.419000,1465104454.162558,1465104459.163800,1465104459.243000
512,1465104453.418000,1465104454.176734,1465104459.178031,1465104459.264000
513,1465104453.418000,1465104454.096315,1465104459.097616,1465104459.179000
514,1465104453.418000,1465104454.162748,1465104459.163972,1465104459.239000
515,1465104453.418000,1465104454.180618,1465104459.183819,1465104459.263000
516,1465104453.418000,1465104454.180198,1465104459.181421,1465104459.259000
517,1465104453.418000,1465104454.055281,1465104459.056633,1465104459.134000
518,1465104453.418000,1465104454.086589,1465104459.091557,1465104459.178000
519,1465104453.418000,1465104454.187965,1465104459.189543,1465104459.269000
520,1465104453.418000,1465104454.057346,1465104459.058596,1465104459.160000
521,1465104453.419000,1465104454.096807,1465104459.098206,1465104459.187000
522,1465104453.419000,1465104454.246826,1465104459.248306,1465104459.328000
523,1465104453.419000,1465104454.146465,1465104459.148003,1465104459.237000
524,1465104453.419000,1465104454.487746,1465104459.489014,1465104459.559000
525,1465104453.419000,1465104454.080200,1465104459.081391,1465104459.157000
526,1465104453.419000,1465104454.113803,1465104459.115105,1465104459.202000
527,1465104453.419000,1465104454.205354,1465104459.206583,1465104459.287000
528,1465104453.419000,1465104454.054091,1465104459.056393,1465104459.140000
529,1465104453.419000,1465104454.095410,1465104459.096643,1465104459.183000
530,1465104453.419000,1465104454.156612,1465104459.157831,1465104459.243000
531,1465104453.419000,1465104454.239789,1465104459.240989,1465104459.325000
532,1465104453.419000,1465104454.235957,1465104459.237458,1465104459.318000
533,1465104453.419000,1465104454.210559,1465104459.212017,1465104459.284000
534,1465104453.419000,1465104454.144974,1465104459.146257,1465104459.236000
535,1465104453.419000,1465104454.090907,1465104459.092154,1465104459.172000
536,1465104453.419000,1465104454.172444,1465104459.173679,1465104459.263000
537,1465104453.419000,1465104454.093073,1465104459.094299,1465104459.192000
538,1465104453.419000,1465104454.181628,1465104459.182854,1465104459.272000
539,1465104453.419000,1465104454.037945,1465104459.039244,1465104459.124000
540,1465104453.419000,1465104454.223825,1465104459.225230,1465104459.303000
541,1465104453.419000,1465104454.096633,1465104459.097854,1465104459.177000
542,1465104453.419000,1465104454.165205,1465104459.174312,1465104459.254000
543,1465104453.419000,1465104454.137992,1465104459.139289,1465104459.217000
544,1465104453.419000,1465104454.121850,1465104459.123030,1465104459.184000
545,1465104453.420000,1465104454.193694,1465104459.194981,1465104459.283000
546,1465104453.420000,1465104454.051822,1465104459.053323,1465104459.133000
547,1465104453.420000,1465104454.108046,1465104459.114691,1465104459.192000
548,1465104453.420000,1465104454.152315,1465104459.153891,1465104459.233000
549,1465104453.420000,1465104454.335319,1465104459.336847,1465104459.415000
550,1465104453.420000,1465104454.080912,1465104459.082269,1465104459.180000
551,1465104453.420000,1465104454.098112,1465104459.099344,1465104459.170000
552,1465104453.420000,1465104454.103161,1465104459.104612,1465104459.180000
553,1465104453.420000,1465104454.110203,1465104459.111533,1465104459.213000
554,1465104453.420000,1465104454.067834,1465104459.069564,1465104459.155000
555,1465104453.420000,1465104454.075556,1465104459.077162,1465104459.156000
556,1465104453.420000,1465104454.082790,1465104459.084020,1465104459.182000
557,1465104453.420000,1465104454.084054,1465104459.085175,1465104459.181000
558,1465104453.420000,1465104454.085996,1465104459.087132,1465104459.184000
559,1465104453.420000,1465104454.080672,1465104459.082018,1465104459.154000
560,1465104453.420000,1465104454.073596,1465104459.074996,1465104459.155000
561,1465104453.420000,1465104454.097131,1465104459.098321,1465104459.180000
562,1465104453.420000,1465104454.092757,1465104459.094329,1465104459.181000
563,1465104453.420000,1465104454.084002,1465104459.085294,1465104459.165000
564,1465104453.420000,1465104454.098882,1465104459.100057,1465104459.177000
565,1465104453.420000,1465104454.075703,1465104459.076873,1465104459.162000
566,1465104453.420000,1465104454.186959,1465104459.188217,1465104459.274000
567,1465104453.421000,1465104454.077876,1465104459.079246,1465104459.161000
568,1465104453.421000,1465104454.065104,1465104459.066795,1465104459.152000
569,1465104453.421000,1465104454.073401,1465104459.090004,1465104459.160000
570,1465104453.421000,1465104454.080381,1465104459.097815,1465104459.196000
571,1465104453.422000,1465104454.031687,1465104459.032865,1465104459.120000
572,1465104453.421000,1465104454.104079,1465104459.105262,1465104459.192000
573,1465104453.421000,1465104454.007565,1465104459.008740,1465104459.104000
574,1465104453.421000,1465104454.090729,1465104459.092097,1465104459.176000
575,1465104453.421000,1465104454.102303,1465104459.103524,1465104459.189000
576,1465104453.421000,1465104454.066977,1465104459.068190,1465104459.146000
577,1465104453.421000,1465104454.032792,1465104459.034119,1465104459.114000
578,1465104453.421000,1465104454.065834,1465104459.067282,1465104459.152000
579,1465104453.421000,1465104454.079118,1465104459.080361,1465104459.166000
580,1465104453.421000,1465104454.144142,1465104459.145363,1465104459.226000
581,1465104453.421000,1465104454.147996,1465104459.149204,1465104459.236000
582,1465104453.421000,1465104454.079236,1465104459.080624,1465104459.178000
583,1465104453.421000,1465104454.098375,1465104459.099780,1465104459.174000
584,1465104453.421000,1465104454.165865,1465104459.167645,1465104459.247000
585,1465104453.421000,1465104454.112633,1465104459.114125,1465104459.185000
586,1465104453.421000,1465104454.099045,1465104459.100260,1465104459.183000
587,1465104453.421000,1465104454.170594,1465104459.172139,1465104459.247000
588,1465104453.421000,1465104454.200572,1465104459.201901,1465104459.282000
589,1465104453.421000,1465104454.224862,1465104459.226106,1465104459.303000
590,1465104453.421000,1465104454.102491,1465104459.103671,1465104459.201000
591,1465104453.421000,1465104454.098230,1465104459.099816,1465104459.174000
592,1465104453.421000,1465104454.119134,1465104459.120478,1465104459.201000
593,1465104453.422000,1465104454.168477,1465104459.170286,1465104459.245000
594,1465104453.422000,1465104454.100132,1465104459.101419,1465104459.181000
595,1465104453.422000,1465104454.103192,1465104459.105247,1465104459.188000
596,1465104453.422000,1465104454.083556,1465104459.100629,1465104459.176000
597,1465104453.422000,1465104454.186857,1465104459.188366,1465104459.264000
598,1465104453.422000,1465104454.536524,1465104459.537720,1465104459.623000
599,1465104453.422000,1465104454.111935,1465104459.113516,1465104459.187000
600,1465104453.422000,1465104454.101999,1465104459.103363,1465104459.178000
601,1465104453.422000,1465104454.050442,1465104459.052240,1465104459.133000
602,1465104453.422000,1465104454.168219,1465104459.169581,1465104459.250000
603,1465104453.422000,1465104454.058645,1465104459.060065,1465104459.143000
604,1465104453.422000,1465104454.109825,1465104459.112657,1465104459.187000
605,1465104453.422000,1465104454.200379,1465104459.201663,1465104459.282000
606,1465104453.422000,1465104454.242577,1465104459.244034,1465104459.318000
607,1465104453.422000,1465104454.099966,1465104459.101246,1465104459.188000
608,1465104453.422000,1465104454.129595,1465104459.131129,1465104459.212000
609,1465104453.422000,1465104454.209688,1465104459.210919,1465104459.295000
610,1465104453.422000,1465104454.102855,1465104459.104190,1465104459.182000
611,1465104453.422000,1465104454.097121,1465104459.098514,1465104459.183000
612,1465104453.422000,1465104454.089712,1465104459.091121,1465104459.180000
613,1465104453.422000,1465104454.210124,1465104459.211285,1465104459.308000
614,1465104453.422000,1465104454.109857,1465104459.111169,1465104459.184000
615,1465104453.422000,1465104454.245271,1465104459.246635,1465104459.321000
616,1465104453.422000,1465104454.059582,1465104459.061129,1465104459.140000
617,1465104453.422000,1465104454.145550,1465104459.146832,1465104459.219000
618,1465104453.423000,1465104454.083529,1465104459.084698,1465104459.170000
619,1465104453.423000,1465104454.164566,1465104459.165793,1465104459.245000
620,1465104453.423000,1465104454.225644,1465104459.226843,1465104459.297000
621,1465104453.423000,1465104454.044816,1465104459.051384,1465104459.138000
622,1465104453.423000,1465104454.039714,1465104459.040923,1465104459.121000
623,1465104453.423000,1465104454.112729,1465104459.113994,1465104459.199000
624,1465104453.423000,1465104454.055399,1465104459.056776,1465104459.153000
625,1465104453.423000,1465104454.083379,1465104459.084750,1465104459.186000
626,1465104453.423000,1465104454.200190,1465104459.201445,1465104459.287000
627,1465104453.423000,1465104454.092616,1465104459.103809,1465104459.174000
628,1465104453.423000,1465104454.097846,1465104459.099198,1465104459.178000
629,1465104453.423000,1465104454.103483,1465104459.104762,1465104459.179000
630,1465104453.423000,1465104454.195211,1465104459.196604,1465104459.280000
631,1465104453.423000,1465104454.102152,1465104459.103999,1465104459.185000
632,1465104453.423000,1465104454.127504,1465104459.128863,1465104459.198000
633,1465104453.423000,1465104454.103097,1465104459.104303,1465104459.186000
634,1465104453.423000,1465104454.255904,1465104459.257204,1465104459.329000
635,1465104453.423000,1465104454.080788,1465104459.081962,1465104459.154000
636,1465104453.423000,1465104454.171925,1465104459.173268,1465104459.248000
637,1465104453.423000,1465104454.082476,1465104459.084390,1465104459.166000
638,1465104453.423000,1465104454.087568,1465104459.089038,1465104459.159000
639,1465104453.423000,1465104454.084948,1465104459.086176,1465104459.188000
640,1465104453.423000,1465104454.102464,1465104459.117902,1465104459.199000
641,1465104453.423000,1465104454.103388,1465104459.104812,1465104459.185000
642,1465104453.423000,1465104454.094477,1465104459.095890,1465104459.171000
643,1465104453.424000,1465104454.029859,1465104459.031162,1465104459.112000
644,1465104453.424000,1465104454.094729,1465104459.112284,1465104459.197000
645,1465104453.424000,1465104454.114008,1465104459.115548,1465104459.185000
646,1465104453.424000,1465104454.110635,1465104459.114319,1465104459.185000
647,1465104453.424000,1465104454.077992,1465104459.079266,1465104459.160000
648,1465104453.424000,1465104454.100023,1465104459.101283,1465104459.179000
649,1465104453.424000,1465104454.073131,1465104459.074364,1465104459.159000
650,1465104453.424000,1465104454.046791,1465104459.048198,1465104459.130000
651,1465104453.424000,1465104454.061531,1465104459.062968,1465104459.159000
652,1465104453.424000,1465104454.454360,1465104459.455625,1465104459.538000
653,1465104453.424000,1465104454.069023,1465104459.070540,1465104459.143000
654,1465104453.424000,1465104454.100547,1465104459.102072,1465104459.187000
655,1465104453.424000,1465104454.074008,1465104459.075207,1465104459.164000
656,1465104453.424000,1465104454.112834,1465104459.114107,1465104459.202000
657,1465104453.425000,1465104454.199797,1465104459.201079,1465104459.288000
658,1465104453.425000,1465104454.034615,1465104459.035797,1465104459.133000
659,1465104453.425000,1465104454.098013,1465104459.099485,1465104459.197000
660,1465104453.425000,1465104454.015818,1465104459.017006,1465104459.105000
661,1465104453.425000,1465104454.051695,1465104459.054745,1465104459.152000
662,1465104453.425000,1465104454.060877,1465104459.062692,1465104459.146000
663,1465104453.425000,1465104454.085473,1465104459.086685,1465104459.167000
664,1465104453.425000,1465104454.099358,1465104459.100639,1465104459.201000
665,1465104453.425000,1465104454.167171,1465104459.168442,1465104459.254000
666,1465104453.425000,1465104454.099961,1465104459.101448,1465104459.186000
667,1465104453.425000,1465104454.094983,1465104459.112036,1465104459.186000
668,1465104453.425000,1465104454.106136,1465104459.107771,1465104459.185000
669,1465104453.425000,1465104454.060256,1465104459.066912,1465104459.164000
670,1465104453.425000,1465104454.115317,1465104459.116737,1465104459.197000
671,1465104453.425000,1465104454.173414,1465104459.174959,1465104459.250000
672,1465104453.426000,1465104454.116850,1465104459.118089,1465104459.198000
673,1465104453.426000,1465104454.110201,1465104459.123363,1465104459.194000
674,1465104453.426000,1465104454.095917,1465104459.097238,1465104459.176000
675,1465104453.426000,1465104454.088824,1465104459.090006,1465104459.187000
676,1465104453.426000,1465104454.071014,1465104459.072435,1465104459.160000
677,1465104453.426000,1465104454.101181,1465104459.102694,1465104459.188000
678,1465104453.426000,1465104454.133177,1465104459.134442,1465104459.214000
679,1465104453.426000,1465104454.069957,1465104459.071748,1465104459.151000
680,1465104453.426000,1465104454.113606,1465104459.114981,1465104459.194000
681,1465104453.426000,1465104454.134698,1465104459.135958,1465104459.224000
682,1465104453.426000,1465104454.264100,1465104459.266613,1465104459.328000
683,1465104453.426000,1465104454.095253,1465104459.096584,1465104459.176000
684,1465104453.426000,1465104454.187863,1465104459.189675,1465104459.287000
685,1465104453.426000,1465104454.125322,1465104459.126481,1465104459.225000
686,1465104453.426000,1465104454.070301,1465104459.078974,1465104459.158000
687,1465104453.426000,1465104454.118502,1465104459.119706,1465104459.205000
688,1465104453.426000,1465104454.183492,1465104459.184757,1465104459.266000
689,1465104453.426000,1465104454.216662,1465104459.217923,1465104459.305000
690,1465104453.427000,1465104454.222081,1465104459.223399,1465104459.285000
691,1465104453.427000,1465104454.130955,1465104459.132270,1465104459.202000
692,1465104453.427000,1465104454.084631,1465104459.085913,1465104459.183000
693,1465104453.427000,1465104454.166542,1465104459.167741,1465104459.246000
694,1465104453.427000,1465104454.109814,1465104459.111325,1465104459.189000
695,1465104453.427000,1465104454.118906,1465104459.120143,1465104459.205000
696,1465104453.427000,1465104454.183330,1465104459.184921,1465104459.259000
697,1465104453.427000,1465104454.487938,1465104459.489217,1465104459.569000
698,1465104453.427000,1465104454.214418,1465104459.215640,1465104459.288000
699,1465104453.427000,1465104454.153538,1465104459.154774,1465104459.237000
700,1465104453.427000,1465104454.115974,1465104459.117125,1465104459.215000
701,1465104453.427000,1465104454.203129,1465104459.204337,1465104459.286000
702,1465104453.427000,1465104454.146512,1465104459.147813,1465104459.232000
703,1465104453.427000,1465104454.110687,1465104459.111859,1465104459.199000
704,1465104453.427000,1465104454.163956,1465104459.165222,1465104459.267000
705,1465104453.427000,1465104454.100695,1465104459.102288,1465104459.178000
706,1465104453.427000,1465104454.189611,1465104459.190794,1465104459.269000
707,1465104453.427000,1465104454.200526,1465104459.211382,1465104459.299000
708,1465104453.427000,1465104454.104117,1465104459.105324,1465104459.191000
709,1465104453.427000,1465104454.245101,1465104459.246299,1465104459.334000
710,1465104453.427000,1465104454.166271,1465104459.167474,1465104459.228000
711,1465104453.427000,1465104454.106928,1465104459.109036,1465104459.187000
712,1465104453.427000,1465104454.244267,1465104459.245643,1465104459.321000
713,1465104453.427000,1465104454.136317,1465104459.137672,1465104459.216000
714,1465104453.427000,1465104454.098881,1465104459.100123,1465104459.198000
715,1465104453.428000,1465104454.100106,1465104459.101306,1465104459.188000
716,1465104453.428000,1465104454.211547,1465104459.212738,1465104459.291000
717,1465104453.428000,1465104454.093974,1465104459.111764,1465104459.196000
718,1465104453.428000,1465104454.113785,1465104459.114967,1465104459.193000
719,1465104453.428000,1465104454.048213,1465104459.049454,1465104459.134000
720,1465104453.428000,1465104454.115629,1465104459.116879,1465104459.202000
721,1465104453.428000,1465104454.205320,1465104459.206612,1465104459.285000
722,1465104453.428000,1465104454.140974,1465104459.142241,1465104459.216000
723,1465104453.428000,1465104454.119948,1465104459.121175,1465104459.210000
724,1465104453.428000,1465104454.029238,1465104459.030557,1465104459.128000
725,1465104453.428000,1465104454.204319,1465104459.205489,1465104459.303000
726,1465104453.428000,1465104454.210454,1465104459.211680,1465104459.290000
727,1465104453.428000,1465104454.209453,1465104459.210748,1465104459.282000
728,1465104453.428000,1465104454.081997,1465104459.083248,1465104459.170000
729,1465104453.428000,1465104454.252925,1465104459.254524,1465104459.334000
730,1465104453.428000,1465104454.080412,1465104459.081757,1465104459.160000
731,1465104453.428000,1465104454.215982,1465104459.217237,1465104459.303000
732,1465104453.428000,1465104454.174368,1465104459.175693,1465104459.261000
733,1465104453.428000,1465104454.094424,1465104459.095845,1465104459.177000
734,1465104453.429000,1465104454.159429,1465104459.160659,1465104459.239000
735,1465104453.439000,1465104454.097925,1465104459.099484,1465104459.181000
736,1465104453.444000,1465104454.105763,1465104459.107131,1465104459.187000
737,1465104453.446000,1465104454.518048,1465104459.519267,1465104459.605000
738,1465104453.450000,1465104454.093406,1465104459.094803,1465104459.174000
739,1465104453.458000,1465104454.179937,1465104459.181131,1465104459.258000
740,1465104453.473000,1465104454.064304,1465104459.071698,1465104459.157000
741,1465104453.484000,1465104454.137280,1465104459.138493,1465104459.226000
742,1465104453.484000,1465104454.200240,1465104459.201666,1465104459.281000
743,1465104453.489000,1465104454.215758,1465104459.217000,1465104459.303000
744,1465104453.489000,1465104454.199094,1465104459.200608,1465104459.276000
745,1465104453.489000,1465104454.183802,1465104459.185062,1465104459.246000
746,1465104453.489000,1465104454.130205,1465104459.131384,1465104459.207000
747,1465104453.489000,1465104454.190028,1465104459.206957,1465104459.305000
748,1465104453.489000,1465104454.257074,1465104459.258643,1465104459.337000
749,1465104453.489000,1465104454.122280,1465104459.123474,1465104459.199000
750,1465104453.489000,1465104454.203573,1465104459.204896,1465104459.279000
751,1465104453.489000,1465104454.236188,1465104459.237393,1465104459.323000
752,1465104453.489000,1465104454.154869,1465104459.156056,1465104459.244000
753,1465104453.489000,1465104454.101736,1465104459.103013,1465104459.176000
754,1465104453.489000,1465104454.217385,1465104459.218598,1465104459.299000
755,1465104453.490000,1465104454.096007,1465104459.097211,1465104459.185000
756,1465104453.491000,1465104454.230324,1465104459.231550,1465104459.309000
757,1465104453.492000,1465104454.088962,1465104459.090208,1465104459.167000
758,1465104453.493000,0.000000,0.000000,0.000000
759,1465104453.493000,1465104454.115101,1465104459.116525,1465104459.187000
760,1465104453.493000,1465104454.185269,1465104459.186559,1465104459.267000
761,1465104453.493000,1465104454.149354,1465104459.151083,1465104459.231000
762,1465104453.493000,1465104454.204737,1465104459.205964,1465104459.290000
763,1465104453.493000,1465104454.205816,1465104459.207201,1465104459.286000
764,1465104453.493000,1465104454.107410,1465104459.108729,1465104459.190000
765,1465104453.494000,1465104454.127218,1465104459.128429,1465104459.213000
766,1465104453.494000,1465104454.151588,1465104459.152811,1465104459.243000
767,1465104453.496000,1465104454.205662,1465104459.206928,1465104459.292000
768,1465104453.496000,1465104454.193710,1465104459.194955,1465104459.275000
769,1465104453.496000,1465104454.198286,1465104459.199545,1465104459.280000
770,1465104453.496000,1465104454.149531,1465104459.160665,1465104459.236000
771,1465104453.496000,1465104454.154604,1465104459.155952,1465104459.236000
772,1465104453.496000,1465104454.167493,1465104459.168771,1465104459.256000
773,1465104453.497000,1465104454.151518,1465104459.152872,1465104459.224000
774,1465104453.497000,1465104454.195733,1465104459.203806,1465104459.281000
775,1465104453.497000,1465104454.185969,1465104459.187204,1465104459.272000
776,1465104453.497000,1465104454.508142,1465104459.509393,1465104459.588000
777,1465104453.498000,1465104454.238755,1465104459.240032,1465104459.310000
778,1465104453.498000,1465104454.177645,1465104459.178872,1465104459.264000
779,1465104453.498000,1465104454.227241,1465104459.228509,1465104459.308000
780,1465104453.499000,1465104454.237616,1465104459.238800,1465104459.311000
781,1465104453.499000,1465104454.237766,1465104459.239211,1465104459.319000
782,1465104453.499000,1465104454.533507,1465104459.534724,1465104459.617000
783,1465104453.499000,1465104454.164193,1465104459.165511,1465104459.263000
784,1465104453.501000,1465104454.172916,1465104459.174084,1465104459.252000
785,1465104453.501000,1465104454.202027,1465104459.203228,1465104459.289000
786,1465104453.501000,1465104454.548058,1465104459.553935,1465104459.641000
787,1465104453.502000,1465104454.172332,1465104459.173697,1465104459.259000
788,1465104453.502000,1465104454.229984,1465104459.231191,1465104459.318000
789,1465104453.503000,1465104454.205422,1465104459.206591,1465104459.281000
790,1465104453.502000,1465104454.164568,1465104459.165765,1465104459.250000
791,1465104453.502000,1465104454.124782,1465104459.126120,1465104459.211000
792,1465104453.503000,1465104454.208903,1465104459.210151,1465104459.280000
793,1465104453.503000,1465104454.174068,1465104459.175278,1465104459.257000
794,1465104453.503000,1465104454.112124,1465104459.114197,1465104459.186000
795,1465104453.503000,1465104454.158842,1465104459.160281,1465104459.230000
796,1465104453.504000,1465104454.125103,1465104459.126398,1465104459.211000
797,1465104453.504000,1465104454.192608,1465104459.193821,1465104459.281000
798,1465104453.505000,1465104454.244076,1465104459.245293,1465104459.335000
799,1465104453.505000,1465104454.231270,1465104459.232473,1465104459.322000
800,1465104453.505000,1465104454.195448,1465104459.203667,1465104459.274000
801,1465104453.506000,1465104454.116241,1465104459.117413,1465104459.205000
802,1465104453.506000,1465104454.250395,1465104459.251585,1465104459.327000
803,1465104453.506000,1465104454.229920,1465104459.231117,1465104459.309000
804,1465104453.506000,1465104454.190970,1465104459.192628,1465104459.272000
805,1465104453.507000,1465104454.117172,1465104459.118353,1465104459.216000
806,1465104453.507000,1465104454.106230,1465104459.107460,1465104459.193000
807,1465104453.507000,1465104454.551999,1465104459.553315,1465104459.635000
808,1465104453.507000,1465104454.236241,1465104459.237616,1465104459.309000
809,1465104453.507000,1465104454.462763,1465104459.464057,1465104459.545000
810,1465104453.507000,1465104454.237398,1465104459.238709,1465104459.325000
811,1465104453.508000,1465104454.123826,1465104459.125476,1465104459.196000
812,1465104453.508000,1465104454.532520,1465104459.533826,1465104459.623000
813,1465104453.508000,1465104454.229886,1465104459.231088,1465104459.329000
814,1465104453.508000,1465104454.202122,1465104459.203438,1465104459.283000
815,1465104453.508000,1465104454.251922,1465104459.253225,1465104459.314000
816,1465104453.508000,0.000000,0.000000,0.000000
817,1465104453.509000,0.000000,0.000000,0.000000
818,1465104453.509000,1465104454.538048,1465104459.539366,1465104459.625000
819,1465104453.510000,1465104454.129383,1465104459.130575,1465104459.228000
820,1465104453.510000,1465104454.250650,1465104459.262228,1465104459.340000
821,1465104453.510000,1465104454.169502,1465104459.170783,1465104459.241000
822,1465104453.510000,1465104454.188672,1465104459.189881,1465104459.264000
823,1465104453.510000,1465104454.246740,1465104459.248023,1465104459.323000
824,1465104453.510000,1465104454.203886,1465104459.205118,1465104459.286000
825,1465104453.510000,1465104454.180296,1465104459.181705,1465104459.260000
826,1465104453.511000,1465104454.233803,1465104459.235195,1465104459.310000
827,1465104453.511000,1465104454.189812,1465104459.191023,1465104459.271000
828,1465104453.511000,1465104454.238279,1465104459.239532,1465104459.313000
829,1465104453.511000,1465104454.104322,1465104459.105522,1465104459.183000
830,1465104453.511000,1465104454.238822,1465104459.240046,1465104459.320000
831,1465104453.511000,1465104454.261104,1465104459.262457,1465104459.340000
832,1465104453.511000,1465104454.247659,1465104459.249111,1465104459.326000
833,1465104453.511000,1465104454.225061,1465104459.226511,1465104459.307000
834,1465104453.512000,1465104454.118581,1465104459.120262,1465104459.199000
835,1465104453.512000,1465104454.241094,1465104459.242367,1465104459.319000
836,1465104453.512000,1465104454.222579,1465104459.242241,1465104459.320000
837,1465104453.513000,1465104454.179771,1465104459.185223,1465104459.263000
838,1465104453.513000,1465104454.228148,1465104459.229499,1465104459.307000
839,1465104453.513000,1465104454.165480,1465104459.166878,1465104459.247000
840,1465104453.513000,1465104454.237697,1465104459.238928,1465104459.314000
841,1465104453.513000,1465104454.216681,1465104459.217915,1465104459.319000
842,1465104453.513000,1465104454.239537,1465104459.240759,1465104459.327000
843,1465104453.513000,1465104454.232559,1465104459.233822,1465104459.317000
844,1465104453.513000,1465104454.228284,1465104459.229451,1465104459.305000
845,1465104453.514000,1465104454.185014,1465104459.186205,1465104459.263000
846,1465104453.514000,1465104454.173407,1465104459.174630,1465104459.276000
847,1465104453.514000,1465104454.199197,1465104459.200561,1465104459.275000
848,1465104453.514000,1465104454.441285,1465104459.442456,1465104459.528000
849,1465104453.514000,1465104454.522356,1465104459.523892,1465104459.613000
850,1465104453.514000,0.000000,0.000000,0.000000
851,1465104453.514000,1465104454.201072,1465104459.202329,1465104459.284000
852,1465104453.514000,1465104454.223241,1465104459.224465,1465104459.313000
853,1465104453.515000,1465104454.209960,1465104459.211376,1465104459.301000
854,1465104453.515000,1465104454.247307,1465104459.248680,1465104459.324000
855,1465104453.515000,1465104454.264592,1465104459.266097,1465104459.341000
856,1465104453.515000,1465104454.240095,1465104459.244760,1465104459.333000
857,1465104453.515000,1465104454.229076,1465104459.230594,1465104459.318000
858,1465104453.516000,1465104454.244167,1465104459.245515,1465104459.325000
859,1465104453.516000,1465104454.258206,1465104459.259581,1465104459.339000
860,1465104453.516000,1465104454.240947,1465104459.242356,1465104459.321000
861,1465104453.516000,1465104454.170329,1465104459.171557,1465104459.256000
862,1465104453.516000,1465104454.251807,1465104459.253049,1465104459.335000
863,1465104453.516000,0.000000,0.000000,0.000000
864,1465104453.516000,1465104454.194864,1465104459.196245,1465104459.272000
865,1465104453.517000,1465104454.193879,1465104459.195070,1465104459.273000
866,1465104453.517000,1465104454.454045,1465104459.455518,1465104459.536000
867,1465104453.517000,1465104454.501988,1465104459.503137,1465104459.600000
868,1465104453.517000,1465104454.225089,1465104459.226303,1465104459.316000
869,1465104453.517000,1465104454.258336,1465104459.259588,1465104459.337000
870,1465104453.518000,0.000000,0.000000,0.000000
871,1465104453.518000,1465104454.189847,1465104459.191530,1465104459.289000
872,1465104453.519000,1465104454.232481,1465104459.233691,1465104459.311000
873,1465104453.519000,1465104454.233453,1465104459.234632,1465104459.332000
874,1465104453.519000,1465104454.238552,1465104459.239723,1465104459.338000
875,1465104453.519000,1465104454.240248,1465104459.241439,1465104459.319000
876,1465104453.519000,1465104454.232503,1465104459.233654,1465104459.330000
877,1465104453.519000,1465104454.247748,1465104459.249089,1465104459.328000
878,1465104453.520000,1465104454.240179,1465104459.241649,1465104459.321000
879,1465104453.520000,1465104454.257814,1465104459.258998,1465104459.336000
880,1465104453.520000,1465104454.221340,1465104459.224745,1465104459.303000
881,1465104453.520000,1465104454.246551,1465104459.247891,1465104459.317000
882,1465104453.520000,1465104454.273351,1465104459.281263,1465104459.343000
883,1465104453.520000,1465104454.211977,1465104459.213166,1465104459.288000
884,1465104453.520000,1465104454.256590,1465104459.257995,1465104459.333000
885,1465104453.520000,1465104454.208858,1465104459.210074,1465104459.289000
886,1465104453.521000,1465104454.265767,1465104459.269264,1465104459.341000
887,1465104453.521000,1465104454.243549,1465104459.244717,1465104459.320000
888,1465104453.521000,0.000000,0.000000,0.000000
889,1465104453.521000,1465104454.174968,1465104459.176201,1465104459.265000
890,1465104453.522000,1465104454.215975,1465104459.217209,1465104459.291000
891,1465104453.522000,1465104454.225664,1465104459.226874,1465104459.288000
892,1465104453.522000,1465104454.257999,1465104459.259664,1465104459.335000
893,1465104453.523000,1465104454.188510,1465104459.189720,1465104459.267000
894,1465104453.523000,1465104454.184379,1465104459.185780,1465104459.261000
895,1465104453.523000,1465104454.253449,1465104459.254643,1465104459.332000
896,1465104453.523000,1465104454.256983,1465104459.258271,1465104459.339000
897,1465104453.523000,1465104454.241928,1465104459.243361,1465104459.323000
898,1465104453.523000,1465104454.229961,1465104459.231178,1465104459.317000
899,1465104453.524000,1465104454.231544,1465104459.232946,1465104459.317000
900,1465104453.524000,1465104454.494041,1465104459.495312,1465104459.577000
901,1465104453.524000,1465104454.472627,1465104459.473820,1465104459.572000
902,1465104453.524000,1465104454.491777,1465104459.493189,1465104459.581000
903,1465104453.524000,1465104454.212326,1465104459.213628,1465104459.293000
904,1465104453.524000,1465104454.226556,1465104459.227827,1465104459.329000
905,1465104453.525000,1465104454.227975,1465104459.229179,1465104459.300000
906,1465104453.525000,1465104454.215839,1465104459.217129,1465104459.306000
907,1465104453.525000,1465104454.247243,1465104459.248594,1465104459.322000
908,1465104453.525000,1465104454.232634,1465104459.234214,1465104459.313000
909,1465104453.525000,1465104454.207496,1465104459.208702,1465104459.288000
910,1465104453.525000,1465104454.254017,1465104459.255551,1465104459.336000
911,1465104453.526000,1465104454.259650,1465104459.260937,1465104459.341000
912,1465104453.526000,1465104454.224885,1465104459.226130,1465104459.305000
913,1465104453.527000,1465104454.242657,1465104459.244097,1465104459.331000
914,1465104453.527000,1465104454.241161,1465104459.242422,1465104459.331000
915,1465104453.527000,1465104454.190353,1465104459.191499,1465104459.289000
916,1465104453.527000,1465104454.244747,1465104459.245948,1465104459.335000
917,1465104453.527000,1465104454.220894,1465104459.222214,1465104459.311000
918,1465104453.527000,1465104454.227948,1465104459.229195,1465104459.318000
919,1465104453.527000,1465104454.126755,1465104459.127943,1465104459.205000
920,1465104453.527000,1465104454.249066,1465104459.250822,1465104459.312000
921,1465104453.528000,1465104454.247981,1465104459.251367,1465104459.313000
922,1465104453.528000,1465104454.231470,1465104459.248573,1465104459.329000
923,1465104453.528000,1465104454.186373,1465104459.188149,1465104459.285000
924,1465104453.528000,1465104454.224936,1465104459.226385,1465104459.306000
925,1465104453.528000,1465104454.216468,1465104459.217684,1465104459.302000
926,1465104453.529000,1465104454.219102,1465104459.220337,1465104459.309000
927,1465104453.529000,1465104454.179125,1465104459.180272,1465104459.266000
928,1465104453.529000,1465104454.466858,1465104459.468307,1465104459.557000
929,1465104453.529000,1465104454.209016,1465104459.210264,1465104459.291000
930,1465104453.529000,1465104454.237352,1465104459.238887,1465104459.318000
931,1465104453.529000,1465104454.194558,1465104459.195989,1465104459.276000
932,1465104453.530000,1465104454.204684,1465104459.206276,1465104459.286000
933,1465104453.530000,1465104454.236941,1465104459.239081,1465104459.318000
934,1465104453.530000,1465104454.233900,1465104459.235152,1465104459.315000
935,1465104453.531000,1465104454.264491,1465104459.266142,1465104459.327000
936,1465104453.531000,1465104454.245226,1465104459.246534,1465104459.327000
937,1465104453.531000,1465104454.235892,1465104459.244302,1465104459.332000
938,1465104453.531000,1465104454.248530,1465104459.254553,1465104459.333000
939,1465104453.535000,1465104454.225564,1465104459.226768,1465104459.304000
940,1465104453.536000,1465104454.512079,1465104459.513259,1465104459.591000
941,1465104453.536000,1465104454.243590,1465104459.246332,1465104459.326000
942,1465104453.536000,1465104454.221588,1465104459.224191,1465104459.302000
943,1465104453.537000,1465104454.202488,1465104459.203744,1465104459.281000
944,1465104453.538000,1465104454.223825,1465104459.225116,1465104459.298000
945,1465104453.539000,1465104454.218368,1465104459.219605,1465104459.299000
946,1465104453.539000,1465104454.196984,1465104459.198258,1465104459.280000
947,1465104453.539000,1465104454.200421,1465104459.201637,1465104459.291000
948,1465104453.539000,1465104454.162795,1465104459.164015,1465104459.250000
949,1465104453.540000,1465104454.512470,1465104459.513772,1465104459.594000
950,1465104453.540000,1465104454.220854,1465104459.222070,1465104459.292000
951,1465104453.540000,1465104454.472463,1465104459.473701,1465104459.558000
952,1465104453.540000,1465104454.231315,1465104459.232538,1465104459.320000
953,1465104453.540000,1465104454.229765,1465104459.230969,1465104459.316000
954,1465104453.541000,1465104454.248425,1465104459.249683,1465104459.332000
955,1465104453.542000,1465104454.222066,1465104459.223383,1465104459.294000
956,1465104453.542000,1465104454.243802,1465104459.245340,1465104459.325000
957,1465104453.543000,1465104454.234064,1465104459.235415,1465104459.315000
958,1465104453.543000,1465104454.220759,1465104459.222060,1465104459.311000
959,1465104453.543000,1465104454.258127,1465104459.259341,1465104459.339000
960,1465104453.544000,1465104454.213895,1465104459.215089,1465104459.305000
961,1465104453.543000,1465104454.266573,1465104459.268216,1465104459.341000
962,1465104453.544000,1465104454.255966,1465104459.257137,1465104459.335000
963,1465104453.544000,0.000000,0.000000,0.000000
964,1465104453.545000,1465104454.237376,1465104459.238585,1465104459.335000
965,1465104453.545000,1465104454.206741,1465104459.208354,1465104459.289000
966,1465104453.545000,1465104454.234263,1465104459.235518,1465104459.314000
967,1465104453.546000,1465104454.215817,1465104459.217092,1465104459.295000
968,1465104453.545000,1465104454.524945,1465104459.526145,1465104459.601000
969,1465104453.546000,1465104454.200931,1465104459.202344,1465104459.289000
970,1465104453.546000,1465104454.202158,1465104459.203379,1465104459.288000
971,1465104453.546000,1465104454.199023,1465104459.200164,1465104459.298000
972,1465104453.547000,1465104454.257605,1465104459.263452,1465104459.333000
973,1465104453.547000,1465104454.253422,1465104459.269288,1465104459.341000
974,1465104453.547000,1465104454.236239,1465104459.237452,1465104459.320000
975,1465104453.548000,1465104454.264900,1465104459.267476,1465104459.338000
976,1465104453.548000,1465104454.263602,1465104459.265248,1465104459.327000
977,1465104453.548000,1465104454.228052,1465104459.229291,1465104459.315000
978,1465104453.548000,1465104454.223610,1465104459.224835,1465104459.310000
979,1465104453.548000,1465104454.258879,1465104459.260134,1465104459.334000
980,1465104453.548000,1465104454.235413,1465104459.236672,1465104459.326000
981,1465104453.549000,1465104454.525640,1465104459.527099,1465104459.613000
982,1465104453.549000,1465104454.247707,1465104459.249066,1465104459.328000
983,1465104453.549000,1465104454.255922,1465104459.257301,1465104459.335000
984,1465104453.550000,1465104454.250975,1465104459.252263,1465104459.333000
985,1465104453.550000,1465104454.210138,1465104459.211352,1465104459.298000
986,1465104453.550000,1465104454.250804,1465104459.270786,1465104459.350000
987,1465104453.553000,1465104454.234222,1465104459.235640,1465104459.311000
988,1465104453.553000,1465104454.229752,1465104459.231285,1465104459.311000
989,1465104453.553000,1465104454.237650,1465104459.238988,1465104459.323000
990,1465104453.553000,1465104454.254317,1465104459.255537,1465104459.335000
991,1465104453.553000,1465104454.220910,1465104459.224388,1465104459.303000
992,1465104453.554000,1465104454.264618,1465104459.268066,1465104459.340000
993,1465104453.555000,1465104454.248598,1465104459.250096,1465104459.331000
994,1465104453.555000,1465104454.250207,1465104459.251418,1465104459.338000
995,1465104453.556000,1465104454.214339,1465104459.215700,1465104459.299000
996,1465104453.556000,1465104454.187254,1465104459.188692,1465104459.287000
997,1465104453.556000,1465104454.218921,1465104459.220114,1465104459.307000
998,1465104453.557000,1465104454.248349,1465104459.251466,1465104459.312000
999,1465104453.557000,1465104454.219974,1465104459.221500,1465104459.297000
