0,1465104203.703000,1465104204.700273,1465104209.701724,1465104209.784000
1,1465104203.703000,1465104204.350157,1465104209.351660,1465104209.439000
2,1465104203.703000,1465104204.394118,1465104209.395403,1465104209.475000
3,1465104203.703000,1465104204.403609,1465104209.404833,1465104209.482000
4,1465104203.703000,1465104204.440287,1465104209.451504,1465104209.536000
5,1465104203.703000,1465104204.371949,1465104209.373608,1465104209.470000
6,1465104203.703000,1465104204.395865,1465104209.397077,1465104209.486000
7,1465104203.703000,1465104204.330491,1465104209.331926,1465104209.411000
8,1465104203.704000,1465104204.355050,1465104209.356778,1465104209.438000
9,1465104203.704000,1465104204.387498,1465104209.389481,1465104209.458000
10,1465104203.704000,1465104204.385242,1465104209.386693,1465104209.473000
11,1465104203.704000,1465104204.445160,1465104209.446510,1465104209.526000
12,1465104203.704000,1465104204.387590,1465104209.388829,1465104209.459000
13,1465104203.704000,1465104204.339960,1465104209.341498,1465104209.419000
14,1465104203.704000,1465104204.375038,1465104209.376342,1465104209.454000
15,1465104203.704000,1465104204.348175,1465104209.349768,1465104209.440000
16,1465104203.704000,1465104204.401717,1465104209.402916,1465104209.492000
17,1465104203.704000,1465104204.418076,1465104209.419726,1465104209.494000
18,1465104203.704000,1465104204.399079,1465104209.404360,1465104209.490000
19,1465104203.704000,1465104204.329083,1465104209.330643,1465104209.411000
20,1465104203.705000,1465104204.357737,1465104209.359000,1465104209.445000
21,1465104203.705000,1465104204.383962,1465104209.390987,1465104209.478000
22,1465104203.705000,1465104204.672475,1465104209.673876,1465104209.755000
23,1465104203.705000,1465104204.380170,1465104209.381670,1465104209.459000
24,1465104203.705000,1465104204.377169,1465104209.378786,1465104209.458000
25,1465104203.705000,1465104204.455400,1465104209.456577,1465104209.534000
26,1465104203.705000,1465104204.417059,1465104209.418379,1465104209.504000
27,1465104203.705000,0.000000,0.000000,0.000000
28,1465104203.705000,1465104204.431591,1465104209.432886,1465104209.530000
29,1465104203.706000,1465104204.374381,1465104209.375894,1465104209.463000
30,1465104203.705000,1465104204.369748,1465104209.371105,1465104209.460000
31,1465104203.706000,1465104204.678336,1465104209.679524,1465104209.752000
32,1465104203.706000,1465104206.210702,1465104211.211901,1465104211.289000
33,1465104203.706000,1465104204.352227,1465104209.353735,1465104209.424000
34,1465104203.707000,1465104204.326892,1465104209.328450,1465104209.414000
35,1465104203.707000,1465104204.604007,1465104209.605264,1465104209.709000
36,1465104203.707000,1465104204.342648,1465104209.344142,1465104209.418000
37,1465104203.708000,1465104204.443028,1465104209.444491,1465104209.517000
38,1465104203.709000,1465104204.377154,1465104209.378327,1465104209.456000
39,1465104203.710000,1465104204.339589,1465104209.341119,1465104209.421000
40,1465104203.710000,1465104204.385719,1465104209.387399,1465104209.475000
41,1465104203.710000,1465104204.392488,1465104209.393808,1465104209.475000
42,1465104203.710000,1465104204.382357,1465104209.383569,1465104209.457000
43,1465104203.710000,1465104204.330584,1465104209.332053,1465104209.436000
44,1465104203.710000,1465104204.402875,1465104209.404096,1465104209.489000
45,1465104203.710000,1465104204.452847,1465104209.454196,1465104209.552000
46,1465104203.710000,1465104204.631737,1465104209.634631,1465104209.713000
47,1465104203.710000,1465104204.407684,1465104209.408947,1465104209.500000
48,1465104203.710000,1465104206.240402,1465104211.241941,1465104211.310000
49,1465104203.710000,1465104204.387036,1465104209.388254,1465104209.477000
50,1465104203.710000,1465104204.707507,1465104209.708705,1465104209.782000
51,1465104203.710000,1465104204.381417,1465104209.383280,1465104209.462000
52,1465104203.710000,1465104204.389120,1465104209.390405,1465104209.467000
53,1465104203.714000,1465104204.402709,1465104209.404285,1465104209.490000
54,1465104203.715000,1465104204.421121,1465104209.422355,1465104209.493000
55,1465104203.716000,1465104204.424936,1465104209.427176,1465104209.505000
56,1465104203.716000,0.000000,0.000000,0.000000
57,1465104203.716000,1465104204.401754,1465104209.403031,1465104209.483000
58,1465104203.716000,1465104204.413827,1465104209.415049,1465104209.496000
59,1465104203.716000,1465104204.372284,1465104209.373673,1465104209.451000
60,1465104203.716000,1465104204.627267,1465104209.628629,1465104209.714000
61,1465104203.716000,1465104204.722493,1465104209.723783,1465104209.813000
62,1465104203.716000,1465104204.418413,1465104209.419839,1465104209.500000
63,1465104203.716000,1465104204.404914,1465104209.406111,1465104209.484000
64,1465104203.716000,0.000000,0.000000,0.000000
65,1465104203.716000,0.000000,0.000000,0.000000
66,1465104203.716000,1465104204.401467,1465104209.402764,1465104209.491000
67,1465104203.717000,1465104204.432536,1465104209.433961,1465104209.512000
68,1465104203.717000,1465104204.435547,1465104209.436780,1465104209.516000
69,1465104203.717000,1465104204.369981,1465104209.371471,1465104209.477000
70,1465104203.717000,1465104206.233625,1465104211.234929,1465104211.320000
71,1465104203.717000,1465104204.678305,1465104209.679478,1465104209.766000
72,1465104203.717000,1465104204.438782,1465104209.450330,1465104209.531000
73,1465104203.717000,1465104204.627558,1465104209.628935,1465104209.717000
74,1465104203.717000,1465104204.622729,1465104209.624762,1465104209.711000
75,1465104203.717000,0.000000,0.000000,0.000000
76,1465104203.717000,1465104204.641791,1465104209.643023,1465104209.722000
77,1465104203.717000,1465104204.383700,1465104209.384969,1465104209.464000
78,1465104203.717000,1465104204.378717,1465104209.380465,1465104209.461000
79,1465104203.717000,1465104204.454091,1465104209.455352,1465104209.524000
80,1465104203.717000,1465104204.633432,1465104209.634638,1465104209.724000
81,1465104203.717000,1465104204.426614,1465104209.429089,1465104209.508000
82,1465104203.717000,1465104204.718600,1465104209.719741,1465104209.806000
83,1465104203.717000,1465104204.659114,1465104209.660579,1465104209.736000
84,1465104203.718000,1465104204.367378,1465104209.368641,1465104209.448000
85,1465104203.718000,1465104204.377240,1465104209.378500,1465104209.451000
86,1465104203.718000,1465104204.673636,1465104209.674822,1465104209.745000
87,1465104203.718000,1465104204.383801,1465104209.385041,1465104209.472000
88,1465104203.718000,1465104204.453391,1465104209.454689,1465104209.532000
89,1465104203.718000,1465104204.401701,1465104209.403029,1465104209.492000
90,1465104203.718000,1465104204.754046,1465104209.755512,1465104209.851000
91,1465104203.718000,1465104204.407489,1465104209.414248,1465104209.502000
92,1465104203.718000,1465104204.712008,1465104209.713289,1465104209.799000
93,1465104203.718000,1465104204.345942,1465104209.347197,1465104209.427000
94,1465104203.718000,1465104204.419698,1465104209.421252,1465104209.500000
95,1465104203.718000,1465104204.475094,1465104209.476631,1465104209.533000
96,1465104203.718000,1465104204.645790,1465104209.647029,1465104209.748000
97,1465104203.718000,1465104204.638762,1465104209.639989,1465104209.720000
98,1465104203.718000,1465104204.375767,1465104209.377230,1465104209.462000
99,1465104203.719000,1465104206.258411,1465104211.259606,1465104211.330000
100,1465104203.719000,1465104206.255113,1465104211.256609,1465104211.314000
101,1465104203.718000,1465104204.427830,1465104209.429057,1465104209.509000
102,1465104203.718000,1465104204.699055,1465104209.700439,1465104209.757000
103,1465104203.718000,1465104204.350748,1465104209.352021,1465104209.442000
104,1465104203.718000,1465104204.631229,1465104209.632536,1465104209.721000
105,1465104203.719000,1465104204.673267,1465104209.674546,1465104209.743000
106,1465104203.719000,1465104204.399699,1465104209.400927,1465104209.472000
107,1465104203.719000,1465104204.689219,1465104209.690484,1465104209.775000
108,1465104203.719000,1465104204.738223,1465104209.739400,1465104209.808000
109,1465104203.719000,1465104204.697333,1465104209.698604,1465104209.779000
110,1465104203.719000,1465104204.365269,1465104209.366771,1465104209.445000
111,1465104203.719000,1465104204.420238,1465104209.422525,1465104209.501000
112,1465104203.719000,1465104204.707323,1465104209.708498,1465104209.787000
113,1465104203.719000,1465104204.659409,1465104209.660922,1465104209.741000
114,1465104203.719000,1465104204.673346,1465104209.674566,1465104209.757000
115,1465104203.720000,1465104204.429321,1465104209.430658,1465104209.508000
116,1465104203.724000,1465104204.389254,1465104209.390441,1465104209.486000
117,1465104203.728000,1465104204.656906,1465104209.658112,1465104209.731000
118,1465104203.730000,1465104204.386416,1465104209.387841,1465104209.467000
119,1465104203.730000,1465104204.719584,1465104209.720824,1465104209.810000
120,1465104203.730000,1465104204.659991,1465104209.661201,1465104209.739000
121,1465104203.730000,1465104204.650204,1465104209.651420,1465104209.731000
122,1465104203.730000,1465104204.657314,1465104209.658795,1465104209.747000
123,1465104203.730000,1465104204.344054,1465104209.345698,1465104209.426000
124,1465104203.730000,1465104204.468965,1465104209.470245,1465104209.550000
125,1465104203.731000,1465104204.445290,1465104209.446498,1465104209.525000
126,1465104203.731000,1465104204.640207,1465104209.641434,1465104209.712000
127,1465104203.731000,1465104204.673526,1465104209.674865,1465104209.754000
128,1465104203.731000,1465104204.661513,1465104209.662740,1465104209.748000
129,1465104203.731000,1465104204.365442,1465104209.366988,1465104209.452000
130,1465104203.731000,1465104204.685074,1465104209.686265,1465104209.756000
131,1465104203.731000,1465104204.671477,1465104209.672710,1465104209.749000
132,1465104203.732000,1465104204.651249,1465104209.653485,1465104209.743000
133,1465104203.732000,1465104204.672559,1465104209.673851,1465104209.760000
134,1465104203.732000,1465104204.452590,1465104209.469898,1465104209.538000
135,1465104203.732000,0.000000,0.000000,0.000000
136,1465104203.732000,1465104204.719881,1465104209.721118,1465104209.795000
137,1465104203.733000,1465104204.467418,1465104209.468736,1465104209.526000
138,1465104203.733000,1465104204.330582,1465104209.332154,1465104209.421000
139,1465104203.733000,1465104204.445127,1465104209.446322,1465104209.524000
140,1465104203.733000,0.000000,0.000000,0.000000
141,1465104203.733000,1465104204.729878,1465104209.731067,1465104209.817000
142,1465104203.733000,1465104204.691024,1465104209.692202,1465104209.762000
143,1465104203.733000,1465104204.413860,1465104209.415055,1465104209.492000
144,1465104203.733000,1465104204.373854,1465104209.375104,1465104209.470000
145,1465104203.733000,1465104204.744435,1465104209.745681,1465104209.836000
146,1465104203.733000,1465104206.221384,1465104211.222863,1465104211.294000
147,1465104203.733000,1465104204.683437,1465104209.684893,1465104209.764000
148,1465104203.733000,1465104204.421579,1465104209.422781,1465104209.501000
149,1465104203.733000,1465104204.623157,1465104209.624725,1465104209.711000
150,1465104203.733000,1465104204.388791,1465104209.390355,1465104209.471000
151,1465104203.733000,1465104204.717559,1465104209.718859,1465104209.794000
152,1465104203.734000,1465104204.698623,1465104209.699816,1465104209.770000
153,1465104203.734000,1465104204.691646,1465104209.693131,1465104209.778000
154,1465104203.734000,1465104206.227295,1465104211.228879,1465104211.314000
155,1465104203.734000,1465104204.698162,1465104209.699545,1465104209.788000
156,1465104203.734000,1465104204.443638,1465104209.444887,1465104209.526000
157,1465104203.734000,1465104204.398847,1465104209.400091,1465104209.468000
158,1465104203.735000,1465104204.664153,1465104209.665386,1465104209.745000
159,1465104203.735000,1465104206.239463,1465104211.240858,1465104211.328000
160,1465104203.735000,1465104204.399698,1465104209.400865,1465104209.487000
161,1465104203.736000,1465104204.412239,1465104209.413500,1465104209.492000
162,1465104203.736000,1465104204.419699,1465104209.421795,1465104209.500000
163,1465104203.736000,1465104204.367553,1465104209.368751,1465104209.455000
164,1465104203.736000,1465104204.712870,1465104209.714074,1465104209.788000
165,1465104203.736000,1465104204.394892,1465104209.396075,1465104209.487000
166,1465104203.736000,1465104204.640677,1465104209.641913,1465104209.739000
167,1465104203.736000,1465104204.387949,1465104209.389165,1465104209.467000
168,1465104203.736000,1465104204.753993,1465104209.755260,1465104209.824000
169,1465104203.736000,1465104204.651717,1465104209.654706,1465104209.744000
170,1465104203.736000,1465104204.702992,1465104209.704216,1465104209.786000
171,1465104203.736000,1465104204.698652,1465104209.699930,1465104209.778000
172,1465104203.736000,1465104206.254015,1465104211.255207,1465104211.326000
173,1465104203.736000,1465104206.247434,1465104211.248666,1465104211.319000
174,1465104203.736000,1465104204.388309,1465104209.389506,1465104209.462000
175,1465104203.737000,1465104204.692277,1465104209.693478,1465104209.791000
176,1465104203.737000,1465104204.711731,1465104209.713021,1465104209.803000
177,1465104203.737000,1465104204.382559,1465104209.383916,1465104209.463000
178,1465104203.737000,1465104204.468695,1465104209.470047,1465104209.548000
179,1465104203.737000,1465104204.731848,1465104209.732969,1465104209.803000
180,1465104203.737000,1465104204.734791,1465104209.736009,1465104209.822000
181,1465104203.737000,1465104204.650959,1465104209.652138,1465104209.743000
182,1465104203.737000,1465104204.420800,1465104209.422055,1465104209.501000
183,1465104203.737000,1465104204.674865,1465104209.676111,1465104209.765000
184,1465104203.737000,1465104204.446408,1465104209.458693,1465104209.538000
185,1465104203.737000,1465104204.325048,1465104209.343532,1465104209.447000
186,1465104203.737000,1465104204.445049,1465104209.446529,1465104209.542000
187,1465104203.737000,1465104204.654873,1465104209.672149,1465104209.746000
188,1465104203.737000,1465104204.374346,1465104209.375557,1465104209.461000
189,1465104203.737000,1465104204.729118,1465104209.730481,1465104209.801000
190,1465104203.737000,1465104204.411367,1465104209.412544,1465104209.486000
191,1465104203.737000,1465104204.682027,1465104209.683280,1465104209.751000
192,1465104203.737000,1465104204.407423,1465104209.408649,1465104209.487000
193,1465104203.737000,1465104204.415926,1465104209.417190,1465104209.504000
194,1465104203.737000,1465104204.456219,1465104209.457526,1465104209.537000
195,1465104203.737000,1465104204.693315,1465104209.694949,1465104209.771000
196,1465104203.737000,1465104206.242088,1465104211.243310,1465104211.314000
197,1465104203.737000,1465104206.263690,1465104211.264923,1465104211.335000
198,1465104203.737000,1465104204.688787,1465104209.689962,1465104209.776000
199,1465104203.737000,1465104204.661655,1465104209.662852,1465104209.745000
200,1465104203.737000,1465104204.687440,1465104209.688632,1465104209.758000
201,1465104203.737000,1465104204.731729,1465104209.732927,1465104209.813000
202,1465104203.737000,1465104204.450265,1465104209.451605,1465104209.529000
203,1465104203.737000,1465104204.642998,1465104209.644250,1465104209.735000
204,1465104203.737000,1465104204.399319,1465104209.400560,1465104209.478000
205,1465104203.737000,1465104206.217372,1465104211.218920,1465104211.305000
206,1465104203.737000,1465104204.674309,1465104209.675599,1465104209.762000
207,1465104203.737000,1465104204.402986,1465104209.420734,1465104209.496000
208,1465104203.738000,1465104204.454125,1465104209.455260,1465104209.541000
209,1465104203.738000,1465104204.762643,1465104209.764066,1465104209.849000
210,1465104203.738000,1465104204.430680,1465104209.431933,1465104209.490000
211,1465104203.738000,1465104204.687770,1465104209.690104,1465104209.765000
212,1465104203.738000,1465104204.453418,1465104209.455003,1465104209.534000
213,1465104203.738000,1465104204.422716,1465104209.423870,1465104209.514000
214,1465104203.738000,1465104204.434986,1465104209.436408,1465104209.517000
215,1465104203.738000,1465104204.401366,1465104209.402714,1465104209.483000
216,1465104203.738000,1465104204.712390,1465104209.713655,1465104209.790000
217,1465104203.738000,1465104204.371781,1465104209.373005,1465104209.474000
218,1465104203.738000,1465104204.690406,1465104209.691653,1465104209.771000
219,1465104203.738000,1465104204.421410,1465104209.422662,1465104209.508000
220,1465104203.738000,1465104204.665425,1465104209.666826,1465104209.746000
221,1465104203.738000,1465104204.700194,1465104209.701420,1465104209.792000
222,1465104203.738000,1465104204.695549,1465104209.700393,1465104209.777000
223,1465104203.738000,1465104204.415216,1465104209.416421,1465104209.505000
224,1465104203.738000,1465104204.397945,1465104209.399230,1465104209.485000
225,1465104203.738000,1465104204.725469,1465104209.726727,1465104209.831000
226,1465104203.738000,1465104204.658704,1465104209.660306,1465104209.745000
227,1465104203.738000,1465104204.462214,1465104209.463408,1465104209.544000
228,1465104203.738000,1465104206.208897,1465104211.210444,1465104211.288000
229,1465104203.738000,1465104204.721883,1465104209.723129,1465104209.780000
230,1465104203.738000,1465104204.413878,1465104209.415082,1465104209.493000
231,1465104203.738000,1465104204.391157,1465104209.392445,1465104209.477000
232,1465104203.738000,1465104204.681434,1465104209.682646,1465104209.760000
233,1465104203.738000,1465104204.727152,1465104209.728552,1465104209.814000
234,1465104203.738000,1465104204.683660,1465104209.684999,1465104209.764000
235,1465104203.738000,1465104204.729969,1465104209.731279,1465104209.818000
236,1465104203.738000,1465104204.422609,1465104209.423902,1465104209.512000
237,1465104203.738000,1465104204.341411,1465104209.342937,1465104209.443000
238,1465104203.738000,1465104204.763192,1465104209.764425,1465104209.845000
239,1465104203.738000,1465104204.408229,1465104209.409568,1465104209.499000
240,1465104203.738000,1465104204.389200,1465104209.390491,1465104209.461000
241,1465104203.739000,1465104204.711113,1465104209.712354,1465104209.792000
242,1465104203.739000,1465104204.717464,1465104209.718763,1465104209.808000
243,1465104203.739000,1465104204.644932,1465104209.646245,1465104209.732000
244,1465104203.739000,1465104204.658468,1465104209.660160,1465104209.736000
245,1465104203.739000,1465104204.411275,1465104209.412441,1465104209.483000
246,1465104203.739000,1465104204.751808,1465104209.753453,1465104209.832000
247,1465104203.739000,1465104204.395863,1465104209.397100,1465104209.483000
248,1465104203.739000,1465104204.439088,1465104209.440324,1465104209.518000
249,1465104203.739000,1465104204.403202,1465104209.404420,1465104209.482000
250,1465104203.739000,1465104204.396503,1465104209.397793,1465104209.478000
251,1465104203.739000,1465104204.675443,1465104209.686888,1465104209.766000
252,1465104203.739000,1465104204.738984,1465104209.740229,1465104209.817000
253,1465104203.739000,1465104204.732044,1465104209.733264,1465104209.811000
254,1465104203.739000,1465104204.377583,1465104209.379116,1465104209.466000
255,1465104203.739000,1465104204.452951,1465104209.461209,1465104209.518000
256,1465104203.739000,1465104204.636054,1465104209.637531,1465104209.723000
257,1465104203.739000,0.000000,0.000000,0.000000
258,1465104203.739000,1465104204.407030,1465104209.408276,1465104209.494000
259,1465104203.739000,1465104206.225686,1465104211.227167,1465104211.297000
260,1465104203.739000,1465104204.651999,1465104209.653967,1465104209.742000
261,1465104203.739000,0.000000,0.000000,0.000000
262,1465104203.739000,1465104204.704595,1465104209.705885,1465104209.795000
263,1465104203.739000,1465104204.661656,1465104209.663685,1465104209.743000
264,1465104203.739000,1465104204.421488,1465104209.422810,1465104209.502000
265,1465104203.739000,1465104204.421204,1465104209.422809,1465104209.496000
266,1465104203.739000,1465104204.710902,1465104209.712264,1465104209.786000
267,1465104203.739000,1465104204.741602,1465104209.743065,1465104209.830000
268,1465104203.739000,1465104204.390453,1465104209.391770,1465104209.482000
269,1465104203.739000,1465104204.389479,1465104209.390831,1465104209.495000
270,1465104203.739000,1465104204.424601,1465104209.425936,1465104209.511000
271,1465104203.739000,1465104204.411472,1465104209.412722,1465104209.490000
272,1465104203.740000,1465104206.237282,1465104211.238489,1465104211.309000
273,1465104203.740000,1465104204.688050,1465104209.689800,1465104209.765000
274,1465104203.740000,1465104204.384198,1465104209.385457,1465104209.464000
275,1465104203.740000,1465104204.757613,1465104209.758814,1465104209.836000
276,1465104203.740000,1465104204.365606,1465104209.367175,1465104209.447000
277,1465104203.740000,1465104204.435815,1465104209.437073,1465104209.526000
278,1465104203.740000,1465104204.451913,1465104209.453457,1465104209.522000
279,1465104203.740000,1465104204.397652,1465104209.398851,1465104209.479000
280,1465104203.740000,1465104204.695996,1465104209.697268,1465104209.782000
281,1465104203.740000,1465104204.675554,1465104209.676805,1465104209.757000
282,1465104203.741000,1465104204.716300,1465104209.717493,1465104209.790000
283,1465104203.741000,1465104204.422833,1465104209.424190,1465104209.520000
284,1465104203.741000,1465104204.734769,1465104209.736019,1465104209.816000
285,1465104203.743000,1465104204.419197,1465104209.420874,1465104209.494000
286,1465104203.746000,1465104204.449978,1465104209.451209,1465104209.533000
287,1465104203.757000,1465104204.738950,1465104209.740131,1465104209.818000
288,1465104203.765000,1465104204.437507,1465104209.439379,1465104209.518000
289,1465104203.766000,1465104204.451658,1465104209.452955,1465104209.542000
290,1465104203.766000,1465104204.459327,1465104209.474731,1465104209.552000
291,1465104203.766000,1465104204.476316,1465104209.479288,1465104209.560000
292,1465104203.766000,1465104204.397507,1465104209.398745,1465104209.479000
293,1465104203.766000,1465104204.419616,1465104209.421115,1465104209.503000
294,1465104203.766000,1465104204.413674,1465104209.414960,1465104209.496000
295,1465104203.766000,1465104204.476941,1465104209.481715,1465104209.539000
296,1465104203.766000,1465104204.711219,1465104209.712442,1465104209.783000
297,1465104203.766000,1465104204.428923,1465104209.430200,1465104209.509000
298,1465104203.766000,1465104204.669436,1465104209.670832,1465104209.745000
299,1465104203.766000,1465104204.714274,1465104209.734404,1465104209.823000
300,1465104203.766000,1465104204.408211,1465104209.409510,1465104209.490000
301,1465104203.767000,1465104204.427003,1465104209.428241,1465104209.499000
302,1465104203.767000,1465104204.386948,1465104209.388194,1465104209.467000
303,1465104203.767000,1465104204.434493,1465104209.435636,1465104209.532000
304,1465104203.767000,1465104204.684893,1465104209.686139,1465104209.755000
305,1465104203.767000,1465104204.459670,1465104209.460852,1465104209.543000
306,1465104203.767000,1465104204.353324,1465104209.354898,1465104209.441000
307,1465104203.767000,1465104204.401672,1465104209.403225,1465104209.508000
308,1465104203.768000,1465104204.783651,1465104209.784823,1465104209.862000
309,1465104203.768000,1465104204.475665,1465104209.476971,1465104209.557000
310,1465104203.768000,1465104204.443491,1465104209.445296,1465104209.525000
311,1465104203.768000,1465104204.658704,1465104209.660028,1465104209.742000
312,1465104203.768000,1465104204.411490,1465104209.412696,1465104209.501000
313,1465104203.768000,1465104204.423158,1465104209.424488,1465104209.503000
314,1465104203.769000,1465104204.456468,1465104209.457907,1465104209.515000
315,1465104203.769000,1465104204.412871,1465104209.414200,1465104209.503000
316,1465104203.769000,1465104204.455031,1465104209.456422,1465104209.530000
317,1465104203.769000,1465104206.243280,1465104211.244517,1465104211.329000
318,1465104203.769000,1465104204.635260,1465104209.636451,1465104209.727000
319,1465104203.769000,1465104206.271099,1465104211.272298,1465104211.343000
320,1465104203.769000,1465104204.655956,1465104209.657200,1465104209.744000
321,1465104203.769000,1465104204.411885,1465104209.413119,1465104209.481000
322,1465104203.769000,1465104204.378177,1465104209.379753,1465104209.460000
323,1465104203.769000,1465104204.428077,1465104209.429297,1465104209.530000
324,1465104203.769000,1465104204.723784,1465104209.725234,1465104209.796000
325,1465104203.769000,1465104204.422220,1465104209.430439,1465104209.510000
326,1465104203.769000,1465104204.407638,1465104209.409127,1465104209.479000
327,1465104203.770000,1465104204.700690,1465104209.701944,1465104209.791000
328,1465104203.770000,1465104204.709753,1465104209.710957,1465104209.802000
329,1465104203.770000,1465104204.715720,1465104209.717424,1465104209.793000
330,1465104203.771000,1465104204.403514,1465104209.404684,1465104209.490000
331,1465104203.772000,1465104204.704135,1465104209.705201,1465104209.788000
332,1465104203.772000,1465104204.447884,1465104209.449089,1465104209.532000
333,1465104203.772000,1465104204.465055,1465104209.466362,1465104209.524000
334,1465104203.772000,1465104204.727004,1465104209.728181,1465104209.816000
335,1465104203.772000,1465104204.419210,1465104209.420397,1465104209.516000
336,1465104203.772000,1465104204.489423,1465104209.490673,1465104209.547000
337,1465104203.772000,1465104204.444876,1465104209.446636,1465104209.526000
338,1465104203.772000,1465104204.392725,1465104209.393902,1465104209.467000
339,1465104203.772000,1465104204.397170,1465104209.398598,1465104209.470000
340,1465104203.772000,1465104204.699668,1465104209.700894,1465104209.769000
341,1465104203.772000,1465104204.437850,1465104209.439245,1465104209.535000
342,1465104203.772000,1465104204.409971,1465104209.411179,1465104209.500000
343,1465104203.773000,1465104204.415173,1465104209.418516,1465104209.509000
344,1465104203.773000,1465104204.447380,1465104209.448561,1465104209.534000
345,1465104203.773000,1465104204.440915,1465104209.451912,1465104209.537000
346,1465104203.773000,1465104204.438573,1465104209.440796,1465104209.522000
347,1465104203.773000,1465104204.452255,1465104209.459204,1465104209.538000
348,1465104203.774000,1465104204.447649,1465104209.448867,1465104209.505000
349,1465104203.774000,1465104204.438794,1465104209.440257,1465104209.525000
350,1465104203.774000,1465104204.394330,1465104209.395900,1465104209.477000
351,1465104203.774000,1465104204.461785,1465104209.463219,1465104209.543000
352,1465104203.774000,1465104204.371163,1465104209.372531,1465104209.477000
353,1465104203.775000,1465104204.453388,1465104209.454698,1465104209.534000
354,1465104203.775000,1465104204.453927,1465104209.455140,1465104209.552000
355,1465104203.775000,1465104204.381887,1465104209.383106,1465104209.479000
356,1465104203.775000,1465104204.406468,1465104209.407735,1465104209.503000
357,1465104203.776000,1465104204.403557,1465104209.405054,1465104209.486000
358,1465104203.776000,1465104204.452101,1465104209.453690,1465104209.511000
359,1465104203.776000,1465104204.384422,1465104209.385655,1465104209.490000
360,1465104203.776000,1465104204.413068,1465104209.414280,1465104209.499000
361,1465104203.776000,1465104204.441454,1465104209.443045,1465104209.523000
362,1465104203.776000,1465104204.416160,1465104209.423554,1465104209.528000
363,1465104203.777000,1465104204.402807,1465104209.404236,1465104209.509000
364,1465104203.777000,1465104204.417912,1465104209.419997,1465104209.501000
365,1465104203.777000,1465104204.435432,1465104209.436574,1465104209.513000
366,1465104203.777000,1465104204.430092,1465104209.431610,1465104209.516000
367,1465104203.777000,1465104204.445044,1465104209.446699,1465104209.516000
368,1465104203.777000,1465104204.386685,1465104209.388191,1465104209.477000
369,1465104203.777000,1465104204.467339,1465104209.468752,1465104209.548000
370,1465104203.777000,1465104204.380164,1465104209.381591,1465104209.479000
371,1465104203.777000,1465104204.424157,1465104209.425336,1465104209.506000
372,1465104203.777000,1465104204.451971,1465104209.453124,1465104209.527000
373,1465104203.778000,1465104204.680891,1465104209.682089,1465104209.766000
374,1465104203.778000,1465104204.417080,1465104209.418551,1465104209.497000
375,1465104203.778000,1465104204.454607,1465104209.455855,1465104209.544000
376,1465104203.778000,1465104204.407731,1465104209.408937,1465104209.495000
377,1465104203.778000,1465104204.415188,1465104209.417879,1465104209.509000
378,1465104203.778000,1465104204.451250,1465104209.452749,1465104209.523000
379,1465104203.778000,1465104204.403493,1465104209.405027,1465104209.500000
380,1465104203.778000,1465104204.439051,1465104209.440270,1465104209.537000
381,1465104203.779000,1465104204.457833,1465104209.459008,1465104209.516000
382,1465104203.779000,1465104204.453827,1465104209.455110,1465104209.536000
383,1465104203.780000,1465104204.439854,1465104209.441218,1465104209.522000
384,1465104203.781000,1465104204.743092,1465104209.744508,1465104209.824000
385,1465104203.781000,1465104204.456882,1465104209.458335,1465104209.539000
386,1465104203.781000,1465104204.486901,1465104209.488295,1465104209.545000
387,1465104203.781000,1465104204.406650,1465104209.407834,1465104209.481000
388,1465104203.781000,1465104204.411947,1465104209.415077,1465104209.516000
389,1465104203.781000,1465104204.379082,1465104209.380399,1465104209.466000
390,1465104203.781000,1465104204.402212,1465104209.405234,1465104209.481000
391,1465104203.781000,1465104204.436973,1465104209.438206,1465104209.520000
392,1465104203.781000,1465104204.741489,1465104209.742766,1465104209.811000
393,1465104203.782000,1465104204.427713,1465104209.429591,1465104209.486000
394,1465104203.782000,1465104204.421888,1465104209.423378,1465104209.519000
395,1465104203.782000,1465104204.438276,1465104209.440170,1465104209.520000
396,1465104203.782000,1465104206.262270,1465104211.263751,1465104211.341000
397,1465104203.782000,1465104204.677208,1465104209.678727,1465104209.767000
398,1465104203.783000,1465104204.682521,1465104209.684084,1465104209.764000
399,1465104203.783000,1465104204.445456,1465104209.446645,1465104209.517000
400,1465104203.783000,1465104204.397697,1465104209.399044,1465104209.488000
401,1465104203.783000,1465104204.417418,1465104209.418700,1465104209.507000
402,1465104203.783000,1465104204.440767,1465104209.442021,1465104209.543000
403,1465104203.784000,1465104204.445412,1465104209.447093,1465104209.528000
404,1465104203.784000,1465104204.413415,1465104209.414932,1465104209.502000
405,1465104203.784000,1465104204.718251,1465104209.719508,1465104209.799000
406,1465104203.784000,1465104204.405747,1465104209.407274,1465104209.482000
407,1465104203.784000,1465104204.447247,1465104209.449331,1465104209.534000
408,1465104203.784000,1465104204.442203,1465104209.443526,1465104209.524000
409,1465104203.785000,1465104204.654772,1465104209.656032,1465104209.760000
410,1465104203.785000,1465104204.733016,1465104209.734298,1465104209.803000
411,1465104203.785000,1465104204.405272,1465104209.406652,1465104209.502000
412,1465104203.785000,1465104204.447560,1465104209.448998,1465104209.545000
413,1465104203.785000,1465104204.461048,1465104209.466923,1465104209.546000
414,1465104203.785000,1465104204.691267,1465104209.692479,1465104209.788000
415,1465104203.785000,1465104204.410916,1465104209.412383,1465104209.499000
416,1465104203.785000,1465104204.421176,1465104209.423352,1465104209.496000
417,1465104203.786000,1465104204.731671,1465104209.732894,1465104209.802000
418,1465104203.786000,1465104204.431950,1465104209.433185,1465104209.534000
419,1465104203.786000,1465104204.447598,1465104209.449048,1465104209.534000
420,1465104203.786000,1465104204.430808,1465104209.432078,1465104209.527000
421,1465104203.786000,1465104204.434161,1465104209.435664,1465104209.522000
422,1465104203.786000,1465104204.450479,1465104209.452417,1465104209.532000
423,1465104203.786000,1465104204.697749,1465104209.699231,1465104209.775000
424,1465104203.787000,1465104204.442410,1465104209.443575,1465104209.529000
425,1465104203.787000,1465104204.439415,1465104209.440611,1465104209.529000
426,1465104203.788000,1465104204.420740,1465104209.422076,1465104209.512000
427,1465104203.788000,1465104204.434410,1465104209.435646,1465104209.540000
428,1465104203.788000,1465104204.418620,1465104209.419757,1465104209.520000
429,1465104203.788000,1465104204.722468,1465104209.723741,1465104209.809000
430,1465104203.788000,1465104204.437163,1465104209.438589,1465104209.528000
431,1465104203.788000,1465104204.367196,1465104209.383775,1465104209.488000
432,1465104203.788000,1465104204.416337,1465104209.417928,1465104209.499000
433,1465104203.789000,1465104204.440454,1465104209.441852,1465104209.522000
434,1465104203.789000,1465104204.686363,1465104209.687561,1465104209.776000
435,1465104203.789000,1465104204.438129,1465104209.439307,1465104209.518000
436,1465104203.789000,1465104204.385603,1465104209.386797,1465104209.472000
437,1465104203.789000,1465104204.715508,1465104209.716691,1465104209.787000
438,1465104203.789000,1465104204.744707,1465104209.745982,1465104209.828000
439,1465104203.789000,1465104204.449532,1465104209.450903,1465104209.530000
440,1465104203.790000,1465104204.451651,1465104209.452868,1465104209.539000
441,1465104203.790000,1465104204.429434,1465104209.430930,1465104209.512000
442,1465104203.790000,1465104204.425244,1465104209.427801,1465104209.506000
443,1465104203.790000,1465104204.429215,1465104209.430686,1465104209.528000
444,1465104203.790000,1465104204.426710,1465104209.434307,1465104209.512000
445,1465104203.790000,1465104204.438812,1465104209.440061,1465104209.508000
446,1465104203.790000,1465104204.439204,1465104209.440442,1465104209.530000
447,1465104203.790000,1465104204.381147,1465104209.382690,1465104209.462000
448,1465104203.791000,1465104204.426614,1465104209.428247,1465104209.507000
449,1465104203.791000,1465104204.671222,1465104209.672426,1465104209.750000
450,1465104203.791000,1465104204.439550,1465104209.440740,1465104209.498000
451,1465104203.792000,1465104204.450250,1465104209.451489,1465104209.532000
452,1465104203.792000,1465104204.434733,1465104209.435992,1465104209.515000
453,1465104203.792000,1465104204.680733,1465104209.682040,1465104209.763000
454,1465104203.792000,1465104204.445907,1465104209.447130,1465104209.519000
455,1465104203.792000,1465104204.437983,1465104209.450312,1465104209.519000
456,1465104203.792000,1465104204.416652,1465104209.417891,1465104209.514000
457,1465104203.792000,1465104204.393336,1465104209.394581,1465104209.490000
458,1465104203.792000,1465104204.430503,1465104209.431732,1465104209.502000
459,1465104203.792000,1465104204.414550,1465104209.416722,1465104209.507000
460,1465104203.792000,1465104204.425129,1465104209.426334,1465104209.499000
461,1465104203.792000,1465104204.431762,1465104209.433016,1465104209.514000
462,1465104203.792000,1465104204.713179,1465104209.714853,1465104209.803000
463,1465104203.793000,1465104204.459933,1465104209.462836,1465104209.543000
464,1465104203.793000,1465104204.391114,1465104209.392346,1465104209.497000
465,1465104203.794000,1465104204.400139,1465104209.401368,1465104209.488000
466,1465104203.794000,1465104204.425197,1465104209.426397,1465104209.515000
467,1465104203.794000,1465104204.406204,1465104209.407443,1465104209.485000
468,1465104203.794000,1465104204.685200,1465104209.686566,1465104209.767000
469,1465104203.794000,1465104204.432406,1465104209.433820,1465104209.530000
470,1465104203.794000,1465104204.436857,1465104209.438056,1465104209.515000
471,1465104203.794000,1465104204.441904,1465104209.443287,1465104209.523000
472,1465104203.794000,1465104204.451776,1465104209.453065,1465104209.538000
473,1465104203.794000,1465104204.416328,1465104209.417639,1465104209.505000
474,1465104203.795000,1465104204.474663,1465104209.479161,1465104209.536000
475,1465104203.795000,1465104204.435499,1465104209.437219,1465104209.518000
476,1465104203.795000,1465104204.447208,1465104209.448544,1465104209.528000
477,1465104203.795000,1465104204.426630,1465104209.428015,1465104209.507000
478,1465104203.796000,1465104204.453198,1465104209.454513,1465104209.543000
479,1465104203.796000,1465104204.701717,1465104209.702894,1465104209.772000
480,1465104203.796000,1465104204.458292,1465104209.459651,1465104209.539000
481,1465104203.796000,1465104204.420904,1465104209.422166,1465104209.490000
482,1465104203.796000,1465104204.400913,1465104209.402107,1465104209.481000
483,1465104203.796000,1465104204.459503,1465104209.461090,1465104209.539000
484,1465104203.796000,1465104204.692131,1465104209.693478,1465104209.782000
485,1465104203.796000,1465104204.439178,1465104209.440450,1465104209.513000
486,1465104203.796000,1465104204.715021,1465104209.734391,1465104209.823000
487,1465104203.796000,1465104204.413256,1465104209.427070,1465104209.508000
488,1465104203.796000,1465104204.459933,1465104209.466820,1465104209.547000
489,1465104203.796000,1465104204.703482,1465104209.704664,1465104209.774000
490,1465104203.797000,1465104204.457259,1465104209.458821,1465104209.539000
491,1465104203.797000,1465104204.628572,1465104209.629763,1465104209.703000
492,1465104203.797000,1465104204.428001,1465104209.429270,1465104209.506000
493,1465104203.798000,1465104204.638071,1465104209.639384,1465104209.710000
494,1465104203.798000,1465104204.478810,1465104209.479998,1465104209.576000
495,1465104203.798000,1465104204.438798,1465104209.440243,1465104209.518000
496,1465104203.798000,1465104204.443920,1465104209.446101,1465104209.546000
497,1465104203.798000,1465104204.455049,1465104209.456307,1465104209.557000
498,1465104203.798000,1465104204.436608,1465104209.437836,1465104209.524000
499,1465104203.798000,1465104204.855544,1465104209.857076,1465104209.935000
500,1465104203.798000,1465104204.423934,1465104209.425208,1465104209.510000
501,1465104203.798000,1465104204.456157,1465104209.474288,1465104209.563000
502,1465104203.798000,0.000000,0.000000,0.000000
503,1465104203.798000,1465104204.447701,1465104209.449119,1465104209.533000
504,1465104203.798000,1465104204.604529,1465104209.605753,1465104209.685000
505,1465104203.798000,1465104204.484338,1465104209.485529,1465104209.568000
506,1465104203.798000,1465104204.450611,1465104209.452194,1465104209.520000
507,1465104203.798000,1465104204.905462,1465104209.906724,1465104209.997000
508,1465104203.798000,1465104204.493306,1465104209.494506,1465104209.573000
509,1465104203.799000,1465104204.552944,1465104209.554202,1465104209.628000
510,1465104203.799000,1465104204.467888,1465104209.469331,1465104209.556000
511,1465104203.799000,1465104204.887492,1465104209.894528,1465104209.974000
512,1465104203.799000,1465104204.593036,1465104209.594237,1465104209.679000
513,1465104203.799000,1465104204.433818,1465104209.435556,1465104209.516000
514,1465104203.799000,1465104204.442497,1465104209.443761,1465104209.547000
515,1465104203.799000,1465104204.411013,1465104209.412462,1465104209.513000
516,1465104203.799000,1465104204.462237,1465104209.477963,1465104209.575000
517,1465104203.799000,1465104204.516262,1465104209.517525,1465104209.604000
518,1465104203.799000,1465104204.541408,1465104209.554380,1465104209.633000
519,1465104203.799000,1465104204.451689,1465104209.452866,1465104209.534000
520,1465104203.799000,1465104204.464688,1465104209.466777,1465104209.554000
521,1465104203.799000,1465104204.447194,1465104209.458044,1465104209.538000
522,1465104203.799000,1465104204.486468,1465104209.487658,1465104209.575000
523,1465104203.799000,1465104204.888517,1465104209.889744,1465104209.970000
524,1465104203.799000,1465104204.580434,1465104209.581669,1465104209.667000
525,1465104203.799000,1465104204.462045,1465104209.463268,1465104209.553000
526,1465104203.799000,1465104204.902052,1465104209.903232,1465104209.994000
527,1465104203.799000,1465104204.420368,1465104209.421901,1465104209.500000
528,1465104203.799000,1465104204.396780,1465104209.398414,1465104209.488000
529,1465104203.799000,1465104204.493375,1465104209.494796,1465104209.581000
530,1465104203.799000,1465104204.470587,1465104209.472188,1465104209.548000
531,1465104203.799000,1465104204.445871,1465104209.447083,1465104209.536000
532,1465104203.799000,1465104204.527891,1465104209.529275,1465104209.617000
533,1465104203.799000,1465104204.447842,1465104209.449028,1465104209.549000
534,1465104203.800000,1465104204.463618,1465104209.464922,1465104209.549000
535,1465104203.800000,1465104204.473759,1465104209.475253,1465104209.554000
536,1465104203.800000,1465104204.450124,1465104209.451421,1465104209.547000
537,1465104203.800000,1465104204.466050,1465104209.467303,1465104209.552000
538,1465104203.800000,1465104204.460586,1465104209.477969,1465104209.575000
539,1465104203.800000,1465104204.488062,1465104209.489335,1465104209.564000
540,1465104203.800000,1465104204.387813,1465104209.389180,1465104209.470000
541,1465104203.800000,1465104204.600548,1465104209.611934,1465104209.685000
542,1465104203.800000,1465104204.477312,1465104209.478836,1465104209.554000
543,1465104203.800000,1465104204.471289,1465104209.472473,1465104209.561000
544,1465104203.800000,1465104204.451049,1465104209.452473,1465104209.538000
545,1465104203.800000,1465104204.436957,1465104209.438663,1465104209.518000
546,1465104203.800000,1465104204.476796,1465104209.478078,1465104209.552000
547,1465104203.800000,1465104204.847870,1465104209.849112,1465104209.938000
548,1465104203.800000,1465104204.610630,1465104209.611733,1465104209.698000
549,1465104203.800000,1465104204.501200,1465104209.502447,1465104209.588000
550,1465104203.800000,1465104204.485347,1465104209.486995,1465104209.544000
551,1465104203.800000,1465104204.419031,1465104209.420281,1465104209.525000
552,1465104203.800000,1465104204.544208,1465104209.545975,1465104209.622000
553,1465104203.800000,1465104204.460472,1465104209.461738,1465104209.542000
554,1465104203.800000,1465104204.600516,1465104209.601691,1465104209.679000
555,1465104203.800000,1465104204.445566,1465104209.446841,1465104209.526000
556,1465104203.800000,1465104204.505895,1465104209.507057,1465104209.585000
557,1465104203.800000,1465104204.453788,1465104209.455060,1465104209.534000
558,1465104203.800000,1465104204.481278,1465104209.482521,1465104209.571000
559,1465104203.801000,1465104204.618947,1465104209.620133,1465104209.706000
560,1465104203.801000,1465104204.537423,1465104209.538749,1465104209.607000
561,1465104203.801000,1465104204.451773,1465104209.453407,1465104209.524000
562,1465104203.801000,1465104204.482918,1465104209.484293,1465104209.560000
563,1465104203.801000,1465104204.711920,1465104209.713164,1465104209.798000
564,1465104203.801000,1465104204.449240,1465104209.450643,1465104209.546000
565,1465104203.801000,1465104204.467013,1465104209.468334,1465104209.548000
566,1465104203.801000,1465104204.437313,1465104209.438591,1465104209.524000
567,1465104203.801000,1465104204.411699,1465104209.413002,1465104209.517000
568,1465104203.801000,1465104204.501670,1465104209.502903,1465104209.582000
569,1465104203.801000,1465104204.464148,1465104209.476048,1465104209.563000
570,1465104203.801000,1465104204.420278,1465104209.421795,1465104209.499000
571,1465104203.801000,1465104204.446327,1465104209.447640,1465104209.537000
572,1465104203.801000,1465104204.438561,1465104209.440464,1465104209.522000
573,1465104203.801000,1465104204.413345,1465104209.414611,1465104209.496000
574,1465104203.801000,1465104204.461117,1465104209.462323,1465104209.547000
575,1465104203.801000,1465104204.434855,1465104209.438566,1465104209.519000
576,1465104203.801000,1465104204.429970,1465104209.438204,1465104209.519000
577,1465104203.801000,1465104204.441415,1465104209.442586,1465104209.538000
578,1465104203.801000,1465104204.416481,1465104209.418523,1465104209.509000
579,1465104203.801000,1465104204.466890,1465104209.468729,1465104209.556000
580,1465104203.801000,1465104204.530090,1465104209.531316,1465104209.613000
581,1465104203.801000,1465104204.488809,1465104209.490279,1465104209.559000
582,1465104203.801000,1465104204.443079,1465104209.446684,1465104209.548000
583,1465104203.802000,1465104204.521238,1465104209.522596,1465104209.623000
584,1465104203.802000,1465104204.465178,1465104209.477235,1465104209.552000
585,1465104203.802000,1465104204.446304,1465104209.447567,1465104209.533000
586,1465104203.802000,1465104204.416434,1465104209.417688,1465104209.518000
587,1465104203.802000,1465104204.429350,1465104209.430567,1465104209.519000
588,1465104203.802000,1465104204.444622,1465104209.446101,1465104209.546000
589,1465104203.802000,1465104204.472496,1465104209.485282,1465104209.556000
590,1465104203.802000,1465104204.539685,1465104209.540986,1465104209.621000
591,1465104203.802000,1465104204.424822,1465104209.426514,1465104209.508000
592,1465104203.802000,1465104204.551395,1465104209.553088,1465104209.634000
593,1465104203.802000,1465104204.487915,1465104209.489309,1465104209.570000
594,1465104203.802000,1465104204.447125,1465104209.448641,1465104209.528000
595,1465104203.802000,1465104204.485916,1465104209.487177,1465104209.565000
596,1465104203.802000,1465104204.588296,1465104209.589989,1465104209.670000
597,1465104203.802000,1465104204.408036,1465104209.409219,1465104209.506000
598,1465104203.802000,1465104204.496090,1465104209.501526,1465104209.583000
599,1465104203.802000,1465104204.460278,1465104209.461466,1465104209.548000
600,1465104203.802000,1465104204.522354,1465104209.524069,1465104209.605000
601,1465104203.802000,1465104204.550844,1465104209.571480,1465104209.656000
602,1465104203.802000,1465104204.596830,1465104209.598146,1465104209.702000
603,1465104203.802000,1465104204.520436,1465104209.521853,1465104209.592000
604,1465104203.802000,1465104204.479877,1465104209.481520,1465104209.561000
605,1465104203.802000,1465104204.555797,1465104209.557212,1465104209.645000
606,1465104203.802000,1465104204.521084,1465104209.522361,1465104209.609000
607,1465104203.802000,1465104204.470806,1465104209.472265,1465104209.529000
608,1465104203.803000,1465104204.554836,1465104209.556116,1465104209.636000
609,1465104203.803000,1465104204.614847,1465104209.617365,1465104209.687000
610,1465104203.803000,1465104204.451706,1465104209.453310,1465104209.542000
611,1465104203.803000,1465104204.542890,1465104209.544161,1465104209.614000
612,1465104203.803000,1465104204.456974,1465104209.458448,1465104209.559000
613,1465104203.803000,1465104204.579618,1465104209.580921,1465104209.656000
614,1465104203.803000,1465104204.473411,1465104209.481168,1465104209.538000
615,1465104203.803000,1465104204.459916,1465104209.478780,1465104209.557000
616,1465104203.803000,1465104204.443720,1465104209.444922,1465104209.529000
617,1465104203.803000,1465104204.849599,1465104209.850845,1465104209.937000
618,1465104203.803000,1465104204.612119,1465104209.613266,1465104209.710000
619,1465104203.803000,1465104204.548406,1465104209.549856,1465104209.636000
620,1465104203.803000,1465104204.489964,1465104209.491269,1465104209.559000
621,1465104203.803000,1465104204.511595,1465104209.512876,1465104209.594000
622,1465104203.803000,1465104204.514836,1465104209.516073,1465104209.605000
623,1465104203.803000,1465104204.499989,1465104209.511560,1465104209.596000
624,1465104203.803000,1465104204.512765,1465104209.514004,1465104209.603000
625,1465104203.803000,1465104204.469347,1465104209.470580,1465104209.550000
626,1465104203.803000,1465104204.569060,1465104209.570270,1465104209.649000
627,1465104203.803000,1465104204.508121,1465104209.509542,1465104209.584000
628,1465104203.803000,1465104204.434347,1465104209.435721,1465104209.537000
629,1465104203.803000,1465104204.626382,1465104209.627580,1465104209.697000
630,1465104203.803000,1465104204.478659,1465104209.480771,1465104209.560000
631,1465104203.803000,1465104204.584255,1465104209.585449,1465104209.668000
632,1465104203.803000,1465104204.459456,1465104209.461169,1465104209.550000
633,1465104203.804000,1465104204.435229,1465104209.436561,1465104209.517000
634,1465104203.804000,1465104204.459205,1465104209.460379,1465104209.529000
635,1465104203.804000,1465104204.551798,1465104209.553074,1465104209.642000
636,1465104203.804000,1465104204.481349,1465104209.482606,1465104209.565000
637,1465104203.804000,1465104204.472533,1465104209.473982,1465104209.553000
638,1465104203.804000,1465104204.453259,1465104209.460294,1465104209.536000
639,1465104203.804000,1465104204.510745,1465104209.512060,1465104209.601000
640,1465104203.804000,1465104204.541346,1465104209.542615,1465104209.599000
641,1465104203.804000,1465104204.494505,1465104209.495876,1465104209.575000
642,1465104203.804000,1465104204.602897,1465104209.604075,1465104209.690000
643,1465104203.804000,1465104204.460910,1465104209.462809,1465104209.544000
644,1465104203.804000,1465104204.460751,1465104209.479278,1465104209.558000
645,1465104203.804000,1465104204.442218,1465104209.443703,1465104209.517000
646,1465104203.805000,1465104204.439539,1465104209.440955,1465104209.519000
647,1465104203.805000,1465104204.478646,1465104209.479837,1465104209.560000
648,1465104203.805000,1465104204.465946,1465104209.467201,1465104209.556000
649,1465104203.805000,1465104204.457470,1465104209.459161,1465104209.560000
650,1465104203.805000,1465104204.464671,1465104209.465943,1465104209.545000
651,1465104203.805000,1465104204.443220,1465104209.444759,1465104209.525000
652,1465104203.805000,1465104204.486626,1465104209.487873,1465104209.575000
653,1465104203.805000,1465104204.468184,1465104209.487311,1465104209.568000
654,1465104203.805000,1465104204.467191,1465104209.475640,1465104209.563000
655,1465104203.805000,1465104204.452473,1465104209.453942,1465104209.535000
656,1465104203.805000,1465104204.514433,1465104209.515733,1465104209.596000
657,1465104203.805000,1465104204.445807,1465104209.462368,1465104209.541000
658,1465104203.805000,1465104204.479194,1465104209.480446,1465104209.559000
659,1465104203.805000,1465104204.480264,1465104209.481442,1465104209.560000
660,1465104203.805000,1465104204.425754,1465104209.426993,1465104209.513000
661,1465104203.805000,1465104204.462502,1465104209.463734,1465104209.543000
662,1465104203.805000,1465104204.479892,1465104209.481234,1465104209.563000
663,1465104203.805000,1465104204.454402,1465104209.455639,1465104209.535000
664,1465104203.805000,1465104204.477017,1465104209.479313,1465104209.561000
665,1465104203.805000,1465104204.476120,1465104209.479161,1465104209.536000
666,1465104203.805000,1465104204.456952,1465104209.459349,1465104209.538000
667,1465104203.805000,1465104204.466192,1465104209.467370,1465104209.569000
668,1465104203.805000,1465104204.458112,1465104209.459337,1465104209.540000
669,1465104203.805000,1465104204.458114,1465104209.459775,1465104209.545000
670,1465104203.805000,1465104204.522591,1465104209.523776,1465104209.602000
671,1465104203.806000,1465104204.480710,1465104209.482013,1465104209.562000
672,1465104203.806000,1465104204.528120,1465104209.529352,1465104209.631000
673,1465104203.806000,1465104204.460973,1465104209.462820,1465104209.560000
674,1465104203.806000,1465104204.447284,1465104209.448671,1465104209.529000
675,1465104203.806000,1465104204.447999,1465104209.449293,1465104209.529000
676,1465104203.806000,1465104204.420471,1465104209.421853,1465104209.510000
677,1465104203.806000,1465104204.580337,1465104209.581658,1465104209.656000
678,1465104203.806000,1465104204.497657,1465104209.498821,1465104209.556000
679,1465104203.806000,1465104204.638618,1465104209.639820,1465104209.708000
680,1465104203.806000,1465104204.482026,1465104209.483292,1465104209.562000
681,1465104203.806000,1465104204.489100,1465104209.490321,1465104209.570000
682,1465104203.806000,1465104204.457743,1465104209.460281,1465104209.539000
683,1465104203.806000,1465104204.486419,1465104209.487686,1465104209.574000
684,1465104203.806000,1465104204.467862,1465104209.469064,1465104209.558000
685,1465104203.806000,1465104204.432088,1465104209.433371,1465104209.529000
686,1465104203.806000,1465104204.470373,1465104209.471523,1465104209.557000
687,1465104203.806000,1465104204.481536,1465104209.483048,1465104209.558000
688,1465104203.806000,1465104204.537245,1465104209.538486,1465104209.616000
689,1465104203.806000,1465104204.534535,1465104209.535963,1465104209.622000
690,1465104203.806000,1465104204.550018,1465104209.551264,1465104209.629000
691,1465104203.806000,1465104204.466896,1465104209.468521,1465104209.548000
692,1465104203.806000,1465104204.443296,1465104209.457925,1465104209.546000
693,1465104203.806000,1465104204.603710,1465104209.604972,1465104209.689000
694,1465104203.806000,1465104204.528629,1465104209.529923,1465104209.608000
695,1465104203.807000,1465104204.468457,1465104209.470841,1465104209.549000
696,1465104203.807000,1465104204.862884,1465104209.864219,1465104209.968000
697,1465104203.807000,1465104204.478253,1465104209.494566,1465104209.574000
698,1465104203.807000,1465104204.551028,1465104209.571930,1465104209.646000
699,1465104203.807000,1465104204.814819,1465104209.816261,1465104209.901000
700,1465104203.807000,1465104204.486034,1465104209.488802,1465104209.545000
701,1465104203.807000,1465104204.616457,1465104209.617738,1465104209.699000
702,1465104203.807000,1465104204.544247,1465104209.545506,1465104209.619000
703,1465104203.807000,1465104204.615236,1465104209.623453,1465104209.692000
704,1465104203.807000,1465104204.448026,1465104209.449510,1465104209.530000
705,1465104203.807000,1465104204.587397,1465104209.588993,1465104209.669000
706,1465104203.807000,1465104204.437173,1465104209.438403,1465104209.534000
707,1465104203.807000,1465104204.475895,1465104209.477098,1465104209.559000
708,1465104203.807000,1465104204.472673,1465104209.473904,1465104209.542000
709,1465104203.807000,1465104204.612447,1465104209.613632,1465104209.710000
710,1465104203.807000,1465104204.519763,1465104209.521205,1465104209.592000
711,1465104203.807000,1465104204.477560,1465104209.478901,1465104209.556000
712,1465104203.807000,1465104204.854584,1465104209.855736,1465104209.942000
713,1465104203.807000,1465104204.859113,1465104209.860677,1465104209.937000
714,1465104203.807000,1465104204.614862,1465104209.616262,1465104209.697000
715,1465104203.807000,1465104204.465499,1465104209.466788,1465104209.540000
716,1465104203.807000,1465104204.547356,1465104209.548580,1465104209.646000
717,1465104203.807000,1465104204.585728,1465104209.587005,1465104209.666000
718,1465104203.807000,1465104204.435780,1465104209.436960,1465104209.537000
719,1465104203.807000,1465104204.587386,1465104209.589077,1465104209.665000
720,1465104203.807000,1465104204.428523,1465104209.429901,1465104209.519000
721,1465104203.808000,1465104204.477702,1465104209.494274,1465104209.574000
722,1465104203.808000,1465104204.580584,1465104209.581924,1465104209.661000
723,1465104203.808000,1465104204.475152,1465104209.476365,1465104209.544000
724,1465104203.809000,1465104204.530721,1465104209.532359,1465104209.614000
725,1465104203.812000,1465104204.509905,1465104209.511388,1465104209.591000
726,1465104203.822000,1465104204.568914,1465104209.570160,1465104209.650000
727,1465104203.841000,1465104204.432088,1465104209.433238,1465104209.523000
728,1465104203.850000,1465104204.621460,1465104209.622715,1465104209.701000
729,1465104203.850000,1465104204.472681,1465104209.474035,1465104209.560000
730,1465104203.850000,1465104204.462907,1465104209.464218,1465104209.562000
731,1465104203.850000,1465104204.501260,1465104209.502537,1465104209.577000
732,1465104203.854000,1465104204.546478,1465104209.547685,1465104209.649000
733,1465104203.856000,1465104204.555229,1465104209.556529,1465104209.641000
734,1465104203.856000,1465104204.533986,1465104209.535505,1465104209.610000
735,1465104203.856000,1465104204.522855,1465104209.524227,1465104209.609000
736,1465104203.856000,1465104204.516120,1465104209.517396,1465104209.608000
737,1465104203.856000,1465104204.536566,1465104209.537827,1465104209.618000
738,1465104203.856000,1465104204.547777,1465104209.549026,1465104209.629000
739,1465104203.856000,1465104204.484984,1465104209.486408,1465104209.563000
740,1465104203.856000,1465104204.544436,1465104209.545873,1465104209.633000
741,1465104203.856000,1465104204.542836,1465104209.551803,1465104209.637000
742,1465104203.856000,1465104204.610293,1465104209.611691,1465104209.691000
743,1465104203.856000,1465104204.599139,1465104209.600353,1465104209.669000
744,1465104203.856000,1465104204.469777,1465104209.470950,1465104209.548000
745,1465104203.857000,1465104204.791185,1465104209.792419,1465104209.870000
746,1465104203.857000,1465104204.570738,1465104209.581513,1465104209.664000
747,1465104203.857000,1465104204.474910,1465104209.476109,1465104209.557000
748,1465104203.857000,1465104204.509814,1465104209.511069,1465104209.585000
749,1465104203.857000,1465104204.512685,1465104209.513927,1465104209.594000
750,1465104203.857000,1465104204.505288,1465104209.506544,1465104209.586000
751,1465104203.857000,1465104204.615047,1465104209.616236,1465104209.703000
752,1465104203.857000,1465104204.582759,1465104209.584012,1465104209.654000
753,1465104203.857000,1465104204.559486,1465104209.560812,1465104209.646000
754,1465104203.857000,1465104204.500025,1465104209.501185,1465104209.583000
755,1465104203.857000,1465104204.551773,1465104209.553183,1465104209.634000
756,1465104203.857000,1465104204.625791,1465104209.626981,1465104209.708000
757,1465104203.858000,1465104204.559946,1465104209.561482,1465104209.640000
758,1465104203.858000,1465104204.550409,1465104209.552487,1465104209.627000
759,1465104203.858000,1465104204.485492,1465104209.486811,1465104209.568000
760,1465104203.858000,1465104204.590534,1465104209.591853,1465104209.677000
761,1465104203.858000,1465104204.902260,1465104209.903732,1465104209.989000
762,1465104203.858000,1465104204.506795,1465104209.508025,1465104209.594000
763,1465104203.858000,1465104204.554322,1465104209.555703,1465104209.636000
764,1465104203.858000,1465104204.600565,1465104209.601793,1465104209.679000
765,1465104203.858000,1465104204.880636,1465104209.881863,1465104209.968000
766,1465104203.858000,1465104204.479333,1465104209.486845,1465104209.569000
767,1465104203.858000,1465104204.520555,1465104209.521752,1465104209.606000
768,1465104203.858000,1465104204.622716,1465104209.623925,1465104209.709000
769,1465104203.859000,1465104204.575617,1465104209.576881,1465104209.656000
770,1465104203.859000,1465104204.626776,1465104209.628132,1465104209.702000
771,1465104203.859000,1465104204.929876,1465104209.931001,1465104210.008000
772,1465104203.859000,1465104204.890533,1465104209.891681,1465104209.969000
773,1465104203.859000,1465104204.828170,1465104209.829598,1465104209.919000
774,1465104203.859000,1465104204.507905,1465104209.509185,1465104209.579000
775,1465104203.859000,1465104204.497575,1465104209.499022,1465104209.579000
776,1465104203.859000,1465104204.594111,1465104209.595527,1465104209.681000
777,1465104203.859000,1465104204.580209,1465104209.581511,1465104209.661000
778,1465104203.859000,1465104204.592870,1465104209.594152,1465104209.674000
779,1465104203.859000,1465104204.566295,1465104209.567897,1465104209.653000
780,1465104203.859000,1465104204.547167,1465104209.548451,1465104209.631000
781,1465104203.859000,1465104204.551002,1465104209.552275,1465104209.632000
782,1465104203.860000,1465104204.627423,1465104209.628643,1465104209.706000
783,1465104203.860000,1465104204.916573,1465104209.918351,1465104209.995000
784,1465104203.860000,1465104204.574669,1465104209.575941,1465104209.659000
785,1465104203.860000,1465104204.562135,1465104209.563782,1465104209.649000
786,1465104203.860000,1465104204.555730,1465104209.556940,1465104209.643000
787,1465104203.860000,1465104204.578953,1465104209.580526,1465104209.661000
788,1465104203.860000,1465104204.499861,1465104209.508748,1465104209.589000
789,1465104203.860000,1465104204.903300,1465104209.904611,1465104209.990000
790,1465104203.861000,0.000000,0.000000,0.000000
791,1465104203.861000,1465104204.935460,1465104209.936712,1465104210.007000
792,1465104203.861000,1465104204.521391,1465104209.531103,1465104209.618000
793,1465104203.861000,1465104204.536404,1465104209.537622,1465104209.618000
794,1465104203.861000,1465104204.907817,1465104209.917928,1465104209.994000
795,1465104203.862000,1465104204.589566,1465104209.604025,1465104209.690000
796,1465104203.862000,1465104204.600060,1465104209.601398,1465104209.689000
797,1465104203.862000,1465104204.608179,1465104209.609778,1465104209.691000
798,1465104203.862000,1465104204.589334,1465104209.590593,1465104209.676000
799,1465104203.862000,1465104204.620814,1465104209.630517,1465104209.711000
800,1465104203.862000,1465104204.603643,1465104209.605052,1465104209.679000
801,1465104203.862000,1465104204.805332,1465104209.806805,1465104209.882000
802,1465104203.862000,1465104204.814906,1465104209.816057,1465104209.893000
803,1465104203.862000,1465104204.900526,1465104209.901776,1465104209.992000
804,1465104203.863000,1465104204.843986,1465104209.845197,1465104209.931000
805,1465104203.863000,1465104204.541113,1465104209.542278,1465104209.613000
806,1465104203.863000,1465104204.518118,1465104209.519552,1465104209.607000
807,1465104203.863000,1465104204.887829,1465104209.889034,1465104209.986000
808,1465104203.863000,1465104204.562576,1465104209.564098,1465104209.652000
809,1465104203.863000,1465104204.612410,1465104209.613628,1465104209.693000
810,1465104203.863000,1465104204.523778,1465104209.525100,1465104209.606000
811,1465104203.863000,1465104204.453530,1465104209.454712,1465104209.539000
812,1465104203.863000,1465104204.859146,1465104209.862323,1465104209.940000
813,1465104203.864000,1465104204.551568,1465104209.552794,1465104209.633000
814,1465104203.864000,1465104204.592786,1465104209.594114,1465104209.680000
815,1465104203.864000,1465104204.588995,1465104209.590165,1465104209.660000
816,1465104203.864000,1465104204.574178,1465104209.575324,1465104209.661000
817,1465104203.865000,1465104204.902219,1465104209.903443,1465104209.988000
818,1465104203.865000,1465104204.474038,1465104209.487715,1465104209.569000
819,1465104203.865000,1465104204.610578,1465104209.612109,1465104209.688000
820,1465104203.866000,1465104204.559200,1465104209.560650,1465104209.636000
821,1465104203.866000,1465104204.934087,1465104209.935660,1465104210.006000
822,1465104203.866000,1465104204.601022,1465104209.602253,1465104209.673000
823,1465104203.866000,1465104204.487762,1465104209.489091,1465104209.559000
824,1465104203.866000,1465104204.920729,1465104209.921943,1465104209.999000
825,1465104203.867000,1465104204.570564,1465104209.571754,1465104209.656000
826,1465104203.867000,1465104204.598375,1465104209.599984,1465104209.681000
827,1465104203.867000,1465104204.558294,1465104209.559475,1465104209.642000
828,1465104203.867000,1465104204.483595,1465104209.484969,1465104209.573000
829,1465104203.867000,1465104204.526252,1465104209.527523,1465104209.607000
830,1465104203.867000,1465104204.585180,1465104209.591886,1465104209.666000
831,1465104203.868000,1465104204.925320,1465104209.926503,1465104210.004000
832,1465104203.868000,1465104204.607885,1465104209.609076,1465104209.693000
833,1465104203.868000,1465104204.570824,1465104209.572064,1465104209.649000
834,1465104203.868000,1465104204.581968,1465104209.583261,1465104209.668000
835,1465104203.869000,1465104204.598966,1465104209.600217,1465104209.685000
836,1465104203.869000,1465104204.891839,1465104209.893268,1465104209.977000
837,1465104203.869000,1465104204.593799,1465104209.595148,1465104209.675000
838,1465104203.869000,1465104204.583912,1465104209.585120,1465104209.662000
839,1465104203.869000,1465104204.539234,1465104209.540474,1465104209.626000
840,1465104203.869000,1465104204.891258,1465104209.892512,1465104209.997000
841,1465104203.869000,1465104204.878405,1465104209.879571,1465104209.957000
842,1465104203.870000,1465104204.587095,1465104209.588469,1465104209.664000
843,1465104203.871000,1465104204.568008,1465104209.569218,1465104209.665000
844,1465104203.871000,1465104204.532147,1465104209.533386,1465104209.618000
845,1465104203.871000,1465104204.538242,1465104209.539788,1465104209.615000
846,1465104203.871000,1465104204.553444,1465104209.554645,1465104209.625000
847,1465104203.871000,1465104204.626629,1465104209.628045,1465104209.708000
848,1465104203.871000,1465104204.565721,1465104209.567005,1465104209.646000
849,1465104203.871000,1465104204.610432,1465104209.611724,1465104209.708000
850,1465104203.871000,1465104204.893193,1465104209.894525,1465104209.984000
851,1465104203.872000,1465104204.887157,1465104209.888623,1465104209.964000
852,1465104203.872000,1465104204.600839,1465104209.602161,1465104209.683000
853,1465104203.872000,1465104204.533973,1465104209.535324,1465104209.604000
854,1465104203.872000,1465104204.547013,1465104209.548364,1465104209.628000
855,1465104203.872000,1465104204.594260,1465104209.595578,1465104209.665000
856,1465104203.872000,1465104204.616111,1465104209.617495,1465104209.694000
857,1465104203.873000,1465104204.598498,1465104209.612043,1465104209.697000
858,1465104203.873000,1465104204.855415,1465104209.865251,1465104209.944000
859,1465104203.873000,1465104204.568335,1465104209.569585,1465104209.656000
860,1465104203.873000,1465104204.530327,1465104209.531507,1465104209.618000
861,1465104203.874000,1465104204.896594,1465104209.897972,1465104209.973000
862,1465104203.874000,1465104204.572995,1465104209.574252,1465104209.678000
863,1465104203.874000,1465104204.598362,1465104209.599662,1465104209.678000
864,1465104203.874000,1465104204.868788,1465104209.870032,1465104209.966000
865,1465104203.875000,1465104204.563775,1465104209.564988,1465104209.660000
866,1465104203.875000,1465104204.568149,1465104209.569463,1465104209.655000
867,1465104203.875000,1465104204.615927,1465104209.617184,1465104209.696000
868,1465104203.876000,1465104204.481978,1465104209.483293,1465104209.571000
869,1465104203.876000,1465104204.583538,1465104209.584921,1465104209.670000
870,1465104203.876000,1465104204.612256,1465104209.613542,1465104209.693000
871,1465104203.876000,1465104204.624626,1465104209.626158,1465104209.704000
872,1465104203.876000,0.000000,0.000000,0.000000
873,1465104203.876000,1465104204.609895,1465104209.611198,1465104209.684000
874,1465104203.876000,1465104204.617532,1465104209.628593,1465104209.715000
875,1465104203.877000,1465104204.606583,1465104209.607868,1465104209.694000
876,1465104203.877000,1465104204.609607,1465104209.610861,1465104209.695000
877,1465104203.877000,1465104204.846587,1465104209.847949,1465104209.934000
878,1465104203.877000,1465104204.825293,1465104209.826611,1465104209.913000
879,1465104203.877000,1465104204.902560,1465104209.920627,1465104209.996000
880,1465104203.877000,1465104204.618993,1465104209.622743,1465104209.692000
881,1465104203.878000,1465104204.584041,1465104209.585495,1465104209.659000
882,1465104203.878000,1465104204.462314,1465104209.463828,1465104209.549000
883,1465104203.878000,1465104204.528023,1465104209.529348,1465104209.608000
884,1465104203.878000,1465104204.623114,1465104209.624474,1465104209.698000
885,1465104203.878000,1465104204.832005,1465104209.833281,1465104209.920000
886,1465104203.879000,1465104204.576921,1465104209.578963,1465104209.658000
887,1465104203.879000,1465104204.621315,1465104209.624307,1465104209.693000
888,1465104203.879000,1465104204.610883,1465104209.612120,1465104209.693000
889,1465104203.879000,1465104204.468304,1465104209.469568,1465104209.573000
890,1465104203.879000,1465104204.823846,1465104209.825245,1465104209.896000
891,1465104203.879000,1465104204.632300,1465104209.634675,1465104209.714000
892,1465104203.879000,1465104204.593452,1465104209.594657,1465104209.677000
893,1465104203.880000,1465104204.577827,1465104209.579277,1465104209.669000
894,1465104203.880000,1465104204.930987,1465104209.932299,1465104210.008000
895,1465104203.880000,1465104204.622595,1465104209.623762,1465104209.701000
896,1465104203.881000,1465104204.612703,1465104209.613887,1465104209.695000
897,1465104203.881000,1465104204.563492,1465104209.564741,1465104209.651000
898,1465104203.881000,1465104204.577246,1465104209.583965,1465104209.663000
899,1465104203.881000,1465104204.598709,1465104209.599920,1465104209.696000
900,1465104203.882000,1465104204.606179,1465104209.607484,1465104209.688000
901,1465104203.882000,1465104204.626051,1465104209.627870,1465104209.707000
902,1465104203.882000,1465104204.805054,1465104209.806322,1465104209.910000
903,1465104203.882000,1465104204.535849,1465104209.537257,1465104209.612000
904,1465104203.882000,1465104204.594373,1465104209.595716,1465104209.683000
905,1465104203.883000,1465104204.622897,1465104209.624947,1465104209.694000
906,1465104203.883000,1465104204.599454,1465104209.601056,1465104209.682000
907,1465104203.883000,1465104204.887034,1465104209.888250,1465104209.966000
908,1465104203.883000,1465104204.595303,1465104209.596532,1465104209.685000
909,1465104203.884000,1465104204.619460,1465104209.620959,1465104209.690000
910,1465104203.885000,1465104204.619477,1465104209.620691,1465104209.700000
911,1465104203.886000,1465104204.563282,1465104209.575611,1465104209.663000
912,1465104203.886000,1465104204.623027,1465104209.625642,1465104209.695000
913,1465104203.886000,1465104204.593115,1465104209.597249,1465104209.673000
914,1465104203.886000,1465104204.615744,1465104209.616977,1465104209.705000
915,1465104203.886000,1465104204.853705,1465104209.854910,1465104209.941000
916,1465104203.886000,1465104204.562292,1465104209.565407,1465104209.651000
917,1465104203.887000,1465104204.605053,1465104209.606330,1465104209.691000
918,1465104203.888000,1465104204.877034,1465104209.878474,1465104209.967000
919,1465104203.888000,1465104204.873404,1465104209.874742,1465104209.965000
920,1465104203.888000,1465104204.858625,1465104209.861364,1465104209.939000
921,1465104203.889000,1465104204.599592,1465104209.601689,1465104209.683000
922,1465104203.889000,1465104204.625208,1465104209.626539,1465104209.703000
923,1465104203.889000,1465104204.585096,1465104209.586461,1465104209.666000
924,1465104203.889000,1465104204.616490,1465104209.618104,1465104209.699000
925,1465104203.890000,1465104204.908112,1465104209.909502,1465104209.985000
926,1465104203.891000,1465104204.914528,1465104209.915907,1465104209.986000
927,1465104203.891000,1465104204.528566,1465104209.529794,1465104209.612000
928,1465104203.892000,1465104204.804200,1465104209.805467,1465104209.892000
929,1465104203.892000,1465104204.542923,1465104209.544112,1465104209.631000
930,1465104203.893000,1465104204.909304,1465104209.910683,1465104209.999000
931,1465104203.893000,1465104204.627478,1465104209.629416,1465104209.705000
932,1465104203.893000,1465104204.894570,1465104209.896041,1465104209.982000
933,1465104203.894000,1465104204.581543,1465104209.582834,1465104209.640000
934,1465104203.894000,0.000000,0.000000,0.000000
935,1465104203.894000,1465104204.887200,1465104209.888461,1465104209.978000
936,1465104203.894000,1465104204.611100,1465104209.612801,1465104209.700000
937,1465104203.894000,1465104204.628250,1465104209.629439,1465104209.710000
938,1465104203.894000,1465104204.623461,1465104209.624727,1465104209.705000
939,1465104203.895000,1465104204.635003,1465104209.636398,1465104209.706000
940,1465104203.895000,1465104204.606852,1465104209.607994,1465104209.705000
941,1465104203.895000,1465104204.561699,1465104209.562949,1465104209.632000
942,1465104203.895000,1465104204.871523,1465104209.872768,1465104209.959000
943,1465104203.896000,1465104204.632814,1465104209.643544,1465104209.722000
944,1465104203.896000,1465104204.597546,1465104209.598901,1465104209.689000
945,1465104203.897000,1465104204.620151,1465104209.621900,1465104209.691000
946,1465104203.897000,1465104204.936477,1465104209.937881,1465104210.007000
947,1465104203.897000,1465104204.606641,1465104209.607944,1465104209.688000
948,1465104203.897000,1465104204.524357,1465104209.525811,1465104209.605000
949,1465104203.897000,1465104204.895220,1465104209.896567,1465104209.982000
950,1465104203.897000,1465104204.612014,1465104209.613506,1465104209.701000
951,1465104203.897000,1465104204.617823,1465104209.619369,1465104209.706000
952,1465104203.897000,1465104204.549465,1465104209.550794,1465104209.637000
953,1465104203.898000,1465104204.579938,1465104209.581243,1465104209.669000
954,1465104203.898000,1465104204.641510,1465104209.642766,1465104209.712000
955,1465104203.898000,1465104204.836003,1465104209.843805,1465104209.948000
956,1465104203.898000,1465104204.912778,1465104209.914110,1465104210.004000
957,1465104203.898000,1465104204.851172,1465104209.852552,1465104209.938000
958,1465104203.898000,1465104204.623826,1465104209.625307,1465104209.703000
959,1465104203.898000,1465104204.592429,1465104209.593727,1465104209.676000
960,1465104203.899000,1465104204.585668,1465104209.587040,1465104209.673000
961,1465104203.899000,1465104204.594226,1465104209.595768,1465104209.677000
962,1465104203.900000,1465104204.599291,1465104209.600485,1465104209.687000
963,1465104203.900000,1465104204.619367,1465104209.620597,1465104209.706000
964,1465104203.901000,1465104204.585714,1465104209.586919,1465104209.672000
965,1465104203.901000,1465104204.601111,1465104209.602335,1465104209.693000
966,1465104203.901000,1465104204.885285,1465104209.886653,1465104209.965000
967,1465104203.901000,1465104204.596714,1465104209.598216,1465104209.683000
968,1465104203.901000,1465104204.587565,1465104209.588821,1465104209.668000
969,1465104203.901000,1465104204.563845,1465104209.565047,1465104209.650000
970,1465104203.901000,1465104204.609776,1465104209.611038,1465104209.691000
971,1465104203.901000,1465104204.603884,1465104209.605086,1465104209.692000
972,1465104203.901000,1465104204.618225,1465104209.619565,1465104209.700000
973,1465104203.902000,0.000000,0.000000,0.000000
974,1465104203.903000,0.000000,0.000000,0.000000
975,1465104203.903000,1465104204.910575,1465104209.911961,1465104209.997000
976,1465104203.903000,1465104204.610927,1465104209.612110,1465104209.682000
977,1465104203.903000,1465104204.616456,1465104209.617705,1465104209.698000
978,1465104203.903000,1465104204.603432,1465104209.604683,1465104209.702000
979,1465104203.903000,1465104204.876553,1465104209.877780,1465104209.982000
980,1465104203.904000,1465104204.625199,1465104209.627040,1465104209.708000
981,1465104203.904000,1465104204.602495,1465104209.603981,1465104209.677000
982,1465104203.904000,1465104204.604160,1465104209.605434,1465104209.692000
983,1465104203.904000,1465104204.605734,1465104209.606939,1465104209.693000
984,1465104203.904000,1465104204.599760,1465104209.601732,1465104209.683000
985,1465104203.905000,1465104204.913259,1465104209.914725,1465104209.994000
986,1465104203.905000,1465104204.620842,1465104209.622130,1465104209.707000
987,1465104203.905000,1465104204.605893,1465104209.607405,1465104209.682000
988,1465104203.905000,1465104204.616613,1465104209.617886,1465104209.697000
989,1465104203.905000,1465104204.622557,1465104209.624020,1465104209.699000
990,1465104203.906000,1465104204.628362,1465104209.640495,1465104209.716000
991,1465104203.906000,1465104204.587936,1465104209.589198,1465104209.664000
992,1465104203.906000,1465104204.531061,1465104209.532334,1465104209.618000
993,1465104203.906000,1465104204.596844,1465104209.598105,1465104209.685000
994,1465104203.906000,1465104204.619225,1465104209.620529,1465104209.699000
995,1465104203.906000,1465104204.631045,1465104209.632296,1465104209.701000
996,1465104203.906000,1465104204.616816,1465104209.618065,1465104209.699000
997,1465104203.906000,1465104204.581585,1465104209.582983,1465104209.669000
998,1465104203.907000,1465104204.575925,1465104209.577192,1465104209.678000
999,1465104203.907000,1465104204.612867,1465104209.614082,1465104209.692000
