0,1465104228.731000,1465104229.468758,1465104234.469998,1465104234.549000
1,1465104228.731000,1465104229.469685,1465104234.470860,1465104234.540000
2,1465104228.731000,1465104229.389168,1465104234.394656,1465104234.473000
3,1465104228.731000,1465104229.455076,1465104234.456399,1465104234.530000
4,1465104228.731000,1465104229.473618,1465104234.475297,1465104234.556000
5,1465104228.731000,1465104229.399885,1465104234.401145,1465104234.489000
6,1465104228.731000,1465104229.416435,1465104234.418085,1465104234.498000
7,1465104228.732000,1465104229.450892,1465104234.452472,1465104234.538000
8,1465104228.731000,1465104229.393614,1465104234.395211,1465104234.481000
9,1465104228.732000,1465104229.436182,1465104234.437541,1465104234.514000
10,1465104228.732000,1465104229.415730,1465104234.417481,1465104234.521000
11,1465104228.732000,1465104229.399547,1465104234.400806,1465104234.478000
12,1465104228.732000,1465104229.385270,1465104234.386461,1465104234.477000
13,1465104228.732000,1465104229.368405,1465104234.370269,1465104234.457000
14,1465104228.732000,1465104229.350251,1465104234.351775,1465104234.425000
15,1465104228.732000,1465104229.390265,1465104234.391542,1465104234.471000
16,1465104228.732000,1465104229.406364,1465104234.407553,1465104234.490000
17,1465104228.732000,1465104229.399106,1465104234.400380,1465104234.470000
18,1465104228.732000,1465104229.388614,1465104234.390097,1465104234.478000
19,1465104228.732000,1465104229.380744,1465104234.382065,1465104234.463000
20,1465104228.733000,1465104229.416250,1465104234.417770,1465104234.503000
21,1465104228.733000,1465104229.393179,1465104234.394643,1465104234.472000
22,1465104228.733000,1465104229.434280,1465104234.435568,1465104234.522000
23,1465104228.733000,1465104229.382285,1465104234.383629,1465104234.472000
24,1465104228.733000,1465104229.668279,1465104234.669427,1465104234.770000
25,1465104228.733000,1465104229.750757,1465104234.751927,1465104234.852000
26,1465104228.734000,1465104229.410905,1465104234.412105,1465104234.494000
27,1465104228.735000,1465104229.473650,1465104234.474944,1465104234.561000
28,1465104228.735000,1465104229.442869,1465104234.451843,1465104234.537000
29,1465104228.735000,1465104229.368253,1465104234.369857,1465104234.474000
30,1465104228.735000,1465104229.424317,1465104234.425557,1465104234.512000
31,1465104228.736000,1465104229.435527,1465104234.437099,1465104234.513000
32,1465104228.736000,1465104229.398348,1465104234.399605,1465104234.477000
33,1465104228.737000,1465104229.389521,1465104234.391107,1465104234.472000
34,1465104228.738000,1465104229.468056,1465104234.470040,1465104234.550000
35,1465104228.738000,1465104229.405083,1465104234.406269,1465104234.484000
36,1465104228.738000,1465104229.368916,1465104234.370544,1465104234.452000
37,1465104228.738000,1465104229.386954,1465104234.388435,1465104234.459000
38,1465104228.738000,1465104229.407095,1465104234.408378,1465104234.498000
39,1465104228.738000,1465104229.438321,1465104234.439704,1465104234.529000
40,1465104228.738000,1465104229.426893,1465104234.428197,1465104234.507000
41,1465104228.738000,1465104229.407868,1465104234.409367,1465104234.488000
42,1465104228.739000,1465104229.371273,1465104234.372757,1465104234.459000
43,1465104228.738000,1465104229.439687,1465104234.440873,1465104234.514000
44,1465104228.738000,1465104229.454993,1465104234.456266,1465104234.537000
45,1465104228.738000,1465104229.459876,1465104234.462576,1465104234.549000
46,1465104228.739000,1465104229.485859,1465104234.487294,1465104234.568000
47,1465104228.739000,1465104229.482293,1465104234.483858,1465104234.568000
48,1465104228.739000,1465104229.491461,1465104234.492782,1465104234.576000
49,1465104228.739000,1465104229.381510,1465104234.383034,1465104234.461000
50,1465104228.739000,1465104229.403965,1465104234.405471,1465104234.487000
51,1465104228.741000,1465104229.370941,1465104234.384044,1465104234.471000
52,1465104228.741000,1465104229.426529,1465104234.428014,1465104234.528000
53,1465104228.741000,1465104231.194716,1465104236.196211,1465104236.284000
54,1465104228.741000,1465104229.433068,1465104234.434330,1465104234.508000
55,1465104228.743000,1465104229.399560,1465104234.401067,1465104234.471000
56,1465104228.744000,1465104229.430147,1465104234.431306,1465104234.508000
57,1465104228.744000,1465104229.483368,1465104234.484561,1465104234.555000
58,1465104228.745000,1465104231.220687,1465104236.222221,1465104236.301000
59,1465104228.745000,1465104229.438027,1465104234.439342,1465104234.510000
60,1465104228.745000,1465104229.674384,1465104234.675607,1465104234.753000
61,1465104228.745000,1465104229.487252,1465104234.488629,1465104234.558000
62,1465104228.745000,1465104229.443341,1465104234.446284,1465104234.550000
63,1465104228.745000,1465104229.384434,1465104234.385929,1465104234.474000
64,1465104228.745000,1465104229.716271,1465104234.717491,1465104234.775000
65,1465104228.745000,1465104229.451191,1465104234.452472,1465104234.532000
66,1465104228.745000,1465104229.753287,1465104234.754887,1465104234.836000
67,1465104228.745000,1465104229.406425,1465104234.407917,1465104234.465000
68,1465104228.745000,1465104229.458523,1465104234.459738,1465104234.540000
69,1465104228.745000,1465104229.710214,1465104234.711536,1465104234.808000
70,1465104228.745000,1465104229.407486,1465104234.420989,1465104234.496000
71,1465104228.745000,1465104229.420777,1465104234.421996,1465104234.502000
72,1465104228.745000,1465104229.735563,1465104234.736840,1465104234.832000
73,1465104228.746000,1465104229.413219,1465104234.423667,1465104234.528000
74,1465104228.746000,1465104229.708629,1465104234.709861,1465104234.813000
75,1465104228.746000,1465104229.433853,1465104234.435181,1465104234.514000
76,1465104228.746000,1465104229.677345,1465104234.678540,1465104234.749000
77,1465104228.746000,1465104229.425419,1465104234.426709,1465104234.498000
78,1465104228.746000,1465104229.697384,1465104234.698653,1465104234.777000
79,1465104228.746000,1465104229.460132,1465104234.461391,1465104234.530000
80,1465104228.746000,1465104229.699582,1465104234.700897,1465104234.791000
81,1465104228.746000,0.000000,0.000000,0.000000
82,1465104228.746000,1465104229.742015,1465104234.743669,1465104234.823000
83,1465104228.746000,1465104229.500956,1465104234.505281,1465104234.576000
84,1465104228.746000,1465104229.463135,1465104234.464708,1465104234.535000
85,1465104228.746000,1465104229.463036,1465104234.464717,1465104234.535000
86,1465104228.746000,1465104229.776108,1465104234.789899,1465104234.858000
87,1465104228.746000,1465104231.243704,1465104236.245214,1465104236.302000
88,1465104228.746000,1465104231.224544,1465104236.225809,1465104236.304000
89,1465104228.746000,1465104229.456455,1465104234.457697,1465104234.539000
90,1465104228.746000,1465104229.687971,1465104234.689140,1465104234.766000
91,1465104228.746000,1465104229.393755,1465104234.395482,1465104234.464000
92,1465104228.746000,1465104229.739812,1465104234.741053,1465104234.819000
93,1465104228.747000,1465104229.452441,1465104234.453759,1465104234.540000
94,1465104228.747000,1465104229.747176,1465104234.748484,1465104234.817000
95,1465104228.747000,1465104229.368992,1465104234.370475,1465104234.453000
96,1465104228.747000,1465104229.711431,1465104234.712741,1465104234.792000
97,1465104228.747000,1465104229.378382,1465104234.380139,1465104234.461000
98,1465104228.747000,1465104229.379519,1465104234.381217,1465104234.471000
99,1465104228.747000,1465104229.474919,1465104234.476665,1465104234.556000
100,1465104228.747000,1465104229.411685,1465104234.412916,1465104234.499000
101,1465104228.747000,1465104229.699388,1465104234.706614,1465104234.788000
102,1465104228.747000,1465104229.406633,1465104234.408132,1465104234.493000
103,1465104228.747000,1465104229.468579,1465104234.470060,1465104234.555000
104,1465104228.747000,1465104229.371707,1465104234.373172,1465104234.463000
105,1465104228.747000,1465104229.712910,1465104234.714554,1465104234.788000
106,1465104228.747000,1465104231.218961,1465104236.220200,1465104236.310000
107,1465104228.747000,1465104229.405633,1465104234.407151,1465104234.487000
108,1465104228.747000,1465104229.379597,1465104234.381119,1465104234.461000
109,1465104228.747000,1465104229.391838,1465104234.393465,1465104234.462000
110,1465104228.747000,1465104229.404133,1465104234.405427,1465104234.486000
111,1465104228.747000,1465104229.429751,1465104234.430986,1465104234.516000
112,1465104228.747000,1465104229.391824,1465104234.392969,1465104234.464000
113,1465104228.747000,1465104231.196017,1465104236.197564,1465104236.278000
114,1465104228.747000,1465104229.739321,1465104234.740527,1465104234.836000
115,1465104228.748000,1465104229.712865,1465104234.714125,1465104234.818000
116,1465104228.748000,1465104229.401061,1465104234.402270,1465104234.480000
117,1465104228.748000,1465104229.721796,1465104234.723386,1465104234.809000
118,1465104228.749000,1465104229.410461,1465104234.411952,1465104234.498000
119,1465104228.750000,1465104229.744404,1465104234.745649,1465104234.803000
120,1465104228.750000,1465104229.383828,1465104234.385308,1465104234.471000
121,1465104228.751000,1465104229.395565,1465104234.397254,1465104234.475000
122,1465104228.754000,1465104229.761192,1465104234.762479,1465104234.850000
123,1465104228.758000,1465104231.198770,1465104236.200385,1465104236.290000
124,1465104228.758000,1465104229.418056,1465104234.419331,1465104234.505000
125,1465104228.760000,1465104231.240726,1465104236.242020,1465104236.322000
126,1465104228.760000,1465104229.389936,1465104234.391598,1465104234.470000
127,1465104228.760000,1465104229.433155,1465104234.440584,1465104234.516000
128,1465104228.760000,1465104229.394662,1465104234.395902,1465104234.465000
129,1465104228.760000,1465104229.435084,1465104234.436291,1465104234.516000
130,1465104228.760000,1465104229.436632,1465104234.437792,1465104234.525000
131,1465104228.761000,1465104229.759812,1465104234.761119,1465104234.842000
132,1465104228.761000,1465104229.447837,1465104234.449051,1465104234.519000
133,1465104228.761000,1465104229.477838,1465104234.479406,1465104234.555000
134,1465104228.761000,1465104229.485472,1465104234.486673,1465104234.573000
135,1465104228.761000,1465104229.365480,1465104234.366963,1465104234.464000
136,1465104228.762000,1465104229.496982,1465104234.498779,1465104234.581000
137,1465104228.762000,1465104229.707765,1465104234.708940,1465104234.805000
138,1465104228.762000,1465104229.452014,1465104234.453337,1465104234.543000
139,1465104228.762000,1465104229.686991,1465104234.688177,1465104234.786000
140,1465104228.762000,0.000000,0.000000,0.000000
141,1465104228.762000,1465104229.496366,1465104234.497695,1465104234.573000
142,1465104228.762000,1465104229.671709,1465104234.672909,1465104234.762000
143,1465104228.762000,1465104229.443979,1465104234.445354,1465104234.530000
144,1465104228.762000,1465104229.485377,1465104234.486639,1465104234.584000
145,1465104228.762000,1465104229.736913,1465104234.747334,1465104234.843000
146,1465104228.762000,1465104229.714633,1465104234.715829,1465104234.785000
147,1465104228.762000,1465104229.719936,1465104234.721273,1465104234.801000
148,1465104228.762000,1465104229.486710,1465104234.487963,1465104234.561000
149,1465104228.763000,1465104229.669431,1465104234.670732,1465104234.751000
150,1465104228.763000,1465104229.485834,1465104234.487166,1465104234.567000
151,1465104228.763000,1465104229.465697,1465104234.466887,1465104234.551000
152,1465104228.763000,1465104229.417539,1465104234.419114,1465104234.506000
153,1465104228.764000,1465104229.472000,1465104234.474012,1465104234.545000
154,1465104228.764000,1465104229.712484,1465104234.713686,1465104234.813000
155,1465104228.764000,0.000000,0.000000,0.000000
156,1465104228.764000,1465104231.231908,1465104236.233389,1465104236.329000
157,1465104228.764000,1465104229.417779,1465104234.419042,1465104234.499000
158,1465104228.765000,0.000000,0.000000,0.000000
159,1465104228.765000,1465104229.672412,1465104234.673652,1465104234.753000
160,1465104228.765000,0.000000,0.000000,0.000000
161,1465104228.765000,1465104231.208878,1465104236.210313,1465104236.307000
162,1465104228.765000,1465104229.478263,1465104234.479528,1465104234.554000
163,1465104228.765000,1465104229.693422,1465104234.694655,1465104234.773000
164,1465104228.766000,1465104229.457125,1465104234.458328,1465104234.529000
165,1465104228.766000,1465104229.488175,1465104234.489501,1465104234.565000
166,1465104228.766000,1465104229.438292,1465104234.445358,1465104234.523000
167,1465104228.766000,1465104229.780271,1465104234.781428,1465104234.859000
168,1465104228.766000,1465104229.412385,1465104234.413611,1465104234.494000
169,1465104228.766000,1465104229.453978,1465104234.473832,1465104234.559000
170,1465104228.766000,1465104229.834101,1465104234.835356,1465104234.893000
171,1465104228.767000,1465104229.404843,1465104234.406419,1465104234.487000
172,1465104228.767000,1465104229.468964,1465104234.470761,1465104234.551000
173,1465104228.767000,1465104229.376000,1465104234.377560,1465104234.474000
174,1465104228.767000,0.000000,0.000000,0.000000
175,1465104228.767000,1465104229.471722,1465104234.473620,1465104234.544000
176,1465104228.767000,1465104229.703157,1465104234.704590,1465104234.779000
177,1465104228.767000,1465104229.702218,1465104234.703505,1465104234.784000
178,1465104228.767000,1465104229.438308,1465104234.440033,1465104234.517000
179,1465104228.767000,1465104229.755641,1465104234.774590,1465104234.852000
180,1465104228.767000,1465104231.269064,1465104236.270343,1465104236.327000
181,1465104228.767000,1465104229.473913,1465104234.475418,1465104234.562000
182,1465104228.767000,1465104229.744887,1465104234.746145,1465104234.824000
183,1465104228.767000,1465104229.685515,1465104234.686830,1465104234.768000
184,1465104228.767000,1465104229.738248,1465104234.739504,1465104234.797000
185,1465104228.767000,1465104229.457984,1465104234.459461,1465104234.540000
186,1465104228.767000,1465104229.747975,1465104234.750417,1465104234.832000
187,1465104228.767000,1465104229.466508,1465104234.467743,1465104234.548000
188,1465104228.767000,1465104229.814311,1465104234.815512,1465104234.896000
189,1465104228.767000,1465104229.511952,1465104234.514581,1465104234.592000
190,1465104228.767000,1465104229.678225,1465104234.695261,1465104234.796000
191,1465104228.767000,1465104229.693662,1465104234.694825,1465104234.752000
192,1465104228.767000,1465104229.773781,1465104234.774993,1465104234.852000
193,1465104228.767000,1465104231.236547,1465104236.237844,1465104236.327000
194,1465104228.767000,1465104229.397089,1465104234.398300,1465104234.484000
195,1465104228.767000,1465104229.498472,1465104234.509451,1465104234.596000
196,1465104228.767000,1465104229.400965,1465104234.402250,1465104234.490000
197,1465104228.767000,1465104229.760797,1465104234.762421,1465104234.843000
198,1465104228.767000,1465104229.487027,1465104234.488323,1465104234.575000
199,1465104228.767000,1465104229.399779,1465104234.401369,1465104234.490000
200,1465104228.767000,1465104229.438534,1465104234.439826,1465104234.522000
201,1465104228.767000,1465104231.220932,1465104236.222433,1465104236.303000
202,1465104228.767000,1465104229.678271,1465104234.679563,1465104234.768000
203,1465104228.767000,1465104229.791977,1465104234.793189,1465104234.880000
204,1465104228.767000,1465104229.732599,1465104234.733823,1465104234.802000
205,1465104228.767000,1465104229.726010,1465104234.727608,1465104234.801000
206,1465104228.767000,0.000000,0.000000,0.000000
207,1465104228.767000,1465104229.465630,1465104234.468354,1465104234.550000
208,1465104228.767000,1465104229.482293,1465104234.483646,1465104234.552000
209,1465104228.768000,1465104229.469723,1465104234.471357,1465104234.556000
210,1465104228.768000,1465104229.456464,1465104234.457901,1465104234.544000
211,1465104228.768000,1465104229.449679,1465104234.450896,1465104234.555000
212,1465104228.768000,1465104229.694074,1465104234.695325,1465104234.767000
213,1465104228.768000,1465104229.421271,1465104234.422813,1465104234.498000
214,1465104228.768000,1465104229.715789,1465104234.717051,1465104234.798000
215,1465104228.768000,1465104229.442531,1465104234.447392,1465104234.551000
216,1465104228.768000,1465104229.503130,1465104234.505220,1465104234.592000
217,1465104228.768000,1465104229.719227,1465104234.720511,1465104234.801000
218,1465104228.768000,1465104229.711231,1465104234.712423,1465104234.801000
219,1465104228.768000,1465104229.459400,1465104234.460889,1465104234.541000
220,1465104228.768000,1465104229.437474,1465104234.446518,1465104234.527000
221,1465104228.768000,1465104229.438075,1465104234.439354,1465104234.510000
222,1465104228.768000,1465104229.474723,1465104234.482201,1465104234.563000
223,1465104228.768000,1465104229.463434,1465104234.464710,1465104234.554000
224,1465104228.768000,1465104229.454227,1465104234.455435,1465104234.534000
225,1465104228.768000,1465104229.418458,1465104234.419833,1465104234.524000
226,1465104228.768000,1465104229.704932,1465104234.706294,1465104234.794000
227,1465104228.768000,1465104229.501233,1465104234.502578,1465104234.590000
228,1465104228.768000,1465104229.463907,1465104234.465312,1465104234.541000
229,1465104228.768000,1465104229.699926,1465104234.701193,1465104234.797000
230,1465104228.768000,1465104229.466672,1465104234.468054,1465104234.546000
231,1465104228.768000,1465104229.759258,1465104234.760501,1465104234.865000
232,1465104228.768000,1465104229.774578,1465104234.775998,1465104234.845000
233,1465104228.768000,1465104229.468719,1465104234.469889,1465104234.549000
234,1465104228.768000,1465104229.466985,1465104234.469081,1465104234.554000
235,1465104228.768000,0.000000,0.000000,0.000000
236,1465104228.768000,1465104229.470244,1465104234.471794,1465104234.557000
237,1465104228.768000,1465104229.688057,1465104234.689309,1465104234.770000
238,1465104228.768000,1465104229.442592,1465104234.443972,1465104234.520000
239,1465104228.768000,1465104229.492702,1465104234.494263,1465104234.573000
240,1465104228.769000,1465104229.470077,1465104234.471357,1465104234.548000
241,1465104228.768000,1465104229.719635,1465104234.720806,1465104234.798000
242,1465104228.768000,1465104229.751227,1465104234.752399,1465104234.821000
243,1465104228.769000,1465104229.424319,1465104234.426037,1465104234.505000
244,1465104228.769000,1465104229.692374,1465104234.693671,1465104234.773000
245,1465104228.769000,1465104229.698225,1465104234.699538,1465104234.786000
246,1465104228.769000,1465104229.459961,1465104234.461674,1465104234.548000
247,1465104228.769000,1465104231.201211,1465104236.215132,1465104236.315000
248,1465104228.769000,1465104229.451799,1465104234.453489,1465104234.535000
249,1465104228.769000,1465104229.710518,1465104234.730314,1465104234.811000
250,1465104228.769000,1465104229.419107,1465104234.420275,1465104234.502000
251,1465104228.769000,1465104229.739372,1465104234.740644,1465104234.822000
252,1465104228.769000,1465104229.726716,1465104234.727882,1465104234.805000
253,1465104228.769000,1465104229.439957,1465104234.441576,1465104234.516000
254,1465104228.769000,1465104229.480327,1465104234.498687,1465104234.577000
255,1465104228.769000,1465104229.456348,1465104234.457660,1465104234.543000
256,1465104228.769000,1465104229.458371,1465104234.468662,1465104234.554000
257,1465104228.769000,1465104229.423551,1465104234.424974,1465104234.513000
258,1465104228.769000,1465104229.452624,1465104234.453902,1465104234.538000
259,1465104228.769000,1465104229.694661,1465104234.695911,1465104234.782000
260,1465104228.769000,1465104229.495341,1465104234.496771,1465104234.582000
261,1465104228.769000,1465104229.488432,1465104234.489672,1465104234.547000
262,1465104228.769000,1465104229.726040,1465104234.743238,1465104234.816000
263,1465104228.769000,1465104229.739756,1465104234.740918,1465104234.814000
264,1465104228.769000,1465104229.755584,1465104234.757102,1465104234.836000
265,1465104228.769000,1465104229.426142,1465104234.427510,1465104234.516000
266,1465104228.769000,1465104229.468852,1465104234.470057,1465104234.539000
267,1465104228.769000,1465104229.722534,1465104234.723724,1465104234.820000
268,1465104228.769000,1465104229.498467,1465104234.499767,1465104234.574000
269,1465104228.769000,1465104229.442860,1465104234.445490,1465104234.549000
270,1465104228.769000,0.000000,0.000000,0.000000
271,1465104228.769000,1465104229.463738,1465104234.465459,1465104234.545000
272,1465104228.770000,1465104229.731624,1465104234.749959,1465104234.819000
273,1465104228.770000,1465104229.803417,1465104234.804621,1465104234.862000
274,1465104228.770000,1465104229.445725,1465104234.446929,1465104234.524000
275,1465104228.770000,1465104229.525742,1465104234.526939,1465104234.597000
276,1465104228.770000,1465104229.790817,1465104234.792088,1465104234.871000
277,1465104228.770000,1465104229.471395,1465104234.472573,1465104234.568000
278,1465104228.770000,1465104229.692708,1465104234.693817,1465104234.771000
279,1465104228.770000,1465104229.766855,1465104234.768113,1465104234.850000
280,1465104228.770000,1465104229.404042,1465104234.405324,1465104234.494000
281,1465104228.770000,1465104229.475469,1465104234.476612,1465104234.567000
282,1465104228.770000,1465104229.697131,1465104234.698361,1465104234.776000
283,1465104228.770000,1465104229.753671,1465104234.754999,1465104234.832000
284,1465104228.770000,1465104229.721078,1465104234.722642,1465104234.809000
285,1465104228.770000,1465104229.495795,1465104234.497052,1465104234.566000
286,1465104228.770000,0.000000,0.000000,0.000000
287,1465104228.770000,1465104229.480630,1465104234.493975,1465104234.579000
288,1465104228.770000,1465104229.471300,1465104234.472514,1465104234.553000
289,1465104228.770000,1465104229.500526,1465104234.505517,1465104234.576000
290,1465104228.770000,1465104229.431517,1465104234.433114,1465104234.514000
291,1465104228.770000,1465104229.423196,1465104234.424604,1465104234.504000
292,1465104228.770000,1465104229.729486,1465104234.730761,1465104234.810000
293,1465104228.772000,1465104229.521657,1465104234.523165,1465104234.592000
294,1465104228.772000,1465104229.476010,1465104234.477277,1465104234.554000
295,1465104228.773000,1465104229.463527,1465104234.465869,1465104234.544000
296,1465104228.780000,1465104231.248187,1465104236.249479,1465104236.345000
297,1465104228.784000,1465104229.415717,1465104234.423662,1465104234.528000
298,1465104228.799000,1465104229.476055,1465104234.477250,1465104234.563000
299,1465104228.801000,1465104229.455050,1465104234.456182,1465104234.534000
300,1465104228.801000,1465104229.480958,1465104234.482476,1465104234.562000
301,1465104228.801000,1465104229.469076,1465104234.480741,1465104234.563000
302,1465104228.801000,1465104229.758827,1465104234.760066,1465104234.838000
303,1465104228.801000,1465104229.456186,1465104234.457613,1465104234.554000
304,1465104228.801000,1465104229.469330,1465104234.470533,1465104234.553000
305,1465104228.801000,1465104229.786578,1465104234.787756,1465104234.857000
306,1465104228.801000,1465104229.472136,1465104234.473390,1465104234.562000
307,1465104228.801000,1465104229.502830,1465104234.504306,1465104234.590000
308,1465104228.801000,1465104229.722608,1465104234.724287,1465104234.805000
309,1465104228.801000,1465104229.486689,1465104234.487895,1465104234.574000
310,1465104228.801000,1465104229.445797,1465104234.447038,1465104234.516000
311,1465104228.801000,1465104229.469177,1465104234.481888,1465104234.562000
312,1465104228.801000,1465104229.474982,1465104234.476248,1465104234.556000
313,1465104228.801000,1465104229.507367,1465104234.508735,1465104234.585000
314,1465104228.801000,1465104229.440884,1465104234.445327,1465104234.516000
315,1465104228.802000,1465104229.707487,1465104234.708737,1465104234.797000
316,1465104228.802000,1465104229.729151,1465104234.730538,1465104234.810000
317,1465104228.802000,1465104229.455924,1465104234.457613,1465104234.545000
318,1465104228.802000,1465104229.467100,1465104234.468528,1465104234.551000
319,1465104228.803000,0.000000,0.000000,0.000000
320,1465104228.803000,1465104229.440910,1465104234.442084,1465104234.520000
321,1465104228.803000,1465104229.480749,1465104234.483622,1465104234.563000
322,1465104228.803000,1465104229.489242,1465104234.490486,1465104234.575000
323,1465104228.804000,1465104229.493153,1465104234.514526,1465104234.593000
324,1465104228.804000,1465104229.457335,1465104234.458549,1465104234.528000
325,1465104228.804000,1465104229.758347,1465104234.759628,1465104234.838000
326,1465104228.804000,1465104229.716506,1465104234.717985,1465104234.789000
327,1465104228.804000,1465104229.776646,1465104234.778024,1465104234.857000
328,1465104228.804000,1465104229.449041,1465104234.456018,1465104234.541000
329,1465104228.804000,1465104229.466321,1465104234.467461,1465104234.554000
330,1465104228.804000,1465104229.714394,1465104234.715596,1465104234.793000
331,1465104228.804000,1465104229.452911,1465104234.454131,1465104234.534000
332,1465104228.805000,1465104229.744024,1465104234.745898,1465104234.827000
333,1465104228.805000,1465104229.448794,1465104234.450519,1465104234.526000
334,1465104228.805000,1465104229.509461,1465104234.510728,1465104234.585000
335,1465104228.805000,1465104229.726801,1465104234.728241,1465104234.808000
336,1465104228.805000,1465104229.426661,1465104234.427963,1465104234.518000
337,1465104228.805000,1465104229.463971,1465104234.465304,1465104234.536000
338,1465104228.805000,1465104229.483554,1465104234.484782,1465104234.567000
339,1465104228.805000,1465104229.735798,1465104234.736975,1465104234.809000
340,1465104228.806000,1465104229.752023,1465104234.753197,1465104234.849000
341,1465104228.806000,1465104229.417113,1465104234.418282,1465104234.505000
342,1465104228.806000,1465104229.702651,1465104234.704222,1465104234.808000
343,1465104228.807000,1465104229.487228,1465104234.488380,1465104234.579000
344,1465104228.807000,1465104229.712383,1465104234.713912,1465104234.788000
345,1465104228.807000,1465104229.455302,1465104234.464352,1465104234.551000
346,1465104228.807000,1465104229.702055,1465104234.704636,1465104234.809000
347,1465104228.807000,1465104229.467516,1465104234.472379,1465104234.557000
348,1465104228.807000,1465104229.489565,1465104234.491005,1465104234.577000
349,1465104228.807000,1465104229.726385,1465104234.737857,1465104234.819000
350,1465104228.808000,1465104229.446712,1465104234.447976,1465104234.528000
351,1465104228.808000,1465104229.469000,1465104234.470352,1465104234.556000
352,1465104228.808000,1465104229.447002,1465104234.448296,1465104234.536000
353,1465104228.808000,1465104229.442962,1465104234.444305,1465104234.530000
354,1465104228.808000,1465104229.435040,1465104234.436385,1465104234.515000
355,1465104228.808000,1465104229.467396,1465104234.468695,1465104234.542000
356,1465104228.808000,1465104229.732375,1465104234.733655,1465104234.811000
357,1465104228.808000,1465104229.467730,1465104234.481374,1465104234.563000
358,1465104228.809000,1465104229.492925,1465104234.494318,1465104234.579000
359,1465104228.809000,1465104229.702464,1465104234.703702,1465104234.774000
360,1465104228.809000,1465104229.454126,1465104234.455518,1465104234.536000
361,1465104228.809000,1465104229.473404,1465104234.474600,1465104234.561000
362,1465104228.809000,1465104229.446941,1465104234.448268,1465104234.534000
363,1465104228.809000,1465104229.475362,1465104234.476951,1465104234.577000
364,1465104228.810000,1465104229.455080,1465104234.456606,1465104234.552000
365,1465104228.810000,1465104229.496903,1465104234.498082,1465104234.569000
366,1465104228.810000,1465104229.444574,1465104234.446865,1465104234.551000
367,1465104228.810000,1465104229.454729,1465104234.456330,1465104234.542000
368,1465104228.810000,1465104229.472568,1465104234.473944,1465104234.554000
369,1465104228.810000,0.000000,0.000000,0.000000
370,1465104228.810000,1465104229.719037,1465104234.720381,1465104234.825000
371,1465104228.810000,1465104229.450239,1465104234.451430,1465104234.540000
372,1465104228.810000,1465104229.481011,1465104234.482414,1465104234.556000
373,1465104228.811000,1465104229.408966,1465104234.410188,1465104234.487000
374,1465104228.811000,1465104229.452782,1465104234.454500,1465104234.540000
375,1465104228.811000,1465104229.414055,1465104234.415309,1465104234.497000
376,1465104228.811000,1465104229.489579,1465104234.490982,1465104234.570000
377,1465104228.811000,1465104229.700969,1465104234.702308,1465104234.781000
378,1465104228.811000,1465104229.774106,1465104234.775376,1465104234.856000
379,1465104228.812000,1465104229.709652,1465104234.710895,1465104234.801000
380,1465104228.812000,1465104229.778051,1465104234.779232,1465104234.848000
381,1465104228.812000,1465104229.501255,1465104234.503014,1465104234.589000
382,1465104228.812000,1465104229.754458,1465104234.755758,1465104234.835000
383,1465104228.812000,1465104229.473618,1465104234.475507,1465104234.556000
384,1465104228.812000,1465104229.467361,1465104234.468650,1465104234.537000
385,1465104228.813000,1465104229.452204,1465104234.453474,1465104234.523000
386,1465104228.813000,1465104229.479928,1465104234.481354,1465104234.570000
387,1465104228.813000,1465104229.423931,1465104234.425295,1465104234.506000
388,1465104228.813000,1465104229.479005,1465104234.482832,1465104234.561000
389,1465104228.813000,1465104229.475695,1465104234.476902,1465104234.562000
390,1465104228.813000,1465104229.478158,1465104234.479342,1465104234.576000
391,1465104228.813000,1465104229.479086,1465104234.480344,1465104234.565000
392,1465104228.813000,1465104229.453589,1465104234.454741,1465104234.545000
393,1465104228.813000,1465104229.440980,1465104234.442264,1465104234.521000
394,1465104228.813000,1465104229.456750,1465104234.474240,1465104234.563000
395,1465104228.814000,1465104229.481299,1465104234.482549,1465104234.561000
396,1465104228.814000,1465104229.462512,1465104234.464856,1465104234.544000
397,1465104228.814000,1465104229.484112,1465104234.485298,1465104234.563000
398,1465104228.814000,1465104229.515983,1465104234.517351,1465104234.588000
399,1465104228.814000,1465104229.518927,1465104234.520108,1465104234.578000
400,1465104228.814000,1465104229.480976,1465104234.482264,1465104234.558000
401,1465104228.814000,1465104229.463760,1465104234.464946,1465104234.550000
402,1465104228.814000,1465104229.727602,1465104234.728878,1465104234.809000
403,1465104228.814000,1465104229.489967,1465104234.491339,1465104234.567000
404,1465104228.814000,1465104229.470222,1465104234.471975,1465104234.557000
405,1465104228.815000,1465104229.443865,1465104234.445147,1465104234.541000
406,1465104228.816000,1465104229.476653,1465104234.481804,1465104234.563000
407,1465104228.816000,1465104229.501379,1465104234.502657,1465104234.581000
408,1465104228.816000,1465104229.485331,1465104234.486637,1465104234.555000
409,1465104228.817000,1465104229.468325,1465104234.469951,1465104234.555000
410,1465104228.817000,1465104229.450071,1465104234.463666,1465104234.543000
411,1465104228.817000,1465104229.452307,1465104234.453799,1465104234.528000
412,1465104228.817000,1465104229.471351,1465104234.477308,1465104234.553000
413,1465104228.817000,1465104229.469589,1465104234.471142,1465104234.557000
414,1465104228.817000,1465104229.719931,1465104234.721570,1465104234.801000
415,1465104228.817000,1465104229.494575,1465104234.495912,1465104234.565000
416,1465104228.817000,1465104229.503799,1465104234.505375,1465104234.585000
417,1465104228.817000,1465104229.488962,1465104234.490198,1465104234.559000
418,1465104228.817000,1465104229.752085,1465104234.753815,1465104234.833000
419,1465104228.818000,1465104229.485513,1465104234.486713,1465104234.575000
420,1465104228.818000,1465104229.437855,1465104234.440150,1465104234.517000
421,1465104228.818000,1465104229.495030,1465104234.496671,1465104234.579000
422,1465104228.818000,1465104229.475573,1465104234.476821,1465104234.561000
423,1465104228.818000,1465104229.427742,1465104234.428914,1465104234.516000
424,1465104228.819000,1465104229.469585,1465104234.471043,1465104234.541000
425,1465104228.819000,1465104229.744104,1465104234.745330,1465104234.824000
426,1465104228.819000,1465104229.440643,1465104234.441896,1465104234.527000
427,1465104228.819000,1465104229.755546,1465104234.757071,1465104234.838000
428,1465104228.820000,1465104229.480937,1465104234.482246,1465104234.551000
429,1465104228.820000,1465104229.463393,1465104234.464796,1465104234.554000
430,1465104228.820000,1465104229.473758,1465104234.474949,1465104234.560000
431,1465104228.820000,1465104229.464394,1465104234.466159,1465104234.545000
432,1465104228.820000,1465104229.476771,1465104234.478201,1465104234.556000
433,1465104228.820000,1465104229.470376,1465104234.471641,1465104234.557000
434,1465104228.820000,1465104229.445702,1465104234.446952,1465104234.527000
435,1465104228.820000,1465104229.466359,1465104234.467574,1465104234.541000
436,1465104228.821000,1465104229.438760,1465104234.439953,1465104234.529000
437,1465104228.821000,1465104229.466932,1465104234.468125,1465104234.554000
438,1465104228.821000,1465104229.458719,1465104234.460307,1465104234.540000
439,1465104228.822000,1465104229.499165,1465104234.500670,1465104234.571000
440,1465104228.822000,1465104229.475812,1465104234.476953,1465104234.563000
441,1465104228.823000,1465104229.510908,1465104234.526798,1465104234.607000
442,1465104228.823000,1465104229.457955,1465104234.459152,1465104234.539000
443,1465104228.823000,1465104229.506735,1465104234.508243,1465104234.592000
444,1465104228.823000,1465104229.431781,1465104234.433528,1465104234.512000
445,1465104228.823000,1465104229.494663,1465104234.496101,1465104234.576000
446,1465104228.823000,1465104229.464484,1465104234.465790,1465104234.559000
447,1465104228.823000,1465104229.498699,1465104234.517783,1465104234.615000
448,1465104228.824000,1465104229.502746,1465104234.513657,1465104234.594000
449,1465104228.824000,1465104229.501857,1465104234.503105,1465104234.582000
450,1465104228.824000,1465104229.458370,1465104234.459919,1465104234.545000
451,1465104228.825000,1465104229.481944,1465104234.483234,1465104234.571000
452,1465104228.825000,1465104229.463644,1465104234.465079,1465104234.555000
453,1465104228.825000,1465104229.494357,1465104234.495792,1465104234.566000
454,1465104228.825000,1465104229.459731,1465104234.460932,1465104234.546000
455,1465104228.825000,1465104229.482937,1465104234.484168,1465104234.562000
456,1465104228.825000,1465104229.468637,1465104234.469760,1465104234.547000
457,1465104228.825000,1465104229.464585,1465104234.467822,1465104234.553000
458,1465104228.825000,1465104229.498313,1465104234.499587,1465104234.577000
459,1465104228.825000,1465104229.456228,1465104234.457582,1465104234.536000
460,1465104228.825000,1465104229.787696,1465104234.789048,1465104234.867000
461,1465104228.825000,1465104229.430771,1465104234.432043,1465104234.512000
462,1465104228.826000,1465104229.485374,1465104234.486596,1465104234.555000
463,1465104228.826000,1465104229.457012,1465104234.458499,1465104234.545000
464,1465104228.826000,1465104229.776369,1465104234.777632,1465104234.856000
465,1465104228.826000,1465104229.493029,1465104234.494335,1465104234.574000
466,1465104228.826000,1465104229.482046,1465104234.483278,1465104234.556000
467,1465104228.826000,1465104229.483254,1465104234.484629,1465104234.581000
468,1465104228.827000,1465104229.496401,1465104234.498077,1465104234.580000
469,1465104228.827000,1465104229.447150,1465104234.448403,1465104234.526000
470,1465104228.827000,1465104229.457302,1465104234.458819,1465104234.547000
471,1465104228.827000,1465104229.455963,1465104234.457865,1465104234.545000
472,1465104228.828000,1465104229.735867,1465104234.737124,1465104234.818000
473,1465104228.828000,1465104229.463933,1465104234.465253,1465104234.565000
474,1465104228.828000,1465104229.758973,1465104234.760271,1465104234.841000
475,1465104228.828000,1465104229.709612,1465104234.710900,1465104234.800000
476,1465104228.828000,1465104229.506238,1465104234.507506,1465104234.577000
477,1465104228.829000,1465104229.473585,1465104234.474756,1465104234.544000
478,1465104228.829000,1465104229.483884,1465104234.485102,1465104234.563000
479,1465104228.829000,1465104229.461162,1465104234.468694,1465104234.555000
480,1465104228.829000,1465104229.462696,1465104234.464355,1465104234.540000
481,1465104228.829000,1465104229.748535,1465104234.750397,1465104234.831000
482,1465104228.829000,1465104229.473180,1465104234.474374,1465104234.571000
483,1465104228.830000,1465104229.451129,1465104234.452327,1465104234.542000
484,1465104228.830000,1465104229.457376,1465104234.458650,1465104234.545000
485,1465104228.830000,1465104229.429847,1465104234.431215,1465104234.535000
486,1465104228.830000,1465104229.498471,1465104234.499981,1465104234.581000
487,1465104228.830000,1465104229.588741,1465104234.590010,1465104234.663000
488,1465104228.830000,1465104229.513422,1465104234.514631,1465104234.610000
489,1465104228.830000,1465104229.464601,1465104234.465869,1465104234.545000
490,1465104228.831000,1465104229.490709,1465104234.492051,1465104234.561000
491,1465104228.831000,1465104229.569289,1465104234.570501,1465104234.667000
492,1465104228.831000,1465104229.499023,1465104234.500304,1465104234.586000
493,1465104228.831000,1465104229.472971,1465104234.474317,1465104234.553000
494,1465104228.831000,1465104229.513830,1465104234.515306,1465104234.593000
495,1465104228.831000,1465104229.616428,1465104234.617689,1465104234.674000
496,1465104228.831000,1465104229.517549,1465104234.518880,1465104234.599000
497,1465104228.831000,1465104229.575107,1465104234.576676,1465104234.653000
498,1465104228.831000,1465104229.483356,1465104234.484737,1465104234.565000
499,1465104228.831000,1465104229.518436,1465104234.519854,1465104234.601000
500,1465104228.831000,1465104229.518642,1465104234.520107,1465104234.595000
501,1465104228.831000,1465104229.544952,1465104234.557392,1465104234.633000
502,1465104228.831000,1465104229.512598,1465104234.514447,1465104234.594000
503,1465104228.831000,1465104229.480568,1465104234.482207,1465104234.568000
504,1465104228.831000,1465104229.509432,1465104234.510601,1465104234.581000
505,1465104228.831000,1465104229.503894,1465104234.505079,1465104234.594000
506,1465104228.831000,1465104229.646548,1465104234.647836,1465104234.722000
507,1465104228.831000,1465104229.517170,1465104234.518440,1465104234.587000
508,1465104228.831000,1465104229.551750,1465104234.567065,1465104234.648000
509,1465104228.831000,1465104229.469107,1465104234.470402,1465104234.549000
510,1465104228.831000,1465104229.605048,1465104234.606246,1465104234.694000
511,1465104228.831000,1465104229.502158,1465104234.503420,1465104234.589000
512,1465104228.831000,1465104229.479261,1465104234.480493,1465104234.581000
513,1465104228.832000,1465104229.529997,1465104234.531316,1465104234.600000
514,1465104228.832000,1465104229.464624,1465104234.466438,1465104234.556000
515,1465104228.832000,1465104229.650238,1465104234.651559,1465104234.737000
516,1465104228.832000,1465104229.645039,1465104234.646301,1465104234.735000
517,1465104228.832000,1465104229.535163,1465104234.536405,1465104234.633000
518,1465104228.832000,1465104229.561515,1465104234.570993,1465104234.657000
519,1465104228.832000,1465104229.512328,1465104234.513815,1465104234.600000
520,1465104228.832000,1465104229.502045,1465104234.503441,1465104234.588000
521,1465104228.832000,1465104229.510543,1465104234.512832,1465104234.593000
522,1465104228.832000,1465104229.532680,1465104234.533887,1465104234.590000
523,1465104228.832000,1465104229.586682,1465104234.588215,1465104234.663000
524,1465104228.832000,1465104229.481537,1465104234.483086,1465104234.567000
525,1465104228.832000,1465104229.558267,1465104234.559749,1465104234.646000
526,1465104228.832000,1465104229.490420,1465104234.491748,1465104234.571000
527,1465104228.832000,1465104229.522221,1465104234.528672,1465104234.609000
528,1465104228.832000,1465104229.455957,1465104234.466519,1465104234.547000
529,1465104228.832000,1465104229.484344,1465104234.485560,1465104234.570000
530,1465104228.832000,1465104229.502915,1465104234.504173,1465104234.594000
531,1465104228.832000,1465104229.475360,1465104234.477171,1465104234.577000
532,1465104228.832000,1465104229.567958,1465104234.569402,1465104234.656000
533,1465104228.832000,1465104229.522136,1465104234.523312,1465104234.603000
534,1465104228.832000,1465104229.437514,1465104234.454226,1465104234.543000
535,1465104228.832000,1465104229.585409,1465104234.586743,1465104234.668000
536,1465104228.833000,1465104229.477534,1465104234.493749,1465104234.574000
537,1465104228.833000,1465104229.500722,1465104234.501966,1465104234.591000
538,1465104228.833000,1465104229.484723,1465104234.486683,1465104234.572000
539,1465104228.833000,1465104229.470707,1465104234.471915,1465104234.551000
540,1465104228.833000,1465104229.490842,1465104234.492017,1465104234.570000
541,1465104228.833000,1465104229.482577,1465104234.483990,1465104234.570000
542,1465104228.833000,1465104229.462958,1465104234.464718,1465104234.545000
543,1465104228.833000,1465104229.514777,1465104234.516085,1465104234.585000
544,1465104228.833000,1465104229.618728,1465104234.620355,1465104234.695000
545,1465104228.833000,1465104229.637818,1465104234.639129,1465104234.718000
546,1465104228.833000,1465104229.496051,1465104234.497334,1465104234.601000
547,1465104228.833000,1465104229.477789,1465104234.480783,1465104234.561000
548,1465104228.833000,1465104229.543925,1465104234.545538,1465104234.624000
549,1465104228.833000,1465104229.481391,1465104234.483201,1465104234.563000
550,1465104228.833000,1465104229.496525,1465104234.497903,1465104234.595000
551,1465104228.833000,1465104229.481158,1465104234.482536,1465104234.556000
552,1465104228.833000,1465104229.432823,1465104234.434268,1465104234.538000
553,1465104228.833000,1465104229.460632,1465104234.461991,1465104234.542000
554,1465104228.833000,1465104229.499980,1465104234.501276,1465104234.586000
555,1465104228.833000,1465104229.476272,1465104234.477970,1465104234.555000
556,1465104228.833000,1465104229.462904,1465104234.464206,1465104234.548000
557,1465104228.833000,1465104229.473736,1465104234.475052,1465104234.549000
558,1465104228.834000,1465104229.569658,1465104234.570859,1465104234.641000
559,1465104228.834000,1465104229.543551,1465104234.544727,1465104234.630000
560,1465104228.834000,1465104229.465027,1465104234.466338,1465104234.563000
561,1465104228.834000,1465104229.483330,1465104234.484564,1465104234.570000
562,1465104228.834000,1465104229.594109,1465104234.595489,1465104234.664000
563,1465104228.834000,1465104229.487731,1465104234.488935,1465104234.567000
564,1465104228.834000,1465104229.510080,1465104234.511523,1465104234.597000
565,1465104228.834000,1465104229.469204,1465104234.471044,1465104234.555000
566,1465104228.834000,1465104229.506400,1465104234.507672,1465104234.589000
567,1465104228.834000,1465104229.457452,1465104234.458668,1465104234.554000
568,1465104228.834000,1465104229.488727,1465104234.489985,1465104234.576000
569,1465104228.834000,1465104229.550445,1465104234.554414,1465104234.634000
570,1465104228.834000,1465104229.478145,1465104234.481695,1465104234.560000
571,1465104228.834000,1465104229.502515,1465104234.508723,1465104234.595000
572,1465104228.834000,1465104229.570869,1465104234.583693,1465104234.674000
573,1465104228.834000,1465104229.598966,1465104234.600604,1465104234.681000
574,1465104228.834000,1465104229.520473,1465104234.521861,1465104234.601000
575,1465104228.834000,1465104229.483227,1465104234.484457,1465104234.571000
576,1465104228.834000,1465104229.519192,1465104234.520699,1465104234.600000
577,1465104228.834000,1465104229.481682,1465104234.483375,1465104234.572000
578,1465104228.834000,1465104229.489987,1465104234.492138,1465104234.566000
579,1465104228.834000,1465104229.637408,1465104234.638935,1465104234.710000
580,1465104228.834000,1465104229.637172,1465104234.638523,1465104234.719000
581,1465104228.834000,1465104229.583481,1465104234.584725,1465104234.663000
582,1465104228.834000,1465104229.470116,1465104234.472269,1465104234.557000
583,1465104228.834000,1465104229.465284,1465104234.466628,1465104234.551000
584,1465104228.834000,1465104229.473947,1465104234.481029,1465104234.562000
585,1465104228.835000,1465104229.433751,1465104234.435168,1465104234.539000
586,1465104228.835000,1465104229.499237,1465104234.500557,1465104234.587000
587,1465104228.835000,1465104229.502679,1465104234.504276,1465104234.585000
588,1465104228.835000,1465104229.582174,1465104234.583358,1465104234.668000
589,1465104228.835000,1465104229.501281,1465104234.502492,1465104234.598000
590,1465104228.835000,1465104229.554867,1465104234.556329,1465104234.636000
591,1465104228.835000,1465104229.507920,1465104234.509100,1465104234.598000
592,1465104228.835000,1465104229.551786,1465104234.553259,1465104234.632000
593,1465104228.835000,1465104229.496733,1465104234.498106,1465104234.582000
594,1465104228.835000,1465104229.510450,1465104234.511725,1465104234.597000
595,1465104228.835000,1465104229.518485,1465104234.519649,1465104234.590000
596,1465104228.835000,1465104229.522654,1465104234.524019,1465104234.608000
597,1465104228.835000,1465104229.577461,1465104234.578797,1465104234.653000
598,1465104228.835000,1465104229.516581,1465104234.518303,1465104234.593000
599,1465104228.835000,1465104229.497404,1465104234.498908,1465104234.585000
600,1465104228.835000,1465104229.641752,1465104234.643143,1465104234.740000
601,1465104228.835000,1465104229.519187,1465104234.520343,1465104234.598000
602,1465104228.835000,1465104229.504754,1465104234.506403,1465104234.588000
603,1465104228.835000,1465104229.566246,1465104234.567834,1465104234.648000
604,1465104228.835000,1465104229.501819,1465104234.503100,1465104234.583000
605,1465104228.835000,1465104229.587011,1465104234.588252,1465104234.676000
606,1465104228.835000,1465104229.508255,1465104234.509660,1465104234.586000
607,1465104228.835000,1465104229.554858,1465104234.557392,1465104234.633000
608,1465104228.835000,1465104229.640527,1465104234.641800,1465104234.727000
609,1465104228.835000,1465104229.589566,1465104234.591030,1465104234.669000
610,1465104228.835000,1465104229.491057,1465104234.492567,1465104234.567000
611,1465104228.836000,1465104229.531310,1465104234.532542,1465104234.611000
612,1465104228.836000,1465104229.512821,1465104234.514703,1465104234.592000
613,1465104228.836000,1465104229.463351,1465104234.465881,1465104234.555000
614,1465104228.836000,1465104229.537433,1465104234.538756,1465104234.614000
615,1465104228.836000,1465104229.498518,1465104234.500189,1465104234.597000
616,1465104228.836000,1465104229.517194,1465104234.527204,1465104234.607000
617,1465104228.836000,1465104229.512937,1465104234.514202,1465104234.593000
618,1465104228.836000,1465104229.533314,1465104234.534695,1465104234.609000
619,1465104228.836000,1465104229.485570,1465104234.505481,1465104234.591000
620,1465104228.836000,1465104229.525817,1465104234.526961,1465104234.613000
621,1465104228.836000,1465104229.853008,1465104234.854214,1465104234.951000
622,1465104228.836000,1465104229.566891,1465104234.568141,1465104234.655000
623,1465104228.836000,1465104229.462558,1465104234.464288,1465104234.543000
624,1465104228.836000,1465104229.495296,1465104234.496472,1465104234.583000
625,1465104228.836000,1465104229.516358,1465104234.537306,1465104234.612000
626,1465104228.836000,1465104229.514133,1465104234.515321,1465104234.593000
627,1465104228.837000,1465104229.567797,1465104234.569152,1465104234.654000
628,1465104228.837000,1465104229.505395,1465104234.506646,1465104234.592000
629,1465104228.837000,1465104229.499965,1465104234.501981,1465104234.583000
630,1465104228.837000,1465104229.517549,1465104234.519263,1465104234.594000
631,1465104228.837000,1465104229.486828,1465104234.488591,1465104234.567000
632,1465104228.837000,1465104229.614008,1465104234.615528,1465104234.700000
633,1465104228.837000,1465104229.512257,1465104234.513525,1465104234.594000
634,1465104228.837000,1465104229.476271,1465104234.477592,1465104234.557000
635,1465104228.837000,1465104229.498059,1465104234.499263,1465104234.588000
636,1465104228.837000,1465104229.506596,1465104234.508247,1465104234.591000
637,1465104228.837000,1465104229.479226,1465104234.480517,1465104234.568000
638,1465104228.837000,1465104229.628973,1465104234.630187,1465104234.719000
639,1465104228.837000,1465104229.531580,1465104234.532862,1465104234.614000
640,1465104228.837000,1465104229.488632,1465104234.489841,1465104234.570000
641,1465104228.837000,1465104229.562928,1465104234.564240,1465104234.640000
642,1465104228.837000,1465104229.480843,1465104234.482396,1465104234.570000
643,1465104228.837000,1465104229.572955,1465104234.574358,1465104234.655000
644,1465104228.837000,1465104229.465255,1465104234.466656,1465104234.553000
645,1465104228.838000,1465104229.474935,1465104234.476183,1465104234.546000
646,1465104228.838000,1465104229.504632,1465104234.505911,1465104234.587000
647,1465104228.838000,1465104229.511620,1465104234.512882,1465104234.592000
648,1465104228.838000,1465104229.493221,1465104234.495047,1465104234.574000
649,1465104228.838000,1465104229.505656,1465104234.506926,1465104234.581000
650,1465104228.838000,1465104229.464192,1465104234.465397,1465104234.554000
651,1465104228.838000,1465104229.462570,1465104234.463966,1465104234.551000
652,1465104228.838000,1465104229.486299,1465104234.487590,1465104234.558000
653,1465104228.838000,1465104229.509290,1465104234.510627,1465104234.588000
654,1465104228.838000,1465104229.464188,1465104234.465984,1465104234.544000
655,1465104228.838000,1465104229.471610,1465104234.472859,1465104234.552000
656,1465104228.838000,1465104229.462278,1465104234.463555,1465104234.568000
657,1465104228.838000,1465104229.521648,1465104234.522870,1465104234.603000
658,1465104228.838000,1465104229.464866,1465104234.466524,1465104234.546000
659,1465104228.838000,1465104229.705631,1465104234.707046,1465104234.811000
660,1465104228.838000,1465104229.509221,1465104234.510443,1465104234.597000
661,1465104228.838000,1465104229.478473,1465104234.479778,1465104234.559000
662,1465104228.838000,1465104229.507392,1465104234.508844,1465104234.588000
663,1465104228.838000,1465104229.491046,1465104234.492419,1465104234.578000
664,1465104228.838000,1465104229.646486,1465104234.647832,1465104234.735000
665,1465104228.838000,1465104229.587606,1465104234.588865,1465104234.671000
666,1465104228.838000,1465104229.580636,1465104234.581814,1465104234.677000
667,1465104228.838000,1465104229.535529,1465104234.536934,1465104234.612000
668,1465104228.838000,1465104229.600453,1465104234.601764,1465104234.702000
669,1465104228.838000,1465104229.524371,1465104234.525761,1465104234.601000
670,1465104228.839000,1465104229.483230,1465104234.484472,1465104234.541000
671,1465104228.839000,1465104229.520445,1465104234.522537,1465104234.591000
672,1465104228.839000,1465104229.511614,1465104234.513046,1465104234.592000
673,1465104228.839000,1465104229.512395,1465104234.513843,1465104234.593000
674,1465104228.839000,1465104229.488389,1465104234.491055,1465104234.578000
675,1465104228.839000,1465104229.595716,1465104234.596973,1465104234.668000
676,1465104228.839000,1465104229.459512,1465104234.460784,1465104234.546000
677,1465104228.839000,1465104229.441110,1465104234.442368,1465104234.528000
678,1465104228.839000,1465104229.573468,1465104234.574729,1465104234.662000
679,1465104228.839000,1465104229.503836,1465104234.505878,1465104234.592000
680,1465104228.839000,1465104229.616602,1465104234.618103,1465104234.714000
681,1465104228.839000,1465104229.504016,1465104234.505213,1465104234.592000
682,1465104228.839000,1465104229.594394,1465104234.596173,1465104234.676000
683,1465104228.839000,1465104229.494197,1465104234.495442,1465104234.573000
684,1465104228.839000,1465104229.522691,1465104234.528582,1465104234.609000
685,1465104228.839000,1465104229.492381,1465104234.501496,1465104234.583000
686,1465104228.839000,1465104229.630987,1465104234.632205,1465104234.702000
687,1465104228.839000,1465104229.484984,1465104234.486338,1465104234.572000
688,1465104228.839000,1465104229.556849,1465104234.558118,1465104234.645000
689,1465104228.839000,1465104229.498159,1465104234.505392,1465104234.590000
690,1465104228.839000,1465104229.494980,1465104234.496240,1465104234.583000
691,1465104228.839000,1465104229.530405,1465104234.531582,1465104234.609000
692,1465104228.839000,1465104229.639401,1465104234.640588,1465104234.725000
693,1465104228.839000,1465104229.638713,1465104234.639940,1465104234.724000
694,1465104228.839000,1465104229.495603,1465104234.497071,1465104234.576000
695,1465104228.840000,1465104229.529902,1465104234.531165,1465104234.617000
696,1465104228.840000,1465104229.480098,1465104234.481310,1465104234.585000
697,1465104228.840000,1465104229.566632,1465104234.567970,1465104234.641000
698,1465104228.840000,1465104229.639876,1465104234.640963,1465104234.711000
699,1465104228.840000,1465104229.635960,1465104234.637128,1465104234.716000
700,1465104228.840000,1465104229.607000,1465104234.608243,1465104234.694000
701,1465104228.840000,1465104229.610232,1465104234.611419,1465104234.684000
702,1465104228.840000,1465104229.626032,1465104234.627366,1465104234.705000
703,1465104228.840000,1465104229.536579,1465104234.537810,1465104234.627000
704,1465104228.840000,1465104229.638474,1465104234.639723,1465104234.721000
705,1465104228.840000,1465104229.487844,1465104234.489064,1465104234.586000
706,1465104228.840000,1465104229.624696,1465104234.625968,1465104234.703000
707,1465104228.840000,1465104229.604596,1465104234.623377,1465104234.692000
708,1465104228.840000,1465104229.510379,1465104234.511621,1465104234.591000
709,1465104228.840000,1465104229.506586,1465104234.518761,1465104234.598000
710,1465104228.840000,1465104229.656319,1465104234.657740,1465104234.734000
711,1465104228.840000,1465104229.530505,1465104234.531726,1465104234.609000
712,1465104228.840000,1465104229.527881,1465104234.529182,1465104234.614000
713,1465104228.840000,1465104229.514085,1465104234.515318,1465104234.600000
714,1465104228.840000,1465104229.506069,1465104234.507344,1465104234.586000
715,1465104228.840000,1465104229.886268,1465104234.887939,1465104234.969000
716,1465104228.840000,1465104229.531346,1465104234.532676,1465104234.607000
717,1465104228.840000,1465104229.501369,1465104234.502536,1465104234.589000
718,1465104228.840000,1465104229.445926,1465104234.447200,1465104234.536000
719,1465104228.840000,1465104229.479677,1465104234.480903,1465104234.560000
720,1465104228.841000,1465104229.474339,1465104234.475536,1465104234.555000
721,1465104228.841000,1465104229.594693,1465104234.596355,1465104234.686000
722,1465104228.841000,1465104229.928872,1465104234.930129,1465104235.010000
723,1465104228.842000,1465104229.611034,1465104234.612482,1465104234.688000
724,1465104228.846000,1465104229.473965,1465104234.475212,1465104234.563000
725,1465104228.852000,1465104229.650622,1465104234.651916,1465104234.741000
726,1465104228.852000,1465104229.474232,1465104234.475459,1465104234.579000
727,1465104228.878000,1465104229.563543,1465104234.564845,1465104234.654000
728,1465104228.885000,1465104229.514885,1465104234.516103,1465104234.599000
729,1465104228.889000,1465104229.509706,1465104234.510869,1465104234.596000
730,1465104228.889000,1465104229.549198,1465104234.550637,1465104234.639000
731,1465104228.889000,1465104229.546411,1465104234.547728,1465104234.629000
732,1465104228.891000,1465104229.577116,1465104234.578301,1465104234.664000
733,1465104228.892000,1465104229.519113,1465104234.520511,1465104234.594000
734,1465104228.892000,1465104229.569075,1465104234.570307,1465104234.656000
735,1465104228.892000,1465104229.521218,1465104234.522435,1465104234.609000
736,1465104228.892000,1465104229.556208,1465104234.557544,1465104234.637000
737,1465104228.892000,1465104229.546040,1465104234.547281,1465104234.637000
738,1465104228.892000,1465104229.528374,1465104234.529563,1465104234.609000
739,1465104228.892000,1465104229.550284,1465104234.552245,1465104234.631000
740,1465104228.892000,1465104229.557988,1465104234.559289,1465104234.639000
741,1465104228.892000,1465104229.614156,1465104234.615488,1465104234.691000
742,1465104228.892000,1465104229.529691,1465104234.530898,1465104234.611000
743,1465104228.892000,1465104229.524011,1465104234.532006,1465104234.616000
744,1465104228.892000,1465104229.615444,1465104234.616980,1465104234.717000
745,1465104228.893000,1465104229.607114,1465104234.608305,1465104234.695000
746,1465104228.893000,1465104229.558234,1465104234.559442,1465104234.644000
747,1465104228.893000,1465104229.574650,1465104234.576333,1465104234.656000
748,1465104228.894000,1465104229.591104,1465104234.592387,1465104234.670000
749,1465104228.894000,1465104229.548080,1465104234.549283,1465104234.629000
750,1465104228.894000,1465104229.581881,1465104234.583071,1465104234.672000
751,1465104228.894000,1465104229.618301,1465104234.619508,1465104234.693000
752,1465104228.894000,1465104229.937336,1465104234.938693,1465104235.027000
753,1465104228.894000,1465104229.644281,1465104234.645469,1465104234.727000
754,1465104228.894000,1465104229.571937,1465104234.573159,1465104234.663000
755,1465104228.894000,1465104229.617058,1465104234.618261,1465104234.688000
756,1465104228.895000,1465104229.536534,1465104234.537821,1465104234.623000
757,1465104228.895000,1465104229.640686,1465104234.641812,1465104234.742000
758,1465104228.895000,1465104229.591487,1465104234.593643,1465104234.669000
759,1465104228.896000,1465104229.565560,1465104234.566977,1465104234.652000
760,1465104228.896000,1465104229.506887,1465104234.508588,1465104234.591000
761,1465104228.897000,1465104229.619521,1465104234.620749,1465104234.700000
762,1465104228.897000,1465104229.574896,1465104234.576195,1465104234.657000
763,1465104228.897000,1465104229.607575,1465104234.608747,1465104234.694000
764,1465104228.897000,1465104229.633698,1465104234.635664,1465104234.725000
765,1465104228.897000,1465104229.588317,1465104234.589526,1465104234.675000
766,1465104228.897000,1465104229.920938,1465104234.922216,1465104235.003000
767,1465104228.898000,1465104229.536113,1465104234.537362,1465104234.611000
768,1465104228.898000,1465104229.601737,1465104234.603171,1465104234.691000
769,1465104228.898000,1465104229.572050,1465104234.573292,1465104234.659000
770,1465104228.898000,1465104229.523697,1465104234.524988,1465104234.594000
771,1465104228.899000,1465104229.581236,1465104234.582505,1465104234.667000
772,1465104228.899000,1465104229.628658,1465104234.630663,1465104234.709000
773,1465104228.899000,1465104229.581881,1465104234.583123,1465104234.656000
774,1465104228.900000,1465104229.635377,1465104234.640614,1465104234.716000
775,1465104228.900000,1465104229.571257,1465104234.572493,1465104234.655000
776,1465104228.900000,1465104229.552590,1465104234.553901,1465104234.624000
777,1465104228.900000,1465104229.546609,1465104234.547961,1465104234.627000
778,1465104228.900000,1465104229.552388,1465104234.553534,1465104234.639000
779,1465104228.900000,1465104229.573934,1465104234.580262,1465104234.655000
780,1465104228.900000,1465104229.675781,1465104234.677084,1465104234.746000
781,1465104228.900000,1465104229.594540,1465104234.596349,1465104234.686000
782,1465104228.900000,1465104229.654381,1465104234.655665,1465104234.736000
783,1465104228.900000,1465104229.632807,1465104234.633956,1465104234.735000
784,1465104228.900000,1465104229.645960,1465104234.647175,1465104234.718000
785,1465104228.901000,1465104229.539368,1465104234.540619,1465104234.619000
786,1465104228.901000,1465104229.573998,1465104234.575265,1465104234.671000
787,1465104228.902000,1465104229.895566,1465104234.896863,1465104234.977000
788,1465104228.902000,1465104229.918897,1465104234.920338,1465104235.009000
789,1465104228.902000,1465104229.593281,1465104234.610076,1465104234.679000
790,1465104228.902000,1465104229.586826,1465104234.588077,1465104234.658000
791,1465104228.902000,1465104229.644265,1465104234.645641,1465104234.734000
792,1465104228.903000,1465104229.942744,1465104234.943993,1465104235.014000
793,1465104228.903000,1465104229.613898,1465104234.615092,1465104234.705000
794,1465104228.903000,1465104229.599338,1465104234.600589,1465104234.690000
795,1465104228.903000,1465104229.853156,1465104234.854471,1465104234.935000
796,1465104228.903000,1465104229.520898,1465104234.522562,1465104234.603000
797,1465104228.903000,1465104229.529569,1465104234.530797,1465104234.613000
798,1465104228.904000,1465104229.535356,1465104234.536559,1465104234.624000
799,1465104228.904000,1465104229.852289,1465104234.853785,1465104234.943000
800,1465104228.904000,1465104229.565013,1465104234.566977,1465104234.652000
801,1465104228.904000,1465104229.632618,1465104234.633811,1465104234.720000
802,1465104228.904000,1465104229.644817,1465104234.646029,1465104234.723000
803,1465104228.905000,1465104229.579894,1465104234.581200,1465104234.671000
804,1465104228.905000,1465104229.592223,1465104234.593441,1465104234.666000
805,1465104228.905000,1465104229.660512,1465104234.661772,1465104234.750000
806,1465104228.905000,1465104229.652725,1465104234.654872,1465104234.744000
807,1465104228.905000,1465104229.602882,1465104234.604217,1465104234.678000
808,1465104228.906000,1465104229.662386,1465104234.663591,1465104234.744000
809,1465104228.906000,1465104229.574579,1465104234.575913,1465104234.665000
810,1465104228.906000,1465104229.548129,1465104234.549305,1465104234.634000
811,1465104228.906000,1465104229.608921,1465104234.610223,1465104234.684000
812,1465104228.906000,1465104229.628748,1465104234.629922,1465104234.730000
813,1465104228.906000,1465104229.913024,1465104234.914283,1465104234.992000
814,1465104228.906000,1465104229.664285,1465104234.665587,1465104234.745000
815,1465104228.907000,1465104229.651259,1465104234.652426,1465104234.739000
816,1465104228.907000,1465104229.664355,1465104234.666033,1465104234.737000
817,1465104228.907000,1465104229.556306,1465104234.557524,1465104234.642000
818,1465104228.907000,1465104229.618338,1465104234.619512,1465104234.702000
819,1465104228.907000,1465104229.628789,1465104234.643391,1465104234.712000
820,1465104228.907000,1465104229.971743,1465104234.972986,1465104235.030000
821,1465104228.907000,1465104229.554032,1465104234.555269,1465104234.651000
822,1465104228.908000,1465104229.630669,1465104234.631911,1465104234.710000
823,1465104228.909000,1465104229.581246,1465104234.582547,1465104234.663000
824,1465104228.909000,1465104229.613290,1465104234.614706,1465104234.694000
825,1465104228.909000,1465104229.624490,1465104234.626905,1465104234.712000
826,1465104228.909000,1465104229.582362,1465104234.584076,1465104234.674000
827,1465104228.909000,1465104229.673956,1465104234.675223,1465104234.732000
828,1465104228.909000,1465104229.652400,1465104234.654192,1465104234.743000
829,1465104228.910000,1465104229.667530,1465104234.668985,1465104234.740000
830,1465104228.910000,1465104229.633460,1465104234.634650,1465104234.717000
831,1465104228.910000,1465104229.642241,1465104234.643613,1465104234.719000
832,1465104228.910000,1465104229.877305,1465104234.878506,1465104234.976000
833,1465104228.910000,1465104229.583846,1465104234.585342,1465104234.655000
834,1465104228.911000,1465104229.636665,1465104234.637932,1465104234.724000
835,1465104228.911000,1465104229.552873,1465104234.554138,1465104234.632000
836,1465104228.911000,1465104229.641743,1465104234.642960,1465104234.721000
837,1465104228.911000,1465104229.661474,1465104234.663103,1465104234.744000
838,1465104228.912000,1465104229.601547,1465104234.619068,1465104234.697000
839,1465104228.912000,1465104229.647751,1465104234.648957,1465104234.722000
840,1465104228.913000,1465104229.592015,1465104234.594125,1465104234.669000
841,1465104228.913000,1465104229.649332,1465104234.650402,1465104234.728000
842,1465104228.913000,1465104229.626956,1465104234.628263,1465104234.713000
843,1465104228.913000,1465104229.622400,1465104234.623636,1465104234.704000
844,1465104228.913000,1465104229.590947,1465104234.592194,1465104234.689000
845,1465104228.913000,1465104229.922537,1465104234.923800,1465104235.012000
846,1465104228.913000,1465104229.624801,1465104234.626180,1465104234.711000
847,1465104228.913000,1465104229.665726,1465104234.667005,1465104234.748000
848,1465104228.914000,1465104229.656991,1465104234.658403,1465104234.737000
849,1465104228.914000,1465104229.557523,1465104234.558780,1465104234.644000
850,1465104228.915000,1465104229.636356,1465104234.637581,1465104234.694000
851,1465104228.915000,1465104229.674920,1465104234.676233,1465104234.744000
852,1465104228.915000,1465104229.637705,1465104234.639158,1465104234.739000
853,1465104228.915000,1465104229.647428,1465104234.648605,1465104234.737000
854,1465104228.915000,1465104229.647630,1465104234.648804,1465104234.727000
855,1465104228.916000,1465104229.629412,1465104234.630893,1465104234.709000
856,1465104228.916000,1465104229.643844,1465104234.645045,1465104234.729000
857,1465104228.916000,1465104229.642672,1465104234.644832,1465104234.702000
858,1465104228.917000,1465104229.561114,1465104234.562607,1465104234.650000
859,1465104228.917000,1465104229.668399,1465104234.670833,1465104234.750000
860,1465104228.918000,1465104229.663480,1465104234.664629,1465104234.742000
861,1465104228.919000,1465104229.618001,1465104234.619531,1465104234.699000
862,1465104228.919000,1465104229.921042,1465104234.922473,1465104234.997000
863,1465104228.919000,1465104229.616645,1465104234.618007,1465104234.718000
864,1465104228.919000,1465104229.613710,1465104234.615172,1465104234.715000
865,1465104228.920000,1465104229.660152,1465104234.661420,1465104234.739000
866,1465104228.920000,1465104229.668662,1465104234.670284,1465104234.750000
867,1465104228.920000,1465104229.673720,1465104234.675313,1465104234.746000
868,1465104228.920000,1465104229.635790,1465104234.637116,1465104234.737000
869,1465104228.921000,1465104229.656381,1465104234.657671,1465104234.729000
870,1465104228.921000,1465104229.935899,1465104234.937101,1465104235.018000
871,1465104228.921000,1465104229.915338,1465104234.916818,1465104235.003000
872,1465104228.922000,1465104229.667691,1465104234.668932,1465104234.749000
873,1465104228.922000,1465104229.626046,1465104234.627342,1465104234.712000
874,1465104228.922000,1465104229.646979,1465104234.648242,1465104234.727000
875,1465104228.922000,1465104229.666039,1465104234.667288,1465104234.741000
876,1465104228.922000,1465104229.617312,1465104234.618735,1465104234.719000
877,1465104228.922000,1465104229.625939,1465104234.627190,1465104234.708000
878,1465104228.922000,1465104229.605279,1465104234.606669,1465104234.676000
879,1465104228.922000,1465104229.635727,1465104234.637021,1465104234.718000
880,1465104228.922000,1465104229.667535,1465104234.668673,1465104234.746000
881,1465104228.922000,1465104229.652852,1465104234.654104,1465104234.735000
882,1465104228.922000,1465104229.888163,1465104234.889403,1465104234.968000
883,1465104228.923000,1465104229.650626,1465104234.651814,1465104234.747000
884,1465104228.923000,1465104229.612218,1465104234.613378,1465104234.701000
885,1465104228.923000,1465104229.906394,1465104234.907616,1465104235.003000
886,1465104228.923000,1465104229.613428,1465104234.615172,1465104234.700000
887,1465104228.924000,1465104229.590421,1465104234.591649,1465104234.676000
888,1465104228.924000,1465104229.662562,1465104234.663816,1465104234.743000
889,1465104228.924000,1465104229.606028,1465104234.607240,1465104234.685000
890,1465104228.924000,1465104229.643686,1465104234.644912,1465104234.727000
891,1465104228.925000,0.000000,0.000000,0.000000
892,1465104228.925000,1465104229.614550,1465104234.615757,1465104234.698000
893,1465104228.925000,1465104229.642733,1465104234.643954,1465104234.723000
894,1465104228.925000,1465104229.560280,1465104234.574279,1465104234.663000
895,1465104228.925000,1465104229.562454,1465104234.563784,1465104234.651000
896,1465104228.926000,1465104229.670110,1465104234.671350,1465104234.728000
897,1465104228.926000,1465104229.653903,1465104234.655233,1465104234.724000
898,1465104228.926000,1465104229.601848,1465104234.603147,1465104234.687000
899,1465104228.926000,1465104229.607684,1465104234.609013,1465104234.683000
900,1465104228.926000,1465104229.651405,1465104234.652618,1465104234.750000
901,1465104228.927000,1465104229.570594,1465104234.571976,1465104234.650000
902,1465104228.927000,1465104229.621837,1465104234.623134,1465104234.720000
903,1465104228.927000,1465104229.949290,1465104234.950691,1465104235.019000
904,1465104228.927000,1465104229.915073,1465104234.916503,1465104234.997000
905,1465104228.927000,1465104229.641765,1465104234.643081,1465104234.712000
906,1465104228.927000,1465104229.662030,1465104234.663233,1465104234.744000
907,1465104228.927000,1465104229.624231,1465104234.625420,1465104234.722000
908,1465104228.928000,1465104229.668211,1465104234.669486,1465104234.747000
909,1465104228.928000,1465104229.594487,1465104234.596236,1465104234.676000
910,1465104228.928000,1465104229.611469,1465104234.612984,1465104234.713000
911,1465104228.928000,1465104229.943397,1465104234.954453,1465104235.032000
912,1465104228.928000,1465104229.605469,1465104234.606770,1465104234.692000
913,1465104228.928000,1465104229.633649,1465104234.635097,1465104234.723000
914,1465104228.928000,1465104229.637026,1465104234.638237,1465104234.726000
915,1465104228.928000,1465104229.663781,1465104234.665323,1465104234.735000
916,1465104228.928000,1465104229.582767,1465104234.584034,1465104234.672000
917,1465104228.928000,1465104229.674803,1465104234.676320,1465104234.747000
918,1465104228.929000,1465104229.614870,1465104234.616073,1465104234.696000
919,1465104228.929000,1465104229.628059,1465104234.629247,1465104234.717000
920,1465104228.929000,1465104229.550223,1465104234.551616,1465104234.632000
921,1465104228.930000,1465104229.912083,1465104234.913589,1465104234.983000
922,1465104228.931000,0.000000,0.000000,0.000000
923,1465104228.931000,1465104229.656089,1465104234.657609,1465104234.739000
924,1465104228.931000,1465104229.970084,1465104234.971333,1465104235.051000
925,1465104228.931000,1465104229.623066,1465104234.624240,1465104234.709000
926,1465104228.931000,1465104229.659786,1465104234.674223,1465104234.754000
927,1465104228.931000,1465104229.633530,1465104234.634705,1465104234.724000
928,1465104228.931000,1465104229.632433,1465104234.634562,1465104234.713000
929,1465104228.931000,1465104229.938266,1465104234.939816,1465104235.019000
930,1465104228.931000,1465104229.613997,1465104234.627415,1465104234.706000
931,1465104228.931000,1465104229.625016,1465104234.626247,1465104234.730000
932,1465104228.931000,1465104229.603835,1465104234.605121,1465104234.683000
933,1465104228.932000,1465104229.638178,1465104234.639356,1465104234.716000
934,1465104228.932000,1465104229.665244,1465104234.666537,1465104234.735000
935,1465104228.932000,1465104229.580922,1465104234.582127,1465104234.664000
936,1465104228.932000,1465104229.626012,1465104234.627624,1465104234.707000
937,1465104228.932000,1465104229.622440,1465104234.623661,1465104234.723000
938,1465104228.932000,0.000000,0.000000,0.000000
939,1465104228.932000,1465104229.664837,1465104234.666279,1465104234.742000
940,1465104228.932000,1465104229.689596,1465104234.691131,1465104234.748000
941,1465104228.932000,1465104229.636552,1465104234.638188,1465104234.719000
942,1465104228.934000,0.000000,0.000000,0.000000
943,1465104228.934000,1465104229.637345,1465104234.638597,1465104234.724000
944,1465104228.934000,1465104229.659517,1465104234.660850,1465104234.739000
945,1465104228.934000,1465104229.929630,1465104234.930953,1465104235.011000
946,1465104228.934000,1465104229.635997,1465104234.637357,1465104234.709000
947,1465104228.935000,1465104229.607865,1465104234.609037,1465104234.709000
948,1465104228.935000,1465104229.617578,1465104234.618899,1465104234.715000
949,1465104228.935000,1465104229.658588,1465104234.659782,1465104234.741000
950,1465104228.935000,0.000000,0.000000,0.000000
951,1465104228.936000,1465104229.669913,1465104234.671108,1465104234.749000
952,1465104228.936000,1465104229.643059,1465104234.644250,1465104234.733000
953,1465104228.936000,1465104229.635930,1465104234.637109,1465104234.733000
954,1465104228.937000,1465104229.669692,1465104234.670957,1465104234.740000
955,1465104228.937000,1465104229.916752,1465104234.917970,1465104234.999000
956,1465104228.937000,1465104229.619859,1465104234.621278,1465104234.696000
957,1465104228.937000,1465104229.654868,1465104234.656131,1465104234.730000
958,1465104228.937000,1465104229.620297,1465104234.621555,1465104234.695000
959,1465104228.937000,1465104229.650434,1465104234.651615,1465104234.728000
960,1465104228.938000,1465104229.669966,1465104234.671346,1465104234.748000
961,1465104228.938000,0.000000,0.000000,0.000000
962,1465104228.938000,1465104229.946208,1465104234.947477,1465104235.036000
963,1465104228.939000,1465104229.562998,1465104234.564351,1465104234.639000
964,1465104228.939000,1465104229.545897,1465104234.547380,1465104234.624000
965,1465104228.939000,1465104229.597203,1465104234.598361,1465104234.688000
966,1465104228.939000,1465104229.630823,1465104234.632127,1465104234.706000
967,1465104228.939000,1465104229.651546,1465104234.654155,1465104234.743000
968,1465104228.939000,1465104229.582847,1465104234.584133,1465104234.688000
969,1465104228.939000,1465104229.661604,1465104234.662929,1465104234.721000
970,1465104228.940000,1465104229.629056,1465104234.630661,1465104234.709000
971,1465104228.940000,1465104229.954370,1465104234.955664,1465104235.035000
972,1465104228.940000,1465104229.640677,1465104234.641930,1465104234.722000
973,1465104228.940000,1465104229.634017,1465104234.635512,1465104234.724000
974,1465104228.940000,1465104229.646466,1465104234.647934,1465104234.722000
975,1465104228.940000,1465104229.677491,1465104234.678664,1465104234.736000
976,1465104228.940000,1465104229.639354,1465104234.640552,1465104234.714000
977,1465104228.940000,1465104229.629797,1465104234.631006,1465104234.721000
978,1465104228.940000,1465104229.584973,1465104234.586350,1465104234.657000
979,1465104228.941000,1465104229.899369,1465104234.900725,1465104234.997000
980,1465104228.941000,1465104229.613147,1465104234.614393,1465104234.692000
981,1465104228.941000,0.000000,0.000000,0.000000
982,1465104228.941000,1465104229.663972,1465104234.665159,1465104234.723000
983,1465104228.941000,1465104229.688704,1465104234.690434,1465104234.748000
984,1465104228.942000,1465104229.615077,1465104234.616464,1465104234.705000
985,1465104228.942000,1465104229.951411,1465104234.952722,1465104235.035000
986,1465104228.942000,1465104229.643924,1465104234.645178,1465104234.742000
987,1465104228.943000,1465104229.644484,1465104234.645814,1465104234.731000
988,1465104228.943000,1465104229.666385,1465104234.667567,1465104234.745000
989,1465104228.943000,1465104229.661498,1465104234.662724,1465104234.740000
990,1465104228.943000,1465104229.921349,1465104234.922599,1465104235.003000
991,1465104228.943000,1465104229.653191,1465104234.654808,1465104234.731000
992,1465104228.943000,1465104229.655699,1465104234.656893,1465104234.742000
993,1465104228.943000,1465104229.652288,1465104234.653529,1465104234.734000
994,1465104228.944000,1465104229.626911,1465104234.628384,1465104234.719000
995,1465104228.944000,0.000000,0.000000,0.000000
996,1465104228.944000,1465104229.647098,1465104234.648313,1465104234.748000
997,1465104228.944000,1465104229.643175,1465104234.644630,1465104234.701000
998,1465104228.944000,1465104229.659786,1465104234.674335,1465104234.754000
999,1465104228.944000,1465104229.659607,1465104234.661021,1465104234.749000
