0,1465104320.466000,1465104321.064117,1465104326.065388,1465104326.154000
1,1465104320.466000,1465104321.078874,1465104326.080124,1465104326.166000
2,1465104320.466000,1465104321.085219,1465104326.100447,1465104326.176000
3,1465104320.466000,1465104321.062958,1465104326.064914,1465104326.140000
4,1465104320.466000,1465104321.076185,1465104326.077684,1465104326.162000
5,1465104320.466000,1465104321.064575,1465104326.066050,1465104326.148000
6,1465104320.466000,1465104321.064114,1465104326.065670,1465104326.137000
7,1465104320.466000,1465104321.026775,1465104326.028275,1465104326.117000
8,1465104320.467000,1465104321.091238,1465104326.092699,1465104326.152000
9,1465104320.467000,1465104321.050698,1465104326.052195,1465104326.133000
10,1465104320.467000,1465104321.072311,1465104326.073609,1465104326.163000
11,1465104320.467000,1465104321.113679,1465104326.114944,1465104326.173000
12,1465104320.467000,1465104321.082638,1465104326.084016,1465104326.163000
13,1465104320.467000,1465104321.070145,1465104326.071505,1465104326.161000
14,1465104320.467000,1465104321.071573,1465104326.074076,1465104326.178000
15,1465104320.467000,1465104321.112784,1465104326.113974,1465104326.185000
16,1465104320.467000,1465104321.077102,1465104326.078508,1465104326.159000
17,1465104320.467000,1465104321.029114,1465104326.030675,1465104326.120000
18,1465104320.467000,1465104321.069064,1465104326.070289,1465104326.148000
19,1465104320.467000,1465104321.148777,1465104326.150007,1465104326.248000
20,1465104320.467000,1465104321.062973,1465104326.064194,1465104326.152000
21,1465104320.467000,1465104321.072457,1465104326.074170,1465104326.162000
22,1465104320.467000,1465104321.100480,1465104326.102011,1465104326.190000
23,1465104320.467000,1465104321.090345,1465104326.091923,1465104326.173000
24,1465104320.467000,1465104321.076805,1465104326.078331,1465104326.157000
25,1465104320.467000,1465104321.093443,1465104326.101507,1465104326.183000
26,1465104320.467000,1465104321.082795,1465104326.084260,1465104326.183000
27,1465104320.467000,1465104321.117711,1465104326.118946,1465104326.204000
28,1465104320.468000,1465104321.051084,1465104326.052577,1465104326.141000
29,1465104320.468000,1465104321.082549,1465104326.086841,1465104326.167000
30,1465104320.468000,1465104321.127519,1465104326.129143,1465104326.205000
31,1465104320.468000,1465104321.071027,1465104326.072607,1465104326.153000
32,1465104320.469000,1465104321.119534,1465104326.120770,1465104326.200000
33,1465104320.469000,1465104321.086238,1465104326.087575,1465104326.177000
34,1465104320.470000,1465104321.075729,1465104326.077054,1465104326.155000
35,1465104320.469000,1465104321.071235,1465104326.072614,1465104326.161000
36,1465104320.470000,1465104321.045183,1465104326.046677,1465104326.124000
37,1465104320.470000,1465104321.081111,1465104326.082631,1465104326.163000
38,1465104320.470000,1465104321.070072,1465104326.071342,1465104326.152000
39,1465104320.470000,1465104321.050690,1465104326.052122,1465104326.150000
40,1465104320.471000,1465104321.091050,1465104326.092225,1465104326.161000
41,1465104320.472000,1465104321.079968,1465104326.081447,1465104326.168000
42,1465104320.473000,1465104321.072340,1465104326.073569,1465104326.156000
43,1465104320.473000,1465104321.053665,1465104326.055243,1465104326.135000
44,1465104320.474000,1465104321.094605,1465104326.095946,1465104326.181000
45,1465104320.474000,1465104321.110174,1465104326.111714,1465104326.196000
46,1465104320.474000,1465104321.069390,1465104326.070707,1465104326.160000
47,1465104320.474000,1465104321.440017,1465104326.451107,1465104326.537000
48,1465104320.474000,1465104321.051225,1465104326.052556,1465104326.141000
49,1465104320.474000,1465104321.092845,1465104326.094047,1465104326.182000
50,1465104320.474000,1465104321.064658,1465104326.070130,1465104326.139000
51,1465104320.474000,1465104321.102749,1465104326.104165,1465104326.192000
52,1465104320.474000,1465104321.108243,1465104326.109421,1465104326.179000
53,1465104320.474000,1465104321.129154,1465104326.130358,1465104326.204000
54,1465104320.474000,1465104321.105418,1465104326.106697,1465104326.165000
55,1465104320.474000,1465104321.090259,1465104326.091444,1465104326.176000
56,1465104320.474000,1465104321.050581,1465104326.052018,1465104326.149000
57,1465104320.474000,1465104321.124659,1465104326.125858,1465104326.195000
58,1465104320.474000,1465104321.109118,1465104326.110265,1465104326.192000
59,1465104320.474000,1465104321.103781,1465104326.105318,1465104326.195000
60,1465104320.475000,1465104321.056597,1465104326.057843,1465104326.154000
61,1465104320.476000,1465104321.081620,1465104326.083174,1465104326.169000
62,1465104320.477000,1465104321.101648,1465104326.102900,1465104326.183000
63,1465104320.481000,1465104321.155327,1465104326.156613,1465104326.226000
64,1465104320.481000,1465104321.072122,1465104326.083560,1465104326.187000
65,1465104320.481000,1465104321.081648,1465104326.082883,1465104326.152000
66,1465104320.481000,1465104321.094277,1465104326.095693,1465104326.176000
67,1465104320.481000,1465104321.100681,1465104326.102624,1465104326.179000
68,1465104320.481000,1465104321.090584,1465104326.091796,1465104326.181000
69,1465104320.481000,1465104321.086379,1465104326.087621,1465104326.160000
70,1465104320.481000,1465104321.066915,1465104326.068405,1465104326.145000
71,1465104320.481000,1465104321.072972,1465104326.074218,1465104326.162000
72,1465104320.482000,1465104321.095887,1465104326.097105,1465104326.178000
73,1465104320.481000,1465104321.165633,1465104326.167038,1465104326.243000
74,1465104320.482000,1465104321.081738,1465104326.082996,1465104326.168000
75,1465104320.482000,1465104321.109012,1465104326.110640,1465104326.169000
76,1465104320.482000,1465104321.089323,1465104326.090594,1465104326.168000
77,1465104320.482000,1465104321.160859,1465104326.162035,1465104326.234000
78,1465104320.482000,1465104321.073657,1465104326.075753,1465104326.180000
79,1465104320.482000,1465104321.090959,1465104326.092462,1465104326.171000
80,1465104320.482000,1465104321.083708,1465104326.085339,1465104326.165000
81,1465104320.482000,1465104321.438380,1465104326.439739,1465104326.525000
82,1465104320.482000,1465104322.919472,1465104327.920963,1465104328.007000
83,1465104320.482000,1465104321.099903,1465104326.101198,1465104326.181000
84,1465104320.483000,1465104321.252470,1465104326.253660,1465104326.327000
85,1465104320.483000,1465104321.075962,1465104326.078454,1465104326.166000
86,1465104320.483000,1465104321.104983,1465104326.106316,1465104326.192000
87,1465104320.483000,1465104321.091055,1465104326.092232,1465104326.164000
88,1465104320.483000,1465104321.063625,1465104326.065136,1465104326.154000
89,1465104320.483000,1465104321.200561,1465104326.202220,1465104326.277000
90,1465104320.483000,1465104321.057230,1465104326.058738,1465104326.144000
91,1465104320.483000,1465104321.095903,1465104326.097084,1465104326.196000
92,1465104320.483000,1465104321.094325,1465104326.108720,1465104326.190000
93,1465104320.483000,1465104321.219485,1465104326.220990,1465104326.301000
94,1465104320.483000,1465104321.075380,1465104326.091683,1465104326.179000
95,1465104320.483000,1465104321.114147,1465104326.115383,1465104326.185000
96,1465104320.483000,1465104322.917294,1465104327.934829,1465104328.024000
97,1465104320.483000,1465104321.109651,1465104326.111236,1465104326.170000
98,1465104320.483000,1465104321.123112,1465104326.124592,1465104326.210000
99,1465104320.483000,1465104321.244083,1465104326.245470,1465104326.333000
100,1465104320.483000,1465104321.125013,1465104326.126280,1465104326.213000
101,1465104320.483000,1465104321.116557,1465104326.117737,1465104326.188000
102,1465104320.483000,1465104321.072750,1465104326.073927,1465104326.162000
103,1465104320.483000,1465104321.106974,1465104326.125862,1465104326.197000
104,1465104320.483000,1465104321.117036,1465104326.118261,1465104326.199000
105,1465104320.483000,1465104321.093235,1465104326.094528,1465104326.184000
106,1465104320.483000,1465104321.116849,1465104326.118033,1465104326.200000
107,1465104320.483000,1465104321.084282,1465104326.097903,1465104326.179000
108,1465104320.484000,1465104321.437070,1465104326.438306,1465104326.525000
109,1465104320.484000,1465104321.129431,1465104326.140459,1465104326.216000
110,1465104320.484000,1465104321.110696,1465104326.112177,1465104326.191000
111,1465104320.484000,1465104321.118919,1465104326.120135,1465104326.198000
112,1465104320.484000,1465104321.125996,1465104326.127978,1465104326.214000
113,1465104320.484000,1465104321.133611,1465104326.135292,1465104326.205000
114,1465104320.484000,1465104321.115820,1465104326.117105,1465104326.196000
115,1465104320.484000,1465104321.103231,1465104326.104797,1465104326.184000
116,1465104320.484000,1465104321.102888,1465104326.104547,1465104326.185000
117,1465104320.484000,1465104321.078152,1465104326.079474,1465104326.169000
118,1465104320.486000,1465104321.100826,1465104326.102041,1465104326.189000
119,1465104320.488000,1465104321.124210,1465104326.141220,1465104326.199000
120,1465104320.491000,1465104321.075401,1465104326.076828,1465104326.181000
121,1465104320.491000,1465104321.107334,1465104326.108571,1465104326.197000
122,1465104320.492000,1465104321.426652,1465104326.428311,1465104326.514000
123,1465104320.492000,1465104321.098511,1465104326.099867,1465104326.187000
124,1465104320.492000,1465104321.171862,1465104326.173172,1465104326.252000
125,1465104320.495000,1465104321.119651,1465104326.134787,1465104326.214000
126,1465104320.495000,1465104321.158662,1465104326.160024,1465104326.239000
127,1465104320.495000,1465104321.135014,1465104326.136178,1465104326.206000
128,1465104320.495000,1465104322.893418,1465104327.894994,1465104327.981000
129,1465104320.495000,1465104321.121941,1465104326.123177,1465104326.220000
130,1465104320.495000,1465104321.120683,1465104326.134787,1465104326.214000
131,1465104320.495000,1465104321.128171,1465104326.129371,1465104326.210000
132,1465104320.495000,1465104321.124619,1465104326.126094,1465104326.198000
133,1465104320.496000,1465104321.110052,1465104326.111272,1465104326.199000
134,1465104320.496000,1465104321.128563,1465104326.129748,1465104326.228000
135,1465104320.496000,1465104321.116105,1465104326.117542,1465104326.206000
136,1465104320.496000,1465104321.087878,1465104326.089084,1465104326.166000
137,1465104320.496000,1465104321.125818,1465104326.126985,1465104326.185000
138,1465104320.496000,1465104321.086959,1465104326.088207,1465104326.185000
139,1465104320.496000,1465104321.435954,1465104326.437629,1465104326.526000
140,1465104320.496000,1465104321.076864,1465104326.078455,1465104326.166000
141,1465104320.496000,1465104321.091615,1465104326.093019,1465104326.180000
142,1465104320.497000,1465104321.438197,1465104326.439402,1465104326.514000
143,1465104320.497000,1465104321.097776,1465104326.099077,1465104326.179000
144,1465104320.497000,1465104321.099506,1465104326.101364,1465104326.177000
145,1465104320.497000,1465104321.115213,1465104326.116366,1465104326.193000
146,1465104320.497000,1465104321.126442,1465104326.127674,1465104326.210000
147,1465104320.497000,1465104321.181523,1465104326.182860,1465104326.287000
148,1465104320.497000,1465104321.441465,1465104326.442836,1465104326.529000
149,1465104320.497000,1465104321.442656,1465104326.443855,1465104326.524000
150,1465104320.497000,1465104321.096670,1465104326.097852,1465104326.194000
151,1465104320.498000,1465104321.099168,1465104326.100467,1465104326.204000
152,1465104320.499000,1465104321.175541,1465104326.176846,1465104326.256000
153,1465104320.499000,1465104321.445606,1465104326.446865,1465104326.528000
154,1465104320.499000,1465104321.432282,1465104326.433635,1465104326.519000
155,1465104320.499000,1465104321.140018,1465104326.141239,1465104326.227000
156,1465104320.499000,1465104321.100084,1465104326.101259,1465104326.189000
157,1465104320.500000,1465104321.077897,1465104326.079070,1465104326.177000
158,1465104320.500000,1465104321.457982,1465104326.459170,1465104326.531000
159,1465104320.500000,1465104321.151413,1465104326.152747,1465104326.238000
160,1465104320.500000,1465104321.077646,1465104326.078874,1465104326.183000
161,1465104320.500000,1465104321.423451,1465104326.424755,1465104326.529000
162,1465104320.500000,1465104322.955385,1465104327.956824,1465104328.055000
163,1465104320.500000,1465104321.450642,1465104326.452259,1465104326.527000
164,1465104320.500000,1465104321.108345,1465104326.109590,1465104326.207000
165,1465104320.500000,1465104321.194307,1465104326.195709,1465104326.281000
166,1465104320.501000,1465104321.225460,1465104326.226646,1465104326.300000
167,1465104320.501000,1465104321.147483,1465104326.153867,1465104326.239000
168,1465104320.501000,1465104321.096895,1465104326.098094,1465104326.183000
169,1465104320.501000,1465104321.201524,1465104326.202690,1465104326.288000
170,1465104320.501000,1465104321.118662,1465104326.131982,1465104326.216000
171,1465104320.501000,1465104321.087512,1465104326.088777,1465104326.193000
172,1465104320.501000,1465104321.218186,1465104326.219403,1465104326.305000
173,1465104320.501000,1465104321.197479,1465104326.199163,1465104326.278000
174,1465104320.501000,1465104321.517167,1465104326.518466,1465104326.599000
175,1465104320.501000,1465104321.215093,1465104326.228572,1465104326.309000
176,1465104320.501000,1465104321.174644,1465104326.175960,1465104326.246000
177,1465104320.501000,1465104321.149743,1465104326.151192,1465104326.241000
178,1465104320.501000,1465104321.472673,1465104326.475866,1465104326.564000
179,1465104320.501000,1465104321.235001,1465104326.236228,1465104326.317000
180,1465104320.501000,1465104321.116836,1465104326.118372,1465104326.192000
181,1465104320.501000,1465104321.153870,1465104326.155417,1465104326.259000
182,1465104320.502000,1465104321.132329,1465104326.133556,1465104326.219000
183,1465104320.502000,1465104321.155911,1465104326.157470,1465104326.237000
184,1465104320.502000,1465104321.100633,1465104326.101822,1465104326.174000
185,1465104320.502000,1465104321.461350,1465104326.462500,1465104326.535000
186,1465104320.502000,0.000000,0.000000,0.000000
187,1465104320.502000,1465104321.216576,1465104326.217826,1465104326.297000
188,1465104320.502000,1465104321.120546,1465104326.121802,1465104326.226000
189,1465104320.502000,1465104321.468000,1465104326.469170,1465104326.556000
190,1465104320.502000,1465104321.117452,1465104326.119173,1465104326.205000
191,1465104320.502000,1465104321.148486,1465104326.149707,1465104326.229000
192,1465104320.502000,1465104321.165035,1465104326.166247,1465104326.251000
193,1465104320.502000,1465104321.114829,1465104326.116052,1465104326.201000
194,1465104320.502000,1465104321.277338,1465104326.278718,1465104326.359000
195,1465104320.502000,1465104321.200665,1465104326.202026,1465104326.290000
196,1465104320.502000,1465104321.559024,1465104326.560256,1465104326.640000
197,1465104320.502000,1465104321.244162,1465104326.245389,1465104326.315000
198,1465104320.502000,1465104321.136918,1465104326.138128,1465104326.216000
199,1465104320.502000,1465104321.160829,1465104326.162053,1465104326.240000
200,1465104320.502000,1465104321.446278,1465104326.447891,1465104326.523000
201,1465104320.502000,1465104321.128574,1465104326.130217,1465104326.211000
202,1465104320.502000,1465104321.118346,1465104326.119601,1465104326.205000
203,1465104320.502000,1465104321.456316,1465104326.457842,1465104326.533000
204,1465104320.502000,1465104321.212091,1465104326.213415,1465104326.285000
205,1465104320.502000,1465104321.089007,1465104326.090197,1465104326.177000
206,1465104320.502000,1465104321.199551,1465104326.200785,1465104326.282000
207,1465104320.502000,1465104321.242581,1465104326.243868,1465104326.330000
208,1465104320.502000,0.000000,0.000000,0.000000
209,1465104320.502000,1465104321.103400,1465104326.118356,1465104326.207000
210,1465104320.502000,1465104321.095297,1465104326.096603,1465104326.185000
211,1465104320.502000,1465104321.128375,1465104326.129606,1465104326.211000
212,1465104320.502000,1465104321.178000,1465104326.179239,1465104326.257000
213,1465104320.502000,1465104321.506557,1465104326.507987,1465104326.592000
214,1465104320.502000,1465104321.437637,1465104326.448773,1465104326.534000
215,1465104320.502000,1465104321.452596,1465104326.453949,1465104326.531000
216,1465104320.503000,1465104321.202018,1465104326.203269,1465104326.291000
217,1465104320.503000,1465104321.151746,1465104326.152966,1465104326.240000
218,1465104320.503000,1465104321.493632,1465104326.495004,1465104326.599000
219,1465104320.503000,1465104321.157261,1465104326.158644,1465104326.247000
220,1465104320.503000,1465104321.121370,1465104326.125290,1465104326.197000
221,1465104320.503000,1465104321.181484,1465104326.182782,1465104326.268000
222,1465104320.503000,1465104321.215162,1465104326.216368,1465104326.275000
223,1465104320.503000,1465104321.120322,1465104326.121532,1465104326.210000
224,1465104320.503000,1465104321.458971,1465104326.460411,1465104326.530000
225,1465104320.503000,1465104321.133012,1465104326.134203,1465104326.212000
226,1465104320.503000,1465104321.208368,1465104326.210143,1465104326.289000
227,1465104320.503000,1465104321.107949,1465104326.109453,1465104326.195000
228,1465104320.503000,1465104321.160037,1465104326.161224,1465104326.246000
229,1465104320.503000,1465104321.227057,1465104326.228251,1465104326.313000
230,1465104320.503000,1465104321.536253,1465104326.537544,1465104326.612000
231,1465104320.503000,1465104321.098888,1465104326.100171,1465104326.180000
232,1465104320.503000,1465104321.201868,1465104326.203161,1465104326.277000
233,1465104320.503000,1465104321.109983,1465104326.111205,1465104326.192000
234,1465104320.503000,1465104321.145348,1465104326.146739,1465104326.222000
235,1465104320.503000,1465104321.239637,1465104326.240904,1465104326.300000
236,1465104320.503000,1465104321.443374,1465104326.444784,1465104326.531000
237,1465104320.503000,1465104321.216476,1465104326.217651,1465104326.290000
238,1465104320.503000,1465104321.200956,1465104326.202134,1465104326.279000
239,1465104320.503000,1465104321.246338,1465104326.247645,1465104326.336000
240,1465104320.503000,1465104321.213037,1465104326.220515,1465104326.296000
241,1465104320.503000,1465104321.476888,1465104326.478079,1465104326.563000
242,1465104320.503000,1465104321.100509,1465104326.102115,1465104326.179000
243,1465104320.503000,1465104321.259683,1465104326.262535,1465104326.321000
244,1465104320.503000,1465104321.223290,1465104326.224780,1465104326.304000
245,1465104320.503000,1465104321.118814,1465104326.120134,1465104326.201000
246,1465104320.503000,1465104321.477644,1465104326.478893,1465104326.583000
247,1465104320.503000,1465104321.085052,1465104326.086634,1465104326.183000
248,1465104320.503000,1465104321.095726,1465104326.101251,1465104326.177000
249,1465104320.503000,1465104321.178142,1465104326.179447,1465104326.260000
250,1465104320.503000,1465104321.132817,1465104326.134238,1465104326.213000
251,1465104320.504000,1465104321.443030,1465104326.444476,1465104326.530000
252,1465104320.504000,1465104321.172308,1465104326.173597,1465104326.245000
253,1465104320.504000,1465104321.182198,1465104326.183439,1465104326.282000
254,1465104320.504000,1465104321.210315,1465104326.212941,1465104326.298000
255,1465104320.504000,1465104321.506369,1465104326.507811,1465104326.594000
256,1465104320.504000,1465104321.173614,1465104326.174905,1465104326.271000
257,1465104320.504000,1465104321.140676,1465104326.141897,1465104326.213000
258,1465104320.504000,1465104321.204614,1465104326.206794,1465104326.291000
259,1465104320.504000,1465104321.523128,1465104326.524459,1465104326.595000
260,1465104320.504000,1465104321.226817,1465104326.228449,1465104326.309000
261,1465104320.504000,1465104321.130029,1465104326.140348,1465104326.216000
262,1465104320.504000,1465104321.464557,1465104326.465823,1465104326.524000
263,1465104320.504000,1465104321.189011,1465104326.190504,1465104326.280000
264,1465104320.504000,1465104321.495021,1465104326.496439,1465104326.576000
265,1465104320.504000,1465104321.121116,1465104326.122669,1465104326.194000
266,1465104320.504000,1465104321.117855,1465104326.119382,1465104326.200000
267,1465104320.504000,1465104321.236749,1465104326.254227,1465104326.334000
268,1465104320.504000,1465104321.133371,1465104326.134630,1465104326.215000
269,1465104320.504000,1465104321.201470,1465104326.202695,1465104326.285000
270,1465104320.504000,1465104321.450880,1465104326.465253,1465104326.543000
271,1465104320.504000,1465104321.132584,1465104326.133920,1465104326.213000
272,1465104320.504000,1465104321.115502,1465104326.116758,1465104326.195000
273,1465104320.504000,1465104321.126312,1465104326.127840,1465104326.213000
274,1465104320.504000,1465104321.486176,1465104326.487412,1465104326.576000
275,1465104320.504000,1465104322.988052,1465104327.989830,1465104328.071000
276,1465104320.504000,1465104321.094020,1465104326.095292,1465104326.184000
277,1465104320.504000,1465104321.454763,1465104326.455961,1465104326.546000
278,1465104320.504000,1465104321.239441,1465104326.246951,1465104326.344000
279,1465104320.504000,1465104321.151011,1465104326.152442,1465104326.237000
280,1465104320.504000,1465104321.126617,1465104326.128338,1465104326.203000
281,1465104320.504000,0.000000,0.000000,0.000000
282,1465104320.505000,1465104321.093302,1465104326.095023,1465104326.177000
283,1465104320.505000,1465104321.192389,1465104326.193603,1465104326.280000
284,1465104320.505000,1465104321.146475,1465104326.147741,1465104326.229000
285,1465104320.505000,1465104322.966627,1465104327.968376,1465104328.043000
286,1465104320.505000,1465104321.218823,1465104326.220029,1465104326.290000
287,1465104320.505000,1465104321.207317,1465104326.208587,1465104326.278000
288,1465104320.507000,1465104321.455134,1465104326.456306,1465104326.530000
289,1465104320.511000,1465104321.176741,1465104326.177926,1465104326.276000
290,1465104320.522000,1465104321.118816,1465104326.120101,1465104326.206000
291,1465104320.530000,1465104321.159413,1465104326.160973,1465104326.241000
292,1465104320.530000,1465104321.212023,1465104326.213613,1465104326.288000
293,1465104320.530000,1465104321.158958,1465104326.160167,1465104326.241000
294,1465104320.530000,1465104321.215219,1465104326.216645,1465104326.300000
295,1465104320.533000,1465104321.463937,1465104326.465230,1465104326.544000
296,1465104320.533000,1465104321.134081,1465104326.135293,1465104326.232000
297,1465104320.533000,1465104321.209012,1465104326.210777,1465104326.289000
298,1465104320.533000,1465104321.506794,1465104326.508214,1465104326.588000
299,1465104320.533000,1465104321.553893,1465104326.568970,1465104326.650000
300,1465104320.533000,1465104321.248684,1465104326.250483,1465104326.334000
301,1465104320.533000,1465104321.249797,1465104326.251227,1465104326.339000
302,1465104320.533000,1465104321.144975,1465104326.146278,1465104326.226000
303,1465104320.533000,1465104323.008269,1465104328.009550,1465104328.083000
304,1465104320.533000,1465104321.180271,1465104326.181602,1465104326.252000
305,1465104320.533000,1465104321.162116,1465104326.163699,1465104326.244000
306,1465104320.533000,1465104321.266169,1465104326.283728,1465104326.353000
307,1465104320.534000,1465104321.538629,1465104326.539967,1465104326.621000
308,1465104320.534000,1465104321.465431,1465104326.466675,1465104326.552000
309,1465104320.535000,1465104321.204966,1465104326.206429,1465104326.290000
310,1465104320.535000,1465104321.164634,1465104326.165856,1465104326.264000
311,1465104320.535000,1465104321.223439,1465104326.224674,1465104326.323000
312,1465104320.535000,1465104321.166138,1465104326.167587,1465104326.247000
313,1465104320.535000,1465104323.030984,1465104328.032566,1465104328.111000
314,1465104320.535000,1465104321.559706,1465104326.560984,1465104326.641000
315,1465104320.535000,1465104321.192265,1465104326.193420,1465104326.292000
316,1465104320.535000,1465104321.511614,1465104326.512843,1465104326.601000
317,1465104320.535000,1465104321.462646,1465104326.463876,1465104326.534000
318,1465104320.535000,1465104321.206595,1465104326.208165,1465104326.283000
319,1465104320.535000,1465104321.503353,1465104326.504677,1465104326.601000
320,1465104320.535000,1465104321.443997,1465104326.445819,1465104326.521000
321,1465104320.535000,1465104321.490467,1465104326.491641,1465104326.561000
322,1465104320.535000,1465104321.210011,1465104326.211346,1465104326.281000
323,1465104320.536000,1465104321.484052,1465104326.485278,1465104326.555000
324,1465104320.536000,1465104321.162800,1465104326.164290,1465104326.252000
325,1465104320.536000,0.000000,0.000000,0.000000
326,1465104320.537000,1465104321.249754,1465104326.251168,1465104326.335000
327,1465104320.537000,1465104321.204419,1465104326.205687,1465104326.284000
328,1465104320.537000,1465104321.238687,1465104326.240003,1465104326.309000
329,1465104320.537000,1465104321.452291,1465104326.458738,1465104326.538000
330,1465104320.537000,1465104321.243206,1465104326.244603,1465104326.320000
331,1465104320.537000,1465104321.245653,1465104326.246926,1465104326.345000
332,1465104320.537000,1465104321.212687,1465104326.213859,1465104326.288000
333,1465104320.537000,1465104321.199104,1465104326.200860,1465104326.289000
334,1465104320.537000,1465104321.481726,1465104326.486849,1465104326.567000
335,1465104320.537000,1465104321.148388,1465104326.149626,1465104326.253000
336,1465104320.537000,1465104321.493616,1465104326.494833,1465104326.554000
337,1465104320.537000,1465104321.524238,1465104326.526106,1465104326.614000
338,1465104320.538000,1465104321.260066,1465104326.277738,1465104326.353000
339,1465104320.538000,1465104321.255134,1465104326.256590,1465104326.336000
340,1465104320.538000,1465104321.235889,1465104326.237304,1465104326.312000
341,1465104320.538000,1465104321.255185,1465104326.256396,1465104326.355000
342,1465104320.538000,1465104322.974484,1465104327.975999,1465104328.061000
343,1465104320.538000,1465104321.206491,1465104326.207731,1465104326.285000
344,1465104320.538000,1465104321.216540,1465104326.217928,1465104326.303000
345,1465104320.538000,1465104321.164594,1465104326.165854,1465104326.253000
346,1465104320.538000,1465104321.225125,1465104326.226436,1465104326.312000
347,1465104320.538000,1465104321.454831,1465104326.456005,1465104326.554000
348,1465104320.538000,1465104321.525297,1465104326.526858,1465104326.615000
349,1465104320.539000,1465104321.203757,1465104326.204973,1465104326.290000
350,1465104320.539000,1465104321.197720,1465104326.199033,1465104326.269000
351,1465104320.539000,1465104321.505973,1465104326.507316,1465104326.587000
352,1465104320.539000,1465104321.479896,1465104326.488786,1465104326.574000
353,1465104320.539000,1465104321.248690,1465104326.249923,1465104326.348000
354,1465104320.539000,1465104321.284725,1465104326.287608,1465104326.368000
355,1465104320.540000,1465104321.192151,1465104326.193423,1465104326.274000
356,1465104320.540000,1465104321.177229,1465104326.178460,1465104326.275000
357,1465104320.540000,1465104321.464392,1465104326.465597,1465104326.536000
358,1465104320.540000,1465104322.981915,1465104327.983129,1465104328.081000
359,1465104320.540000,1465104321.156401,1465104326.157639,1465104326.261000
360,1465104320.540000,1465104321.201014,1465104326.202497,1465104326.281000
361,1465104320.540000,1465104321.500103,1465104326.501385,1465104326.571000
362,1465104320.540000,1465104321.539576,1465104326.540798,1465104326.612000
363,1465104320.541000,1465104321.201159,1465104326.203129,1465104326.288000
364,1465104320.541000,1465104321.213723,1465104326.215205,1465104326.287000
365,1465104320.541000,1465104321.490506,1465104326.491856,1465104326.571000
366,1465104320.541000,1465104321.479515,1465104326.480689,1465104326.551000
367,1465104320.541000,1465104321.536995,1465104326.541556,1465104326.623000
368,1465104320.541000,1465104321.563766,1465104326.565553,1465104326.624000
369,1465104320.541000,1465104321.525561,1465104326.526886,1465104326.606000
370,1465104320.542000,1465104321.496883,1465104326.498249,1465104326.577000
371,1465104320.542000,1465104321.502048,1465104326.503245,1465104326.581000
372,1465104320.542000,1465104321.278355,1465104326.280220,1465104326.339000
373,1465104320.542000,1465104321.203165,1465104326.204660,1465104326.290000
374,1465104320.542000,1465104321.254038,1465104326.255271,1465104326.335000
375,1465104320.542000,1465104323.004623,1465104328.006175,1465104328.081000
376,1465104320.543000,1465104321.238208,1465104326.239455,1465104326.328000
377,1465104320.543000,1465104321.573663,1465104326.575043,1465104326.663000
378,1465104320.543000,1465104321.481004,1465104326.482519,1465104326.561000
379,1465104320.543000,1465104321.214348,1465104326.215505,1465104326.314000
380,1465104320.543000,1465104321.239168,1465104326.240920,1465104326.338000
381,1465104320.543000,1465104321.503119,1465104326.505375,1465104326.601000
382,1465104320.543000,1465104321.233259,1465104326.234674,1465104326.320000
383,1465104320.543000,1465104321.473639,1465104326.475096,1465104326.563000
384,1465104320.543000,1465104321.508599,1465104326.509811,1465104326.571000
385,1465104320.543000,1465104321.169019,1465104326.170179,1465104326.247000
386,1465104320.543000,1465104321.259569,1465104326.260936,1465104326.340000
387,1465104320.544000,1465104321.168446,1465104326.169643,1465104326.268000
388,1465104320.544000,1465104321.539473,1465104326.540712,1465104326.626000
389,1465104320.544000,1465104321.486270,1465104326.487462,1465104326.567000
390,1465104320.544000,1465104321.516518,1465104326.517725,1465104326.587000
391,1465104320.544000,1465104321.492577,1465104326.493995,1465104326.598000
392,1465104320.544000,1465104321.222299,1465104326.223575,1465104326.293000
393,1465104320.544000,1465104321.229548,1465104326.230724,1465104326.305000
394,1465104320.544000,1465104321.500293,1465104326.501479,1465104326.576000
395,1465104320.544000,1465104321.175942,1465104326.177190,1465104326.274000
396,1465104320.545000,1465104321.487153,1465104326.488461,1465104326.573000
397,1465104320.545000,1465104321.518058,1465104326.519222,1465104326.590000
398,1465104320.545000,1465104321.481945,1465104326.483249,1465104326.553000
399,1465104320.545000,1465104321.488225,1465104326.489732,1465104326.565000
400,1465104320.545000,1465104321.537303,1465104326.538842,1465104326.610000
401,1465104320.545000,1465104321.543624,1465104326.544946,1465104326.626000
402,1465104320.546000,1465104321.235622,1465104326.236836,1465104326.321000
403,1465104320.546000,1465104321.221392,1465104326.223888,1465104326.299000
404,1465104320.546000,1465104321.221376,1465104326.222835,1465104326.303000
405,1465104320.546000,1465104321.182391,1465104326.183701,1465104326.272000
406,1465104320.546000,1465104321.481440,1465104326.482731,1465104326.568000
407,1465104320.546000,1465104321.208533,1465104326.209710,1465104326.306000
408,1465104320.546000,1465104321.479710,1465104326.481430,1465104326.560000
409,1465104320.547000,0.000000,0.000000,0.000000
410,1465104320.547000,1465104321.208155,1465104326.209680,1465104326.290000
411,1465104320.547000,1465104321.216561,1465104326.217942,1465104326.296000
412,1465104320.547000,1465104321.234354,1465104326.235591,1465104326.321000
413,1465104320.547000,1465104321.188637,1465104326.190170,1465104326.269000
414,1465104320.547000,1465104321.208089,1465104326.210552,1465104326.291000
415,1465104320.547000,1465104321.225507,1465104326.226819,1465104326.302000
416,1465104320.548000,1465104321.255453,1465104326.256681,1465104326.342000
417,1465104320.548000,1465104321.215754,1465104326.216983,1465104326.305000
418,1465104320.548000,1465104321.488911,1465104326.490211,1465104326.576000
419,1465104320.548000,1465104321.470881,1465104326.472110,1465104326.552000
420,1465104320.548000,1465104321.256734,1465104326.258734,1465104326.339000
421,1465104320.549000,1465104321.237836,1465104326.239297,1465104326.328000
422,1465104320.549000,1465104321.270597,1465104326.271854,1465104326.350000
423,1465104320.549000,1465104321.229087,1465104326.230370,1465104326.310000
424,1465104320.549000,0.000000,0.000000,0.000000
425,1465104320.549000,1465104321.519646,1465104326.521177,1465104326.591000
426,1465104320.549000,1465104321.475880,1465104326.477080,1465104326.573000
427,1465104320.549000,1465104321.511339,1465104326.512585,1465104326.597000
428,1465104320.550000,1465104321.236523,1465104326.237915,1465104326.327000
429,1465104320.550000,1465104321.529222,1465104326.530721,1465104326.606000
430,1465104320.550000,1465104321.576399,1465104326.577657,1465104326.655000
431,1465104320.550000,1465104321.497426,1465104326.498714,1465104326.588000
432,1465104320.550000,1465104321.507657,1465104326.511735,1465104326.596000
433,1465104320.550000,1465104321.594753,1465104326.596116,1465104326.675000
434,1465104320.550000,1465104321.526478,1465104326.527764,1465104326.612000
435,1465104320.550000,1465104321.474635,1465104326.475830,1465104326.556000
436,1465104320.551000,1465104321.576612,1465104326.578039,1465104326.658000
437,1465104320.551000,1465104321.537315,1465104326.538827,1465104326.628000
438,1465104320.551000,1465104321.512562,1465104326.514165,1465104326.604000
439,1465104320.551000,1465104321.514117,1465104326.515512,1465104326.603000
440,1465104320.551000,1465104321.526020,1465104326.527270,1465104326.598000
441,1465104320.552000,1465104321.566926,1465104326.568104,1465104326.645000
442,1465104320.552000,1465104321.530018,1465104326.531281,1465104326.612000
443,1465104320.552000,1465104321.285421,1465104326.287103,1465104326.368000
444,1465104320.552000,1465104321.295178,1465104326.296368,1465104326.366000
445,1465104320.552000,1465104321.515554,1465104326.516789,1465104326.606000
446,1465104320.552000,1465104321.257158,1465104326.258592,1465104326.339000
447,1465104320.552000,0.000000,0.000000,0.000000
448,1465104320.552000,1465104321.265828,1465104326.267703,1465104326.337000
449,1465104320.553000,1465104321.260970,1465104326.263052,1465104326.322000
450,1465104320.553000,1465104321.518335,1465104326.533727,1465104326.613000
451,1465104320.553000,1465104321.253519,1465104326.255340,1465104326.336000
452,1465104320.553000,1465104321.261558,1465104326.262972,1465104326.361000
453,1465104320.553000,1465104321.540938,1465104326.542124,1465104326.630000
454,1465104320.553000,1465104321.540466,1465104326.541687,1465104326.619000
455,1465104320.553000,1465104322.984588,1465104327.986061,1465104328.068000
456,1465104320.554000,1465104321.229976,1465104326.231214,1465104326.310000
457,1465104320.554000,1465104321.292456,1465104326.293796,1465104326.373000
458,1465104320.554000,1465104321.524657,1465104326.526018,1465104326.615000
459,1465104320.554000,1465104321.189545,1465104326.190925,1465104326.270000
460,1465104320.555000,1465104321.473569,1465104326.474821,1465104326.549000
461,1465104320.555000,1465104321.576293,1465104326.577582,1465104326.651000
462,1465104320.555000,1465104321.262063,1465104326.263263,1465104326.349000
463,1465104320.555000,1465104321.255117,1465104326.256366,1465104326.340000
464,1465104320.556000,1465104321.260089,1465104326.278517,1465104326.354000
465,1465104320.556000,1465104321.192464,1465104326.193685,1465104326.272000
466,1465104320.556000,1465104321.508974,1465104326.510255,1465104326.608000
467,1465104320.556000,0.000000,0.000000,0.000000
468,1465104320.557000,1465104321.237873,1465104326.239527,1465104326.298000
469,1465104320.557000,1465104321.474339,1465104326.475529,1465104326.574000
470,1465104320.557000,1465104321.185608,1465104326.186891,1465104326.267000
471,1465104320.557000,1465104321.545536,1465104326.546892,1465104326.637000
472,1465104320.557000,1465104321.538424,1465104326.539705,1465104326.643000
473,1465104320.558000,1465104321.242865,1465104326.244174,1465104326.330000
474,1465104320.558000,1465104321.560983,1465104326.578689,1465104326.668000
475,1465104320.558000,1465104321.291266,1465104326.292567,1465104326.373000
476,1465104320.558000,1465104321.290499,1465104326.291998,1465104326.370000
477,1465104320.558000,1465104321.287769,1465104326.289035,1465104326.368000
478,1465104320.558000,1465104321.502447,1465104326.503767,1465104326.592000
479,1465104320.558000,1465104321.259007,1465104326.260241,1465104326.340000
480,1465104320.559000,1465104321.246760,1465104326.248354,1465104326.328000
481,1465104320.559000,1465104321.513244,1465104326.514542,1465104326.585000
482,1465104320.559000,1465104321.538485,1465104326.539973,1465104326.612000
483,1465104320.559000,1465104321.238221,1465104326.239549,1465104326.315000
484,1465104320.559000,1465104321.252501,1465104326.253746,1465104326.342000
485,1465104320.559000,1465104321.554008,1465104326.555349,1465104326.635000
486,1465104320.559000,1465104321.515812,1465104326.517043,1465104326.595000
487,1465104320.559000,1465104321.502576,1465104326.503827,1465104326.607000
488,1465104320.559000,1465104321.521855,1465104326.523030,1465104326.592000
489,1465104320.560000,1465104321.262296,1465104326.263707,1465104326.337000
490,1465104320.560000,1465104321.260865,1465104326.271402,1465104326.359000
491,1465104320.560000,1465104321.233673,1465104326.234828,1465104326.332000
492,1465104320.560000,1465104321.252680,1465104326.254076,1465104326.331000
493,1465104320.560000,1465104321.286172,1465104326.287392,1465104326.373000
494,1465104320.560000,1465104321.272014,1465104326.278110,1465104326.353000
495,1465104320.560000,1465104321.524515,1465104326.525916,1465104326.599000
496,1465104320.561000,1465104321.279745,1465104326.281001,1465104326.362000
497,1465104320.561000,1465104321.484686,1465104326.486139,1465104326.567000
498,1465104320.561000,1465104321.531139,1465104326.532451,1465104326.617000
499,1465104320.561000,1465104321.261250,1465104326.262604,1465104326.336000
500,1465104320.561000,1465104321.199957,1465104326.201104,1465104326.299000
501,1465104320.561000,1465104321.520683,1465104326.522008,1465104326.593000
502,1465104320.561000,1465104321.297390,1465104326.298645,1465104326.376000
503,1465104320.561000,1465104321.279963,1465104326.281156,1465104326.361000
504,1465104320.561000,1465104321.572608,1465104326.574033,1465104326.663000
505,1465104320.561000,1465104321.290129,1465104326.291586,1465104326.369000
506,1465104320.561000,1465104321.521675,1465104326.522898,1465104326.610000
507,1465104320.561000,1465104321.260290,1465104326.262011,1465104326.320000
508,1465104320.561000,1465104323.002238,1465104328.003793,1465104328.084000
509,1465104320.561000,1465104321.187606,1465104326.188818,1465104326.287000
510,1465104320.561000,1465104321.349408,1465104326.350638,1465104326.430000
511,1465104320.561000,1465104321.186076,1465104326.187302,1465104326.270000
512,1465104320.561000,1465104321.228683,1465104326.229864,1465104326.329000
513,1465104320.561000,1465104321.536615,1465104326.537924,1465104326.617000
514,1465104320.562000,1465104321.272821,1465104326.274527,1465104326.354000
515,1465104320.562000,1465104321.514373,1465104326.518913,1465104326.598000
516,1465104320.562000,1465104321.264372,1465104326.266324,1465104326.351000
517,1465104320.562000,1465104321.261345,1465104326.262592,1465104326.351000
518,1465104320.562000,1465104321.281443,1465104326.282593,1465104326.380000
519,1465104320.562000,1465104321.237360,1465104326.238840,1465104326.297000
520,1465104320.562000,1465104321.581851,1465104326.583122,1465104326.669000
521,1465104320.562000,1465104321.491119,1465104326.492429,1465104326.582000
522,1465104320.562000,1465104321.523350,1465104326.525215,1465104326.613000
523,1465104320.562000,1465104321.289843,1465104326.291837,1465104326.377000
524,1465104320.562000,1465104321.282858,1465104326.284124,1465104326.362000
525,1465104320.562000,1465104321.286134,1465104326.287822,1465104326.368000
526,1465104320.562000,1465104321.267798,1465104326.269031,1465104326.358000
527,1465104320.562000,1465104321.248558,1465104326.249761,1465104326.308000
528,1465104320.562000,1465104321.526157,1465104326.527478,1465104326.631000
529,1465104320.562000,1465104321.519251,1465104326.520424,1465104326.599000
530,1465104320.562000,1465104321.482477,1465104326.483845,1465104326.573000
531,1465104320.562000,1465104321.275464,1465104326.289138,1465104326.361000
532,1465104320.562000,1465104321.242667,1465104326.243986,1465104326.329000
533,1465104320.562000,1465104321.292021,1465104326.293187,1465104326.376000
534,1465104320.562000,1465104321.218396,1465104326.219615,1465104326.305000
535,1465104320.562000,1465104321.253560,1465104326.254988,1465104326.331000
536,1465104320.562000,1465104321.530317,1465104326.531503,1465104326.619000
537,1465104320.562000,1465104321.204333,1465104326.205574,1465104326.302000
538,1465104320.562000,1465104321.270790,1465104326.273386,1465104326.354000
539,1465104320.562000,1465104321.211391,1465104326.213073,1465104326.299000
540,1465104320.563000,1465104321.278906,1465104326.280111,1465104326.378000
541,1465104320.563000,1465104321.202806,1465104326.204070,1465104326.263000
542,1465104320.563000,1465104321.548361,1465104326.549865,1465104326.630000
543,1465104320.563000,1465104321.289964,1465104326.291146,1465104326.369000
544,1465104320.563000,1465104321.292975,1465104326.294422,1465104326.379000
545,1465104320.563000,1465104321.267299,1465104326.268526,1465104326.373000
546,1465104320.563000,1465104321.258978,1465104326.260421,1465104326.348000
547,1465104320.563000,1465104321.278240,1465104326.279505,1465104326.349000
548,1465104320.563000,1465104321.254764,1465104326.256033,1465104326.337000
549,1465104320.563000,1465104321.248464,1465104326.249942,1465104326.337000
550,1465104320.563000,1465104321.264740,1465104326.265960,1465104326.364000
551,1465104320.563000,1465104321.216474,1465104326.218086,1465104326.298000
552,1465104320.563000,1465104321.262651,1465104326.264157,1465104326.348000
553,1465104320.563000,1465104321.260189,1465104326.261394,1465104326.340000
554,1465104320.563000,1465104321.246122,1465104326.247313,1465104326.327000
555,1465104320.563000,1465104321.232094,1465104326.233346,1465104326.330000
556,1465104320.563000,1465104321.267282,1465104326.268637,1465104326.348000
557,1465104320.563000,1465104321.267718,1465104326.269026,1465104326.348000
558,1465104320.563000,1465104321.472972,1465104326.474368,1465104326.571000
559,1465104320.563000,1465104321.283601,1465104326.285066,1465104326.373000
560,1465104320.563000,1465104321.554179,1465104326.555423,1465104326.634000
561,1465104320.563000,1465104321.544218,1465104326.545420,1465104326.617000
562,1465104320.563000,1465104321.213781,1465104326.215315,1465104326.301000
563,1465104320.564000,1465104321.186651,1465104326.187852,1465104326.286000
564,1465104320.564000,1465104321.501042,1465104326.502423,1465104326.591000
565,1465104320.564000,1465104321.253152,1465104326.254411,1465104326.340000
566,1465104320.564000,1465104321.549299,1465104326.550471,1465104326.621000
567,1465104320.564000,1465104321.213505,1465104326.231033,1465104326.316000
568,1465104320.564000,1465104321.505483,1465104326.506665,1465104326.585000
569,1465104320.564000,1465104321.488046,1465104326.489332,1465104326.561000
570,1465104320.564000,1465104321.259367,1465104326.260819,1465104326.360000
571,1465104320.564000,1465104321.208940,1465104326.210214,1465104326.296000
572,1465104320.564000,1465104321.492029,1465104326.493585,1465104326.574000
573,1465104320.564000,1465104321.287756,1465104326.288957,1465104326.367000
574,1465104320.564000,1465104321.247581,1465104326.249460,1465104326.333000
575,1465104320.564000,1465104321.362397,1465104326.363735,1465104326.449000
576,1465104320.564000,1465104321.563899,1465104326.565506,1465104326.624000
577,1465104320.564000,1465104321.210722,1465104326.211953,1465104326.310000
578,1465104320.564000,1465104321.280176,1465104326.281377,1465104326.367000
579,1465104320.564000,1465104321.524300,1465104326.525635,1465104326.611000
580,1465104320.564000,1465104321.261293,1465104326.262529,1465104326.333000
581,1465104320.564000,1465104321.335656,1465104326.336990,1465104326.407000
582,1465104320.564000,1465104321.265141,1465104326.266458,1465104326.340000
583,1465104320.564000,1465104321.272093,1465104326.273297,1465104326.359000
584,1465104320.564000,1465104321.293158,1465104326.294515,1465104326.373000
585,1465104320.564000,1465104321.238745,1465104326.239928,1465104326.312000
586,1465104320.564000,1465104321.278127,1465104326.279372,1465104326.359000
587,1465104320.564000,1465104321.296994,1465104326.298187,1465104326.377000
588,1465104320.564000,1465104321.250575,1465104326.251848,1465104326.355000
589,1465104320.564000,1465104321.292127,1465104326.293380,1465104326.371000
590,1465104320.564000,1465104321.528644,1465104326.530246,1465104326.611000
591,1465104320.565000,1465104321.280389,1465104326.286628,1465104326.367000
592,1465104320.565000,1465104321.371793,1465104326.372963,1465104326.450000
593,1465104320.565000,1465104321.290107,1465104326.291280,1465104326.363000
594,1465104320.565000,1465104321.221635,1465104326.222957,1465104326.311000
595,1465104320.565000,1465104321.267618,1465104326.268854,1465104326.367000
596,1465104320.565000,1465104321.272068,1465104326.273649,1465104326.352000
597,1465104320.565000,1465104321.268385,1465104326.269646,1465104326.366000
598,1465104320.565000,1465104321.290735,1465104326.292297,1465104326.377000
599,1465104320.565000,1465104321.281748,1465104326.283117,1465104326.363000
600,1465104320.565000,1465104321.357794,1465104326.359156,1465104326.456000
601,1465104320.565000,1465104321.308581,1465104326.309791,1465104326.369000
602,1465104320.565000,1465104321.288128,1465104326.289307,1465104326.363000
603,1465104320.565000,1465104321.277850,1465104326.279208,1465104326.365000
604,1465104320.565000,1465104321.268986,1465104326.270181,1465104326.369000
605,1465104320.565000,1465104321.304148,1465104326.305524,1465104326.380000
606,1465104320.565000,1465104321.284288,1465104326.298651,1465104326.378000
607,1465104320.565000,1465104321.223801,1465104326.225215,1465104326.313000
608,1465104320.565000,1465104321.319485,1465104326.320845,1465104326.410000
609,1465104320.565000,1465104321.335984,1465104326.337569,1465104326.412000
610,1465104320.565000,1465104321.289508,1465104326.290755,1465104326.360000
611,1465104320.565000,1465104321.580836,1465104326.582162,1465104326.671000
612,1465104320.565000,1465104321.290018,1465104326.291718,1465104326.372000
613,1465104320.565000,1465104321.255668,1465104326.257130,1465104326.345000
614,1465104320.565000,1465104321.239874,1465104326.241349,1465104326.321000
615,1465104320.565000,1465104321.566551,1465104326.567924,1465104326.642000
616,1465104320.566000,1465104321.292920,1465104326.294095,1465104326.372000
617,1465104320.566000,1465104321.294662,1465104326.295950,1465104326.376000
618,1465104320.566000,1465104321.517228,1465104326.518397,1465104326.595000
619,1465104320.566000,1465104321.261109,1465104326.262306,1465104326.347000
620,1465104320.566000,1465104321.276459,1465104326.277667,1465104326.356000
621,1465104320.566000,1465104321.219960,1465104326.221317,1465104326.299000
622,1465104320.566000,1465104321.199559,1465104326.201160,1465104326.279000
623,1465104320.566000,1465104321.254971,1465104326.256112,1465104326.355000
624,1465104320.566000,1465104321.282330,1465104326.283531,1465104326.361000
625,1465104320.566000,1465104321.308652,1465104326.310080,1465104326.398000
626,1465104320.566000,1465104321.292024,1465104326.298189,1465104326.373000
627,1465104320.566000,1465104321.271776,1465104326.278626,1465104326.353000
628,1465104320.567000,1465104321.270431,1465104326.271707,1465104326.359000
629,1465104320.567000,1465104321.265915,1465104326.267309,1465104326.346000
630,1465104320.567000,1465104321.393549,1465104326.394889,1465104326.483000
631,1465104320.567000,1465104321.593606,1465104326.594937,1465104326.680000
632,1465104320.567000,1465104321.275504,1465104326.276714,1465104326.375000
633,1465104320.567000,1465104321.368312,1465104326.369565,1465104326.456000
634,1465104320.567000,1465104321.537247,1465104326.541633,1465104326.624000
635,1465104320.567000,1465104321.268750,1465104326.269977,1465104326.340000
636,1465104320.567000,1465104321.245374,1465104326.246592,1465104326.327000
637,1465104320.567000,1465104321.202915,1465104326.204430,1465104326.288000
638,1465104320.567000,1465104321.282738,1465104326.283946,1465104326.363000
639,1465104320.567000,1465104321.222286,1465104326.224223,1465104326.299000
640,1465104320.567000,1465104321.236197,1465104326.237671,1465104326.327000
641,1465104320.567000,1465104321.269271,1465104326.270582,1465104326.350000
642,1465104320.567000,1465104321.313820,1465104326.314991,1465104326.386000
643,1465104320.567000,1465104321.287599,1465104326.288832,1465104326.378000
644,1465104320.567000,1465104321.395477,1465104326.396954,1465104326.478000
645,1465104320.567000,1465104321.284053,1465104326.285347,1465104326.355000
646,1465104320.567000,1465104321.273705,1465104326.274880,1465104326.373000
647,1465104320.567000,1465104321.295160,1465104326.296375,1465104326.370000
648,1465104320.567000,1465104321.375928,1465104326.377109,1465104326.448000
649,1465104320.567000,1465104321.257734,1465104326.258918,1465104326.345000
650,1465104320.567000,1465104321.257804,1465104326.259633,1465104326.340000
651,1465104320.567000,1465104321.274196,1465104326.285422,1465104326.364000
652,1465104320.568000,1465104321.283805,1465104326.285503,1465104326.365000
653,1465104320.568000,1465104321.545443,1465104326.546666,1465104326.650000
654,1465104320.568000,1465104321.622729,1465104326.623943,1465104326.706000
655,1465104320.568000,1465104321.575534,1465104326.576750,1465104326.662000
656,1465104320.568000,1465104321.287750,1465104326.289439,1465104326.365000
657,1465104320.568000,1465104321.261445,1465104326.262645,1465104326.348000
658,1465104320.568000,1465104321.533930,1465104326.543632,1465104326.648000
659,1465104320.568000,1465104321.344795,1465104326.346103,1465104326.431000
660,1465104320.568000,1465104321.260599,1465104326.262083,1465104326.340000
661,1465104320.568000,1465104321.547395,1465104326.548610,1465104326.629000
662,1465104320.568000,1465104321.322655,1465104326.331291,1465104326.417000
663,1465104320.568000,1465104321.515446,1465104326.516779,1465104326.602000
664,1465104320.568000,1465104321.265884,1465104326.267122,1465104326.351000
665,1465104320.568000,1465104321.480009,1465104326.481344,1465104326.559000
666,1465104320.568000,1465104321.313206,1465104326.314513,1465104326.402000
667,1465104320.568000,1465104321.193362,1465104326.194764,1465104326.275000
668,1465104320.568000,1465104321.299972,1465104326.301171,1465104326.372000
669,1465104320.568000,1465104321.295368,1465104326.296663,1465104326.375000
670,1465104320.568000,1465104321.244185,1465104326.247460,1465104326.327000
671,1465104320.568000,1465104321.606276,1465104326.607445,1465104326.685000
672,1465104320.568000,1465104321.279614,1465104326.280944,1465104326.366000
673,1465104320.568000,1465104321.294602,1465104326.295978,1465104326.370000
674,1465104320.568000,1465104321.278423,1465104326.279656,1465104326.362000
675,1465104320.569000,1465104321.285481,1465104326.287100,1465104326.367000
676,1465104320.569000,1465104321.343575,1465104326.344934,1465104326.433000
677,1465104320.569000,1465104321.494351,1465104326.495561,1465104326.573000
678,1465104320.569000,1465104321.568371,1465104326.569870,1465104326.651000
679,1465104320.569000,1465104321.220314,1465104326.222119,1465104326.302000
680,1465104320.569000,1465104321.281721,1465104326.282939,1465104326.361000
681,1465104320.569000,1465104321.267434,1465104326.268927,1465104326.339000
682,1465104320.569000,1465104321.277713,1465104326.279161,1465104326.368000
683,1465104320.569000,1465104321.270381,1465104326.271620,1465104326.352000
684,1465104320.569000,1465104321.290085,1465104326.291287,1465104326.377000
685,1465104320.569000,1465104321.301612,1465104326.302850,1465104326.381000
686,1465104320.569000,1465104321.305276,1465104326.306455,1465104326.379000
687,1465104320.569000,1465104321.232882,1465104326.234214,1465104326.338000
688,1465104320.569000,1465104321.240735,1465104326.241883,1465104326.341000
689,1465104320.569000,1465104321.322323,1465104326.323558,1465104326.409000
690,1465104320.569000,1465104321.287516,1465104326.288778,1465104326.366000
691,1465104320.569000,1465104321.498488,1465104326.499660,1465104326.577000
692,1465104320.569000,1465104321.278507,1465104326.279809,1465104326.358000
693,1465104320.569000,1465104321.389993,1465104326.395684,1465104326.484000
694,1465104320.569000,1465104321.260040,1465104326.261428,1465104326.339000
695,1465104320.569000,1465104321.274510,1465104326.276008,1465104326.354000
696,1465104320.569000,1465104321.296551,1465104326.297807,1465104326.379000
697,1465104320.569000,1465104321.205317,1465104326.206487,1465104326.288000
698,1465104320.569000,1465104321.284456,1465104326.285676,1465104326.370000
699,1465104320.569000,1465104321.281165,1465104326.282481,1465104326.358000
700,1465104320.570000,1465104321.270334,1465104326.271751,1465104326.352000
701,1465104320.570000,1465104321.253271,1465104326.254734,1465104326.332000
702,1465104320.570000,1465104321.278737,1465104326.280141,1465104326.339000
703,1465104320.570000,1465104321.242110,1465104326.243320,1465104326.328000
704,1465104320.570000,1465104321.593415,1465104326.594885,1465104326.675000
705,1465104320.570000,1465104321.580156,1465104326.589189,1465104326.660000
706,1465104320.570000,1465104321.533716,1465104326.543921,1465104326.647000
707,1465104320.570000,1465104321.282645,1465104326.295628,1465104326.384000
708,1465104320.570000,1465104321.295075,1465104326.297579,1465104326.373000
709,1465104320.570000,1465104321.272867,1465104326.274989,1465104326.354000
710,1465104320.570000,1465104321.255159,1465104326.256509,1465104326.342000
711,1465104320.570000,1465104321.274813,1465104326.276285,1465104326.355000
712,1465104320.570000,1465104321.267061,1465104326.268408,1465104326.358000
713,1465104320.570000,1465104321.297685,1465104326.299200,1465104326.374000
714,1465104320.570000,1465104321.276157,1465104326.285676,1465104326.364000
715,1465104320.570000,1465104321.427257,1465104326.428411,1465104326.506000
716,1465104320.570000,1465104321.256847,1465104326.258250,1465104326.337000
717,1465104320.570000,1465104321.268602,1465104326.269849,1465104326.349000
718,1465104320.570000,1465104321.351757,1465104326.353055,1465104326.433000
719,1465104320.570000,1465104321.309275,1465104326.310534,1465104326.409000
720,1465104320.570000,1465104321.281817,1465104326.283279,1465104326.361000
721,1465104320.570000,1465104321.313145,1465104326.314348,1465104326.392000
722,1465104320.570000,1465104321.289182,1465104326.290353,1465104326.368000
723,1465104320.570000,1465104321.311856,1465104326.313055,1465104326.392000
724,1465104320.570000,1465104321.260295,1465104326.261613,1465104326.340000
725,1465104320.570000,1465104321.261378,1465104326.262767,1465104326.347000
726,1465104320.571000,1465104321.281964,1465104326.283402,1465104326.364000
727,1465104320.571000,1465104321.364526,1465104326.365764,1465104326.437000
728,1465104320.571000,1465104321.202436,1465104326.203700,1465104326.283000
729,1465104320.571000,1465104321.266567,1465104326.268036,1465104326.365000
730,1465104320.571000,1465104321.507839,1465104326.509126,1465104326.598000
731,1465104320.571000,1465104321.270289,1465104326.271569,1465104326.346000
732,1465104320.571000,1465104321.256114,1465104326.257490,1465104326.338000
733,1465104320.571000,1465104321.293863,1465104326.295026,1465104326.381000
734,1465104320.571000,1465104321.294576,1465104326.295891,1465104326.377000
735,1465104320.571000,1465104321.239731,1465104326.241041,1465104326.320000
736,1465104320.571000,1465104321.513309,1465104326.514491,1465104326.592000
737,1465104320.571000,1465104321.290180,1465104326.291760,1465104326.377000
738,1465104320.571000,1465104321.278667,1465104326.280223,1465104326.361000
739,1465104320.571000,1465104321.244061,1465104326.245450,1465104326.329000
740,1465104320.571000,1465104321.290271,1465104326.291563,1465104326.366000
741,1465104320.571000,1465104321.272198,1465104326.273472,1465104326.359000
742,1465104320.571000,1465104321.216446,1465104326.217666,1465104326.302000
743,1465104320.571000,1465104321.260291,1465104326.275589,1465104326.363000
744,1465104320.571000,1465104321.271392,1465104326.272770,1465104326.352000
745,1465104320.571000,1465104321.264423,1465104326.266445,1465104326.351000
746,1465104320.571000,1465104321.298851,1465104326.300023,1465104326.386000
747,1465104320.571000,1465104321.324467,1465104326.325897,1465104326.414000
748,1465104320.571000,1465104321.273556,1465104326.275369,1465104326.355000
749,1465104320.571000,1465104321.274490,1465104326.275789,1465104326.355000
750,1465104320.571000,1465104321.275079,1465104326.276478,1465104326.346000
751,1465104320.572000,1465104321.228072,1465104326.229279,1465104326.307000
752,1465104320.572000,1465104321.329105,1465104326.330325,1465104326.410000
753,1465104320.572000,1465104321.225376,1465104326.226588,1465104326.307000
754,1465104320.572000,1465104321.256935,1465104326.258489,1465104326.336000
755,1465104320.572000,1465104321.570500,1465104326.575781,1465104326.664000
756,1465104320.572000,1465104321.248445,1465104326.249731,1465104326.330000
757,1465104320.573000,1465104321.289272,1465104326.290545,1465104326.376000
758,1465104320.580000,1465104321.287791,1465104326.289072,1465104326.360000
759,1465104320.584000,1465104321.355900,1465104326.357103,1465104326.430000
760,1465104320.602000,1465104321.261155,1465104326.262517,1465104326.342000
761,1465104320.606000,1465104321.295984,1465104326.297382,1465104326.377000
762,1465104320.628000,1465104321.424064,1465104326.425260,1465104326.503000
763,1465104320.629000,1465104321.324989,1465104326.326300,1465104326.410000
764,1465104320.638000,1465104321.686935,1465104326.688792,1465104326.769000
765,1465104320.632000,0.000000,0.000000,0.000000
766,1465104320.632000,1465104321.327174,1465104326.328657,1465104326.409000
767,1465104320.632000,1465104321.417223,1465104326.418474,1465104326.488000
768,1465104320.632000,1465104321.400352,1465104326.401626,1465104326.489000
769,1465104320.632000,1465104321.438519,1465104326.439964,1465104326.521000
770,1465104320.632000,1465104321.308019,1465104326.309190,1465104326.378000
771,1465104320.632000,1465104321.419129,1465104326.420384,1465104326.501000
772,1465104320.632000,1465104321.402010,1465104326.403267,1465104326.483000
773,1465104320.635000,1465104321.274891,1465104326.276337,1465104326.354000
774,1465104320.639000,1465104321.271500,1465104326.273357,1465104326.354000
775,1465104320.640000,1465104321.329704,1465104326.346537,1465104326.425000
776,1465104320.640000,1465104321.369071,1465104326.370518,1465104326.460000
777,1465104320.641000,1465104321.306169,1465104326.307449,1465104326.406000
778,1465104320.641000,1465104321.438472,1465104326.439828,1465104326.519000
779,1465104320.640000,1465104321.343016,1465104326.344244,1465104326.431000
780,1465104320.640000,1465104321.371733,1465104326.373024,1465104326.451000
781,1465104320.640000,1465104321.284879,1465104326.286168,1465104326.367000
782,1465104320.640000,1465104321.302620,1465104326.304125,1465104326.380000
783,1465104320.641000,1465104321.683123,1465104326.684305,1465104326.762000
784,1465104320.642000,1465104321.425468,1465104326.426665,1465104326.501000
785,1465104320.641000,1465104321.380859,1465104326.382099,1465104326.440000
786,1465104320.641000,1465104321.346876,1465104326.348300,1465104326.429000
787,1465104320.642000,1465104321.724785,1465104326.740317,1465104326.816000
788,1465104320.641000,1465104321.415840,1465104326.417049,1465104326.502000
789,1465104320.641000,1465104321.423408,1465104326.424616,1465104326.495000
790,1465104320.642000,1465104321.334719,1465104326.335898,1465104326.413000
791,1465104320.645000,1465104321.416720,1465104326.418004,1465104326.492000
792,1465104320.643000,1465104321.672444,1465104326.673914,1465104326.763000
793,1465104320.643000,1465104321.347295,1465104326.348580,1465104326.447000
794,1465104320.643000,1465104321.378535,1465104326.379847,1465104326.468000
795,1465104320.643000,1465104321.421681,1465104326.422893,1465104326.502000
796,1465104320.643000,1465104321.454184,1465104326.457613,1465104326.533000
797,1465104320.644000,1465104321.432182,1465104326.433428,1465104326.504000
798,1465104320.644000,1465104321.399819,1465104326.401517,1465104326.482000
799,1465104320.645000,1465104321.446781,1465104326.447976,1465104326.525000
800,1465104320.644000,0.000000,0.000000,0.000000
801,1465104320.645000,1465104321.300462,1465104326.302114,1465104326.383000
802,1465104320.644000,1465104321.708136,1465104326.709433,1465104326.799000
803,1465104320.644000,1465104321.297789,1465104326.299079,1465104326.379000
804,1465104320.644000,1465104321.434894,1465104326.436236,1465104326.517000
805,1465104320.644000,1465104321.288835,1465104326.290199,1465104326.370000
806,1465104320.649000,1465104321.381702,1465104326.382836,1465104326.460000
807,1465104320.644000,1465104321.412815,1465104326.425375,1465104326.511000
808,1465104320.644000,1465104321.429143,1465104326.434529,1465104326.513000
809,1465104320.644000,1465104321.421137,1465104326.422407,1465104326.496000
810,1465104320.644000,1465104321.416689,1465104326.418275,1465104326.496000
811,1465104320.644000,1465104321.694840,1465104326.696127,1465104326.775000
812,1465104320.644000,1465104321.442486,1465104326.444002,1465104326.518000
813,1465104320.645000,1465104321.704506,1465104326.705710,1465104326.802000
814,1465104320.646000,1465104321.447677,1465104326.448856,1465104326.518000
815,1465104320.646000,1465104321.700413,1465104326.701910,1465104326.777000
816,1465104320.644000,1465104321.373921,1465104326.375104,1465104326.462000
817,1465104320.644000,1465104321.342428,1465104326.343593,1465104326.420000
818,1465104320.644000,1465104321.386524,1465104326.391929,1465104326.466000
819,1465104320.645000,1465104321.431722,1465104326.432981,1465104326.507000
820,1465104320.644000,1465104321.701241,1465104326.702604,1465104326.783000
821,1465104320.644000,1465104321.445732,1465104326.446977,1465104326.521000
822,1465104320.644000,1465104321.712622,1465104326.713879,1465104326.793000
823,1465104320.644000,1465104321.317288,1465104326.318599,1465104326.404000
824,1465104320.644000,1465104321.406470,1465104326.407645,1465104326.485000
825,1465104320.644000,1465104321.410223,1465104326.411594,1465104326.481000
826,1465104320.644000,1465104321.435821,1465104326.437164,1465104326.525000
827,1465104320.644000,1465104321.449077,1465104326.450437,1465104326.532000
828,1465104320.646000,1465104321.716504,1465104326.717703,1465104326.806000
829,1465104320.646000,1465104321.385922,1465104326.387724,1465104326.467000
830,1465104320.646000,1465104321.409936,1465104326.411413,1465104326.488000
831,1465104320.645000,1465104321.420509,1465104326.421730,1465104326.499000
832,1465104320.648000,1465104321.392657,1465104326.394168,1465104326.479000
833,1465104320.645000,1465104321.403157,1465104326.404894,1465104326.485000
834,1465104320.645000,1465104321.413911,1465104326.415166,1465104326.495000
835,1465104320.645000,0.000000,0.000000,0.000000
836,1465104320.645000,1465104321.696493,1465104326.697733,1465104326.776000
837,1465104320.645000,1465104321.451927,1465104326.453118,1465104326.524000
838,1465104320.645000,1465104321.430412,1465104326.431954,1465104326.506000
839,1465104320.646000,0.000000,0.000000,0.000000
840,1465104320.647000,1465104321.391708,1465104326.392931,1465104326.475000
841,1465104320.645000,1465104321.368011,1465104326.369645,1465104326.450000
842,1465104320.645000,1465104321.377692,1465104326.378873,1465104326.452000
843,1465104320.645000,1465104321.432261,1465104326.433700,1465104326.513000
844,1465104320.646000,1465104321.422774,1465104326.424074,1465104326.512000
845,1465104320.646000,1465104321.441297,1465104326.442623,1465104326.522000
846,1465104320.645000,1465104321.696247,1465104326.697555,1465104326.783000
847,1465104320.645000,1465104321.389153,1465104326.390436,1465104326.487000
848,1465104320.645000,1465104321.417181,1465104326.419175,1465104326.497000
849,1465104320.645000,1465104321.685970,1465104326.687166,1465104326.769000
850,1465104320.645000,0.000000,0.000000,0.000000
851,1465104320.646000,1465104321.405744,1465104326.406965,1465104326.503000
852,1465104320.645000,1465104321.338003,1465104326.339243,1465104326.427000
853,1465104320.646000,1465104321.713903,1465104326.715151,1465104326.804000
854,1465104320.646000,1465104321.428385,1465104326.429942,1465104326.510000
855,1465104320.646000,1465104321.344944,1465104326.346190,1465104326.426000
856,1465104320.646000,1465104321.647363,1465104326.648623,1465104326.734000
857,1465104320.646000,1465104321.405492,1465104326.406737,1465104326.488000
858,1465104320.647000,1465104321.349836,1465104326.351418,1465104326.430000
859,1465104320.646000,1465104321.393719,1465104326.406671,1465104326.487000
860,1465104320.646000,1465104321.348697,1465104326.350040,1465104326.439000
861,1465104320.646000,1465104321.446001,1465104326.447248,1465104326.517000
862,1465104320.646000,1465104321.442610,1465104326.443957,1465104326.503000
863,1465104320.647000,1465104321.405498,1465104326.406644,1465104326.505000
864,1465104320.646000,1465104321.390463,1465104326.391776,1465104326.474000
865,1465104320.646000,1465104321.401347,1465104326.402577,1465104326.488000
866,1465104320.648000,1465104321.722494,1465104326.731000,1465104326.816000
867,1465104320.648000,1465104321.715846,1465104326.717063,1465104326.795000
868,1465104320.647000,1465104321.436770,1465104326.438094,1465104326.508000
869,1465104320.647000,1465104321.451500,1465104326.453111,1465104326.528000
870,1465104320.647000,1465104321.442339,1465104326.443748,1465104326.523000
871,1465104320.648000,1465104321.377796,1465104326.378999,1465104326.449000
872,1465104320.648000,1465104321.421930,1465104326.423713,1465104326.505000
873,1465104320.648000,1465104321.645479,1465104326.646711,1465104326.724000
874,1465104320.648000,1465104321.359094,1465104326.360265,1465104326.446000
875,1465104320.649000,1465104321.460116,1465104326.461343,1465104326.530000
876,1465104320.648000,1465104321.432558,1465104326.433802,1465104326.522000
877,1465104320.648000,1465104321.438355,1465104326.452007,1465104326.526000
878,1465104320.648000,1465104321.450688,1465104326.451857,1465104326.529000
879,1465104320.648000,1465104321.753457,1465104326.754751,1465104326.829000
880,1465104320.648000,1465104321.696469,1465104326.697653,1465104326.775000
881,1465104320.649000,1465104321.392559,1465104326.393745,1465104326.471000
882,1465104320.648000,1465104321.439221,1465104326.440888,1465104326.515000
883,1465104320.648000,1465104321.680931,1465104326.682259,1465104326.768000
884,1465104320.648000,1465104321.373440,1465104326.374668,1465104326.453000
885,1465104320.649000,1465104321.722492,1465104326.724464,1465104326.809000
886,1465104320.648000,0.000000,0.000000,0.000000
887,1465104320.648000,1465104321.733139,1465104326.734356,1465104326.813000
888,1465104320.648000,1465104321.439020,1465104326.440233,1465104326.529000
889,1465104320.648000,1465104321.715709,1465104326.717368,1465104326.803000
890,1465104320.648000,1465104321.407439,1465104326.408877,1465104326.478000
891,1465104320.648000,1465104321.437520,1465104326.454282,1465104326.533000
892,1465104320.649000,1465104321.424874,1465104326.426420,1465104326.516000
893,1465104320.648000,1465104321.413748,1465104326.414938,1465104326.489000
894,1465104320.649000,1465104321.397136,1465104326.398399,1465104326.497000
895,1465104320.649000,1465104321.736206,1465104326.737452,1465104326.827000
896,1465104320.650000,1465104321.428582,1465104326.429836,1465104326.509000
897,1465104320.649000,1465104321.412069,1465104326.417590,1465104326.492000
898,1465104320.649000,1465104321.373224,1465104326.374724,1465104326.446000
899,1465104320.649000,1465104321.295170,1465104326.296397,1465104326.380000
900,1465104320.649000,1465104321.686213,1465104326.687961,1465104326.763000
901,1465104320.650000,1465104321.387723,1465104326.389350,1465104326.470000
902,1465104320.651000,0.000000,0.000000,0.000000
903,1465104320.652000,1465104321.445880,1465104326.447395,1465104326.521000
904,1465104320.651000,1465104321.425052,1465104326.426244,1465104326.525000
905,1465104320.650000,1465104321.754976,1465104326.756510,1465104326.832000
906,1465104320.651000,1465104321.450773,1465104326.465366,1465104326.544000
907,1465104320.653000,1465104321.434712,1465104326.435879,1465104326.518000
908,1465104320.656000,1465104321.436170,1465104326.437362,1465104326.509000
909,1465104320.655000,1465104321.696443,1465104326.697651,1465104326.780000
910,1465104320.651000,1465104321.426278,1465104326.427457,1465104326.499000
911,1465104320.652000,1465104321.332706,1465104326.333971,1465104326.422000
912,1465104320.651000,1465104321.424566,1465104326.437945,1465104326.527000
913,1465104320.656000,1465104321.312615,1465104326.313882,1465104326.412000
914,1465104320.654000,1465104321.686361,1465104326.688084,1465104326.767000
915,1465104320.654000,1465104321.685188,1465104326.686501,1465104326.761000
916,1465104320.654000,1465104321.371466,1465104326.372777,1465104326.461000
917,1465104320.653000,1465104321.403845,1465104326.405008,1465104326.488000
918,1465104320.653000,1465104321.700342,1465104326.701581,1465104326.784000
919,1465104320.652000,0.000000,0.000000,0.000000
920,1465104320.652000,1465104321.409001,1465104326.410559,1465104326.501000
921,1465104320.652000,1465104321.434075,1465104326.435628,1465104326.523000
922,1465104320.652000,1465104321.354629,1465104326.368874,1465104326.449000
923,1465104320.654000,1465104321.387636,1465104326.388799,1465104326.487000
924,1465104320.652000,1465104321.401656,1465104326.411388,1465104326.500000
925,1465104320.652000,1465104321.738069,1465104326.739342,1465104326.825000
926,1465104320.653000,1465104321.399249,1465104326.414861,1465104326.494000
927,1465104320.652000,1465104321.428026,1465104326.429198,1465104326.511000
928,1465104320.652000,1465104321.429484,1465104326.430954,1465104326.520000
929,1465104320.652000,1465104321.691409,1465104326.703622,1465104326.783000
930,1465104320.655000,1465104321.700551,1465104326.701800,1465104326.781000
931,1465104320.653000,1465104321.424233,1465104326.426660,1465104326.508000
932,1465104320.653000,1465104321.401907,1465104326.403374,1465104326.478000
933,1465104320.653000,1465104321.432579,1465104326.433802,1465104326.524000
934,1465104320.653000,1465104321.369492,1465104326.370999,1465104326.450000
935,1465104320.654000,1465104321.731369,1465104326.732812,1465104326.812000
936,1465104320.654000,1465104321.420017,1465104326.421306,1465104326.499000
937,1465104320.654000,0.000000,0.000000,0.000000
938,1465104320.657000,1465104321.437421,1465104326.438609,1465104326.517000
939,1465104320.653000,1465104321.450849,1465104326.452437,1465104326.533000
940,1465104320.653000,1465104321.696846,1465104326.698089,1465104326.779000
941,1465104320.654000,1465104321.696679,1465104326.698174,1465104326.779000
942,1465104320.657000,0.000000,0.000000,0.000000
943,1465104320.653000,1465104321.426717,1465104326.428599,1465104326.514000
944,1465104320.654000,1465104321.431883,1465104326.433921,1465104326.513000
945,1465104320.656000,1465104323.192684,1465104328.194064,1465104328.275000
946,1465104320.653000,1465104321.419974,1465104326.421183,1465104326.506000
947,1465104320.654000,1465104321.406218,1465104326.407616,1465104326.495000
948,1465104320.653000,1465104321.439074,1465104326.440222,1465104326.511000
949,1465104320.654000,1465104321.410612,1465104326.411821,1465104326.483000
950,1465104320.654000,1465104321.446088,1465104326.447460,1465104326.528000
951,1465104320.654000,1465104321.398720,1465104326.399998,1465104326.503000
952,1465104320.655000,1465104321.445608,1465104326.446820,1465104326.531000
953,1465104320.656000,1465104321.715598,1465104326.717655,1465104326.798000
954,1465104320.654000,1465104321.423939,1465104326.425155,1465104326.523000
955,1465104320.655000,1465104321.383867,1465104326.397611,1465104326.473000
956,1465104320.656000,1465104321.674745,1465104326.676103,1465104326.763000
957,1465104320.654000,1465104321.682449,1465104326.683657,1465104326.770000
958,1465104320.655000,1465104321.718406,1465104326.719662,1465104326.805000
959,1465104320.655000,1465104321.383540,1465104326.384694,1465104326.462000
960,1465104320.656000,1465104321.672586,1465104326.674113,1465104326.761000
961,1465104320.654000,1465104321.442532,1465104326.444586,1465104326.532000
962,1465104320.654000,1465104321.389262,1465104326.390446,1465104326.468000
963,1465104320.654000,1465104321.433987,1465104326.435397,1465104326.515000
964,1465104320.654000,1465104321.432967,1465104326.434165,1465104326.519000
965,1465104320.657000,1465104321.705438,1465104326.707143,1465104326.796000
966,1465104320.656000,1465104321.454264,1465104326.456254,1465104326.532000
967,1465104320.656000,1465104321.715773,1465104326.717585,1465104326.798000
968,1465104320.654000,1465104321.391865,1465104326.393359,1465104326.478000
969,1465104320.654000,1465104321.707040,1465104326.708256,1465104326.783000
970,1465104320.655000,1465104321.689982,1465104326.691297,1465104326.788000
971,1465104320.656000,0.000000,0.000000,0.000000
972,1465104320.655000,1465104321.425034,1465104326.430021,1465104326.501000
973,1465104320.655000,1465104321.445189,1465104326.446744,1465104326.521000
974,1465104320.655000,1465104321.423717,1465104326.425083,1465104326.499000
975,1465104320.655000,1465104321.412921,1465104326.414216,1465104326.484000
976,1465104320.656000,1465104321.741367,1465104326.742721,1465104326.823000
977,1465104320.657000,1465104321.373723,1465104326.375031,1465104326.449000
978,1465104320.655000,1465104321.304027,1465104326.305332,1465104326.385000
979,1465104320.655000,1465104321.330125,1465104326.331455,1465104326.410000
980,1465104320.655000,1465104321.391135,1465104326.392461,1465104326.481000
981,1465104320.656000,0.000000,0.000000,0.000000
982,1465104320.661000,1465104321.402956,1465104326.404195,1465104326.492000
983,1465104320.655000,0.000000,0.000000,0.000000
984,1465104320.655000,1465104321.436756,1465104326.438421,1465104326.524000
985,1465104320.655000,1465104321.443450,1465104326.444764,1465104326.515000
986,1465104320.680000,1465104321.428713,1465104326.430008,1465104326.501000
987,1465104320.663000,1465104321.721868,1465104326.723114,1465104326.809000
988,1465104320.659000,1465104321.708616,1465104326.709852,1465104326.795000
989,1465104320.657000,1465104321.369802,1465104326.371243,1465104326.452000
990,1465104320.661000,1465104321.645283,1465104326.646879,1465104326.732000
991,1465104320.658000,1465104321.402675,1465104326.404138,1465104326.490000
992,1465104320.658000,1465104321.706309,1465104326.707864,1465104326.788000
993,1465104320.662000,1465104321.673798,1465104326.675316,1465104326.765000
994,1465104320.657000,1465104321.361626,1465104326.362924,1465104326.443000
995,1465104320.655000,1465104321.411577,1465104326.412710,1465104326.490000
996,1465104320.660000,1465104321.430418,1465104326.432104,1465104326.511000
997,1465104320.661000,1465104321.404001,1465104326.413669,1465104326.493000
998,1465104320.659000,1465104321.410926,1465104326.412370,1465104326.501000
999,1465104320.681000,1465104321.728972,1465104326.730256,1465104326.812000
