0,1465104111.812000,1465104112.443767,1465104117.445460,1465104117.538000
1,1465104111.812000,1465104112.480049,1465104117.481592,1465104117.560000
2,1465104111.812000,1465104112.447028,1465104117.448516,1465104117.518000
3,1465104111.812000,1465104112.843260,1465104117.844508,1465104117.940000
4,1465104111.812000,1465104112.781089,1465104117.782370,1465104117.838000
5,1465104111.812000,1465104112.489589,1465104117.490965,1465104117.576000
6,1465104111.812000,1465104112.459843,1465104117.461486,1465104117.541000
7,1465104111.812000,1465104112.444208,1465104117.446219,1465104117.522000
8,1465104111.813000,1465104112.832864,1465104117.834478,1465104117.912000
9,1465104111.813000,1465104112.465590,1465104117.467139,1465104117.546000
10,1465104111.813000,1465104112.476932,1465104117.488579,1465104117.575000
11,1465104111.813000,1465104112.749142,1465104117.750622,1465104117.826000
12,1465104111.813000,1465104112.544940,1465104117.546182,1465104117.616000
13,1465104111.813000,1465104112.567602,1465104117.568848,1465104117.648000
14,1465104111.813000,1465104112.423152,1465104117.434357,1465104117.522000
15,1465104111.813000,1465104112.497174,1465104117.498558,1465104117.576000
16,1465104111.813000,1465104112.459160,1465104117.460671,1465104117.546000
17,1465104111.813000,1465104112.469001,1465104117.470585,1465104117.552000
18,1465104111.813000,1465104112.457843,1465104117.459315,1465104117.531000
19,1465104111.813000,1465104112.534071,1465104117.535315,1465104117.614000
20,1465104111.813000,1465104112.509535,1465104117.510741,1465104117.581000
21,1465104111.814000,1465104112.495598,1465104117.502114,1465104117.580000
22,1465104111.814000,1465104112.472390,1465104117.473866,1465104117.561000
23,1465104111.814000,1465104112.549088,1465104117.554517,1465104117.640000
24,1465104111.814000,1465104112.516822,1465104117.518478,1465104117.609000
25,1465104111.814000,1465104112.473952,1465104117.475615,1465104117.544000
26,1465104111.814000,1465104112.789790,1465104117.791026,1465104117.873000
27,1465104111.815000,1465104112.448488,1465104117.450254,1465104117.531000
28,1465104111.815000,1465104112.567171,1465104117.568484,1465104117.648000
29,1465104111.815000,1465104112.832064,1465104117.833397,1465104117.938000
30,1465104111.816000,1465104114.340729,1465104119.342647,1465104119.419000
31,1465104111.816000,1465104112.482890,1465104117.484262,1465104117.562000
32,1465104111.816000,1465104112.496104,1465104117.497400,1465104117.575000
33,1465104111.816000,1465104112.477558,1465104117.482277,1465104117.559000
34,1465104111.816000,1465104112.530749,1465104117.531982,1465104117.611000
35,1465104111.818000,1465104112.733547,1465104117.734731,1465104117.827000
36,1465104111.818000,1465104112.804555,1465104117.805848,1465104117.894000
37,1465104111.819000,1465104112.471547,1465104117.472781,1465104117.545000
38,1465104111.819000,1465104112.515829,1465104117.517129,1465104117.586000
39,1465104111.819000,1465104112.584597,1465104117.587026,1465104117.667000
40,1465104111.819000,1465104112.457440,1465104117.458783,1465104117.564000
41,1465104111.819000,1465104112.474440,1465104117.487072,1465104117.568000
42,1465104111.819000,1465104112.458520,1465104117.459988,1465104117.556000
43,1465104111.819000,1465104112.494950,1465104117.496888,1465104117.574000
44,1465104111.819000,1465104112.461188,1465104117.462713,1465104117.541000
45,1465104111.819000,1465104112.567529,1465104117.573135,1465104117.647000
46,1465104111.819000,1465104112.502448,1465104117.503758,1465104117.571000
47,1465104111.820000,1465104112.491465,1465104117.492669,1465104117.574000
48,1465104111.820000,1465104112.543716,1465104117.544955,1465104117.624000
49,1465104111.820000,1465104112.443756,1465104117.444999,1465104117.550000
50,1465104111.820000,1465104112.471271,1465104117.472717,1465104117.549000
51,1465104111.820000,1465104112.553570,1465104117.554763,1465104117.610000
52,1465104111.820000,1465104112.507358,1465104117.508649,1465104117.588000
53,1465104111.820000,1465104112.500626,1465104117.502124,1465104117.580000
54,1465104111.820000,1465104112.503932,1465104117.505211,1465104117.586000
55,1465104111.820000,1465104112.515390,1465104117.516658,1465104117.604000
56,1465104111.820000,1465104112.551014,1465104117.552797,1465104117.638000
57,1465104111.820000,1465104112.560361,1465104117.561548,1465104117.644000
58,1465104111.822000,1465104114.321150,1465104119.322742,1465104119.413000
59,1465104111.822000,1465104112.503689,1465104117.504862,1465104117.583000
60,1465104111.822000,1465104112.448815,1465104117.450093,1465104117.538000
61,1465104111.822000,1465104112.491372,1465104117.492571,1465104117.571000
62,1465104111.822000,1465104112.487801,1465104117.488960,1465104117.566000
63,1465104111.823000,1465104112.473645,1465104117.474970,1465104117.553000
64,1465104111.827000,1465104112.851310,1465104117.852506,1465104117.930000
65,1465104111.828000,1465104112.541035,1465104117.542212,1465104117.612000
66,1465104111.828000,1465104112.491595,1465104117.492924,1465104117.562000
67,1465104111.828000,1465104112.744369,1465104117.745626,1465104117.827000
68,1465104111.828000,1465104112.472270,1465104117.473756,1465104117.544000
69,1465104111.828000,1465104112.474447,1465104117.475841,1465104117.556000
70,1465104111.828000,1465104112.737058,1465104117.738314,1465104117.818000
71,1465104111.828000,1465104112.739959,1465104117.741136,1465104117.827000
72,1465104111.828000,1465104112.466296,1465104117.467706,1465104117.556000
73,1465104111.829000,1465104112.512548,1465104117.513816,1465104117.606000
74,1465104111.829000,1465104112.568431,1465104117.569797,1465104117.646000
75,1465104111.829000,1465104112.480607,1465104117.481847,1465104117.587000
76,1465104111.829000,1465104112.435431,1465104117.436588,1465104117.532000
77,1465104111.829000,1465104112.542528,1465104117.544089,1465104117.612000
78,1465104111.829000,1465104112.486864,1465104117.488152,1465104117.568000
79,1465104111.829000,1465104112.768313,1465104117.769733,1465104117.858000
80,1465104111.829000,1465104112.494819,1465104117.496317,1465104117.579000
81,1465104111.829000,1465104112.537563,1465104117.539556,1465104117.619000
82,1465104111.829000,1465104112.487368,1465104117.488585,1465104117.568000
83,1465104111.829000,1465104112.459557,1465104117.461135,1465104117.542000
84,1465104111.829000,1465104112.531007,1465104117.532394,1465104117.619000
85,1465104111.829000,1465104112.778410,1465104117.779548,1465104117.847000
86,1465104111.829000,1465104114.335034,1465104119.336562,1465104119.442000
87,1465104111.829000,1465104112.499390,1465104117.500765,1465104117.579000
88,1465104111.829000,1465104112.492032,1465104117.493330,1465104117.571000
89,1465104111.829000,1465104112.474715,1465104117.477279,1465104117.558000
90,1465104111.829000,1465104112.779387,1465104117.780677,1465104117.860000
91,1465104111.830000,1465104112.468556,1465104117.470075,1465104117.548000
92,1465104111.830000,1465104112.470144,1465104117.471460,1465104117.553000
93,1465104111.830000,1465104112.751898,1465104117.753258,1465104117.834000
94,1465104111.830000,1465104112.486473,1465104117.487681,1465104117.557000
95,1465104111.830000,1465104112.556838,1465104117.558252,1465104117.645000
96,1465104111.830000,1465104112.746877,1465104117.748150,1465104117.830000
97,1465104111.830000,1465104112.500121,1465104117.515002,1465104117.618000
98,1465104111.830000,1465104112.498190,1465104117.499493,1465104117.586000
99,1465104111.830000,1465104112.473321,1465104117.474831,1465104117.542000
100,1465104111.830000,1465104112.547410,1465104117.548818,1465104117.633000
101,1465104111.830000,1465104112.426047,1465104117.427456,1465104117.523000
102,1465104111.830000,1465104112.494989,1465104117.496180,1465104117.568000
103,1465104111.830000,1465104112.778483,1465104117.779827,1465104117.860000
104,1465104111.830000,1465104112.508467,1465104117.509707,1465104117.578000
105,1465104111.830000,1465104112.420346,1465104117.421968,1465104117.527000
106,1465104111.830000,1465104112.478456,1465104117.480387,1465104117.558000
107,1465104111.830000,1465104112.477178,1465104117.479106,1465104117.565000
108,1465104111.830000,1465104112.774059,1465104117.775275,1465104117.871000
109,1465104111.833000,1465104112.547911,1465104117.549203,1465104117.630000
110,1465104111.837000,1465104112.792469,1465104117.793690,1465104117.875000
111,1465104111.837000,1465104112.478731,1465104117.481086,1465104117.557000
112,1465104111.837000,1465104112.566622,1465104117.567845,1465104117.654000
113,1465104111.837000,1465104112.730133,1465104117.737813,1465104117.833000
114,1465104111.839000,1465104112.533917,1465104117.535226,1465104117.631000
115,1465104111.839000,1465104114.356739,1465104119.358297,1465104119.438000
116,1465104111.839000,1465104112.550991,1465104117.552180,1465104117.631000
117,1465104111.840000,1465104112.482600,1465104117.483818,1465104117.569000
118,1465104111.840000,1465104112.539659,1465104117.541423,1465104117.609000
119,1465104111.840000,1465104112.542684,1465104117.543887,1465104117.616000
120,1465104111.840000,1465104112.497963,1465104117.499146,1465104117.577000
121,1465104111.840000,1465104114.365664,1465104119.366933,1465104119.447000
122,1465104111.840000,1465104112.552338,1465104117.553863,1465104117.610000
123,1465104111.840000,1465104112.512139,1465104117.526891,1465104117.606000
124,1465104111.840000,1465104112.500825,1465104117.502111,1465104117.605000
125,1465104111.840000,1465104112.487191,1465104117.494166,1465104117.573000
126,1465104111.841000,1465104112.519652,1465104117.525601,1465104117.596000
127,1465104111.841000,1465104112.491480,1465104117.493763,1465104117.574000
128,1465104111.841000,1465104112.530817,1465104117.532132,1465104117.613000
129,1465104111.842000,1465104112.521012,1465104117.522231,1465104117.602000
130,1465104111.842000,1465104112.521296,1465104117.522866,1465104117.604000
131,1465104111.842000,1465104112.575319,1465104117.576500,1465104117.632000
132,1465104111.842000,1465104112.549523,1465104117.550751,1465104117.636000
133,1465104111.842000,1465104112.478621,1465104117.480262,1465104117.558000
134,1465104111.842000,1465104112.544234,1465104117.545444,1465104117.612000
135,1465104111.842000,1465104112.467746,1465104117.469015,1465104117.557000
136,1465104111.842000,1465104112.444726,1465104117.446231,1465104117.538000
137,1465104111.842000,1465104112.490458,1465104117.491704,1465104117.580000
138,1465104111.842000,1465104112.501457,1465104117.502661,1465104117.575000
139,1465104111.842000,1465104112.558418,1465104117.559748,1465104117.639000
140,1465104111.842000,1465104112.513424,1465104117.514604,1465104117.587000
141,1465104111.843000,1465104112.772389,1465104117.773590,1465104117.840000
142,1465104111.843000,1465104112.540534,1465104117.542403,1465104117.623000
143,1465104111.843000,1465104112.795847,1465104117.797276,1465104117.883000
144,1465104111.844000,1465104112.798795,1465104117.799981,1465104117.887000
145,1465104111.844000,1465104112.582546,1465104117.583812,1465104117.654000
146,1465104111.844000,1465104112.533049,1465104117.534251,1465104117.620000
147,1465104111.844000,1465104112.820315,1465104117.821851,1465104117.902000
148,1465104111.844000,1465104112.784208,1465104117.785917,1465104117.867000
149,1465104111.844000,1465104114.369254,1465104119.370893,1465104119.450000
150,1465104111.844000,1465104112.540759,1465104117.541997,1465104117.623000
151,1465104111.844000,1465104112.554685,1465104117.563966,1465104117.643000
152,1465104111.844000,1465104112.491027,1465104117.492552,1465104117.580000
153,1465104111.844000,1465104112.492459,1465104117.494088,1465104117.552000
154,1465104111.844000,1465104112.569795,1465104117.571554,1465104117.658000
155,1465104111.844000,1465104112.511571,1465104117.512743,1465104117.591000
156,1465104111.845000,1465104112.555709,1465104117.556953,1465104117.629000
157,1465104111.845000,1465104112.576160,1465104117.577399,1465104117.660000
158,1465104111.845000,1465104114.358734,1465104119.360272,1465104119.447000
159,1465104111.845000,1465104112.832016,1465104117.833782,1465104117.914000
160,1465104111.845000,1465104112.759713,1465104117.760887,1465104117.853000
161,1465104111.845000,1465104112.465923,1465104117.467366,1465104117.543000
162,1465104111.845000,1465104112.498867,1465104117.500159,1465104117.581000
163,1465104111.845000,1465104112.571347,1465104117.572546,1465104117.655000
164,1465104111.845000,1465104112.787443,1465104117.788795,1465104117.869000
165,1465104111.845000,1465104112.783427,1465104117.784718,1465104117.890000
166,1465104111.845000,1465104114.366512,1465104119.367745,1465104119.454000
167,1465104111.845000,1465104112.521859,1465104117.523115,1465104117.593000
168,1465104111.846000,1465104112.760438,1465104117.777796,1465104117.874000
169,1465104111.846000,1465104112.534286,1465104117.535551,1465104117.640000
170,1465104111.846000,1465104112.531250,1465104117.532430,1465104117.624000
171,1465104111.846000,1465104112.479350,1465104117.480794,1465104117.558000
172,1465104111.846000,1465104112.826977,1465104117.828384,1465104117.916000
173,1465104111.846000,1465104112.547207,1465104117.549028,1465104117.638000
174,1465104111.846000,1465104112.577744,1465104117.578903,1465104117.652000
175,1465104111.846000,1465104112.544257,1465104117.545533,1465104117.624000
176,1465104111.846000,1465104112.473905,1465104117.475108,1465104117.564000
177,1465104111.846000,1465104112.529787,1465104117.531225,1465104117.620000
178,1465104111.846000,1465104112.772894,1465104117.774337,1465104117.855000
179,1465104111.846000,1465104112.565511,1465104117.567015,1465104117.637000
180,1465104111.846000,1465104112.481821,1465104117.483616,1465104117.561000
181,1465104111.846000,1465104112.478732,1465104117.480715,1465104117.557000
182,1465104111.846000,1465104112.529625,1465104117.531084,1465104117.609000
183,1465104111.846000,1465104112.517996,1465104117.519563,1465104117.590000
184,1465104111.846000,1465104112.779060,1465104117.780256,1465104117.858000
185,1465104111.846000,1465104112.560282,1465104117.571485,1465104117.657000
186,1465104111.846000,1465104112.593621,1465104117.594831,1465104117.651000
187,1465104111.846000,1465104112.549862,1465104117.554889,1465104117.644000
188,1465104111.846000,1465104112.548750,1465104117.553261,1465104117.640000
189,1465104111.846000,1465104112.528818,1465104117.530236,1465104117.603000
190,1465104111.847000,1465104112.582467,1465104117.584445,1465104117.658000
191,1465104111.847000,1465104112.507620,1465104117.517377,1465104117.593000
192,1465104111.847000,1465104112.536106,1465104117.537301,1465104117.607000
193,1465104111.847000,1465104112.576088,1465104117.577289,1465104117.657000
194,1465104111.847000,1465104112.806408,1465104117.808009,1465104117.889000
195,1465104111.847000,1465104112.532819,1465104117.534020,1465104117.612000
196,1465104111.847000,1465104112.490220,1465104117.491736,1465104117.572000
197,1465104111.847000,1465104112.831352,1465104117.832690,1465104117.913000
198,1465104111.847000,1465104112.799017,1465104117.800187,1465104117.870000
199,1465104111.847000,1465104112.538878,1465104117.540048,1465104117.618000
200,1465104111.847000,1465104112.843289,1465104117.844904,1465104117.926000
201,1465104111.847000,1465104112.783193,1465104117.784734,1465104117.860000
202,1465104111.847000,1465104112.553851,1465104117.555142,1465104117.636000
203,1465104111.847000,1465104112.491618,1465104117.493059,1465104117.579000
204,1465104111.847000,1465104112.535473,1465104117.538792,1465104117.618000
205,1465104111.847000,1465104112.760858,1465104117.762053,1465104117.849000
206,1465104111.847000,1465104112.808147,1465104117.809489,1465104117.891000
207,1465104111.847000,1465104112.829453,1465104117.830948,1465104117.926000
208,1465104111.847000,0.000000,0.000000,0.000000
209,1465104111.847000,1465104112.504973,1465104117.506110,1465104117.609000
210,1465104111.847000,1465104112.812703,1465104117.813859,1465104117.906000
211,1465104111.847000,1465104112.790865,1465104117.792124,1465104117.872000
212,1465104111.847000,1465104112.550001,1465104117.551166,1465104117.621000
213,1465104111.847000,1465104112.822910,1465104117.824354,1465104117.912000
214,1465104111.847000,1465104112.843440,1465104117.844942,1465104117.926000
215,1465104111.847000,1465104112.809003,1465104117.810250,1465104117.891000
216,1465104111.847000,1465104112.572730,1465104117.574088,1465104117.652000
217,1465104111.847000,1465104112.547134,1465104117.548855,1465104117.627000
218,1465104111.847000,1465104112.831245,1465104117.832554,1465104117.903000
219,1465104111.847000,1465104112.513575,1465104117.514845,1465104117.596000
220,1465104111.847000,1465104112.498522,1465104117.499785,1465104117.585000
221,1465104111.847000,1465104112.784278,1465104117.798273,1465104117.879000
222,1465104111.847000,1465104112.849962,1465104117.851256,1465104117.938000
223,1465104111.848000,1465104112.805207,1465104117.806402,1465104117.863000
224,1465104111.848000,1465104112.558976,1465104117.560352,1465104117.639000
225,1465104111.848000,1465104112.500218,1465104117.501685,1465104117.577000
226,1465104111.848000,1465104112.561757,1465104117.563054,1465104117.642000
227,1465104111.848000,1465104112.772879,1465104117.774153,1465104117.859000
228,1465104111.848000,1465104112.800365,1465104117.811762,1465104117.897000
229,1465104111.848000,1465104112.485505,1465104117.487109,1465104117.590000
230,1465104111.848000,1465104112.533948,1465104117.535243,1465104117.624000
231,1465104111.848000,1465104112.521700,1465104117.523355,1465104117.597000
232,1465104111.848000,1465104112.541086,1465104117.542378,1465104117.622000
233,1465104111.848000,1465104112.847211,1465104117.849115,1465104117.929000
234,1465104111.848000,1465104112.554101,1465104117.557047,1465104117.637000
235,1465104111.848000,1465104112.601036,1465104117.621415,1465104117.677000
236,1465104111.848000,1465104112.730063,1465104117.731408,1465104117.826000
237,1465104111.848000,1465104112.853799,1465104117.855025,1465104117.948000
238,1465104111.848000,1465104112.806328,1465104117.807545,1465104117.890000
239,1465104111.848000,1465104112.472597,1465104117.474170,1465104117.560000
240,1465104111.848000,1465104112.559977,1465104117.572750,1465104117.647000
241,1465104111.848000,1465104114.373774,1465104119.375107,1465104119.479000
242,1465104111.848000,1465104112.524720,1465104117.525947,1465104117.612000
243,1465104111.848000,1465104112.740305,1465104117.741623,1465104117.827000
244,1465104111.848000,1465104112.587448,1465104117.588923,1465104117.665000
245,1465104111.848000,1465104112.452061,1465104117.453245,1465104117.546000
246,1465104111.848000,1465104114.400251,1465104119.401861,1465104119.458000
247,1465104111.848000,1465104112.564095,1465104117.565397,1465104117.645000
248,1465104111.848000,1465104112.594509,1465104117.611900,1465104117.686000
249,1465104111.848000,1465104112.491806,1465104117.493068,1465104117.573000
250,1465104111.848000,1465104112.487850,1465104117.489072,1465104117.593000
251,1465104111.848000,1465104112.542247,1465104117.543486,1465104117.629000
252,1465104111.848000,0.000000,0.000000,0.000000
253,1465104111.848000,1465104112.760990,1465104117.762258,1465104117.866000
254,1465104111.848000,1465104112.519845,1465104117.525369,1465104117.595000
255,1465104111.848000,1465104112.793573,1465104117.795128,1465104117.876000
256,1465104111.848000,0.000000,0.000000,0.000000
257,1465104111.849000,1465104112.592181,1465104117.593352,1465104117.663000
258,1465104111.849000,1465104112.792226,1465104117.795072,1465104117.876000
259,1465104111.849000,1465104112.580707,1465104117.582077,1465104117.667000
260,1465104111.849000,1465104112.564263,1465104117.565761,1465104117.642000
261,1465104111.849000,1465104112.492639,1465104117.494117,1465104117.572000
262,1465104111.849000,1465104112.824374,1465104117.825698,1465104117.912000
263,1465104111.849000,1465104112.457436,1465104117.458937,1465104117.535000
264,1465104111.849000,0.000000,0.000000,0.000000
265,1465104111.849000,1465104112.854020,1465104117.855253,1465104117.940000
266,1465104111.849000,1465104112.549016,1465104117.550177,1465104117.622000
267,1465104111.849000,1465104112.500847,1465104117.502103,1465104117.579000
268,1465104111.849000,1465104112.563374,1465104117.564624,1465104117.632000
269,1465104111.849000,1465104112.530274,1465104117.550997,1465104117.638000
270,1465104111.849000,1465104112.496646,1465104117.497910,1465104117.578000
271,1465104111.849000,1465104112.560707,1465104117.562543,1465104117.636000
272,1465104111.849000,1465104112.565678,1465104117.566996,1465104117.647000
273,1465104111.849000,1465104112.786874,1465104117.788119,1465104117.881000
274,1465104111.849000,1465104112.568692,1465104117.569895,1465104117.650000
275,1465104111.849000,1465104112.547263,1465104117.548644,1465104117.624000
276,1465104111.849000,1465104112.851513,1465104117.852717,1465104117.941000
277,1465104111.849000,1465104112.767070,1465104117.768389,1465104117.854000
278,1465104111.849000,1465104112.778327,1465104117.779610,1465104117.866000
279,1465104111.849000,1465104112.475488,1465104117.487072,1465104117.568000
280,1465104111.849000,1465104112.536325,1465104117.538234,1465104117.618000
281,1465104111.849000,1465104112.530284,1465104117.531462,1465104117.604000
282,1465104111.849000,1465104112.554089,1465104117.555322,1465104117.642000
283,1465104111.849000,1465104112.568361,1465104117.569630,1465104117.636000
284,1465104111.849000,1465104112.593003,1465104117.594579,1465104117.669000
285,1465104111.849000,1465104112.550995,1465104117.553198,1465104117.639000
286,1465104111.849000,1465104112.804290,1465104117.805554,1465104117.909000
287,1465104111.849000,1465104112.816041,1465104117.817309,1465104117.905000
288,1465104111.851000,1465104112.766591,1465104117.767949,1465104117.859000
289,1465104111.851000,1465104112.823333,1465104117.824591,1465104117.894000
290,1465104111.851000,1465104112.484199,1465104117.485767,1465104117.574000
291,1465104111.851000,1465104112.788950,1465104117.790234,1465104117.882000
292,1465104111.853000,1465104112.557333,1465104117.566626,1465104117.648000
293,1465104111.859000,1465104112.545395,1465104117.546937,1465104117.628000
294,1465104111.876000,1465104112.572668,1465104117.573901,1465104117.646000
295,1465104111.878000,1465104112.800193,1465104117.801446,1465104117.887000
296,1465104111.878000,1465104112.523679,1465104117.525363,1465104117.616000
297,1465104111.878000,1465104112.491584,1465104117.493093,1465104117.574000
298,1465104111.879000,1465104112.544106,1465104117.545313,1465104117.648000
299,1465104111.879000,1465104112.514780,1465104117.516038,1465104117.584000
300,1465104111.879000,1465104112.559500,1465104117.560725,1465104117.638000
301,1465104111.879000,1465104112.755078,1465104117.756210,1465104117.852000
302,1465104111.879000,1465104112.552673,1465104117.554528,1465104117.628000
303,1465104111.879000,1465104112.553980,1465104117.555491,1465104117.633000
304,1465104111.879000,1465104112.782507,1465104117.783851,1465104117.865000
305,1465104111.879000,1465104112.785567,1465104117.798222,1465104117.886000
306,1465104111.879000,1465104112.783920,1465104117.785116,1465104117.863000
307,1465104111.879000,1465104112.769215,1465104117.770403,1465104117.866000
308,1465104111.879000,1465104112.827858,1465104117.829247,1465104117.918000
309,1465104111.879000,1465104112.801268,1465104117.802462,1465104117.885000
310,1465104111.879000,1465104112.567187,1465104117.568576,1465104117.659000
311,1465104111.879000,1465104112.591381,1465104117.592662,1465104117.671000
312,1465104111.880000,1465104112.547216,1465104117.548514,1465104117.626000
313,1465104111.880000,1465104112.541641,1465104117.542823,1465104117.620000
314,1465104111.880000,1465104112.823465,1465104117.824664,1465104117.912000
315,1465104111.880000,1465104112.553100,1465104117.554296,1465104117.640000
316,1465104111.880000,1465104112.577861,1465104117.579150,1465104117.648000
317,1465104111.880000,1465104112.827175,1465104117.828404,1465104117.916000
318,1465104111.880000,1465104112.588099,1465104117.591838,1465104117.661000
319,1465104111.880000,1465104112.569914,1465104117.571240,1465104117.653000
320,1465104111.880000,1465104112.550802,1465104117.560472,1465104117.637000
321,1465104111.880000,1465104112.542800,1465104117.544138,1465104117.618000
322,1465104111.880000,1465104112.531628,1465104117.532954,1465104117.607000
323,1465104111.881000,1465104112.819312,1465104117.820495,1465104117.888000
324,1465104111.881000,1465104112.526278,1465104117.527509,1465104117.596000
325,1465104111.881000,1465104112.571190,1465104117.572450,1465104117.651000
326,1465104111.881000,1465104112.826098,1465104117.827423,1465104117.909000
327,1465104111.881000,1465104112.860207,1465104117.861433,1465104117.950000
328,1465104111.881000,1465104112.845190,1465104117.846415,1465104117.924000
329,1465104111.881000,1465104112.549065,1465104117.550433,1465104117.639000
330,1465104111.881000,1465104112.585682,1465104117.587686,1465104117.656000
331,1465104111.882000,1465104112.797805,1465104117.799166,1465104117.904000
332,1465104111.881000,1465104112.815317,1465104117.816950,1465104117.894000
333,1465104111.881000,1465104112.528822,1465104117.530171,1465104117.621000
334,1465104111.882000,1465104112.549254,1465104117.553289,1465104117.640000
335,1465104111.882000,1465104112.843387,1465104117.844827,1465104117.931000
336,1465104111.882000,1465104112.506386,1465104117.507753,1465104117.587000
337,1465104111.882000,1465104112.580953,1465104117.584040,1465104117.652000
338,1465104111.882000,1465104112.552965,1465104117.554252,1465104117.647000
339,1465104111.882000,1465104114.406560,1465104119.407989,1465104119.486000
340,1465104111.882000,1465104112.559770,1465104117.561175,1465104117.629000
341,1465104111.882000,1465104112.858374,1465104117.859601,1465104117.941000
342,1465104111.882000,1465104112.542247,1465104117.543476,1465104117.622000
343,1465104111.882000,1465104112.568168,1465104117.569289,1465104117.647000
344,1465104111.882000,1465104112.536191,1465104117.537561,1465104117.625000
345,1465104111.882000,1465104112.557844,1465104117.559023,1465104117.637000
346,1465104111.882000,1465104112.849186,1465104117.850410,1465104117.936000
347,1465104111.882000,1465104112.547506,1465104117.563546,1465104117.668000
348,1465104111.883000,1465104112.548741,1465104117.549987,1465104117.618000
349,1465104111.883000,1465104112.609409,1465104117.610682,1465104117.666000
350,1465104111.884000,1465104112.525899,1465104117.527574,1465104117.607000
351,1465104111.884000,1465104112.782049,1465104117.783290,1465104117.870000
352,1465104111.884000,1465104112.535413,1465104117.536792,1465104117.610000
353,1465104111.884000,1465104112.555445,1465104117.557116,1465104117.637000
354,1465104111.884000,1465104112.803292,1465104117.814822,1465104117.894000
355,1465104111.884000,1465104112.843134,1465104117.844515,1465104117.925000
356,1465104111.884000,1465104112.849460,1465104117.850834,1465104117.930000
357,1465104111.884000,1465104112.870033,1465104117.871579,1465104117.953000
358,1465104111.884000,1465104112.552160,1465104117.553846,1465104117.628000
359,1465104111.884000,1465104112.569835,1465104117.571863,1465104117.648000
360,1465104111.885000,1465104112.521831,1465104117.523074,1465104117.616000
361,1465104111.885000,1465104112.882133,1465104117.883411,1465104117.964000
362,1465104111.885000,1465104112.868541,1465104117.869727,1465104117.957000
363,1465104111.885000,1465104112.535536,1465104117.536733,1465104117.629000
364,1465104111.885000,1465104112.842004,1465104117.845530,1465104117.927000
365,1465104111.885000,1465104112.535996,1465104117.537322,1465104117.622000
366,1465104111.885000,1465104112.523621,1465104117.524853,1465104117.604000
367,1465104111.886000,1465104112.808514,1465104117.809678,1465104117.877000
368,1465104111.886000,1465104112.551084,1465104117.552580,1465104117.639000
369,1465104111.886000,1465104112.569323,1465104117.578631,1465104117.657000
370,1465104111.886000,1465104112.846974,1465104117.848250,1465104117.929000
371,1465104111.886000,1465104112.504678,1465104117.505966,1465104117.595000
372,1465104111.886000,1465104112.561764,1465104117.563540,1465104117.632000
373,1465104111.887000,1465104112.779508,1465104117.780764,1465104117.868000
374,1465104111.887000,1465104112.555172,1465104117.557042,1465104117.638000
375,1465104111.887000,1465104112.581699,1465104117.583478,1465104117.674000
376,1465104111.887000,1465104112.784424,1465104117.785708,1465104117.866000
377,1465104111.887000,1465104112.540245,1465104117.541474,1465104117.628000
378,1465104111.887000,1465104112.573094,1465104117.574567,1465104117.661000
379,1465104111.888000,1465104112.792574,1465104117.798347,1465104117.879000
380,1465104111.888000,1465104112.575782,1465104117.577228,1465104117.653000
381,1465104111.888000,1465104112.816654,1465104117.817955,1465104117.885000
382,1465104111.888000,1465104112.863059,1465104117.864644,1465104117.946000
383,1465104111.888000,1465104112.541974,1465104117.544089,1465104117.612000
384,1465104111.888000,1465104112.843414,1465104117.844699,1465104117.922000
385,1465104111.889000,1465104112.854445,1465104117.855672,1465104117.951000
386,1465104111.889000,1465104112.581414,1465104117.582869,1465104117.651000
387,1465104111.889000,1465104112.889413,1465104117.890658,1465104117.971000
388,1465104111.890000,1465104112.555567,1465104117.575130,1465104117.654000
389,1465104111.890000,1465104112.816785,1465104117.817975,1465104117.900000
390,1465104111.890000,1465104112.580232,1465104117.581505,1465104117.664000
391,1465104111.890000,1465104112.575802,1465104117.577050,1465104117.646000
392,1465104111.890000,1465104112.579826,1465104117.581314,1465104117.669000
393,1465104111.890000,1465104112.538118,1465104117.539419,1465104117.626000
394,1465104111.890000,1465104112.555700,1465104117.568779,1465104117.655000
395,1465104111.890000,1465104112.520805,1465104117.522225,1465104117.601000
396,1465104111.890000,1465104112.565383,1465104117.567031,1465104117.646000
397,1465104111.890000,1465104112.843177,1465104117.844458,1465104117.925000
398,1465104111.890000,1465104112.562281,1465104117.563748,1465104117.654000
399,1465104111.891000,1465104112.795427,1465104117.796679,1465104117.866000
400,1465104111.891000,1465104112.582863,1465104117.584528,1465104117.658000
401,1465104111.891000,1465104112.582898,1465104117.584434,1465104117.663000
402,1465104111.891000,0.000000,0.000000,0.000000
403,1465104111.891000,1465104112.544426,1465104117.545659,1465104117.642000
404,1465104111.891000,1465104112.565088,1465104117.567022,1465104117.636000
405,1465104111.891000,1465104112.863690,1465104117.865089,1465104117.953000
406,1465104111.891000,1465104112.532707,1465104117.533951,1465104117.613000
407,1465104111.892000,1465104112.777664,1465104117.778906,1465104117.871000
408,1465104111.892000,1465104112.533082,1465104117.534589,1465104117.621000
409,1465104111.892000,1465104112.842329,1465104117.843851,1465104117.925000
410,1465104111.892000,1465104112.830571,1465104117.831800,1465104117.927000
411,1465104111.892000,1465104112.580462,1465104117.581730,1465104117.651000
412,1465104111.892000,1465104112.577789,1465104117.581572,1465104117.670000
413,1465104111.892000,1465104112.840818,1465104117.842183,1465104117.930000
414,1465104111.893000,1465104112.557392,1465104117.574241,1465104117.654000
415,1465104111.893000,1465104112.558048,1465104117.560034,1465104117.635000
416,1465104111.893000,1465104112.563514,1465104117.564752,1465104117.645000
417,1465104111.893000,1465104112.579818,1465104117.581059,1465104117.647000
418,1465104111.893000,1465104112.581867,1465104117.599309,1465104117.678000
419,1465104111.893000,1465104112.525331,1465104117.526675,1465104117.602000
420,1465104111.893000,1465104112.814603,1465104117.816031,1465104117.883000
421,1465104111.893000,1465104112.549638,1465104117.552404,1465104117.638000
422,1465104111.893000,1465104112.580403,1465104117.600275,1465104117.679000
423,1465104111.893000,1465104112.553719,1465104117.554935,1465104117.636000
424,1465104111.894000,1465104112.557442,1465104117.559126,1465104117.645000
425,1465104111.894000,1465104112.544220,1465104117.545425,1465104117.615000
426,1465104111.894000,1465104112.844895,1465104117.846049,1465104117.924000
427,1465104111.894000,1465104112.523359,1465104117.524512,1465104117.602000
428,1465104111.894000,1465104112.567449,1465104117.568720,1465104117.655000
429,1465104111.894000,1465104112.561715,1465104117.571474,1465104117.662000
430,1465104111.894000,1465104112.524996,1465104117.526204,1465104117.596000
431,1465104111.894000,1465104112.563888,1465104117.565363,1465104117.634000
432,1465104111.894000,1465104112.583897,1465104117.587438,1465104117.659000
433,1465104111.895000,1465104112.538375,1465104117.539657,1465104117.628000
434,1465104111.895000,1465104112.517338,1465104117.518648,1465104117.586000
435,1465104111.895000,1465104112.771101,1465104117.773021,1465104117.853000
436,1465104111.895000,1465104112.563284,1465104117.564909,1465104117.642000
437,1465104111.895000,1465104112.571971,1465104117.574256,1465104117.643000
438,1465104111.895000,1465104112.546308,1465104117.547479,1465104117.626000
439,1465104111.895000,1465104112.540485,1465104117.541838,1465104117.622000
440,1465104111.895000,1465104112.548064,1465104117.549755,1465104117.632000
441,1465104111.895000,1465104112.573840,1465104117.575083,1465104117.665000
442,1465104111.895000,1465104112.851257,1465104117.852561,1465104117.933000
443,1465104111.896000,1465104112.569259,1465104117.570745,1465104117.663000
444,1465104111.896000,1465104112.556449,1465104117.558208,1465104117.637000
445,1465104111.896000,1465104112.556975,1465104117.558342,1465104117.644000
446,1465104111.897000,1465104112.577019,1465104117.578231,1465104117.671000
447,1465104111.897000,1465104112.544779,1465104117.546157,1465104117.624000
448,1465104111.898000,1465104112.551912,1465104117.553088,1465104117.649000
449,1465104111.898000,1465104112.590764,1465104117.592648,1465104117.667000
450,1465104111.898000,1465104112.895895,1465104117.897153,1465104117.953000
451,1465104111.898000,1465104112.558134,1465104117.559776,1465104117.645000
452,1465104111.898000,1465104112.585360,1465104117.588070,1465104117.667000
453,1465104111.898000,1465104112.548742,1465104117.550282,1465104117.632000
454,1465104111.898000,1465104112.553872,1465104117.558022,1465104117.639000
455,1465104111.898000,1465104112.550409,1465104117.560984,1465104117.637000
456,1465104111.899000,1465104112.543438,1465104117.545170,1465104117.632000
457,1465104111.899000,1465104112.833315,1465104117.834561,1465104117.921000
458,1465104111.899000,1465104112.566314,1465104117.567477,1465104117.636000
459,1465104111.899000,1465104112.548275,1465104117.562040,1465104117.644000
460,1465104111.899000,1465104112.579208,1465104117.580689,1465104117.649000
461,1465104111.899000,1465104112.871923,1465104117.873336,1465104117.942000
462,1465104111.899000,1465104112.543057,1465104117.548691,1465104117.635000
463,1465104111.900000,1465104112.553698,1465104117.555488,1465104117.633000
464,1465104111.900000,1465104112.545423,1465104117.548277,1465104117.637000
465,1465104111.900000,1465104112.557873,1465104117.559147,1465104117.636000
466,1465104111.900000,1465104112.580696,1465104117.598735,1465104117.678000
467,1465104111.900000,1465104112.595065,1465104117.596217,1465104117.668000
468,1465104111.901000,1465104112.541232,1465104117.542436,1465104117.624000
469,1465104111.901000,1465104112.582888,1465104117.584053,1465104117.654000
470,1465104111.901000,1465104112.579804,1465104117.597879,1465104117.674000
471,1465104111.902000,1465104112.523296,1465104117.524628,1465104117.602000
472,1465104111.902000,1465104112.555713,1465104117.556941,1465104117.636000
473,1465104111.902000,1465104112.557189,1465104117.562617,1465104117.640000
474,1465104111.902000,1465104112.574315,1465104117.575652,1465104117.661000
475,1465104111.902000,1465104112.549802,1465104117.552564,1465104117.638000
476,1465104111.902000,1465104112.553756,1465104117.555165,1465104117.651000
477,1465104111.902000,1465104112.524331,1465104117.526033,1465104117.616000
478,1465104111.902000,1465104112.550109,1465104117.553335,1465104117.639000
479,1465104111.902000,1465104112.559431,1465104117.560682,1465104117.653000
480,1465104111.902000,1465104112.584945,1465104117.586126,1465104117.656000
481,1465104111.902000,1465104112.522016,1465104117.523182,1465104117.602000
482,1465104111.903000,1465104112.816113,1465104117.817659,1465104117.895000
483,1465104111.903000,1465104112.843936,1465104117.845286,1465104117.919000
484,1465104111.903000,1465104112.580694,1465104117.591500,1465104117.681000
485,1465104111.903000,1465104112.550870,1465104117.552390,1465104117.638000
486,1465104111.904000,1465104112.586320,1465104117.588792,1465104117.668000
487,1465104111.904000,1465104112.572191,1465104117.575565,1465104117.663000
488,1465104111.904000,1465104112.546448,1465104117.547962,1465104117.635000
489,1465104111.904000,1465104112.561992,1465104117.563178,1465104117.659000
490,1465104111.904000,1465104112.583678,1465104117.585715,1465104117.671000
491,1465104111.904000,1465104112.545689,1465104117.547307,1465104117.636000
492,1465104111.904000,1465104112.583618,1465104117.585229,1465104117.664000
493,1465104111.904000,1465104112.579185,1465104117.584582,1465104117.663000
494,1465104111.904000,1465104112.586337,1465104117.587764,1465104117.675000
495,1465104111.904000,1465104112.705617,1465104117.706816,1465104117.791000
496,1465104111.905000,1465104112.581894,1465104117.583128,1465104117.672000
497,1465104111.905000,1465104112.736166,1465104117.737331,1465104117.824000
498,1465104111.905000,1465104112.626473,1465104117.627694,1465104117.707000
499,1465104111.905000,1465104112.578564,1465104117.579943,1465104117.661000
500,1465104111.905000,1465104112.569061,1465104117.570308,1465104117.644000
501,1465104111.905000,1465104112.650451,1465104117.651764,1465104117.731000
502,1465104111.905000,1465104112.566997,1465104117.568211,1465104117.652000
503,1465104111.905000,1465104112.624144,1465104117.625503,1465104117.693000
504,1465104111.905000,1465104112.552144,1465104117.553504,1465104117.634000
505,1465104111.905000,1465104112.636698,1465104117.637953,1465104117.723000
506,1465104111.905000,1465104112.589155,1465104117.590977,1465104117.661000
507,1465104111.905000,1465104112.627696,1465104117.629038,1465104117.714000
508,1465104111.905000,1465104112.664897,1465104117.666127,1465104117.744000
509,1465104111.905000,1465104112.610038,1465104117.611192,1465104117.693000
510,1465104111.905000,1465104112.720570,1465104117.722892,1465104117.804000
511,1465104111.905000,1465104112.573773,1465104117.575349,1465104117.663000
512,1465104111.905000,1465104112.574221,1465104117.575529,1465104117.655000
513,1465104111.905000,1465104112.967598,1465104117.968963,1465104118.041000
514,1465104111.905000,1465104112.733413,1465104117.734913,1465104117.815000
515,1465104111.905000,1465104112.599100,1465104117.600387,1465104117.676000
516,1465104111.905000,1465104112.548061,1465104117.549359,1465104117.629000
517,1465104111.905000,1465104112.572187,1465104117.573691,1465104117.653000
518,1465104111.905000,0.000000,0.000000,0.000000
519,1465104111.905000,1465104112.560508,1465104117.561813,1465104117.647000
520,1465104111.906000,1465104112.868576,1465104117.878009,1465104117.966000
521,1465104111.906000,1465104112.577888,1465104117.579091,1465104117.648000
522,1465104111.906000,1465104112.570321,1465104117.586426,1465104117.672000
523,1465104111.906000,1465104112.552020,1465104117.553334,1465104117.630000
524,1465104111.906000,1465104112.567010,1465104117.568444,1465104117.644000
525,1465104111.906000,1465104112.575095,1465104117.576222,1465104117.653000
526,1465104111.906000,1465104112.591170,1465104117.592428,1465104117.669000
527,1465104111.906000,1465104112.690959,1465104117.692204,1465104117.769000
528,1465104111.906000,1465104112.591750,1465104117.593026,1465104117.673000
529,1465104111.906000,1465104112.592039,1465104117.593330,1465104117.679000
530,1465104111.906000,1465104112.585103,1465104117.586423,1465104117.666000
531,1465104111.906000,1465104112.875072,1465104117.876238,1465104117.953000
532,1465104111.906000,1465104112.578017,1465104117.579303,1465104117.675000
533,1465104111.906000,1465104112.585961,1465104117.595956,1465104117.683000
534,1465104111.906000,0.000000,0.000000,0.000000
535,1465104111.906000,1465104112.598816,1465104117.600009,1465104117.670000
536,1465104111.906000,1465104112.601046,1465104117.602262,1465104117.674000
537,1465104111.906000,1465104112.655481,1465104117.656925,1465104117.736000
538,1465104111.906000,1465104112.929272,1465104117.930452,1465104118.018000
539,1465104111.906000,1465104112.596924,1465104117.598235,1465104117.679000
540,1465104111.906000,1465104112.529093,1465104117.530749,1465104117.612000
541,1465104111.906000,1465104112.647519,1465104117.648714,1465104117.734000
542,1465104111.906000,1465104112.588565,1465104117.589821,1465104117.671000
543,1465104111.906000,1465104112.568621,1465104117.582056,1465104117.664000
544,1465104111.906000,1465104112.582286,1465104117.584347,1465104117.663000
545,1465104111.906000,1465104112.934555,1465104117.935747,1465104118.013000
546,1465104111.907000,1465104112.570596,1465104117.572041,1465104117.662000
547,1465104111.907000,1465104112.586738,1465104117.597533,1465104117.673000
548,1465104111.907000,1465104112.529609,1465104117.530966,1465104117.599000
549,1465104111.907000,1465104112.961681,1465104117.963035,1465104118.054000
550,1465104111.907000,1465104112.938401,1465104117.939693,1465104118.044000
551,1465104111.907000,1465104112.674048,1465104117.675343,1465104117.755000
552,1465104111.907000,1465104112.582401,1465104117.583649,1465104117.666000
553,1465104111.907000,1465104112.616893,1465104117.618155,1465104117.703000
554,1465104111.907000,1465104112.561750,1465104117.563929,1465104117.650000
555,1465104111.907000,1465104112.581708,1465104117.591453,1465104117.677000
556,1465104111.907000,1465104112.623575,1465104117.624782,1465104117.681000
557,1465104111.907000,1465104112.585789,1465104117.586997,1465104117.675000
558,1465104111.907000,1465104112.531442,1465104117.532858,1465104117.621000
559,1465104111.907000,1465104112.590413,1465104117.591647,1465104117.676000
560,1465104111.907000,1465104112.582050,1465104117.583721,1465104117.674000
561,1465104111.907000,1465104112.696884,1465104117.698156,1465104117.784000
562,1465104111.907000,1465104112.584725,1465104117.586836,1465104117.673000
563,1465104111.907000,1465104112.524464,1465104117.525802,1465104117.606000
564,1465104111.907000,1465104112.631358,1465104117.632691,1465104117.712000
565,1465104111.907000,1465104112.585291,1465104117.586638,1465104117.659000
566,1465104111.907000,1465104112.581740,1465104117.583255,1465104117.669000
567,1465104111.907000,1465104112.582823,1465104117.584123,1465104117.664000
568,1465104111.907000,1465104112.547259,1465104117.549131,1465104117.627000
569,1465104111.907000,1465104112.569936,1465104117.571467,1465104117.663000
570,1465104111.907000,1465104112.583632,1465104117.585622,1465104117.672000
571,1465104111.907000,1465104112.584428,1465104117.585914,1465104117.668000
572,1465104111.907000,1465104112.703376,1465104117.704727,1465104117.793000
573,1465104111.907000,1465104112.548802,1465104117.550015,1465104117.652000
574,1465104111.907000,1465104112.542252,1465104117.543443,1465104117.630000
575,1465104111.907000,1465104112.510164,1465104117.511534,1465104117.599000
576,1465104111.908000,1465104112.570028,1465104117.580282,1465104117.656000
577,1465104111.908000,1465104112.720899,1465104117.722478,1465104117.803000
578,1465104111.908000,1465104112.608041,1465104117.609251,1465104117.704000
579,1465104111.908000,1465104112.587468,1465104117.588931,1465104117.671000
580,1465104111.908000,1465104112.576627,1465104117.577838,1465104117.674000
581,1465104111.908000,1465104112.619253,1465104117.620555,1465104117.694000
582,1465104111.908000,1465104112.582477,1465104117.599275,1465104117.678000
583,1465104111.908000,1465104112.589138,1465104117.590326,1465104117.658000
584,1465104111.908000,1465104112.940311,1465104117.941484,1465104118.037000
585,1465104111.908000,1465104112.587937,1465104117.589245,1465104117.668000
586,1465104111.908000,1465104112.566269,1465104117.567513,1465104117.645000
587,1465104111.908000,1465104112.559225,1465104117.560460,1465104117.639000
588,1465104111.908000,1465104112.643337,1465104117.644601,1465104117.719000
589,1465104111.908000,1465104112.576563,1465104117.577951,1465104117.654000
590,1465104111.908000,1465104112.565206,1465104117.566618,1465104117.651000
591,1465104111.908000,1465104112.608362,1465104117.609557,1465104117.695000
592,1465104111.908000,1465104112.624816,1465104117.626074,1465104117.712000
593,1465104111.908000,1465104112.584892,1465104117.600415,1465104117.676000
594,1465104111.908000,1465104112.741591,1465104117.742919,1465104117.820000
595,1465104111.908000,1465104112.711792,1465104117.717845,1465104117.814000
596,1465104111.908000,1465104112.598914,1465104117.600119,1465104117.684000
597,1465104111.908000,1465104112.639091,1465104117.640384,1465104117.723000
598,1465104111.908000,1465104112.921461,1465104117.922676,1465104117.979000
599,1465104111.908000,1465104112.981645,1465104117.983060,1465104118.066000
600,1465104111.908000,1465104112.551714,1465104117.554546,1465104117.634000
601,1465104111.908000,1465104112.875900,1465104117.877142,1465104117.964000
602,1465104111.908000,1465104112.597278,1465104117.598488,1465104117.684000
603,1465104111.908000,1465104112.586251,1465104117.601473,1465104117.684000
604,1465104111.909000,1465104112.930931,1465104117.932273,1465104118.013000
605,1465104111.909000,1465104112.656786,1465104117.657919,1465104117.761000
606,1465104111.909000,1465104112.695893,1465104117.697128,1465104117.783000
607,1465104111.909000,1465104112.667838,1465104117.669006,1465104117.764000
608,1465104111.909000,1465104112.707785,1465104117.709063,1465104117.795000
609,1465104111.909000,0.000000,0.000000,0.000000
610,1465104111.909000,1465104112.581913,1465104117.583257,1465104117.659000
611,1465104111.909000,1465104112.707600,1465104117.709054,1465104117.797000
612,1465104111.909000,1465104112.589216,1465104117.590404,1465104117.672000
613,1465104111.909000,1465104112.578159,1465104117.579335,1465104117.657000
614,1465104111.909000,1465104112.689924,1465104117.697974,1465104117.786000
615,1465104111.909000,1465104112.731943,1465104117.733216,1465104117.814000
616,1465104111.909000,1465104112.643370,1465104117.644566,1465104117.722000
617,1465104111.909000,1465104112.695076,1465104117.696268,1465104117.764000
618,1465104111.909000,1465104112.931235,1465104117.932725,1465104118.018000
619,1465104111.909000,1465104112.564778,1465104117.566074,1465104117.643000
620,1465104111.909000,1465104113.013616,1465104118.014873,1465104118.101000
621,1465104111.909000,1465104112.572305,1465104117.577872,1465104117.658000
622,1465104111.909000,1465104112.584648,1465104117.586781,1465104117.659000
623,1465104111.909000,1465104112.635086,1465104117.636416,1465104117.715000
624,1465104111.909000,1465104112.630062,1465104117.631322,1465104117.689000
625,1465104111.909000,1465104112.649135,1465104117.650407,1465104117.738000
626,1465104111.909000,1465104112.589040,1465104117.590328,1465104117.676000
627,1465104111.909000,1465104112.685253,1465104117.686435,1465104117.782000
628,1465104111.909000,1465104112.575790,1465104117.577003,1465104117.656000
629,1465104111.910000,1465104112.556578,1465104117.557780,1465104117.661000
630,1465104111.910000,1465104112.563126,1465104117.564328,1465104117.634000
631,1465104111.910000,1465104113.043968,1465104118.045198,1465104118.125000
632,1465104111.910000,1465104112.626127,1465104117.627482,1465104117.707000
633,1465104111.910000,1465104112.570250,1465104117.572078,1465104117.651000
634,1465104111.910000,1465104112.659303,1465104117.660840,1465104117.733000
635,1465104111.910000,1465104112.588421,1465104117.589598,1465104117.692000
636,1465104111.910000,1465104112.714651,1465104117.725972,1465104117.805000
637,1465104111.910000,1465104112.907204,1465104117.908399,1465104117.994000
638,1465104111.910000,1465104112.542405,1465104117.544263,1465104117.625000
639,1465104111.910000,1465104112.685453,1465104117.686672,1465104117.772000
640,1465104111.910000,1465104112.697680,1465104117.698940,1465104117.778000
641,1465104111.910000,1465104112.572487,1465104117.583440,1465104117.651000
642,1465104111.910000,1465104112.672227,1465104117.673612,1465104117.777000
643,1465104111.911000,1465104112.574016,1465104117.575201,1465104117.653000
644,1465104111.911000,1465104112.664794,1465104117.666186,1465104117.736000
645,1465104111.911000,1465104112.579473,1465104117.591495,1465104117.682000
646,1465104111.911000,1465104112.743355,1465104117.744694,1465104117.826000
647,1465104111.911000,1465104112.718678,1465104117.719970,1465104117.799000
648,1465104111.911000,1465104112.702263,1465104117.703463,1465104117.781000
649,1465104111.911000,1465104112.563987,1465104117.565569,1465104117.646000
650,1465104111.911000,1465104112.667291,1465104117.668575,1465104117.739000
651,1465104111.911000,1465104112.599593,1465104117.600901,1465104117.691000
652,1465104111.911000,1465104112.646963,1465104117.648242,1465104117.743000
653,1465104111.911000,1465104112.551964,1465104117.555641,1465104117.643000
654,1465104111.911000,1465104112.546532,1465104117.547890,1465104117.616000
655,1465104111.911000,1465104112.587548,1465104117.588831,1465104117.674000
656,1465104111.911000,1465104112.580388,1465104117.598438,1465104117.686000
657,1465104111.911000,1465104112.574739,1465104117.575927,1465104117.662000
658,1465104111.911000,1465104112.563217,1465104117.564581,1465104117.644000
659,1465104111.911000,1465104112.572942,1465104117.574408,1465104117.655000
660,1465104111.911000,1465104112.590267,1465104117.591963,1465104117.661000
661,1465104111.911000,1465104112.558851,1465104117.560016,1465104117.663000
662,1465104111.911000,1465104112.530459,1465104117.531708,1465104117.610000
663,1465104111.911000,1465104112.566106,1465104117.567586,1465104117.658000
664,1465104111.911000,1465104112.577309,1465104117.578707,1465104117.655000
665,1465104111.911000,1465104112.551281,1465104117.572094,1465104117.646000
666,1465104111.911000,1465104112.579210,1465104117.583747,1465104117.663000
667,1465104111.912000,1465104112.575771,1465104117.577054,1465104117.651000
668,1465104111.912000,1465104112.549692,1465104117.555714,1465104117.643000
669,1465104111.912000,1465104112.562978,1465104117.581971,1465104117.659000
670,1465104111.912000,1465104112.575881,1465104117.577332,1465104117.666000
671,1465104111.912000,1465104112.562077,1465104117.563262,1465104117.650000
672,1465104111.912000,1465104112.543561,1465104117.544814,1465104117.630000
673,1465104111.912000,1465104112.694949,1465104117.696302,1465104117.784000
674,1465104111.912000,1465104112.573116,1465104117.574293,1465104117.659000
675,1465104111.912000,1465104112.548384,1465104117.551317,1465104117.636000
676,1465104111.912000,1465104112.553957,1465104117.555269,1465104117.632000
677,1465104111.912000,1465104112.679331,1465104117.680563,1465104117.767000
678,1465104111.912000,1465104112.540552,1465104117.553720,1465104117.633000
679,1465104111.912000,1465104112.560904,1465104117.572092,1465104117.645000
680,1465104111.912000,1465104112.669459,1465104117.670764,1465104117.760000
681,1465104111.912000,1465104112.691706,1465104117.692895,1465104117.749000
682,1465104111.912000,1465104112.559171,1465104117.561381,1465104117.637000
683,1465104111.912000,1465104112.694325,1465104117.711750,1465104117.796000
684,1465104111.912000,1465104112.592165,1465104117.600885,1465104117.677000
685,1465104111.912000,1465104112.556586,1465104117.557972,1465104117.637000
686,1465104111.912000,1465104112.620353,1465104117.621592,1465104117.709000
687,1465104111.912000,1465104112.607220,1465104117.608484,1465104117.688000
688,1465104111.912000,1465104113.009379,1465104118.010631,1465104118.116000
689,1465104111.912000,1465104112.826555,1465104117.827748,1465104117.910000
690,1465104111.912000,1465104112.673891,1465104117.675094,1465104117.770000
691,1465104111.912000,1465104112.490145,1465104117.491419,1465104117.596000
692,1465104111.912000,1465104112.601759,1465104117.603001,1465104117.689000
693,1465104111.913000,1465104112.580897,1465104117.582069,1465104117.669000
694,1465104111.913000,1465104112.586518,1465104117.603434,1465104117.671000
695,1465104111.913000,1465104112.627083,1465104117.628663,1465104117.707000
696,1465104111.913000,1465104112.899189,1465104117.900692,1465104117.987000
697,1465104111.913000,1465104112.688115,1465104117.689380,1465104117.768000
698,1465104111.913000,1465104112.628807,1465104117.630013,1465104117.709000
699,1465104111.913000,1465104112.567703,1465104117.572028,1465104117.657000
700,1465104111.913000,1465104112.651747,1465104117.652946,1465104117.719000
701,1465104111.913000,1465104112.737230,1465104117.738410,1465104117.807000
702,1465104111.913000,1465104112.553713,1465104117.568620,1465104117.655000
703,1465104111.913000,1465104112.606781,1465104117.623665,1465104117.703000
704,1465104111.913000,1465104112.569115,1465104117.570374,1465104117.648000
705,1465104111.913000,1465104112.563039,1465104117.564439,1465104117.640000
706,1465104111.913000,1465104112.650023,1465104117.651321,1465104117.731000
707,1465104111.913000,1465104112.712160,1465104117.713361,1465104117.799000
708,1465104111.913000,1465104112.570302,1465104117.571868,1465104117.658000
709,1465104111.913000,1465104112.634343,1465104117.635498,1465104117.713000
710,1465104111.913000,1465104112.595030,1465104117.596607,1465104117.671000
711,1465104111.913000,1465104112.892599,1465104117.893777,1465104117.971000
712,1465104111.913000,1465104112.614908,1465104117.616098,1465104117.673000
713,1465104111.913000,1465104112.616489,1465104117.617777,1465104117.721000
714,1465104111.913000,0.000000,0.000000,0.000000
715,1465104111.913000,1465104112.571265,1465104117.572499,1465104117.668000
716,1465104111.913000,1465104112.700535,1465104117.701918,1465104117.784000
717,1465104111.914000,1465104112.640210,1465104117.641443,1465104117.727000
718,1465104111.914000,1465104112.890651,1465104117.892036,1465104117.973000
719,1465104111.914000,1465104112.554768,1465104117.556554,1465104117.643000
720,1465104111.914000,1465104112.727145,1465104117.728559,1465104117.807000
721,1465104111.914000,1465104112.595661,1465104117.597276,1465104117.673000
722,1465104111.914000,1465104112.572172,1465104117.573406,1465104117.652000
723,1465104111.914000,0.000000,0.000000,0.000000
724,1465104111.914000,1465104112.630152,1465104117.631434,1465104117.716000
725,1465104111.914000,1465104112.663086,1465104117.664335,1465104117.744000
726,1465104111.914000,1465104112.689374,1465104117.690629,1465104117.769000
727,1465104111.914000,1465104112.572760,1465104117.574797,1465104117.662000
728,1465104111.914000,1465104112.586512,1465104117.588255,1465104117.673000
729,1465104111.914000,1465104112.704770,1465104117.706012,1465104117.792000
730,1465104111.914000,1465104112.698385,1465104117.699670,1465104117.780000
731,1465104111.914000,1465104112.991228,1465104117.992526,1465104118.097000
732,1465104111.914000,1465104112.593679,1465104117.594826,1465104117.680000
733,1465104111.914000,1465104112.618260,1465104117.619466,1465104117.705000
734,1465104111.914000,1465104112.576461,1465104117.578149,1465104117.658000
735,1465104111.914000,1465104112.688628,1465104117.690237,1465104117.757000
736,1465104111.914000,1465104112.730561,1465104117.731772,1465104117.812000
737,1465104111.914000,1465104112.562297,1465104117.563733,1465104117.649000
738,1465104111.914000,1465104112.616035,1465104117.617354,1465104117.697000
739,1465104111.914000,1465104112.573405,1465104117.587512,1465104117.667000
740,1465104111.914000,1465104112.564181,1465104117.565452,1465104117.651000
741,1465104111.915000,1465104113.030876,1465104118.032104,1465104118.118000
742,1465104111.915000,1465104112.676951,1465104117.678607,1465104117.759000
743,1465104111.915000,1465104112.588632,1465104117.589834,1465104117.669000
744,1465104111.915000,1465104112.605069,1465104117.606419,1465104117.702000
745,1465104111.915000,1465104112.884494,1465104117.885728,1465104117.982000
746,1465104111.915000,1465104112.702500,1465104117.703634,1465104117.799000
747,1465104111.915000,1465104112.970689,1465104117.971907,1465104118.042000
748,1465104111.915000,1465104112.593303,1465104117.594404,1465104117.672000
749,1465104111.915000,1465104112.968157,1465104117.969405,1465104118.056000
750,1465104111.915000,1465104112.588564,1465104117.589927,1465104117.675000
751,1465104111.915000,1465104112.669984,1465104117.671314,1465104117.752000
752,1465104111.917000,1465104112.561634,1465104117.563117,1465104117.643000
753,1465104111.919000,1465104112.634757,1465104117.636008,1465104117.722000
754,1465104111.921000,1465104112.743943,1465104117.745199,1465104117.814000
755,1465104111.933000,1465104112.585266,1465104117.588576,1465104117.657000
756,1465104111.970000,1465104112.764754,1465104117.765987,1465104117.822000
757,1465104111.973000,1465104112.962842,1465104117.964035,1465104118.067000
758,1465104111.973000,1465104112.717872,1465104117.719140,1465104117.786000
759,1465104111.973000,1465104112.689918,1465104117.691117,1465104117.787000
760,1465104111.973000,1465104112.713956,1465104117.715161,1465104117.811000
761,1465104111.973000,1465104112.985548,1465104117.986819,1465104118.064000
762,1465104111.973000,1465104112.947290,1465104117.948517,1465104118.034000
763,1465104111.973000,1465104112.985098,1465104117.986594,1465104118.068000
764,1465104111.973000,1465104112.579974,1465104117.595606,1465104117.683000
765,1465104111.973000,1465104113.043119,1465104118.044354,1465104118.100000
766,1465104111.973000,1465104112.932976,1465104117.934306,1465104118.005000
767,1465104111.974000,1465104112.637639,1465104117.638838,1465104117.706000
768,1465104111.974000,1465104112.639991,1465104117.641250,1465104117.721000
769,1465104111.974000,1465104112.686373,1465104117.690369,1465104117.771000
770,1465104111.974000,1465104112.690779,1465104117.697430,1465104117.773000
771,1465104111.974000,1465104112.622699,1465104117.623992,1465104117.709000
772,1465104111.975000,1465104112.973089,1465104117.974360,1465104118.061000
773,1465104111.975000,1465104112.645192,1465104117.646437,1465104117.732000
774,1465104111.975000,1465104112.993907,1465104117.995205,1465104118.085000
775,1465104111.975000,1465104112.714334,1465104117.716295,1465104117.795000
776,1465104111.975000,1465104112.606276,1465104117.623746,1465104117.703000
777,1465104111.975000,0.000000,0.000000,0.000000
778,1465104111.976000,1465104112.984420,1465104117.985886,1465104118.066000
779,1465104111.976000,1465104112.710619,1465104117.712020,1465104117.789000
780,1465104111.977000,1465104112.696811,1465104117.698294,1465104117.793000
781,1465104111.978000,1465104112.729680,1465104117.731178,1465104117.808000
782,1465104111.978000,1465104112.655746,1465104117.656941,1465104117.742000
783,1465104111.978000,1465104112.736529,1465104117.737734,1465104117.794000
784,1465104111.978000,1465104112.993473,1465104117.994865,1465104118.081000
785,1465104111.978000,1465104112.600952,1465104117.621944,1465104117.678000
786,1465104111.978000,1465104112.619880,1465104117.637531,1465104117.713000
787,1465104111.978000,1465104112.743428,1465104117.744620,1465104117.801000
788,1465104111.978000,1465104112.710476,1465104117.711820,1465104117.798000
789,1465104111.978000,1465104112.682638,1465104117.683946,1465104117.770000
790,1465104111.978000,1465104112.614814,1465104117.616126,1465104117.701000
791,1465104111.979000,1465104112.624707,1465104117.626242,1465104117.693000
792,1465104111.980000,1465104112.672218,1465104117.674961,1465104117.753000
793,1465104111.980000,1465104113.022386,1465104118.023652,1465104118.104000
794,1465104111.981000,1465104112.749374,1465104117.751947,1465104117.820000
795,1465104111.981000,1465104112.708094,1465104117.709375,1465104117.766000
796,1465104111.981000,1465104112.965574,1465104117.966875,1465104118.057000
797,1465104111.981000,1465104113.018638,1465104118.019915,1465104118.092000
798,1465104111.981000,1465104112.924685,1465104117.925947,1465104118.031000
799,1465104111.981000,1465104112.671717,1465104117.672968,1465104117.758000
800,1465104111.981000,1465104112.659198,1465104117.661408,1465104117.733000
801,1465104111.981000,1465104112.659628,1465104117.660835,1465104117.738000
802,1465104111.981000,1465104112.752145,1465104117.753392,1465104117.823000
803,1465104111.981000,1465104112.944601,1465104117.945790,1465104118.032000
804,1465104111.982000,1465104112.920940,1465104117.922627,1465104117.998000
805,1465104111.982000,1465104112.685977,1465104117.687470,1465104117.767000
806,1465104111.982000,1465104112.641187,1465104117.642421,1465104117.729000
807,1465104111.983000,1465104112.976414,1465104117.977647,1465104118.048000
808,1465104111.983000,0.000000,0.000000,0.000000
809,1465104111.983000,1465104112.734898,1465104117.736275,1465104117.814000
810,1465104111.983000,1465104112.648901,1465104117.650068,1465104117.752000
811,1465104111.983000,1465104112.709164,1465104117.714007,1465104117.800000
812,1465104111.983000,1465104113.010618,1465104118.012034,1465104118.098000
813,1465104111.984000,1465104112.711461,1465104117.712919,1465104117.791000
814,1465104111.985000,1465104112.569411,1465104117.570577,1465104117.674000
815,1465104111.985000,1465104112.717797,1465104117.719068,1465104117.797000
816,1465104111.986000,1465104113.059966,1465104118.061206,1465104118.117000
817,1465104111.986000,1465104112.985320,1465104117.986650,1465104118.092000
818,1465104111.986000,1465104112.671521,1465104117.672884,1465104117.763000
819,1465104111.986000,1465104112.653206,1465104117.654713,1465104117.743000
820,1465104111.986000,1465104113.013710,1465104118.014933,1465104118.095000
821,1465104111.986000,1465104112.934259,1465104117.935522,1465104118.030000
822,1465104111.987000,1465104112.610812,1465104117.612050,1465104117.690000
823,1465104111.987000,1465104112.693408,1465104117.711543,1465104117.797000
824,1465104111.987000,1465104112.685504,1465104117.686819,1465104117.767000
825,1465104111.987000,1465104112.690644,1465104117.691958,1465104117.780000
826,1465104111.988000,1465104112.684245,1465104117.685460,1465104117.788000
827,1465104111.988000,1465104112.747416,1465104117.748632,1465104117.829000
828,1465104111.988000,1465104112.639862,1465104117.641454,1465104117.715000
829,1465104111.988000,1465104112.721222,1465104117.722880,1465104117.804000
830,1465104111.989000,1465104112.722706,1465104117.725332,1465104117.795000
831,1465104111.989000,1465104112.709838,1465104117.711205,1465104117.787000
832,1465104111.989000,1465104112.727539,1465104117.728925,1465104117.805000
833,1465104111.989000,1465104112.988654,1465104117.989985,1465104118.071000
834,1465104111.989000,1465104112.957398,1465104117.959218,1465104118.035000
835,1465104111.990000,1465104112.923535,1465104117.924831,1465104118.018000
836,1465104111.990000,1465104112.739129,1465104117.740328,1465104117.819000
837,1465104111.990000,1465104113.033988,1465104118.035276,1465104118.114000
838,1465104111.990000,1465104112.665265,1465104117.666492,1465104117.769000
839,1465104111.991000,1465104112.727384,1465104117.746936,1465104117.844000
840,1465104111.992000,1465104112.683635,1465104117.684938,1465104117.773000
841,1465104111.992000,1465104112.983892,1465104117.985093,1465104118.065000
842,1465104111.992000,1465104113.034589,1465104118.036103,1465104118.115000
843,1465104111.992000,1465104112.738783,1465104117.739935,1465104117.807000
844,1465104111.992000,1465104112.629714,1465104117.630979,1465104117.733000
845,1465104111.992000,1465104112.731963,1465104117.733212,1465104117.820000
846,1465104111.992000,1465104112.691085,1465104117.692471,1465104117.772000
847,1465104111.993000,1465104112.937778,1465104117.939106,1465104118.025000
848,1465104111.993000,1465104113.028130,1465104118.029359,1465104118.125000
849,1465104111.993000,0.000000,0.000000,0.000000
850,1465104111.993000,1465104112.689358,1465104117.690902,1465104117.758000
851,1465104111.994000,1465104114.552505,1465104119.554027,1465104119.642000
852,1465104111.994000,1465104112.713243,1465104117.714444,1465104117.801000
853,1465104111.995000,1465104114.503524,1465104119.505017,1465104119.600000
854,1465104111.995000,1465104112.615542,1465104117.616700,1465104117.713000
855,1465104111.996000,1465104112.604918,1465104117.606180,1465104117.689000
856,1465104111.995000,1465104112.693772,1465104117.695023,1465104117.762000
857,1465104111.996000,1465104112.739253,1465104117.740864,1465104117.822000
858,1465104111.996000,1465104112.662781,1465104117.664304,1465104117.740000
859,1465104111.996000,1465104112.673251,1465104117.674723,1465104117.754000
860,1465104111.996000,1465104113.014650,1465104118.015917,1465104118.088000
861,1465104111.998000,1465104112.725410,1465104117.726750,1465104117.814000
862,1465104111.998000,1465104112.721661,1465104117.723003,1465104117.802000
863,1465104111.999000,1465104112.954813,1465104117.956244,1465104118.060000
864,1465104111.998000,1465104112.928178,1465104117.929451,1465104118.020000
865,1465104111.999000,1465104112.945872,1465104117.947156,1465104118.042000
866,1465104111.999000,1465104112.692771,1465104117.694317,1465104117.779000
867,1465104111.999000,1465104112.950631,1465104117.951838,1465104118.047000
868,1465104112.000000,1465104112.691747,1465104117.693009,1465104117.779000
869,1465104112.000000,1465104112.748794,1465104117.751393,1465104117.819000
870,1465104112.000000,1465104112.744983,1465104117.750969,1465104117.818000
871,1465104112.000000,1465104112.736085,1465104117.737276,1465104117.816000
872,1465104112.000000,1465104112.995594,1465104117.996776,1465104118.092000
873,1465104112.001000,1465104113.019697,1465104118.020910,1465104118.102000
874,1465104112.001000,1465104112.704300,1465104117.705645,1465104117.785000
875,1465104112.002000,1465104113.016607,1465104118.030309,1465104118.111000
876,1465104112.002000,1465104112.714947,1465104117.716247,1465104117.796000
877,1465104112.003000,1465104112.688229,1465104117.689427,1465104117.792000
878,1465104112.003000,1465104112.895626,1465104117.914320,1465104118.003000
879,1465104112.003000,1465104113.016098,1465104118.017291,1465104118.095000
880,1465104112.004000,1465104112.734071,1465104117.735498,1465104117.813000
881,1465104112.004000,1465104112.729457,1465104117.730595,1465104117.826000
882,1465104112.004000,1465104112.726254,1465104117.743076,1465104117.835000
883,1465104112.004000,1465104112.655283,1465104117.656557,1465104117.724000
884,1465104112.004000,1465104113.007686,1465104118.008858,1465104118.086000
885,1465104112.004000,1465104112.678338,1465104117.679531,1465104117.759000
886,1465104112.004000,1465104112.729837,1465104117.731281,1465104117.805000
887,1465104112.004000,1465104112.721470,1465104117.723037,1465104117.799000
888,1465104112.005000,1465104112.651828,1465104117.653045,1465104117.741000
889,1465104112.005000,1465104112.720003,1465104117.721290,1465104117.802000
890,1465104112.005000,1465104112.689369,1465104117.690566,1465104117.775000
891,1465104112.005000,1465104113.012140,1465104118.013303,1465104118.099000
892,1465104112.006000,1465104112.746917,1465104117.754881,1465104117.832000
893,1465104112.006000,1465104112.692613,1465104117.693787,1465104117.765000
894,1465104112.006000,1465104112.739751,1465104117.757894,1465104117.839000
895,1465104112.006000,1465104112.744031,1465104117.745255,1465104117.823000
896,1465104112.006000,1465104113.016575,1465104118.017838,1465104118.108000
897,1465104112.006000,1465104112.698571,1465104117.699793,1465104117.786000
898,1465104112.006000,1465104112.937336,1465104117.938967,1465104118.020000
899,1465104112.007000,1465104112.738233,1465104117.739486,1465104117.821000
900,1465104112.007000,1465104112.742874,1465104117.744332,1465104117.820000
901,1465104112.007000,1465104112.659608,1465104117.660822,1465104117.748000
902,1465104112.007000,1465104112.665973,1465104117.667339,1465104117.743000
903,1465104112.007000,1465104113.006162,1465104118.007429,1465104118.088000
904,1465104112.007000,1465104112.741463,1465104117.742725,1465104117.823000
905,1465104112.007000,1465104112.715857,1465104117.717099,1465104117.799000
906,1465104112.007000,1465104112.728159,1465104117.729448,1465104117.820000
907,1465104112.008000,1465104112.983299,1465104117.984482,1465104118.072000
908,1465104112.008000,1465104112.739621,1465104117.740814,1465104117.819000
909,1465104112.008000,1465104112.994649,1465104117.995928,1465104118.074000
910,1465104112.008000,1465104113.017796,1465104118.019605,1465104118.096000
911,1465104112.008000,1465104113.027290,1465104118.028653,1465104118.102000
912,1465104112.008000,1465104112.736371,1465104117.737994,1465104117.819000
913,1465104112.008000,1465104112.995927,1465104117.997089,1465104118.075000
914,1465104112.008000,1465104112.723881,1465104117.725110,1465104117.804000
915,1465104112.009000,1465104112.729296,1465104117.737403,1465104117.814000
916,1465104112.009000,1465104112.692383,1465104117.693608,1465104117.789000
917,1465104112.009000,1465104112.739690,1465104117.741417,1465104117.823000
918,1465104112.009000,1465104112.722610,1465104117.723829,1465104117.801000
919,1465104112.009000,1465104112.721965,1465104117.723374,1465104117.809000
920,1465104112.009000,1465104112.733427,1465104117.734734,1465104117.821000
921,1465104112.010000,0.000000,0.000000,0.000000
922,1465104112.010000,1465104112.735515,1465104117.750026,1465104117.817000
923,1465104112.010000,1465104112.724985,1465104117.726203,1465104117.804000
924,1465104112.010000,1465104112.737556,1465104117.738791,1465104117.824000
925,1465104112.010000,1465104113.001184,1465104118.002428,1465104118.082000
926,1465104112.011000,1465104112.987253,1465104117.988486,1465104118.068000
927,1465104112.011000,1465104112.651318,1465104117.671040,1465104117.758000
928,1465104112.012000,0.000000,0.000000,0.000000
929,1465104112.012000,1465104112.704447,1465104117.705667,1465104117.798000
930,1465104112.012000,1465104112.663488,1465104117.664937,1465104117.744000
931,1465104112.012000,1465104112.648367,1465104117.649585,1465104117.746000
932,1465104112.012000,1465104112.710549,1465104117.711879,1465104117.797000
933,1465104112.012000,1465104112.728131,1465104117.729424,1465104117.818000
934,1465104112.012000,1465104112.735598,1465104117.736864,1465104117.816000
935,1465104112.013000,1465104112.681988,1465104117.683309,1465104117.771000
936,1465104112.013000,1465104112.735836,1465104117.737129,1465104117.822000
937,1465104112.013000,1465104112.698992,1465104117.700212,1465104117.784000
938,1465104112.013000,0.000000,0.000000,0.000000
939,1465104112.014000,0.000000,0.000000,0.000000
940,1465104112.014000,1465104112.673387,1465104117.674565,1465104117.778000
941,1465104112.014000,1465104112.713325,1465104117.714616,1465104117.794000
942,1465104112.015000,1465104113.017265,1465104118.018975,1465104118.099000
943,1465104112.015000,1465104113.027953,1465104118.029241,1465104118.109000
944,1465104112.015000,1465104112.744436,1465104117.745704,1465104117.815000
945,1465104112.015000,1465104112.729245,1465104117.730583,1465104117.816000
946,1465104112.015000,1465104112.670337,1465104117.671646,1465104117.753000
947,1465104112.015000,1465104112.709450,1465104117.710653,1465104117.796000
948,1465104112.015000,1465104112.995938,1465104117.997192,1465104118.083000
949,1465104112.015000,1465104112.681783,1465104117.683070,1465104117.762000
950,1465104112.015000,1465104112.731850,1465104117.733050,1465104117.812000
951,1465104112.016000,0.000000,0.000000,0.000000
952,1465104112.016000,1465104112.742045,1465104117.743344,1465104117.799000
953,1465104112.016000,1465104113.017928,1465104118.019124,1465104118.105000
954,1465104112.017000,1465104112.725610,1465104117.744206,1465104117.830000
955,1465104112.017000,1465104113.067811,1465104118.068914,1465104118.125000
956,1465104112.017000,1465104113.031233,1465104118.032425,1465104118.118000
957,1465104112.017000,1465104112.668474,1465104117.669782,1465104117.775000
958,1465104112.018000,1465104112.728449,1465104117.729645,1465104117.815000
959,1465104112.018000,1465104113.008798,1465104118.010008,1465104118.096000
960,1465104112.018000,1465104112.672282,1465104117.673479,1465104117.752000
961,1465104112.019000,1465104112.713689,1465104117.714947,1465104117.810000
962,1465104112.019000,1465104112.711405,1465104117.712914,1465104117.792000
963,1465104112.019000,1465104112.747404,1465104117.748666,1465104117.826000
964,1465104112.020000,1465104112.729134,1465104117.746289,1465104117.825000
965,1465104112.020000,1465104112.725982,1465104117.743148,1465104117.836000
966,1465104112.020000,1465104112.718176,1465104117.719458,1465104117.815000
967,1465104112.020000,1465104112.749594,1465104117.750753,1465104117.820000
968,1465104112.020000,1465104112.969907,1465104117.971128,1465104118.057000
969,1465104112.021000,1465104112.713390,1465104117.714563,1465104117.817000
970,1465104112.021000,1465104112.734448,1465104117.735670,1465104117.815000
971,1465104112.021000,1465104112.696570,1465104117.698375,1465104117.795000
972,1465104112.021000,1465104112.722377,1465104117.723847,1465104117.811000
973,1465104112.021000,1465104112.709745,1465104117.711077,1465104117.797000
974,1465104112.022000,1465104112.709054,1465104117.710324,1465104117.799000
975,1465104112.022000,1465104112.998845,1465104118.000057,1465104118.080000
976,1465104112.022000,1465104112.970135,1465104117.971371,1465104118.051000
977,1465104112.022000,1465104112.697618,1465104117.698930,1465104117.768000
978,1465104112.022000,1465104112.673286,1465104117.674579,1465104117.751000
979,1465104112.022000,1465104112.696112,1465104117.697504,1465104117.790000
980,1465104112.022000,1465104113.023918,1465104118.025100,1465104118.105000
981,1465104112.023000,1465104112.702095,1465104117.703331,1465104117.791000
982,1465104112.023000,1465104112.721282,1465104117.722493,1465104117.790000
983,1465104112.023000,1465104112.740194,1465104117.741673,1465104117.822000
984,1465104112.023000,0.000000,0.000000,0.000000
985,1465104112.023000,1465104113.002110,1465104118.003377,1465104118.082000
986,1465104112.023000,1465104112.716920,1465104117.718603,1465104117.800000
987,1465104112.024000,1465104112.728878,1465104117.730498,1465104117.811000
988,1465104112.024000,1465104112.727093,1465104117.729205,1465104117.825000
989,1465104112.024000,1465104113.021507,1465104118.022716,1465104118.101000
990,1465104112.025000,1465104112.720406,1465104117.721662,1465104117.810000
991,1465104112.026000,1465104112.750881,1465104117.752112,1465104117.808000
992,1465104112.026000,0.000000,0.000000,0.000000
993,1465104112.026000,1465104112.731137,1465104117.732799,1465104117.814000
994,1465104112.026000,1465104112.682699,1465104117.683984,1465104117.788000
995,1465104112.026000,1465104112.740843,1465104117.742046,1465104117.826000
996,1465104112.027000,1465104112.723265,1465104117.724482,1465104117.810000
997,1465104112.028000,1465104112.726301,1465104117.727898,1465104117.808000
998,1465104112.028000,1465104112.711429,1465104117.712683,1465104117.801000
999,1465104112.029000,1465104112.738454,1465104117.740797,1465104117.822000
