0,1465104044.778000,1465104045.480559,1465104050.482400,1465104050.560000
1,1465104044.778000,1465104045.494588,1465104050.495860,1465104050.581000
2,1465104044.778000,1465104045.451675,1465104050.452875,1465104050.519000
3,1465104044.778000,1465104045.485503,1465104050.487011,1465104050.555000
4,1465104044.778000,1465104045.516146,1465104050.517645,1465104050.595000
5,1465104044.778000,1465104045.470871,1465104050.472011,1465104050.565000
6,1465104044.778000,1465104045.449932,1465104050.451148,1465104050.529000
7,1465104044.778000,1465104045.412177,1465104050.413726,1465104050.494000
8,1465104044.778000,1465104045.472922,1465104050.480354,1465104050.557000
9,1465104044.778000,1465104045.409054,1465104050.410672,1465104050.479000
10,1465104044.778000,1465104045.455979,1465104050.457200,1465104050.534000
11,1465104044.778000,1465104045.497213,1465104050.498459,1465104050.577000
12,1465104044.778000,1465104045.499428,1465104050.505950,1465104050.585000
13,1465104044.778000,1465104045.484942,1465104050.486140,1465104050.555000
14,1465104044.778000,1465104045.450879,1465104050.452191,1465104050.531000
15,1465104044.779000,1465104047.278640,1465104052.280214,1465104052.360000
16,1465104044.779000,1465104045.441761,1465104050.443170,1465104050.519000
17,1465104044.779000,1465104045.441316,1465104050.460362,1465104050.537000
18,1465104044.779000,1465104045.454151,1465104050.473755,1465104050.559000
19,1465104044.779000,1465104045.501016,1465104050.515112,1465104050.594000
20,1465104044.779000,1465104045.472247,1465104050.474582,1465104050.551000
21,1465104044.779000,1465104045.403013,1465104050.404500,1465104050.492000
22,1465104044.779000,1465104045.440849,1465104050.442425,1465104050.548000
23,1465104044.779000,1465104045.428381,1465104050.429902,1465104050.525000
24,1465104044.780000,1465104045.517924,1465104050.519148,1465104050.586000
25,1465104044.780000,1465104045.512841,1465104050.514173,1465104050.582000
26,1465104044.780000,1465104045.749627,1465104050.750877,1465104050.836000
27,1465104044.781000,1465104045.481257,1465104050.485627,1465104050.564000
28,1465104044.781000,1465104045.505652,1465104050.521415,1465104050.578000
29,1465104044.782000,1465104045.436734,1465104050.439110,1465104050.517000
30,1465104044.781000,1465104045.367187,1465104050.368787,1465104050.474000
31,1465104044.782000,1465104045.440473,1465104050.442149,1465104050.533000
32,1465104044.782000,1465104045.755493,1465104050.756700,1465104050.837000
33,1465104044.784000,1465104045.444058,1465104050.445570,1465104050.515000
34,1465104044.785000,1465104045.493158,1465104050.494396,1465104050.574000
35,1465104044.785000,1465104045.465786,1465104050.467081,1465104050.560000
36,1465104044.785000,1465104045.440383,1465104050.441975,1465104050.523000
37,1465104044.785000,1465104045.484610,1465104050.486143,1465104050.567000
38,1465104044.785000,1465104045.454699,1465104050.455872,1465104050.525000
39,1465104044.785000,1465104047.282262,1465104052.284126,1465104052.353000
40,1465104044.785000,1465104045.434559,1465104050.436106,1465104050.524000
41,1465104044.785000,1465104045.725334,1465104050.726579,1465104050.831000
42,1465104044.785000,1465104045.486262,1465104050.487610,1465104050.554000
43,1465104044.785000,1465104047.268762,1465104052.270236,1465104052.350000
44,1465104044.785000,1465104045.458797,1465104050.460377,1465104050.549000
45,1465104044.785000,1465104045.432605,1465104050.433876,1465104050.512000
46,1465104044.785000,1465104045.449488,1465104050.451062,1465104050.531000
47,1465104044.785000,1465104045.458522,1465104050.459795,1465104050.526000
48,1465104044.787000,1465104045.453093,1465104050.454472,1465104050.535000
49,1465104044.787000,1465104045.486263,1465104050.487696,1465104050.568000
50,1465104044.787000,1465104045.464836,1465104050.466013,1465104050.547000
51,1465104044.790000,1465104045.438106,1465104050.439657,1465104050.508000
52,1465104044.791000,1465104047.266768,1465104052.268450,1465104052.359000
53,1465104044.791000,1465104045.462144,1465104050.480474,1465104050.556000
54,1465104044.791000,1465104045.467088,1465104050.469093,1465104050.557000
55,1465104044.791000,1465104045.554903,1465104050.556181,1465104050.625000
56,1465104044.791000,1465104045.459694,1465104050.460944,1465104050.546000
57,1465104044.791000,1465104045.501224,1465104050.502452,1465104050.581000
58,1465104044.792000,1465104045.489291,1465104050.490614,1465104050.570000
59,1465104044.792000,1465104045.727304,1465104050.728486,1465104050.824000
60,1465104044.792000,1465104045.486780,1465104050.487968,1465104050.570000
61,1465104044.792000,1465104045.436642,1465104050.438838,1465104050.517000
62,1465104044.792000,1465104047.283333,1465104052.285834,1465104052.355000
63,1465104044.792000,1465104045.504157,1465104050.507583,1465104050.589000
64,1465104044.792000,1465104045.483845,1465104050.485173,1465104050.563000
65,1465104044.792000,1465104045.467385,1465104050.474406,1465104050.563000
66,1465104044.792000,1465104045.771861,1465104050.773146,1465104050.859000
67,1465104044.792000,1465104045.415770,1465104050.417238,1465104050.512000
68,1465104044.792000,1465104045.514224,1465104050.520115,1465104050.596000
69,1465104044.792000,0.000000,0.000000,0.000000
70,1465104044.792000,1465104045.452923,1465104050.454201,1465104050.545000
71,1465104044.792000,1465104045.474940,1465104050.476394,1465104050.557000
72,1465104044.792000,1465104045.450508,1465104050.451810,1465104050.532000
73,1465104044.792000,1465104045.439773,1465104050.440968,1465104050.520000
74,1465104044.792000,0.000000,0.000000,0.000000
75,1465104044.792000,1465104045.728567,1465104050.746598,1465104050.828000
76,1465104044.792000,1465104045.762493,1465104050.763823,1465104050.856000
77,1465104044.792000,1465104045.396600,1465104050.397905,1465104050.503000
78,1465104044.793000,1465104045.444097,1465104050.445295,1465104050.550000
79,1465104044.793000,1465104045.839866,1465104050.841098,1465104050.912000
80,1465104044.793000,1465104045.434872,1465104050.436274,1465104050.522000
81,1465104044.793000,1465104045.518874,1465104050.520087,1465104050.607000
82,1465104044.793000,1465104045.720611,1465104050.721772,1465104050.799000
83,1465104044.793000,1465104045.702994,1465104050.704445,1465104050.791000
84,1465104044.793000,1465104047.283609,1465104052.285227,1465104052.354000
85,1465104044.793000,1465104045.466982,1465104050.468512,1465104050.550000
86,1465104044.793000,1465104045.784487,1465104050.785894,1465104050.872000
87,1465104044.793000,1465104045.451113,1465104050.452802,1465104050.532000
88,1465104044.793000,1465104045.740945,1465104050.742250,1465104050.830000
89,1465104044.793000,1465104045.489775,1465104050.500593,1465104050.576000
90,1465104044.793000,1465104045.449451,1465104050.450783,1465104050.541000
91,1465104044.793000,1465104045.455657,1465104050.457104,1465104050.543000
92,1465104044.793000,1465104045.741906,1465104050.743236,1465104050.824000
93,1465104044.793000,1465104045.424478,1465104050.426748,1465104050.508000
94,1465104044.793000,0.000000,0.000000,0.000000
95,1465104044.793000,1465104045.707455,1465104050.708725,1465104050.804000
96,1465104044.794000,1465104045.452954,1465104050.454109,1465104050.558000
97,1465104044.794000,1465104045.789669,1465104050.790853,1465104050.848000
98,1465104044.794000,1465104045.433188,1465104050.434865,1465104050.508000
99,1465104044.794000,1465104045.778233,1465104050.779448,1465104050.850000
100,1465104044.794000,1465104045.501450,1465104050.502861,1465104050.579000
101,1465104044.794000,1465104045.435534,1465104050.437193,1465104050.523000
102,1465104044.794000,1465104045.726466,1465104050.727749,1465104050.807000
103,1465104044.794000,1465104047.276297,1465104052.277753,1465104052.359000
104,1465104044.794000,1465104045.446057,1465104050.447516,1465104050.515000
105,1465104044.794000,0.000000,0.000000,0.000000
106,1465104044.794000,1465104045.816607,1465104050.818038,1465104050.887000
107,1465104044.794000,1465104045.701117,1465104050.711793,1465104050.797000
108,1465104044.794000,1465104045.419556,1465104050.421323,1465104050.502000
109,1465104044.794000,1465104045.742863,1465104050.744129,1465104050.828000
110,1465104044.794000,1465104045.751207,1465104050.752479,1465104050.856000
111,1465104044.794000,1465104045.738278,1465104050.739488,1465104050.818000
112,1465104044.794000,1465104045.425398,1465104050.427068,1465104050.507000
113,1465104044.794000,1465104045.730410,1465104050.731695,1465104050.812000
114,1465104044.794000,1465104045.740356,1465104050.745645,1465104050.831000
115,1465104044.794000,1465104045.546561,1465104050.547963,1465104050.624000
116,1465104044.794000,1465104045.438836,1465104050.443668,1465104050.549000
117,1465104044.794000,1465104045.424909,1465104050.426708,1465104050.503000
118,1465104044.795000,1465104045.500663,1465104050.501863,1465104050.580000
119,1465104044.796000,1465104045.441520,1465104050.442723,1465104050.535000
120,1465104044.796000,1465104045.700667,1465104050.701863,1465104050.788000
121,1465104044.796000,1465104045.783727,1465104050.786098,1465104050.866000
122,1465104044.798000,1465104045.407509,1465104050.408833,1465104050.514000
123,1465104044.803000,1465104045.767902,1465104050.769374,1465104050.857000
124,1465104044.804000,0.000000,0.000000,0.000000
125,1465104044.804000,1465104045.460545,1465104050.462104,1465104050.547000
126,1465104044.804000,1465104045.499729,1465104050.501040,1465104050.588000
127,1465104044.805000,0.000000,0.000000,0.000000
128,1465104044.806000,1465104045.516270,1465104050.517847,1465104050.610000
129,1465104044.806000,1465104045.729048,1465104050.730609,1465104050.811000
130,1465104044.806000,1465104045.528906,1465104050.530095,1465104050.617000
131,1465104044.806000,1465104047.302039,1465104052.303328,1465104052.381000
132,1465104044.806000,1465104045.448538,1465104050.449765,1465104050.518000
133,1465104044.806000,1465104045.823644,1465104050.824949,1465104050.893000
134,1465104044.806000,1465104045.770255,1465104050.771753,1465104050.858000
135,1465104044.806000,1465104045.782345,1465104050.783623,1465104050.868000
136,1465104044.806000,1465104045.485815,1465104050.487293,1465104050.545000
137,1465104044.806000,0.000000,0.000000,0.000000
138,1465104044.806000,1465104045.720950,1465104050.722168,1465104050.809000
139,1465104044.806000,1465104045.471301,1465104050.472653,1465104050.551000
140,1465104044.806000,1465104045.472974,1465104050.474217,1465104050.552000
141,1465104044.806000,1465104045.775503,1465104050.776812,1465104050.882000
142,1465104044.807000,1465104045.756620,1465104050.757921,1465104050.839000
143,1465104044.808000,1465104045.784816,1465104050.785994,1465104050.872000
144,1465104044.809000,1465104045.816079,1465104050.825223,1465104050.894000
145,1465104044.809000,1465104045.773472,1465104050.774782,1465104050.880000
146,1465104044.809000,1465104045.516532,1465104050.528535,1465104050.614000
147,1465104044.809000,1465104045.435637,1465104050.437124,1465104050.509000
148,1465104044.809000,1465104045.759920,1465104050.761226,1465104050.866000
149,1465104044.809000,1465104045.762571,1465104050.763771,1465104050.845000
150,1465104044.809000,1465104045.740104,1465104050.751582,1465104050.838000
151,1465104044.809000,1465104045.814379,1465104050.826951,1465104050.908000
152,1465104044.809000,1465104045.519620,1465104050.523156,1465104050.591000
153,1465104044.809000,1465104045.438996,1465104050.440479,1465104050.545000
154,1465104044.810000,1465104045.721880,1465104050.723133,1465104050.804000
155,1465104044.810000,1465104045.810821,1465104050.812287,1465104050.891000
156,1465104044.810000,1465104045.787477,1465104050.789184,1465104050.876000
157,1465104044.810000,1465104045.518881,1465104050.523389,1465104050.595000
158,1465104044.810000,1465104045.805387,1465104050.806618,1465104050.895000
159,1465104044.810000,1465104045.782486,1465104050.783763,1465104050.864000
160,1465104044.810000,1465104045.440154,1465104050.443877,1465104050.549000
161,1465104044.810000,1465104045.511935,1465104050.513144,1465104050.591000
162,1465104044.810000,1465104045.493044,1465104050.494283,1465104050.552000
163,1465104044.810000,1465104045.514636,1465104050.515904,1465104050.604000
164,1465104044.811000,1465104045.803893,1465104050.805533,1465104050.887000
165,1465104044.811000,1465104045.458402,1465104050.460150,1465104050.536000
166,1465104044.811000,1465104045.460753,1465104050.461969,1465104050.539000
167,1465104044.811000,1465104045.487773,1465104050.506641,1465104050.587000
168,1465104044.811000,1465104045.477868,1465104050.479457,1465104050.547000
169,1465104044.811000,1465104045.483313,1465104050.484694,1465104050.562000
170,1465104044.811000,1465104045.433239,1465104050.434478,1465104050.530000
171,1465104044.811000,1465104045.805575,1465104050.823254,1465104050.895000
172,1465104044.811000,1465104045.734791,1465104050.736002,1465104050.814000
173,1465104044.812000,1465104045.780026,1465104050.781399,1465104050.861000
174,1465104044.812000,1465104045.778805,1465104050.780323,1465104050.856000
175,1465104044.812000,1465104045.722036,1465104050.723291,1465104050.819000
176,1465104044.812000,1465104045.441925,1465104050.443209,1465104050.529000
177,1465104044.812000,1465104045.475723,1465104050.477107,1465104050.557000
178,1465104044.812000,1465104045.792624,1465104050.794351,1465104050.876000
179,1465104044.812000,1465104045.811893,1465104050.813159,1465104050.892000
180,1465104044.812000,1465104045.468662,1465104050.469854,1465104050.574000
181,1465104044.812000,1465104045.496312,1465104050.497519,1465104050.583000
182,1465104044.812000,1465104045.748849,1465104050.750168,1465104050.831000
183,1465104044.812000,1465104045.479441,1465104050.480835,1465104050.567000
184,1465104044.812000,1465104045.758474,1465104050.759746,1465104050.817000
185,1465104044.812000,1465104045.746550,1465104050.747870,1465104050.853000
186,1465104044.812000,1465104045.764017,1465104050.765281,1465104050.851000
187,1465104044.812000,1465104045.799310,1465104050.800489,1465104050.858000
188,1465104044.812000,1465104045.471802,1465104050.473075,1465104050.553000
189,1465104044.812000,1465104045.741495,1465104050.742685,1465104050.821000
190,1465104044.812000,0.000000,0.000000,0.000000
191,1465104044.812000,1465104045.499383,1465104050.500671,1465104050.587000
192,1465104044.812000,1465104045.718718,1465104050.720082,1465104050.826000
193,1465104044.812000,1465104045.521762,1465104050.527638,1465104050.608000
194,1465104044.812000,1465104045.816461,1465104050.817650,1465104050.897000
195,1465104044.812000,1465104045.763649,1465104050.764844,1465104050.843000
196,1465104044.812000,1465104045.524392,1465104050.525605,1465104050.613000
197,1465104044.812000,1465104045.478677,1465104050.481649,1465104050.586000
198,1465104044.812000,1465104045.487226,1465104050.488432,1465104050.593000
199,1465104044.812000,1465104045.783773,1465104050.785020,1465104050.876000
200,1465104044.812000,1465104045.719006,1465104050.720301,1465104050.805000
201,1465104044.812000,1465104045.796700,1465104050.797945,1465104050.888000
202,1465104044.812000,1465104045.442754,1465104050.444024,1465104050.522000
203,1465104044.812000,1465104045.493073,1465104050.494451,1465104050.599000
204,1465104044.812000,1465104045.803629,1465104050.804781,1465104050.900000
205,1465104044.813000,1465104045.466718,1465104050.468151,1465104050.544000
206,1465104044.813000,1465104045.752025,1465104050.771026,1465104050.858000
207,1465104044.813000,0.000000,0.000000,0.000000
208,1465104044.813000,1465104045.681312,1465104050.682464,1465104050.786000
209,1465104044.813000,1465104045.479705,1465104050.495043,1465104050.599000
210,1465104044.813000,1465104045.496093,1465104050.497287,1465104050.578000
211,1465104044.813000,1465104045.474224,1465104050.475620,1465104050.556000
212,1465104044.813000,1465104045.455237,1465104050.456561,1465104050.534000
213,1465104044.813000,1465104045.552152,1465104050.562141,1465104050.639000
214,1465104044.813000,1465104045.843557,1465104050.845094,1465104050.914000
215,1465104044.813000,1465104045.492671,1465104050.494074,1465104050.574000
216,1465104044.813000,1465104045.746131,1465104050.747407,1465104050.825000
217,1465104044.813000,1465104045.500543,1465104050.502157,1465104050.581000
218,1465104044.813000,1465104045.420495,1465104050.422052,1465104050.500000
219,1465104044.813000,1465104045.767165,1465104050.768822,1465104050.855000
220,1465104044.813000,1465104045.437467,1465104050.438948,1465104050.531000
221,1465104044.813000,1465104045.502902,1465104050.504194,1465104050.584000
222,1465104044.813000,1465104045.447115,1465104050.448355,1465104050.544000
223,1465104044.813000,1465104045.752661,1465104050.753917,1465104050.845000
224,1465104044.813000,1465104047.307412,1465104052.325252,1465104052.394000
225,1465104044.813000,1465104045.711712,1465104050.713392,1465104050.795000
226,1465104044.813000,1465104045.809567,1465104050.811114,1465104050.890000
227,1465104044.813000,1465104045.765767,1465104050.767003,1465104050.872000
228,1465104044.813000,1465104045.792711,1465104050.793887,1465104050.882000
229,1465104044.813000,1465104045.781172,1465104050.782515,1465104050.869000
230,1465104044.813000,1465104045.490732,1465104050.491982,1465104050.571000
231,1465104044.813000,1465104045.472450,1465104050.473679,1465104050.578000
232,1465104044.813000,1465104045.491466,1465104050.492688,1465104050.561000
233,1465104044.813000,1465104045.453826,1465104050.455033,1465104050.524000
234,1465104044.813000,1465104045.779036,1465104050.780256,1465104050.869000
235,1465104044.813000,1465104045.438714,1465104050.440229,1465104050.520000
236,1465104044.814000,1465104045.507474,1465104050.508638,1465104050.585000
237,1465104044.814000,1465104045.551856,1465104050.553052,1465104050.631000
238,1465104044.814000,1465104045.754552,1465104050.755719,1465104050.813000
239,1465104044.814000,1465104045.826896,1465104050.828123,1465104050.909000
240,1465104044.814000,1465104045.506773,1465104050.508285,1465104050.596000
241,1465104044.814000,1465104045.769816,1465104050.777891,1465104050.858000
242,1465104044.814000,1465104045.454564,1465104050.455893,1465104050.534000
243,1465104044.814000,1465104045.433260,1465104050.435125,1465104050.521000
244,1465104044.814000,1465104045.783287,1465104050.786766,1465104050.867000
245,1465104044.814000,1465104045.805773,1465104050.806992,1465104050.912000
246,1465104044.814000,1465104045.722043,1465104050.723414,1465104050.812000
247,1465104044.814000,1465104045.504529,1465104050.514505,1465104050.600000
248,1465104044.814000,1465104045.452236,1465104050.453504,1465104050.532000
249,1465104044.814000,0.000000,0.000000,0.000000
250,1465104044.814000,1465104045.509778,1465104050.511337,1465104050.587000
251,1465104044.814000,1465104045.465755,1465104050.467013,1465104050.553000
252,1465104044.814000,1465104045.462176,1465104050.463393,1465104050.552000
253,1465104044.814000,1465104045.775506,1465104050.776764,1465104050.857000
254,1465104044.814000,1465104045.784264,1465104050.785991,1465104050.867000
255,1465104044.814000,1465104045.518551,1465104050.519746,1465104050.599000
256,1465104044.814000,1465104045.425396,1465104050.442191,1465104050.520000
257,1465104044.814000,1465104045.797577,1465104050.798845,1465104050.879000
258,1465104044.814000,1465104045.520582,1465104050.521820,1465104050.608000
259,1465104044.814000,1465104045.462850,1465104050.464451,1465104050.546000
260,1465104044.814000,1465104045.455756,1465104050.456983,1465104050.535000
261,1465104044.814000,1465104045.778389,1465104050.779687,1465104050.868000
262,1465104044.814000,1465104045.720858,1465104050.722164,1465104050.803000
263,1465104044.814000,1465104045.736132,1465104050.737352,1465104050.832000
264,1465104044.814000,1465104045.782626,1465104050.783821,1465104050.863000
265,1465104044.814000,1465104045.538171,1465104050.539331,1465104050.635000
266,1465104044.814000,1465104045.775888,1465104050.777136,1465104050.869000
267,1465104044.814000,1465104047.305757,1465104052.307035,1465104052.387000
268,1465104044.814000,1465104045.813949,1465104050.815249,1465104050.896000
269,1465104044.815000,1465104045.740984,1465104050.742398,1465104050.818000
270,1465104044.815000,1465104045.552702,1465104050.553956,1465104050.628000
271,1465104044.815000,1465104045.814522,1465104050.816110,1465104050.885000
272,1465104044.815000,1465104045.803730,1465104050.805054,1465104050.910000
273,1465104044.815000,1465104045.503555,1465104050.505114,1465104050.584000
274,1465104044.815000,1465104045.468850,1465104050.470224,1465104050.563000
275,1465104044.816000,1465104045.833698,1465104050.834941,1465104050.916000
276,1465104044.821000,1465104045.470145,1465104050.472241,1465104050.548000
277,1465104044.823000,1465104045.839301,1465104050.840494,1465104050.920000
278,1465104044.835000,1465104045.503078,1465104050.504305,1465104050.585000
279,1465104044.840000,1465104045.522578,1465104050.523879,1465104050.593000
280,1465104044.840000,1465104045.515208,1465104050.516399,1465104050.595000
281,1465104044.841000,1465104045.777200,1465104050.794237,1465104050.883000
282,1465104044.841000,1465104045.521095,1465104050.522278,1465104050.604000
283,1465104044.841000,1465104045.730611,1465104050.731826,1465104050.827000
284,1465104044.841000,1465104045.781366,1465104050.782562,1465104050.860000
285,1465104044.841000,1465104045.766578,1465104050.767815,1465104050.846000
286,1465104044.841000,1465104045.741698,1465104050.743128,1465104050.828000
287,1465104044.841000,1465104045.522401,1465104050.523725,1465104050.596000
288,1465104044.841000,1465104045.749989,1465104050.751237,1465104050.837000
289,1465104044.841000,0.000000,0.000000,0.000000
290,1465104044.841000,1465104045.427730,1465104050.429190,1465104050.525000
291,1465104044.841000,1465104045.495469,1465104050.497294,1465104050.579000
292,1465104044.841000,1465104045.548497,1465104050.549846,1465104050.619000
293,1465104044.841000,1465104045.506220,1465104050.514399,1465104050.600000
294,1465104044.841000,1465104045.493845,1465104050.495061,1465104050.564000
295,1465104044.841000,1465104045.498055,1465104050.499309,1465104050.603000
296,1465104044.841000,1465104045.510316,1465104050.511534,1465104050.600000
297,1465104044.842000,1465104045.768643,1465104050.769900,1465104050.875000
298,1465104044.842000,1465104045.783141,1465104050.784355,1465104050.865000
299,1465104044.843000,1465104045.461562,1465104050.469979,1465104050.536000
300,1465104044.843000,1465104045.754799,1465104050.755982,1465104050.834000
301,1465104044.843000,1465104045.525896,1465104050.527235,1465104050.601000
302,1465104044.843000,1465104045.480890,1465104050.482341,1465104050.551000
303,1465104044.844000,1465104045.767735,1465104050.769150,1465104050.850000
304,1465104044.844000,1465104045.765836,1465104050.767122,1465104050.848000
305,1465104044.844000,1465104045.502318,1465104050.503554,1465104050.590000
306,1465104044.844000,1465104045.480524,1465104050.482091,1465104050.563000
307,1465104044.844000,1465104045.509027,1465104050.510239,1465104050.588000
308,1465104044.844000,1465104045.753778,1465104050.755002,1465104050.834000
309,1465104044.845000,1465104045.506211,1465104050.508183,1465104050.594000
310,1465104044.845000,1465104045.759019,1465104050.760275,1465104050.840000
311,1465104044.845000,1465104045.504629,1465104050.523535,1465104050.629000
312,1465104044.845000,1465104045.787477,1465104050.798012,1465104050.885000
313,1465104044.845000,1465104045.527380,1465104050.528557,1465104050.600000
314,1465104044.845000,1465104045.780153,1465104050.781429,1465104050.870000
315,1465104044.845000,1465104045.476790,1465104050.477979,1465104050.555000
316,1465104044.845000,1465104045.488468,1465104050.490021,1465104050.559000
317,1465104044.845000,1465104045.526154,1465104050.527464,1465104050.606000
318,1465104044.846000,1465104045.498962,1465104050.500379,1465104050.577000
319,1465104044.846000,1465104045.738522,1465104050.739713,1465104050.835000
320,1465104044.846000,1465104045.517960,1465104050.519208,1465104050.588000
321,1465104044.846000,1465104045.557667,1465104050.558995,1465104050.632000
322,1465104044.847000,1465104045.741605,1465104050.742858,1465104050.799000
323,1465104044.847000,1465104045.535452,1465104050.536669,1465104050.617000
324,1465104044.847000,1465104045.745044,1465104050.746236,1465104050.834000
325,1465104044.847000,1465104045.758176,1465104050.759471,1465104050.837000
326,1465104044.847000,1465104045.464197,1465104050.465557,1465104050.551000
327,1465104044.847000,1465104045.541313,1465104050.542503,1465104050.614000
328,1465104044.848000,1465104045.844769,1465104050.846000,1465104050.927000
329,1465104044.848000,1465104045.486799,1465104050.488112,1465104050.556000
330,1465104044.848000,1465104045.497112,1465104050.498611,1465104050.578000
331,1465104044.848000,1465104045.489582,1465104050.500595,1465104050.576000
332,1465104044.848000,1465104045.799773,1465104050.800965,1465104050.889000
333,1465104044.848000,1465104045.792554,1465104050.793730,1465104050.865000
334,1465104044.848000,1465104045.522488,1465104050.523663,1465104050.601000
335,1465104044.848000,1465104045.493002,1465104050.494192,1465104050.599000
336,1465104044.849000,1465104045.511974,1465104050.513246,1465104050.598000
337,1465104044.849000,1465104045.481204,1465104050.482590,1465104050.559000
338,1465104044.849000,1465104045.460191,1465104050.461596,1465104050.567000
339,1465104044.849000,1465104045.868733,1465104050.869956,1465104050.942000
340,1465104044.849000,1465104047.296016,1465104052.297412,1465104052.375000
341,1465104044.850000,1465104045.499589,1465104050.501034,1465104050.578000
342,1465104044.850000,1465104045.792243,1465104050.793551,1465104050.871000
343,1465104044.850000,1465104045.801885,1465104050.803227,1465104050.879000
344,1465104044.850000,1465104045.483771,1465104050.484948,1465104050.573000
345,1465104044.850000,1465104045.462910,1465104050.464083,1465104050.569000
346,1465104044.850000,1465104045.506274,1465104050.507595,1465104050.576000
347,1465104044.850000,1465104045.483809,1465104050.485055,1465104050.564000
348,1465104044.850000,1465104045.475255,1465104050.476881,1465104050.556000
349,1465104044.851000,1465104045.496587,1465104050.498035,1465104050.580000
350,1465104044.851000,1465104045.529871,1465104050.543519,1465104050.614000
351,1465104044.852000,1465104045.506172,1465104050.507437,1465104050.578000
352,1465104044.852000,1465104045.499427,1465104050.514686,1465104050.594000
353,1465104044.852000,1465104045.806221,1465104050.807487,1465104050.887000
354,1465104044.852000,1465104045.495958,1465104050.497341,1465104050.571000
355,1465104044.852000,1465104045.487342,1465104050.501236,1465104050.576000
356,1465104044.852000,1465104045.496741,1465104050.498293,1465104050.584000
357,1465104044.852000,1465104045.564812,1465104050.566043,1465104050.645000
358,1465104044.852000,1465104045.530040,1465104050.531277,1465104050.599000
359,1465104044.852000,1465104045.483930,1465104050.485279,1465104050.571000
360,1465104044.852000,1465104045.738683,1465104050.748723,1465104050.829000
361,1465104044.852000,1465104045.489268,1465104050.490574,1465104050.581000
362,1465104044.852000,1465104045.794497,1465104050.795680,1465104050.873000
363,1465104044.852000,1465104045.488648,1465104050.489882,1465104050.559000
364,1465104044.853000,1465104045.546877,1465104050.548454,1465104050.618000
365,1465104044.853000,1465104045.810136,1465104050.811333,1465104050.883000
366,1465104044.853000,1465104045.515643,1465104050.517093,1465104050.602000
367,1465104044.853000,1465104045.524141,1465104050.525349,1465104050.593000
368,1465104044.853000,1465104045.530707,1465104050.531978,1465104050.612000
369,1465104044.853000,1465104045.477512,1465104050.493855,1465104050.579000
370,1465104044.853000,1465104045.500529,1465104050.501807,1465104050.576000
371,1465104044.853000,1465104045.517837,1465104050.519147,1465104050.606000
372,1465104044.854000,1465104045.494065,1465104050.495329,1465104050.584000
373,1465104044.854000,1465104045.757374,1465104050.758631,1465104050.839000
374,1465104044.854000,1465104045.511240,1465104050.512523,1465104050.597000
375,1465104044.854000,1465104045.491136,1465104050.492514,1465104050.572000
376,1465104044.854000,1465104045.739406,1465104050.740586,1465104050.844000
377,1465104044.855000,1465104047.323232,1465104052.324897,1465104052.392000
378,1465104044.855000,1465104045.797120,1465104050.798367,1465104050.903000
379,1465104044.855000,1465104045.461390,1465104050.462705,1465104050.567000
380,1465104044.855000,1465104045.826077,1465104050.827249,1465104050.904000
381,1465104044.855000,1465104045.522457,1465104050.523666,1465104050.603000
382,1465104044.855000,1465104045.507164,1465104050.508349,1465104050.595000
383,1465104044.856000,1465104045.480078,1465104050.481580,1465104050.586000
384,1465104044.856000,1465104045.478930,1465104050.480432,1465104050.563000
385,1465104044.856000,1465104045.509989,1465104050.511251,1465104050.604000
386,1465104044.856000,1465104045.522330,1465104050.523504,1465104050.612000
387,1465104044.856000,1465104045.485023,1465104050.486348,1465104050.565000
388,1465104044.856000,1465104045.792349,1465104050.793629,1465104050.883000
389,1465104044.856000,1465104045.448668,1465104050.449927,1465104050.555000
390,1465104044.856000,1465104045.508725,1465104050.509924,1465104050.588000
391,1465104044.856000,1465104045.530741,1465104050.532302,1465104050.623000
392,1465104044.857000,1465104045.520870,1465104050.523252,1465104050.591000
393,1465104044.857000,1465104045.502152,1465104050.503414,1465104050.592000
394,1465104044.857000,1465104045.512122,1465104050.513875,1465104050.601000
395,1465104044.857000,1465104045.482637,1465104050.484096,1465104050.561000
396,1465104044.858000,1465104045.508268,1465104050.509538,1465104050.583000
397,1465104044.858000,1465104045.506573,1465104050.508157,1465104050.594000
398,1465104044.858000,1465104045.508306,1465104050.514217,1465104050.603000
399,1465104044.858000,1465104045.530681,1465104050.531908,1465104050.603000
400,1465104044.858000,1465104045.453421,1465104050.454665,1465104050.542000
401,1465104044.859000,1465104045.534227,1465104050.543877,1465104050.623000
402,1465104044.859000,1465104045.538836,1465104050.540113,1465104050.626000
403,1465104044.859000,1465104045.482873,1465104050.484380,1465104050.564000
404,1465104044.859000,1465104045.462003,1465104050.463269,1465104050.543000
405,1465104044.859000,1465104045.515372,1465104050.516673,1465104050.602000
406,1465104044.859000,1465104045.529649,1465104050.535660,1465104050.614000
407,1465104044.860000,1465104045.544250,1465104050.545597,1465104050.628000
408,1465104044.860000,1465104045.487389,1465104050.493781,1465104050.574000
409,1465104044.860000,1465104045.467896,1465104050.469103,1465104050.564000
410,1465104044.860000,1465104045.512516,1465104050.513779,1465104050.583000
411,1465104044.860000,1465104045.519305,1465104050.520615,1465104050.606000
412,1465104044.860000,1465104045.513600,1465104050.514713,1465104050.619000
413,1465104044.860000,1465104045.524185,1465104050.525667,1465104050.621000
414,1465104044.860000,1465104045.796128,1465104050.797312,1465104050.882000
415,1465104044.860000,1465104045.747489,1465104050.748645,1465104050.844000
416,1465104044.861000,1465104045.525325,1465104050.527191,1465104050.596000
417,1465104044.861000,1465104045.469957,1465104050.471178,1465104050.551000
418,1465104044.861000,1465104045.504869,1465104050.506294,1465104050.602000
419,1465104044.862000,1465104045.514285,1465104050.515864,1465104050.598000
420,1465104044.862000,1465104045.531305,1465104050.532502,1465104050.625000
421,1465104044.862000,1465104045.781783,1465104050.782964,1465104050.840000
422,1465104044.862000,1465104045.521075,1465104050.522336,1465104050.596000
423,1465104044.862000,1465104045.482463,1465104050.483693,1465104050.587000
424,1465104044.863000,1465104045.483679,1465104050.485279,1465104050.564000
425,1465104044.863000,1465104045.817856,1465104050.819071,1465104050.910000
426,1465104044.863000,1465104045.502251,1465104050.504138,1465104050.589000
427,1465104044.863000,1465104045.812314,1465104050.813629,1465104050.893000
428,1465104044.863000,1465104045.526815,1465104050.534226,1465104050.613000
429,1465104044.863000,1465104045.524096,1465104050.525487,1465104050.599000
430,1465104044.863000,1465104045.786679,1465104050.787905,1465104050.873000
431,1465104044.864000,1465104045.773144,1465104050.774398,1465104050.861000
432,1465104044.864000,1465104045.532454,1465104050.533828,1465104050.620000
433,1465104044.864000,1465104045.496392,1465104050.498173,1465104050.567000
434,1465104044.864000,1465104045.505247,1465104050.506398,1465104050.611000
435,1465104044.864000,1465104045.498291,1465104050.499756,1465104050.587000
436,1465104044.864000,1465104045.524956,1465104050.526159,1465104050.612000
437,1465104044.864000,1465104045.536834,1465104050.538676,1465104050.618000
438,1465104044.864000,1465104045.498832,1465104050.511192,1465104050.598000
439,1465104044.864000,1465104045.645910,1465104050.647212,1465104050.732000
440,1465104044.864000,1465104045.506287,1465104050.507648,1465104050.586000
441,1465104044.865000,1465104045.494340,1465104050.495609,1465104050.580000
442,1465104044.865000,1465104045.495055,1465104050.496265,1465104050.573000
443,1465104044.866000,1465104045.786840,1465104050.800280,1465104050.876000
444,1465104044.866000,1465104045.461116,1465104050.462373,1465104050.543000
445,1465104044.866000,1465104045.532337,1465104050.533875,1465104050.612000
446,1465104044.866000,1465104045.496405,1465104050.498080,1465104050.567000
447,1465104044.866000,1465104045.475222,1465104050.476638,1465104050.557000
448,1465104044.866000,1465104045.454116,1465104050.455364,1465104050.560000
449,1465104044.867000,1465104045.545434,1465104050.547139,1465104050.626000
450,1465104044.867000,1465104045.488466,1465104050.489713,1465104050.575000
451,1465104044.867000,1465104045.517425,1465104050.518918,1465104050.595000
452,1465104044.867000,1465104045.499935,1465104050.503381,1465104050.571000
453,1465104044.867000,1465104045.536809,1465104050.538397,1465104050.615000
454,1465104044.868000,1465104045.551328,1465104050.552582,1465104050.632000
455,1465104044.868000,1465104045.783994,1465104050.786029,1465104050.872000
456,1465104044.868000,1465104045.520203,1465104050.526565,1465104050.607000
457,1465104044.868000,1465104045.597942,1465104050.599167,1465104050.689000
458,1465104044.868000,1465104045.498804,1465104050.515255,1465104050.594000
459,1465104044.868000,1465104045.496253,1465104050.497495,1465104050.602000
460,1465104044.868000,1465104045.759828,1465104050.761129,1465104050.852000
461,1465104044.869000,1465104045.540128,1465104050.541299,1465104050.636000
462,1465104044.869000,1465104045.516785,1465104050.517911,1465104050.606000
463,1465104044.870000,1465104045.741284,1465104050.742539,1465104050.847000
464,1465104044.870000,1465104045.530788,1465104050.532076,1465104050.617000
465,1465104044.870000,1465104045.654375,1465104050.655603,1465104050.722000
466,1465104044.870000,1465104045.490650,1465104050.491986,1465104050.570000
467,1465104044.870000,1465104045.535772,1465104050.536997,1465104050.624000
468,1465104044.870000,1465104045.544516,1465104050.545978,1465104050.622000
469,1465104044.870000,1465104045.528770,1465104050.530053,1465104050.616000
470,1465104044.871000,1465104045.511270,1465104050.512591,1465104050.592000
471,1465104044.871000,1465104045.818133,1465104050.819416,1465104050.900000
472,1465104044.871000,1465104045.520586,1465104050.521908,1465104050.593000
473,1465104044.871000,1465104045.542101,1465104050.543252,1465104050.612000
474,1465104044.871000,1465104045.574321,1465104050.575689,1465104050.644000
475,1465104044.871000,1465104045.762997,1465104050.764185,1465104050.822000
476,1465104044.871000,1465104045.522072,1465104050.523245,1465104050.601000
477,1465104044.871000,1465104045.532755,1465104050.534015,1465104050.611000
478,1465104044.871000,1465104045.823276,1465104050.824509,1465104050.904000
479,1465104044.871000,1465104045.803692,1465104050.804898,1465104050.863000
480,1465104044.872000,1465104045.554256,1465104050.555488,1465104050.634000
481,1465104044.872000,1465104045.541069,1465104050.542445,1465104050.622000
482,1465104044.872000,1465104045.530202,1465104050.531519,1465104050.607000
483,1465104044.872000,1465104045.527674,1465104050.528845,1465104050.615000
484,1465104044.873000,1465104045.519671,1465104050.520873,1465104050.608000
485,1465104044.873000,1465104045.531540,1465104050.532704,1465104050.628000
486,1465104044.873000,1465104045.525938,1465104050.534912,1465104050.613000
487,1465104044.873000,1465104045.537796,1465104050.539087,1465104050.607000
488,1465104044.874000,1465104045.513184,1465104050.514606,1465104050.602000
489,1465104044.874000,1465104045.519922,1465104050.522512,1465104050.591000
490,1465104044.874000,1465104045.535267,1465104050.536566,1465104050.610000
491,1465104044.874000,1465104045.545557,1465104050.547373,1465104050.621000
492,1465104044.874000,1465104045.687757,1465104050.688984,1465104050.776000
493,1465104044.874000,1465104045.644167,1465104050.645350,1465104050.733000
494,1465104044.874000,1465104045.543895,1465104050.545085,1465104050.631000
495,1465104044.875000,1465104045.632653,1465104050.633884,1465104050.692000
496,1465104044.875000,1465104045.503883,1465104050.505132,1465104050.584000
497,1465104044.875000,1465104045.577263,1465104050.578628,1465104050.653000
498,1465104044.875000,1465104045.507229,1465104050.508442,1465104050.587000
499,1465104044.875000,1465104045.661517,1465104050.663202,1465104050.742000
500,1465104044.875000,1465104045.507860,1465104050.509304,1465104050.585000
501,1465104044.875000,1465104045.505714,1465104050.507185,1465104050.595000
502,1465104044.875000,1465104045.539851,1465104050.541149,1465104050.624000
503,1465104044.875000,1465104045.543087,1465104050.544371,1465104050.624000
504,1465104044.875000,0.000000,0.000000,0.000000
505,1465104044.875000,1465104045.505165,1465104050.515330,1465104050.601000
506,1465104044.875000,1465104045.522848,1465104050.526059,1465104050.622000
507,1465104044.875000,1465104045.524931,1465104050.527736,1465104050.607000
508,1465104044.875000,1465104045.537413,1465104050.554140,1465104050.633000
509,1465104044.875000,1465104045.564007,1465104050.565585,1465104050.632000
510,1465104044.875000,1465104045.523557,1465104050.527280,1465104050.608000
511,1465104044.875000,1465104045.553873,1465104050.555322,1465104050.631000
512,1465104044.875000,1465104045.520095,1465104050.521274,1465104050.609000
513,1465104044.875000,1465104045.534308,1465104050.551960,1465104050.626000
514,1465104044.875000,1465104045.505959,1465104050.511829,1465104050.598000
515,1465104044.875000,1465104045.737724,1465104050.739001,1465104050.843000
516,1465104044.875000,1465104045.679243,1465104050.683732,1465104050.763000
517,1465104044.875000,1465104045.522981,1465104050.524184,1465104050.605000
518,1465104044.875000,1465104045.496597,1465104050.498039,1465104050.602000
519,1465104044.875000,1465104045.631273,1465104050.632526,1465104050.719000
520,1465104044.876000,1465104045.672301,1465104050.673655,1465104050.760000
521,1465104044.876000,1465104045.681485,1465104050.682879,1465104050.778000
522,1465104044.876000,1465104045.593052,1465104050.594243,1465104050.687000
523,1465104044.876000,1465104045.524852,1465104050.526054,1465104050.611000
524,1465104044.876000,1465104045.724393,1465104050.725654,1465104050.789000
525,1465104044.876000,1465104045.621324,1465104050.622595,1465104050.689000
526,1465104044.876000,1465104045.572622,1465104050.574432,1465104050.632000
527,1465104044.876000,1465104045.587399,1465104050.588576,1465104050.675000
528,1465104044.876000,1465104045.620014,1465104050.621365,1465104050.700000
529,1465104044.876000,1465104045.640132,1465104050.641410,1465104050.722000
530,1465104044.876000,1465104045.536790,1465104050.541617,1465104050.621000
531,1465104044.876000,1465104045.658034,1465104050.659239,1465104050.738000
532,1465104044.876000,1465104045.550166,1465104050.565714,1465104050.651000
533,1465104044.876000,1465104045.647725,1465104050.649024,1465104050.739000
534,1465104044.876000,1465104045.647188,1465104050.661521,1465104050.744000
535,1465104044.876000,1465104045.606906,1465104050.608095,1465104050.694000
536,1465104044.876000,1465104045.700362,1465104050.701742,1465104050.782000
537,1465104044.876000,1465104045.646372,1465104050.647656,1465104050.729000
538,1465104044.876000,1465104045.549673,1465104050.551982,1465104050.638000
539,1465104044.876000,1465104045.522314,1465104050.523712,1465104050.603000
540,1465104044.876000,1465104045.615494,1465104050.616675,1465104050.702000
541,1465104044.876000,1465104045.543016,1465104050.544236,1465104050.631000
542,1465104044.876000,1465104045.587001,1465104050.588179,1465104050.645000
543,1465104044.876000,1465104045.676380,1465104050.677666,1465104050.765000
544,1465104044.876000,1465104045.547728,1465104050.549090,1465104050.629000
545,1465104044.876000,1465104045.508641,1465104050.509940,1465104050.602000
546,1465104044.876000,1465104045.555697,1465104050.556867,1465104050.638000
547,1465104044.877000,1465104045.549467,1465104050.550737,1465104050.620000
548,1465104044.877000,1465104045.540154,1465104050.541652,1465104050.619000
549,1465104044.877000,1465104045.570078,1465104050.571256,1465104050.638000
550,1465104044.877000,1465104045.468905,1465104050.470213,1465104050.559000
551,1465104044.877000,1465104045.505276,1465104050.507009,1465104050.587000
552,1465104044.877000,1465104045.519932,1465104050.521284,1465104050.617000
553,1465104044.877000,1465104045.559427,1465104050.560596,1465104050.643000
554,1465104044.877000,1465104045.512536,1465104050.513747,1465104050.594000
555,1465104044.877000,1465104045.515659,1465104050.517752,1465104050.604000
556,1465104044.877000,1465104045.526390,1465104050.527573,1465104050.616000
557,1465104044.877000,1465104045.535477,1465104050.536665,1465104050.624000
558,1465104044.877000,1465104045.533834,1465104050.535099,1465104050.621000
559,1465104044.877000,1465104045.522504,1465104050.523705,1465104050.609000
560,1465104044.877000,1465104045.555021,1465104050.556238,1465104050.642000
561,1465104044.877000,1465104045.461264,1465104050.462573,1465104050.568000
562,1465104044.877000,1465104045.563150,1465104050.564376,1465104050.653000
563,1465104044.877000,1465104045.528698,1465104050.529981,1465104050.608000
564,1465104044.877000,1465104045.536218,1465104050.537560,1465104050.606000
565,1465104044.877000,1465104045.536245,1465104050.537654,1465104050.613000
566,1465104044.877000,1465104045.571757,1465104050.573007,1465104050.653000
567,1465104044.877000,1465104045.538769,1465104050.541145,1465104050.621000
568,1465104044.877000,1465104045.533177,1465104050.534633,1465104050.608000
569,1465104044.877000,1465104045.548128,1465104050.549307,1465104050.637000
570,1465104044.877000,1465104045.558801,1465104050.560118,1465104050.636000
571,1465104044.878000,1465104045.553393,1465104050.554683,1465104050.630000
572,1465104044.878000,1465104045.542355,1465104050.563139,1465104050.656000
573,1465104044.878000,1465104045.617479,1465104050.618709,1465104050.699000
574,1465104044.878000,1465104045.530150,1465104050.531479,1465104050.611000
575,1465104044.878000,1465104045.561103,1465104050.562376,1465104050.635000
576,1465104044.878000,1465104045.540122,1465104050.541344,1465104050.628000
577,1465104044.878000,1465104045.535658,1465104050.537344,1465104050.625000
578,1465104044.878000,1465104045.521388,1465104050.524503,1465104050.606000
579,1465104044.878000,1465104045.493510,1465104050.494735,1465104050.572000
580,1465104044.878000,1465104045.521047,1465104050.522686,1465104050.603000
581,1465104044.878000,1465104045.594422,1465104050.598638,1465104050.677000
582,1465104044.878000,1465104045.529054,1465104050.530379,1465104050.623000
583,1465104044.878000,1465104045.556241,1465104050.557439,1465104050.637000
584,1465104044.878000,1465104045.645509,1465104050.646688,1465104050.733000
585,1465104044.878000,1465104045.576166,1465104050.583612,1465104050.662000
586,1465104044.878000,1465104045.510790,1465104050.511957,1465104050.598000
587,1465104044.878000,1465104045.519799,1465104050.524023,1465104050.609000
588,1465104044.878000,1465104045.541946,1465104050.543804,1465104050.636000
589,1465104044.878000,1465104045.634181,1465104050.635509,1465104050.718000
590,1465104044.878000,1465104045.630257,1465104050.637227,1465104050.713000
591,1465104044.878000,1465104045.545163,1465104050.547056,1465104050.626000
592,1465104044.878000,1465104045.610777,1465104050.612087,1465104050.698000
593,1465104044.878000,1465104045.532657,1465104050.533994,1465104050.625000
594,1465104044.878000,1465104045.924037,1465104050.925226,1465104051.017000
595,1465104044.878000,1465104045.538629,1465104050.539825,1465104050.626000
596,1465104044.879000,1465104045.618975,1465104050.620140,1465104050.692000
597,1465104044.879000,1465104045.661255,1465104050.663202,1465104050.743000
598,1465104044.879000,1465104045.649392,1465104050.650628,1465104050.720000
599,1465104044.879000,1465104045.491600,1465104050.493087,1465104050.579000
600,1465104044.879000,1465104045.546296,1465104050.547518,1465104050.632000
601,1465104044.879000,1465104045.506228,1465104050.515605,1465104050.603000
602,1465104044.879000,1465104045.540981,1465104050.543694,1465104050.632000
603,1465104044.879000,1465104045.539100,1465104050.540508,1465104050.631000
604,1465104044.879000,1465104045.525047,1465104050.526572,1465104050.622000
605,1465104044.879000,1465104045.668238,1465104050.669414,1465104050.774000
606,1465104044.879000,1465104045.553101,1465104050.555968,1465104050.628000
607,1465104044.879000,1465104045.630566,1465104050.632251,1465104050.708000
608,1465104044.879000,1465104045.591044,1465104050.592261,1465104050.677000
609,1465104044.879000,1465104045.556215,1465104050.557785,1465104050.648000
610,1465104044.879000,1465104045.561555,1465104050.562829,1465104050.643000
611,1465104044.879000,1465104045.595206,1465104050.596419,1465104050.665000
612,1465104044.879000,1465104045.567034,1465104050.568376,1465104050.626000
613,1465104044.879000,1465104045.540596,1465104050.541830,1465104050.633000
614,1465104044.879000,1465104045.644443,1465104050.645734,1465104050.725000
615,1465104044.879000,1465104045.535335,1465104050.536509,1465104050.632000
616,1465104044.879000,1465104045.553679,1465104050.555282,1465104050.627000
617,1465104044.879000,1465104045.531770,1465104050.533003,1465104050.615000
618,1465104044.879000,1465104045.602637,1465104050.603811,1465104050.681000
619,1465104044.879000,1465104045.532175,1465104050.533375,1465104050.618000
620,1465104044.879000,1465104045.546189,1465104050.547429,1465104050.642000
621,1465104044.879000,1465104045.919190,1465104050.920463,1465104051.001000
622,1465104044.879000,1465104045.682850,1465104050.684028,1465104050.779000
623,1465104044.879000,1465104045.607231,1465104050.608632,1465104050.684000
624,1465104044.880000,1465104045.545184,1465104050.547630,1465104050.621000
625,1465104044.880000,1465104045.603419,1465104050.604778,1465104050.683000
626,1465104044.880000,1465104045.543908,1465104050.545149,1465104050.633000
627,1465104044.880000,1465104045.570493,1465104050.571858,1465104050.658000
628,1465104044.880000,1465104045.641875,1465104050.643114,1465104050.730000
629,1465104044.880000,1465104045.521771,1465104050.523298,1465104050.598000
630,1465104044.880000,1465104045.698783,1465104050.700065,1465104050.786000
631,1465104044.880000,1465104045.652881,1465104050.654270,1465104050.728000
632,1465104044.880000,1465104045.568644,1465104050.569865,1465104050.655000
633,1465104044.880000,1465104045.601837,1465104050.603236,1465104050.691000
634,1465104044.880000,1465104045.564524,1465104050.565708,1465104050.637000
635,1465104044.880000,1465104045.541643,1465104050.543694,1465104050.632000
636,1465104044.880000,1465104045.549504,1465104050.558646,1465104050.638000
637,1465104044.880000,1465104045.565560,1465104050.567024,1465104050.634000
638,1465104044.880000,1465104045.645518,1465104050.646958,1465104050.726000
639,1465104044.880000,1465104045.550283,1465104050.551575,1465104050.619000
640,1465104044.880000,1465104045.593910,1465104050.595105,1465104050.683000
641,1465104044.880000,1465104045.523907,1465104050.525545,1465104050.607000
642,1465104044.880000,1465104045.602687,1465104050.603976,1465104050.691000
643,1465104044.881000,1465104045.547795,1465104050.549160,1465104050.618000
644,1465104044.881000,1465104045.799298,1465104050.800510,1465104050.888000
645,1465104044.881000,1465104045.549286,1465104050.552390,1465104050.626000
646,1465104044.881000,1465104045.584169,1465104050.585370,1465104050.671000
647,1465104044.881000,1465104045.581895,1465104050.583180,1465104050.662000
648,1465104044.881000,1465104045.555572,1465104050.556731,1465104050.643000
649,1465104044.881000,1465104045.522090,1465104050.523645,1465104050.619000
650,1465104044.881000,1465104045.534399,1465104050.535640,1465104050.615000
651,1465104044.881000,1465104045.548056,1465104050.550533,1465104050.630000
652,1465104044.881000,1465104045.683183,1465104050.684544,1465104050.770000
653,1465104044.881000,1465104045.541128,1465104050.542735,1465104050.624000
654,1465104044.881000,1465104045.570148,1465104050.581432,1465104050.639000
655,1465104044.881000,1465104045.510837,1465104050.512290,1465104050.587000
656,1465104044.881000,1465104045.510777,1465104050.512017,1465104050.593000
657,1465104044.881000,1465104045.549982,1465104050.551404,1465104050.631000
658,1465104044.881000,1465104045.572864,1465104050.581987,1465104050.639000
659,1465104044.881000,1465104045.540698,1465104050.542254,1465104050.619000
660,1465104044.881000,1465104045.619306,1465104050.620762,1465104050.687000
661,1465104044.881000,1465104045.531075,1465104050.532311,1465104050.611000
662,1465104044.881000,1465104045.588638,1465104050.589821,1465104050.667000
663,1465104044.881000,1465104045.589789,1465104050.597236,1465104050.673000
664,1465104044.881000,1465104045.543426,1465104050.545098,1465104050.621000
665,1465104044.881000,1465104045.515918,1465104050.517237,1465104050.586000
666,1465104044.881000,1465104045.509100,1465104050.510405,1465104050.590000
667,1465104044.881000,1465104045.537426,1465104050.538597,1465104050.610000
668,1465104044.881000,1465104045.556961,1465104050.558130,1465104050.635000
669,1465104044.881000,1465104045.535418,1465104050.536614,1465104050.622000
670,1465104044.881000,1465104045.539808,1465104050.541026,1465104050.626000
671,1465104044.882000,1465104045.530606,1465104050.531871,1465104050.617000
672,1465104044.882000,1465104045.516073,1465104050.517852,1465104050.611000
673,1465104044.882000,1465104045.492726,1465104050.493990,1465104050.572000
674,1465104044.882000,1465104045.535037,1465104050.536687,1465104050.618000
675,1465104044.882000,1465104045.478280,1465104050.479830,1465104050.560000
676,1465104044.882000,1465104045.500726,1465104050.501931,1465104050.568000
677,1465104044.882000,1465104045.551930,1465104050.553129,1465104050.619000
678,1465104044.882000,1465104045.526268,1465104050.527551,1465104050.606000
679,1465104044.882000,1465104045.954602,1465104050.955848,1465104051.042000
680,1465104044.882000,1465104045.508007,1465104050.509195,1465104050.610000
681,1465104044.882000,1465104045.608607,1465104050.610100,1465104050.684000
682,1465104044.882000,1465104045.546330,1465104050.547551,1465104050.635000
683,1465104044.882000,1465104045.527097,1465104050.528228,1465104050.632000
684,1465104044.882000,1465104045.542455,1465104050.543762,1465104050.625000
685,1465104044.882000,1465104045.552365,1465104050.553703,1465104050.635000
686,1465104044.882000,1465104045.525045,1465104050.526275,1465104050.622000
687,1465104044.882000,1465104045.569186,1465104050.581356,1465104050.638000
688,1465104044.882000,1465104045.645852,1465104050.647072,1465104050.713000
689,1465104044.882000,1465104045.991618,1465104050.992787,1465104051.062000
690,1465104044.882000,1465104045.585919,1465104050.587181,1465104050.675000
691,1465104044.882000,1465104045.576066,1465104050.577366,1465104050.655000
692,1465104044.882000,1465104045.554400,1465104050.555688,1465104050.636000
693,1465104044.882000,1465104045.551715,1465104050.553166,1465104050.634000
694,1465104044.882000,1465104045.577434,1465104050.578698,1465104050.648000
695,1465104044.882000,1465104045.548522,1465104050.550092,1465104050.629000
696,1465104044.883000,1465104045.534336,1465104050.535541,1465104050.613000
697,1465104044.883000,1465104045.555866,1465104050.557088,1465104050.635000
698,1465104044.883000,1465104045.543733,1465104050.560284,1465104050.637000
699,1465104044.883000,1465104045.558747,1465104050.559964,1465104050.656000
700,1465104044.883000,1465104045.525622,1465104050.527274,1465104050.596000
701,1465104044.883000,1465104045.522648,1465104050.524060,1465104050.620000
702,1465104044.883000,1465104045.575582,1465104050.577648,1465104050.657000
703,1465104044.883000,1465104045.557103,1465104050.558538,1465104050.649000
704,1465104044.883000,1465104045.548333,1465104050.549533,1465104050.627000
705,1465104044.883000,1465104045.591673,1465104050.593011,1465104050.672000
706,1465104044.883000,1465104045.552042,1465104050.553258,1465104050.644000
707,1465104044.883000,1465104045.638001,1465104050.639236,1465104050.725000
708,1465104044.883000,1465104045.586430,1465104050.587758,1465104050.672000
709,1465104044.883000,1465104045.568503,1465104050.569902,1465104050.657000
710,1465104044.883000,1465104045.545839,1465104050.547057,1465104050.628000
711,1465104044.883000,1465104045.553402,1465104050.554629,1465104050.641000
712,1465104044.883000,1465104045.579335,1465104050.580538,1465104050.660000
713,1465104044.883000,1465104045.519842,1465104050.521318,1465104050.600000
714,1465104044.883000,1465104045.562741,1465104050.563924,1465104050.642000
715,1465104044.883000,1465104045.606417,1465104050.610676,1465104050.684000
716,1465104044.883000,1465104045.645593,1465104050.663573,1465104050.743000
717,1465104044.883000,1465104045.552713,1465104050.554260,1465104050.625000
718,1465104044.883000,1465104045.623044,1465104050.624325,1465104050.703000
719,1465104044.883000,1465104045.602625,1465104050.603864,1465104050.682000
720,1465104044.883000,1465104045.607217,1465104050.610290,1465104050.684000
721,1465104044.883000,1465104045.566568,1465104050.567747,1465104050.650000
722,1465104044.884000,1465104045.538770,1465104050.540294,1465104050.615000
723,1465104044.884000,1465104045.547777,1465104050.549825,1465104050.629000
724,1465104044.884000,1465104045.589014,1465104050.590177,1465104050.661000
725,1465104044.884000,1465104045.565064,1465104050.566850,1465104050.633000
726,1465104044.884000,1465104045.686014,1465104050.687266,1465104050.766000
727,1465104044.884000,1465104045.628276,1465104050.629573,1465104050.687000
728,1465104044.884000,1465104045.540724,1465104050.541945,1465104050.621000
729,1465104044.884000,1465104045.808395,1465104050.809629,1465104050.891000
730,1465104044.884000,1465104045.560618,1465104050.561902,1465104050.628000
731,1465104044.884000,1465104045.652635,1465104050.654158,1465104050.743000
732,1465104044.884000,1465104045.596931,1465104050.598174,1465104050.676000
733,1465104044.884000,1465104045.545291,1465104050.546475,1465104050.624000
734,1465104044.884000,1465104045.600734,1465104050.603276,1465104050.675000
735,1465104044.887000,1465104045.579006,1465104050.580189,1465104050.665000
736,1465104044.890000,1465104045.695676,1465104050.696927,1465104050.785000
737,1465104044.901000,1465104045.637485,1465104050.638909,1465104050.719000
738,1465104044.916000,1465104045.605277,1465104050.607232,1465104050.681000
739,1465104044.926000,1465104045.670150,1465104050.671369,1465104050.752000
740,1465104044.926000,1465104045.555162,1465104050.556349,1465104050.626000
741,1465104044.926000,1465104045.945667,1465104050.946854,1465104051.028000
742,1465104044.926000,1465104045.651537,1465104050.652722,1465104050.732000
743,1465104044.926000,1465104045.688275,1465104050.689562,1465104050.757000
744,1465104044.926000,1465104045.618054,1465104050.619301,1465104050.710000
745,1465104044.926000,1465104045.986331,1465104050.987663,1465104051.065000
746,1465104044.926000,1465104045.657645,1465104050.659251,1465104050.738000
747,1465104044.926000,1465104045.674796,1465104050.676030,1465104050.754000
748,1465104044.933000,1465104045.944679,1465104050.945962,1465104051.026000
749,1465104044.933000,1465104045.580879,1465104050.582212,1465104050.668000
750,1465104044.933000,1465104045.636357,1465104050.637524,1465104050.714000
751,1465104044.933000,1465104045.674321,1465104050.675680,1465104050.762000
752,1465104044.933000,1465104045.663679,1465104050.664933,1465104050.751000
753,1465104044.933000,1465104045.702241,1465104050.703413,1465104050.786000
754,1465104044.933000,1465104045.607740,1465104050.609077,1465104050.691000
755,1465104044.933000,1465104045.699222,1465104050.701210,1465104050.777000
756,1465104044.933000,1465104045.676261,1465104050.694690,1465104050.772000
757,1465104044.934000,1465104045.567087,1465104050.568416,1465104050.655000
758,1465104044.935000,1465104045.613636,1465104050.614885,1465104050.701000
759,1465104044.935000,1465104045.539270,1465104050.554271,1465104050.643000
760,1465104044.935000,1465104045.638766,1465104050.657806,1465104050.753000
761,1465104044.935000,1465104045.697314,1465104050.698567,1465104050.765000
762,1465104044.935000,1465104045.646661,1465104050.647951,1465104050.729000
763,1465104044.935000,1465104045.911944,1465104050.913284,1465104051.001000
764,1465104044.935000,1465104045.603542,1465104050.604795,1465104050.700000
765,1465104044.935000,1465104045.596412,1465104050.597788,1465104050.685000
766,1465104044.935000,1465104045.587293,1465104050.588693,1465104050.666000
767,1465104044.935000,1465104045.686355,1465104050.687586,1465104050.754000
768,1465104044.937000,1465104045.588190,1465104050.589512,1465104050.676000
769,1465104044.937000,1465104045.605250,1465104050.606767,1465104050.687000
770,1465104044.937000,1465104045.671524,1465104050.685380,1465104050.771000
771,1465104044.937000,1465104045.927179,1465104050.930309,1465104051.011000
772,1465104044.937000,1465104045.943218,1465104050.944509,1465104051.026000
773,1465104044.937000,1465104045.612321,1465104050.613608,1465104050.699000
774,1465104044.937000,0.000000,0.000000,0.000000
775,1465104044.937000,1465104045.551358,1465104050.552840,1465104050.639000
776,1465104044.937000,1465104045.970392,1465104050.971727,1465104051.059000
777,1465104044.938000,1465104045.695692,1465104050.696892,1465104050.777000
778,1465104044.938000,1465104045.650748,1465104050.652224,1465104050.745000
779,1465104044.938000,1465104045.592632,1465104050.593964,1465104050.660000
780,1465104044.938000,1465104045.942678,1465104050.944095,1465104051.027000
781,1465104044.938000,1465104045.672868,1465104050.674541,1465104050.761000
782,1465104044.938000,1465104045.692132,1465104050.693384,1465104050.784000
783,1465104044.938000,1465104045.711009,1465104050.712190,1465104050.778000
784,1465104044.938000,1465104045.630883,1465104050.632079,1465104050.711000
785,1465104044.939000,1465104045.639841,1465104050.641065,1465104050.720000
786,1465104044.939000,1465104045.995850,1465104050.997112,1465104051.067000
787,1465104044.939000,1465104045.606181,1465104050.607429,1465104050.664000
788,1465104044.939000,1465104045.953653,1465104050.954913,1465104051.034000
789,1465104044.939000,1465104045.618828,1465104050.620398,1465104050.699000
790,1465104044.940000,1465104045.622871,1465104050.624086,1465104050.715000
791,1465104044.941000,1465104045.619338,1465104050.620553,1465104050.700000
792,1465104044.941000,1465104045.558947,1465104050.560241,1465104050.641000
793,1465104044.941000,1465104045.626566,1465104050.627793,1465104050.709000
794,1465104044.942000,1465104045.681892,1465104050.683182,1465104050.769000
795,1465104044.942000,1465104045.662494,1465104050.663743,1465104050.748000
796,1465104044.942000,1465104045.650976,1465104050.652311,1465104050.729000
797,1465104044.942000,1465104045.901651,1465104050.903004,1465104050.996000
798,1465104044.942000,1465104045.988304,1465104051.006996,1465104051.086000
799,1465104044.942000,1465104045.550184,1465104050.551344,1465104050.647000
800,1465104044.942000,1465104045.640682,1465104050.641948,1465104050.730000
801,1465104044.942000,1465104045.624257,1465104050.625575,1465104050.721000
802,1465104044.943000,1465104045.955956,1465104050.971233,1465104051.058000
803,1465104044.943000,1465104045.617344,1465104050.618581,1465104050.693000
804,1465104044.943000,1465104045.967869,1465104050.969574,1465104051.050000
805,1465104044.943000,1465104045.580791,1465104050.581984,1465104050.660000
806,1465104044.943000,1465104045.681133,1465104050.682499,1465104050.763000
807,1465104044.943000,1465104045.668225,1465104050.669492,1465104050.757000
808,1465104044.943000,1465104045.684499,1465104050.685681,1465104050.772000
809,1465104044.943000,1465104045.604563,1465104050.605908,1465104050.699000
810,1465104044.943000,1465104045.586795,1465104050.587922,1465104050.654000
811,1465104044.944000,1465104045.646129,1465104050.647707,1465104050.727000
812,1465104044.944000,1465104045.662193,1465104050.663516,1465104050.769000
813,1465104044.945000,1465104045.992456,1465104050.993681,1465104051.080000
814,1465104044.945000,1465104045.963803,1465104050.965104,1465104051.052000
815,1465104044.945000,1465104045.902707,1465104050.903949,1465104050.990000
816,1465104044.945000,1465104045.598983,1465104050.600164,1465104050.685000
817,1465104044.945000,1465104045.694172,1465104050.705250,1465104050.784000
818,1465104044.945000,1465104045.969491,1465104050.970719,1465104051.040000
819,1465104044.946000,1465104045.879986,1465104050.881128,1465104050.976000
820,1465104044.946000,1465104045.554172,1465104050.555447,1465104050.650000
821,1465104044.946000,1465104045.670823,1465104050.672086,1465104050.749000
822,1465104044.946000,1465104045.716750,1465104050.718195,1465104050.776000
823,1465104044.946000,1465104045.613800,1465104050.615077,1465104050.691000
824,1465104044.946000,1465104045.664811,1465104050.666257,1465104050.745000
825,1465104044.947000,1465104045.672502,1465104050.673706,1465104050.751000
826,1465104044.947000,1465104045.956094,1465104050.965298,1465104051.034000
827,1465104044.947000,1465104045.692589,1465104050.693808,1465104050.759000
828,1465104044.948000,1465104045.939264,1465104050.940438,1465104051.028000
829,1465104044.948000,1465104045.684569,1465104050.685783,1465104050.766000
830,1465104044.948000,1465104045.880302,1465104050.881562,1465104050.969000
831,1465104044.948000,1465104045.695597,1465104050.697100,1465104050.782000
832,1465104044.948000,1465104045.653998,1465104050.655319,1465104050.742000
833,1465104044.948000,1465104045.600192,1465104050.601586,1465104050.672000
834,1465104044.948000,1465104045.676571,1465104050.677961,1465104050.757000
835,1465104044.948000,1465104045.672964,1465104050.674163,1465104050.753000
836,1465104044.948000,1465104045.653751,1465104050.654963,1465104050.747000
837,1465104044.948000,1465104045.656395,1465104050.657612,1465104050.745000
838,1465104044.948000,1465104045.580610,1465104050.582020,1465104050.669000
839,1465104044.948000,1465104045.960393,1465104050.961653,1465104051.048000
840,1465104044.948000,1465104045.681912,1465104050.684820,1465104050.771000
841,1465104044.948000,1465104045.655654,1465104050.656915,1465104050.738000
842,1465104044.949000,1465104045.918252,1465104050.919573,1465104050.999000
843,1465104044.949000,1465104045.639246,1465104050.644508,1465104050.730000
844,1465104044.949000,1465104045.910874,1465104050.912341,1465104050.981000
845,1465104044.949000,1465104045.972101,1465104050.977937,1465104051.059000
846,1465104044.949000,1465104045.668472,1465104050.669726,1465104050.765000
847,1465104044.949000,1465104045.989283,1465104050.990452,1465104051.073000
848,1465104044.949000,1465104045.691679,1465104050.693662,1465104050.778000
849,1465104044.949000,1465104045.696825,1465104050.698003,1465104050.779000
850,1465104044.949000,1465104045.641802,1465104050.642985,1465104050.738000
851,1465104044.950000,1465104045.680600,1465104050.681899,1465104050.773000
852,1465104044.950000,1465104045.634589,1465104050.635978,1465104050.724000
853,1465104044.950000,0.000000,0.000000,0.000000
854,1465104044.950000,1465104045.600421,1465104050.601728,1465104050.682000
855,1465104044.950000,1465104045.670377,1465104050.688576,1465104050.769000
856,1465104044.950000,1465104045.688111,1465104050.689340,1465104050.768000
857,1465104044.950000,1465104045.694328,1465104050.711713,1465104050.797000
858,1465104044.950000,1465104045.643192,1465104050.644445,1465104050.739000
859,1465104044.950000,1465104045.675020,1465104050.676442,1465104050.764000
860,1465104044.951000,1465104045.669146,1465104050.671354,1465104050.752000
861,1465104044.951000,1465104045.978394,1465104050.979553,1465104051.048000
862,1465104044.951000,1465104045.946759,1465104050.947959,1465104051.031000
863,1465104044.952000,1465104045.658510,1465104050.659777,1465104050.747000
864,1465104044.952000,1465104045.624640,1465104050.626030,1465104050.702000
865,1465104044.952000,1465104045.699300,1465104050.701354,1465104050.777000
866,1465104044.952000,1465104045.691918,1465104050.693160,1465104050.767000
867,1465104044.952000,1465104045.696322,1465104050.697620,1465104050.784000
868,1465104044.952000,1465104045.683983,1465104050.685256,1465104050.764000
869,1465104044.952000,1465104045.663736,1465104050.664921,1465104050.743000
870,1465104044.952000,1465104045.975700,1465104050.976944,1465104051.057000
871,1465104044.952000,1465104045.654366,1465104050.655634,1465104050.736000
872,1465104044.952000,1465104045.975018,1465104050.976292,1465104051.064000
873,1465104044.952000,1465104045.944316,1465104050.945558,1465104051.032000
874,1465104044.953000,1465104045.682591,1465104050.684393,1465104050.763000
875,1465104044.953000,1465104045.693561,1465104050.694882,1465104050.773000
876,1465104044.954000,1465104045.596377,1465104050.597528,1465104050.683000
877,1465104044.954000,1465104045.971779,1465104050.973574,1465104051.054000
878,1465104044.954000,1465104045.980333,1465104050.982254,1465104051.063000
879,1465104044.954000,1465104045.984122,1465104050.985685,1465104051.072000
880,1465104044.954000,1465104045.671925,1465104050.673245,1465104050.747000
881,1465104044.955000,1465104045.606661,1465104050.607889,1465104050.701000
882,1465104044.955000,1465104045.677924,1465104050.679314,1465104050.764000
883,1465104044.955000,1465104045.930803,1465104050.932288,1465104051.011000
884,1465104044.955000,1465104045.596256,1465104050.597457,1465104050.677000
885,1465104044.956000,1465104045.649075,1465104050.650307,1465104050.728000
886,1465104044.956000,1465104045.605120,1465104050.613650,1465104050.693000
887,1465104044.956000,1465104045.625222,1465104050.626404,1465104050.703000
888,1465104044.956000,1465104045.681082,1465104050.682559,1465104050.770000
889,1465104044.956000,1465104045.699635,1465104050.701426,1465104050.759000
890,1465104044.956000,1465104045.660259,1465104050.661504,1465104050.756000
891,1465104044.956000,1465104045.681989,1465104050.683263,1465104050.769000
892,1465104044.956000,1465104045.661245,1465104050.662648,1465104050.748000
893,1465104044.958000,1465104045.704537,1465104050.705922,1465104050.786000
894,1465104044.958000,1465104045.697984,1465104050.699468,1465104050.787000
895,1465104044.959000,1465104045.654338,1465104050.655561,1465104050.736000
896,1465104044.959000,1465104045.604828,1465104050.606007,1465104050.694000
897,1465104044.959000,1465104045.982351,1465104050.983567,1465104051.051000
898,1465104044.960000,1465104045.671452,1465104050.672642,1465104050.759000
899,1465104044.961000,1465104045.980723,1465104050.982169,1465104051.063000
900,1465104044.961000,1465104045.990645,1465104050.991955,1465104051.072000
901,1465104044.962000,1465104045.634194,1465104050.635455,1465104050.721000
902,1465104044.962000,1465104045.709084,1465104050.720702,1465104050.797000
903,1465104044.962000,1465104045.688570,1465104050.689734,1465104050.775000
904,1465104044.963000,1465104045.684158,1465104050.685333,1465104050.763000
905,1465104044.963000,1465104045.622965,1465104050.624146,1465104050.710000
906,1465104044.963000,1465104045.882569,1465104050.883948,1465104050.970000
907,1465104044.964000,1465104045.997343,1465104050.998516,1465104051.075000
908,1465104044.965000,1465104045.993011,1465104050.994235,1465104051.071000
909,1465104044.965000,1465104045.684737,1465104050.685834,1465104050.763000
910,1465104044.965000,1465104045.685051,1465104050.686332,1465104050.773000
911,1465104044.965000,1465104045.716067,1465104050.717429,1465104050.775000
912,1465104044.965000,1465104045.650443,1465104050.651720,1465104050.747000
913,1465104044.965000,1465104045.920163,1465104050.921336,1465104051.017000
914,1465104044.966000,1465104045.653143,1465104050.654439,1465104050.750000
915,1465104044.966000,1465104045.670814,1465104050.672054,1465104050.751000
916,1465104044.967000,1465104045.632409,1465104050.633506,1465104050.728000
917,1465104044.967000,1465104045.684880,1465104050.686552,1465104050.782000
918,1465104044.967000,1465104045.682182,1465104050.683531,1465104050.771000
919,1465104044.967000,1465104045.646062,1465104050.647308,1465104050.728000
920,1465104044.968000,1465104045.666387,1465104050.667584,1465104050.747000
921,1465104044.968000,1465104045.685911,1465104050.687293,1465104050.782000
922,1465104044.968000,1465104045.675575,1465104050.677167,1465104050.764000
923,1465104044.968000,1465104045.699566,1465104050.700845,1465104050.780000
924,1465104044.969000,1465104045.666783,1465104050.668189,1465104050.754000
925,1465104044.969000,1465104045.697938,1465104050.699548,1465104050.780000
926,1465104044.969000,1465104045.702229,1465104050.703483,1465104050.785000
927,1465104044.970000,1465104046.019134,1465104051.020434,1465104051.089000
928,1465104044.970000,1465104045.689008,1465104050.690688,1465104050.764000
929,1465104044.970000,1465104045.699902,1465104050.701899,1465104050.778000
930,1465104044.970000,1465104045.635307,1465104050.636557,1465104050.716000
931,1465104044.970000,1465104045.951748,1465104050.953398,1465104051.034000
932,1465104044.970000,1465104045.697506,1465104050.698707,1465104050.783000
933,1465104044.970000,1465104045.684251,1465104050.697885,1465104050.793000
934,1465104044.970000,1465104045.701937,1465104050.703315,1465104050.788000
935,1465104044.971000,1465104045.682577,1465104050.684484,1465104050.771000
936,1465104044.971000,1465104045.662928,1465104050.664181,1465104050.752000
937,1465104044.971000,1465104045.691531,1465104050.692735,1465104050.780000
938,1465104044.971000,1465104045.889527,1465104050.890700,1465104050.978000
939,1465104044.971000,1465104045.933215,1465104050.934410,1465104051.027000
940,1465104044.971000,1465104045.959393,1465104050.960624,1465104051.029000
941,1465104044.971000,1465104045.689931,1465104050.691337,1465104050.779000
942,1465104044.972000,1465104045.635932,1465104050.641681,1465104050.724000
943,1465104044.972000,1465104045.705704,1465104050.706892,1465104050.773000
944,1465104044.972000,1465104045.702697,1465104050.703904,1465104050.783000
945,1465104044.972000,1465104045.954093,1465104050.955342,1465104051.048000
946,1465104044.973000,1465104045.699771,1465104050.701336,1465104050.759000
947,1465104044.973000,1465104045.667121,1465104050.668493,1465104050.754000
948,1465104044.973000,1465104045.699169,1465104050.700924,1465104050.782000
949,1465104044.973000,1465104045.650066,1465104050.651241,1465104050.717000
950,1465104044.973000,1465104045.708241,1465104050.720926,1465104050.796000
951,1465104044.974000,1465104045.698665,1465104050.701563,1465104050.778000
952,1465104044.974000,1465104045.699259,1465104050.700412,1465104050.778000
953,1465104044.974000,1465104045.980258,1465104050.981492,1465104051.068000
954,1465104044.974000,1465104045.942515,1465104050.943885,1465104051.030000
955,1465104044.974000,1465104045.667893,1465104050.669299,1465104050.757000
956,1465104044.974000,1465104045.678075,1465104050.679424,1465104050.759000
957,1465104044.975000,1465104045.958743,1465104050.960060,1465104051.040000
958,1465104044.975000,1465104045.714846,1465104050.716039,1465104050.785000
959,1465104044.975000,1465104045.670663,1465104050.671847,1465104050.753000
960,1465104044.975000,1465104045.698669,1465104050.700318,1465104050.781000
961,1465104044.975000,1465104045.658714,1465104050.659925,1465104050.739000
962,1465104044.975000,1465104045.653390,1465104050.654567,1465104050.740000
963,1465104044.975000,1465104045.980886,1465104050.982506,1465104051.064000
964,1465104044.975000,1465104045.994853,1465104050.996069,1465104051.084000
965,1465104044.976000,0.000000,0.000000,0.000000
966,1465104044.976000,1465104045.701164,1465104050.702363,1465104050.790000
967,1465104044.976000,1465104045.682896,1465104050.685829,1465104050.772000
968,1465104044.976000,1465104045.694751,1465104050.696014,1465104050.775000
969,1465104044.976000,1465104045.957275,1465104050.958558,1465104051.046000
970,1465104044.977000,1465104045.676789,1465104050.678039,1465104050.774000
971,1465104044.977000,1465104045.655045,1465104050.656278,1465104050.743000
972,1465104044.977000,1465104045.961436,1465104050.962698,1465104051.043000
973,1465104044.977000,1465104045.690510,1465104050.691936,1465104050.761000
974,1465104044.978000,1465104045.729447,1465104050.730627,1465104050.789000
975,1465104044.978000,1465104045.691853,1465104050.693105,1465104050.779000
976,1465104044.978000,1465104045.646968,1465104050.648208,1465104050.744000
977,1465104044.978000,0.000000,0.000000,0.000000
978,1465104044.978000,1465104045.690783,1465104050.692368,1465104050.777000
979,1465104044.979000,1465104045.936661,1465104050.937907,1465104051.024000
980,1465104044.979000,1465104045.691677,1465104050.692883,1465104050.772000
981,1465104044.979000,1465104045.982132,1465104050.983373,1465104051.065000
982,1465104044.979000,1465104045.931963,1465104050.933455,1465104051.022000
983,1465104044.979000,1465104045.690784,1465104050.692182,1465104050.782000
984,1465104044.979000,1465104045.678355,1465104050.679717,1465104050.768000
985,1465104044.980000,1465104045.665487,1465104050.666965,1465104050.771000
986,1465104044.980000,1465104045.610168,1465104050.611398,1465104050.694000
987,1465104044.980000,1465104045.627432,1465104050.628649,1465104050.715000
988,1465104044.980000,1465104045.692831,1465104050.694133,1465104050.774000
989,1465104044.980000,1465104045.680445,1465104050.681628,1465104050.766000
990,1465104044.980000,1465104045.695844,1465104050.697115,1465104050.776000
991,1465104044.980000,1465104045.696667,1465104050.697836,1465104050.776000
992,1465104044.980000,1465104045.675063,1465104050.676258,1465104050.762000
993,1465104044.981000,1465104045.704436,1465104050.717696,1465104050.794000
994,1465104044.981000,1465104045.655789,1465104050.657043,1465104050.752000
995,1465104044.982000,1465104045.673733,1465104050.675111,1465104050.755000
996,1465104044.983000,1465104045.698642,1465104050.699846,1465104050.786000
997,1465104044.983000,1465104045.687781,1465104050.688982,1465104050.771000
998,1465104044.983000,1465104045.986682,1465104050.987873,1465104051.069000
999,1465104044.983000,1465104045.674989,1465104050.676361,1465104050.764000
