0,1465103785.311000,1465103785.980863,1465103790.982106,1465103791.059000
1,1465103785.311000,1465103786.315236,1465103791.316493,1465103791.395000
2,1465103785.311000,1465103785.940345,1465103790.942026,1465103791.042000
3,1465103785.311000,1465103785.974238,1465103790.983909,1465103791.050000
4,1465103785.311000,1465103785.976018,1465103790.977341,1465103791.059000
5,1465103785.312000,1465103785.992482,1465103790.993929,1465103791.081000
6,1465103785.312000,1465103785.966808,1465103790.968291,1465103791.069000
7,1465103785.312000,1465103785.997189,1465103790.998427,1465103791.080000
8,1465103785.312000,1465103785.973019,1465103790.974491,1465103791.066000
9,1465103785.312000,1465103785.989991,1465103790.991374,1465103791.084000
10,1465103785.312000,1465103786.050979,1465103791.052532,1465103791.129000
11,1465103785.312000,1465103785.966240,1465103790.967749,1465103791.054000
12,1465103785.312000,1465103785.985795,1465103790.987182,1465103791.066000
13,1465103785.312000,1465103786.020668,1465103791.021840,1465103791.103000
14,1465103785.312000,1465103786.086712,1465103791.088809,1465103791.159000
15,1465103785.312000,1465103786.006399,1465103791.007740,1465103791.090000
16,1465103785.312000,1465103785.997419,1465103790.998621,1465103791.077000
17,1465103785.312000,1465103785.958973,1465103790.974272,1465103791.053000
18,1465103785.312000,1465103786.269224,1465103791.270625,1465103791.351000
19,1465103785.313000,1465103785.997082,1465103790.998831,1465103791.075000
20,1465103785.313000,0.000000,0.000000,0.000000
21,1465103785.313000,1465103785.973609,1465103790.975124,1465103791.057000
22,1465103785.313000,1465103786.004317,1465103791.005777,1465103791.083000
23,1465103785.313000,1465103786.057731,1465103791.059206,1465103791.132000
24,1465103785.313000,1465103785.954822,1465103790.956404,1465103791.045000
25,1465103785.314000,1465103786.244485,1465103791.245941,1465103791.324000
26,1465103785.314000,1465103785.972141,1465103790.973790,1465103791.066000
27,1465103785.314000,0.000000,0.000000,0.000000
28,1465103785.314000,1465103786.046938,1465103791.053936,1465103791.134000
29,1465103785.315000,1465103786.010426,1465103791.011644,1465103791.092000
30,1465103785.315000,1465103786.307111,1465103791.308500,1465103791.390000
31,1465103785.315000,1465103785.977204,1465103790.978749,1465103791.057000
32,1465103785.316000,1465103786.057152,1465103791.072176,1465103791.145000
33,1465103785.317000,1465103785.957068,1465103790.958615,1465103791.036000
34,1465103785.318000,1465103786.033297,1465103791.046992,1465103791.125000
35,1465103785.318000,1465103786.005516,1465103791.006767,1465103791.078000
36,1465103785.318000,1465103785.966827,1465103790.968605,1465103791.050000
37,1465103785.318000,1465103786.032024,1465103791.034552,1465103791.107000
38,1465103785.318000,1465103785.959769,1465103790.961565,1465103791.041000
39,1465103785.318000,1465103786.001255,1465103791.002395,1465103791.103000
40,1465103785.318000,1465103786.049165,1465103791.050361,1465103791.140000
41,1465103785.318000,1465103786.027092,1465103791.028305,1465103791.099000
42,1465103785.318000,1465103786.252827,1465103791.254108,1465103791.332000
43,1465103785.318000,1465103785.957396,1465103790.958653,1465103791.047000
44,1465103785.318000,1465103786.277330,1465103791.278525,1465103791.370000
45,1465103785.318000,1465103785.994549,1465103790.996104,1465103791.067000
46,1465103785.318000,1465103785.989640,1465103790.991246,1465103791.072000
47,1465103785.318000,1465103786.001523,1465103791.004126,1465103791.071000
48,1465103785.318000,1465103786.040246,1465103791.041687,1465103791.117000
49,1465103785.319000,0.000000,0.000000,0.000000
50,1465103785.319000,1465103785.979844,1465103790.981484,1465103791.055000
51,1465103785.320000,1465103785.939112,1465103790.940663,1465103791.029000
52,1465103785.320000,1465103786.033937,1465103791.035476,1465103791.112000
53,1465103785.321000,1465103786.002732,1465103791.023374,1465103791.089000
54,1465103785.326000,1465103786.372572,1465103791.374001,1465103791.449000
55,1465103785.326000,1465103786.052090,1465103791.060281,1465103791.135000
56,1465103785.326000,1465103786.048627,1465103791.050134,1465103791.128000
57,1465103785.326000,1465103785.968019,1465103790.969364,1465103791.069000
58,1465103785.326000,1465103785.981733,1465103790.983365,1465103791.072000
59,1465103785.326000,1465103785.988377,1465103790.989971,1465103791.069000
60,1465103785.326000,1465103785.986641,1465103790.987899,1465103791.070000
61,1465103785.326000,1465103786.016421,1465103791.018145,1465103791.099000
62,1465103785.326000,1465103786.033219,1465103791.035187,1465103791.108000
63,1465103785.326000,1465103785.989699,1465103790.990947,1465103791.073000
64,1465103785.326000,1465103786.279946,1465103791.281353,1465103791.357000
65,1465103785.326000,1465103786.047211,1465103791.048573,1465103791.126000
66,1465103785.326000,1465103786.013320,1465103791.014701,1465103791.097000
67,1465103785.326000,0.000000,0.000000,0.000000
68,1465103785.326000,1465103785.997594,1465103790.999145,1465103791.087000
69,1465103785.327000,1465103786.301376,1465103791.302609,1465103791.381000
70,1465103785.327000,1465103786.012097,1465103791.013431,1465103791.091000
71,1465103785.327000,1465103786.288278,1465103791.289700,1465103791.365000
72,1465103785.327000,1465103785.957825,1465103790.959490,1465103791.051000
73,1465103785.327000,1465103785.970548,1465103790.972414,1465103791.064000
74,1465103785.327000,1465103786.281557,1465103791.282726,1465103791.349000
75,1465103785.327000,1465103786.004714,1465103791.006047,1465103791.091000
76,1465103785.327000,1465103786.303853,1465103791.305144,1465103791.385000
77,1465103785.327000,1465103786.332357,1465103791.333885,1465103791.426000
78,1465103785.327000,1465103786.006837,1465103791.008138,1465103791.087000
79,1465103785.327000,1465103786.320918,1465103791.322361,1465103791.388000
80,1465103785.327000,1465103786.313353,1465103791.314881,1465103791.403000
81,1465103785.327000,1465103786.061427,1465103791.066061,1465103791.146000
82,1465103785.327000,1465103785.980219,1465103790.981489,1465103791.064000
83,1465103785.327000,0.000000,0.000000,0.000000
84,1465103785.328000,1465103786.330447,1465103791.331632,1465103791.394000
85,1465103785.328000,1465103786.059880,1465103791.066378,1465103791.154000
86,1465103785.328000,1465103786.047256,1465103791.048585,1465103791.137000
87,1465103785.328000,1465103786.002108,1465103791.013966,1465103791.101000
88,1465103785.328000,1465103786.003509,1465103791.004881,1465103791.094000
89,1465103785.328000,1465103786.242647,1465103791.243746,1465103791.328000
90,1465103785.328000,1465103786.001704,1465103791.002902,1465103791.081000
91,1465103785.328000,1465103786.004627,1465103791.006014,1465103791.085000
92,1465103785.328000,1465103786.001945,1465103791.003196,1465103791.080000
93,1465103785.328000,1465103786.272086,1465103791.273520,1465103791.360000
94,1465103785.328000,1465103785.984406,1465103790.985991,1465103791.065000
95,1465103785.328000,1465103786.378703,1465103791.380671,1465103791.447000
96,1465103785.328000,1465103786.051584,1465103791.052959,1465103791.126000
97,1465103785.328000,1465103786.040441,1465103791.041752,1465103791.128000
98,1465103785.328000,1465103786.280099,1465103791.281484,1465103791.362000
99,1465103785.328000,0.000000,0.000000,0.000000
100,1465103785.328000,1465103786.052180,1465103791.053521,1465103791.130000
101,1465103785.328000,1465103786.014508,1465103791.025926,1465103791.105000
102,1465103785.328000,1465103786.055572,1465103791.067012,1465103791.164000
103,1465103785.328000,1465103786.017896,1465103791.020969,1465103791.097000
104,1465103785.328000,1465103785.992854,1465103790.994469,1465103791.075000
105,1465103785.328000,1465103786.335288,1465103791.336547,1465103791.417000
106,1465103785.328000,1465103786.049193,1465103791.050380,1465103791.127000
107,1465103785.328000,0.000000,0.000000,0.000000
108,1465103785.329000,1465103786.236569,1465103791.237847,1465103791.330000
109,1465103785.328000,1465103786.316422,1465103791.323524,1465103791.390000
110,1465103785.329000,1465103785.992441,1465103790.993880,1465103791.094000
111,1465103785.329000,1465103786.327725,1465103791.329296,1465103791.417000
112,1465103785.329000,1465103786.050270,1465103791.051885,1465103791.138000
113,1465103785.329000,1465103786.312143,1465103791.313425,1465103791.392000
114,1465103785.329000,1465103786.015249,1465103791.016723,1465103791.099000
115,1465103785.329000,1465103786.054683,1465103791.055964,1465103791.134000
116,1465103785.329000,1465103786.048466,1465103791.049772,1465103791.129000
117,1465103785.329000,1465103786.257611,1465103791.258719,1465103791.367000
118,1465103785.331000,1465103785.980647,1465103790.982699,1465103791.062000
119,1465103785.333000,1465103786.018891,1465103791.020323,1465103791.100000
120,1465103785.335000,1465103785.962369,1465103790.963899,1465103791.044000
121,1465103785.343000,1465103785.978471,1465103790.980048,1465103791.067000
122,1465103785.343000,1465103786.002623,1465103791.003959,1465103791.084000
123,1465103785.343000,1465103786.265561,1465103791.267277,1465103791.355000
124,1465103785.343000,1465103786.009157,1465103791.010796,1465103791.098000
125,1465103785.343000,1465103786.298365,1465103791.299789,1465103791.379000
126,1465103785.343000,1465103786.267527,1465103791.268964,1465103791.358000
127,1465103785.343000,1465103785.958490,1465103790.959825,1465103791.060000
128,1465103785.344000,0.000000,0.000000,0.000000
129,1465103785.344000,1465103785.979808,1465103790.981337,1465103791.090000
130,1465103785.344000,1465103786.375041,1465103791.376185,1465103791.447000
131,1465103785.344000,1465103786.016422,1465103791.017814,1465103791.119000
132,1465103785.344000,0.000000,0.000000,0.000000
133,1465103785.344000,1465103785.998563,1465103791.000080,1465103791.089000
134,1465103785.344000,1465103785.986304,1465103790.987654,1465103791.054000
135,1465103785.344000,1465103786.393236,1465103791.394531,1465103791.462000
136,1465103785.344000,1465103786.320987,1465103791.322291,1465103791.412000
137,1465103785.344000,1465103786.061419,1465103791.064347,1465103791.152000
138,1465103785.344000,1465103786.292895,1465103791.294823,1465103791.376000
139,1465103785.344000,1465103786.289061,1465103791.303369,1465103791.369000
140,1465103785.344000,1465103786.243011,1465103791.244425,1465103791.354000
141,1465103785.344000,1465103786.086426,1465103791.088493,1465103791.161000
142,1465103785.344000,1465103786.290237,1465103791.291421,1465103791.381000
143,1465103785.344000,1465103786.322783,1465103791.323978,1465103791.405000
144,1465103785.345000,1465103786.068570,1465103791.070299,1465103791.164000
145,1465103785.345000,1465103786.329249,1465103791.330535,1465103791.411000
146,1465103785.345000,1465103786.005139,1465103791.006524,1465103791.083000
147,1465103785.346000,1465103786.351208,1465103791.352444,1465103791.440000
148,1465103785.346000,1465103786.289863,1465103791.291193,1465103791.371000
149,1465103785.346000,1465103786.280164,1465103791.281446,1465103791.390000
150,1465103785.346000,1465103786.342745,1465103791.350310,1465103791.431000
151,1465103785.346000,0.000000,0.000000,0.000000
152,1465103785.346000,1465103785.998704,1465103791.000056,1465103791.268000
153,1465103785.346000,1465103786.279604,1465103791.290369,1465103791.371000
154,1465103785.346000,1465103786.310560,1465103791.320096,1465103791.398000
155,1465103785.346000,1465103786.031302,1465103791.034375,1465103791.112000
156,1465103785.346000,1465103786.058301,1465103791.059789,1465103791.137000
157,1465103785.346000,1465103786.283762,1465103791.284947,1465103791.362000
158,1465103785.346000,1465103786.321627,1465103791.322882,1465103791.401000
159,1465103785.347000,1465103786.284892,1465103791.286321,1465103791.362000
160,1465103785.347000,1465103786.269187,1465103791.270657,1465103791.350000
161,1465103785.347000,1465103785.971884,1465103790.973116,1465103791.062000
162,1465103785.347000,1465103786.008375,1465103791.009642,1465103791.095000
163,1465103785.348000,1465103786.015621,1465103791.016856,1465103791.087000
164,1465103785.348000,1465103786.293215,1465103791.294564,1465103791.375000
165,1465103785.348000,1465103786.296151,1465103791.297720,1465103791.359000
166,1465103785.348000,1465103786.326824,1465103791.328028,1465103791.406000
167,1465103785.348000,1465103786.252436,1465103791.253604,1465103791.334000
168,1465103785.348000,1465103786.284382,1465103791.285607,1465103791.351000
169,1465103785.348000,1465103786.267800,1465103791.268960,1465103791.339000
170,1465103785.348000,1465103785.989264,1465103790.990810,1465103791.061000
171,1465103785.348000,0.000000,0.000000,0.000000
172,1465103785.348000,1465103785.994706,1465103790.995968,1465103791.083000
173,1465103785.348000,1465103785.981057,1465103790.994294,1465103791.074000
174,1465103785.348000,1465103786.329545,1465103791.330812,1465103791.412000
175,1465103785.348000,1465103786.034400,1465103791.043496,1465103791.144000
176,1465103785.349000,1465103786.078382,1465103791.079743,1465103791.155000
177,1465103785.348000,1465103786.048319,1465103791.049545,1465103791.158000
178,1465103785.348000,1465103785.960603,1465103790.962142,1465103791.049000
179,1465103785.349000,0.000000,0.000000,0.000000
180,1465103785.349000,0.000000,0.000000,0.000000
181,1465103785.349000,1465103786.079951,1465103791.081139,1465103791.159000
182,1465103785.349000,1465103786.062544,1465103791.070373,1465103791.158000
183,1465103785.349000,1465103785.987676,1465103790.988960,1465103791.068000
184,1465103785.349000,1465103786.027642,1465103791.029125,1465103791.112000
185,1465103785.349000,1465103785.999286,1465103791.000608,1465103791.100000
186,1465103785.349000,1465103786.347216,1465103791.348496,1465103791.436000
187,1465103785.349000,1465103786.295331,1465103791.296770,1465103791.376000
188,1465103785.349000,1465103786.060388,1465103791.077823,1465103791.154000
189,1465103785.349000,1465103786.273851,1465103791.275139,1465103791.356000
190,1465103785.349000,1465103786.305931,1465103791.307218,1465103791.399000
191,1465103785.349000,1465103786.043029,1465103791.044333,1465103791.115000
192,1465103785.349000,1465103786.051764,1465103791.055247,1465103791.131000
193,1465103785.349000,1465103786.018976,1465103791.020118,1465103791.129000
194,1465103785.349000,1465103786.307007,1465103791.308271,1465103791.375000
195,1465103785.349000,1465103786.319571,1465103791.320830,1465103791.402000
196,1465103785.349000,1465103786.310451,1465103791.311676,1465103791.373000
197,1465103785.349000,1465103786.052499,1465103791.053916,1465103791.134000
198,1465103785.349000,1465103786.301193,1465103791.302581,1465103791.382000
199,1465103785.349000,1465103786.342331,1465103791.343641,1465103791.410000
200,1465103785.349000,1465103786.018323,1465103791.021096,1465103791.101000
201,1465103785.349000,1465103786.012153,1465103791.013299,1465103791.123000
202,1465103785.349000,1465103786.011098,1465103791.012344,1465103791.101000
203,1465103785.349000,1465103786.067847,1465103791.069429,1465103791.149000
204,1465103785.349000,1465103786.316720,1465103791.323525,1465103791.389000
205,1465103785.349000,1465103786.251958,1465103791.253146,1465103791.346000
206,1465103785.349000,1465103786.035431,1465103791.036711,1465103791.124000
207,1465103785.349000,1465103785.968361,1465103790.969641,1465103791.051000
208,1465103785.349000,1465103785.997546,1465103790.999042,1465103791.080000
209,1465103785.349000,1465103786.327835,1465103791.329031,1465103791.396000
210,1465103785.350000,0.000000,0.000000,0.000000
211,1465103785.350000,1465103786.270372,1465103791.271601,1465103791.339000
212,1465103785.350000,1465103786.239756,1465103791.240977,1465103791.333000
213,1465103785.350000,1465103786.359849,1465103791.361002,1465103791.428000
214,1465103785.350000,1465103786.009867,1465103791.011582,1465103791.098000
215,1465103785.350000,1465103786.352142,1465103791.353400,1465103791.425000
216,1465103785.350000,1465103786.065819,1465103791.070997,1465103791.159000
217,1465103785.350000,1465103786.052241,1465103791.055206,1465103791.140000
218,1465103785.350000,1465103786.017982,1465103791.021617,1465103791.101000
219,1465103785.350000,1465103786.020172,1465103791.021687,1465103791.109000
220,1465103785.350000,0.000000,0.000000,0.000000
221,1465103785.350000,1465103786.278231,1465103791.290468,1465103791.372000
222,1465103785.350000,1465103786.253290,1465103791.254613,1465103791.335000
223,1465103785.350000,1465103786.038753,1465103791.039941,1465103791.118000
224,1465103785.350000,1465103786.312870,1465103791.314916,1465103791.403000
225,1465103785.350000,1465103786.273768,1465103791.275033,1465103791.367000
226,1465103785.350000,1465103785.985166,1465103790.986750,1465103791.080000
227,1465103785.350000,1465103786.054064,1465103791.055908,1465103791.133000
228,1465103785.350000,1465103786.071622,1465103791.073074,1465103791.158000
229,1465103785.350000,1465103785.984571,1465103790.986268,1465103791.064000
230,1465103785.350000,0.000000,0.000000,0.000000
231,1465103785.350000,1465103786.048928,1465103791.050426,1465103791.121000
232,1465103785.350000,1465103786.318753,1465103791.320222,1465103791.399000
233,1465103785.350000,1465103786.286813,1465103791.288078,1465103791.368000
234,1465103785.350000,1465103785.945797,1465103790.947105,1465103791.047000
235,1465103785.350000,1465103786.047508,1465103791.048708,1465103791.127000
236,1465103785.350000,1465103786.314890,1465103791.316163,1465103791.398000
237,1465103785.350000,1465103786.039184,1465103791.040432,1465103791.125000
238,1465103785.350000,1465103785.987197,1465103791.003612,1465103791.082000
239,1465103785.350000,1465103786.007072,1465103791.008325,1465103791.096000
240,1465103785.350000,1465103786.038435,1465103791.039759,1465103791.132000
241,1465103785.350000,1465103786.003021,1465103791.004233,1465103791.113000
242,1465103785.351000,1465103786.313705,1465103791.315013,1465103791.395000
243,1465103785.351000,1465103786.054103,1465103791.055835,1465103791.143000
244,1465103785.351000,1465103786.068477,1465103791.074332,1465103791.153000
245,1465103785.351000,1465103786.327354,1465103791.328606,1465103791.394000
246,1465103785.351000,1465103786.076550,1465103791.077956,1465103791.156000
247,1465103785.351000,1465103786.255174,1465103791.256440,1465103791.335000
248,1465103785.351000,1465103786.307011,1465103791.308315,1465103791.395000
249,1465103785.351000,1465103786.018091,1465103791.019335,1465103791.106000
250,1465103785.351000,1465103786.290645,1465103791.291803,1465103791.358000
251,1465103785.351000,1465103786.256193,1465103791.257395,1465103791.350000
252,1465103785.351000,1465103786.064876,1465103791.067850,1465103791.145000
253,1465103785.351000,1465103786.025794,1465103791.027018,1465103791.114000
254,1465103785.351000,1465103786.088197,1465103791.089712,1465103791.171000
255,1465103785.351000,1465103786.014909,1465103791.016141,1465103791.100000
256,1465103785.351000,1465103786.012723,1465103791.013976,1465103791.101000
257,1465103785.351000,1465103786.060758,1465103791.063763,1465103791.140000
258,1465103785.351000,1465103786.324474,1465103791.325842,1465103791.392000
259,1465103785.351000,1465103786.021894,1465103791.023667,1465103791.112000
260,1465103785.351000,1465103786.001247,1465103791.002600,1465103791.094000
261,1465103785.351000,1465103786.024920,1465103791.026844,1465103791.109000
262,1465103785.351000,1465103786.360959,1465103791.362344,1465103791.438000
263,1465103785.351000,0.000000,0.000000,0.000000
264,1465103785.351000,1465103786.026905,1465103791.029213,1465103791.111000
265,1465103785.351000,1465103786.305838,1465103791.319305,1465103791.398000
266,1465103785.351000,1465103785.995193,1465103790.996746,1465103791.074000
267,1465103785.351000,1465103785.970052,1465103790.971294,1465103791.059000
268,1465103785.351000,0.000000,0.000000,0.000000
269,1465103785.351000,1465103785.990940,1465103790.992420,1465103791.069000
270,1465103785.351000,1465103786.286937,1465103791.288221,1465103791.377000
271,1465103785.351000,1465103786.049355,1465103791.051007,1465103791.131000
272,1465103785.352000,1465103786.045797,1465103791.047339,1465103791.126000
273,1465103785.351000,1465103786.343772,1465103791.345630,1465103791.427000
274,1465103785.351000,1465103786.342565,1465103791.344153,1465103791.406000
275,1465103785.352000,1465103786.260149,1465103791.261652,1465103791.355000
276,1465103785.351000,1465103786.056727,1465103791.058173,1465103791.133000
277,1465103785.351000,1465103786.269146,1465103791.270376,1465103791.359000
278,1465103785.352000,1465103786.039271,1465103791.040681,1465103791.128000
279,1465103785.352000,1465103786.379801,1465103791.381215,1465103791.448000
280,1465103785.352000,1465103786.321186,1465103791.322480,1465103791.414000
281,1465103785.352000,1465103786.283298,1465103791.284581,1465103791.372000
282,1465103785.352000,1465103786.335780,1465103791.336971,1465103791.408000
283,1465103785.352000,1465103785.993239,1465103791.009066,1465103791.075000
284,1465103785.352000,1465103786.290819,1465103791.292110,1465103791.359000
285,1465103785.352000,1465103786.266238,1465103791.267453,1465103791.353000
286,1465103785.352000,1465103786.328716,1465103791.329933,1465103791.408000
287,1465103785.352000,1465103786.306669,1465103791.307823,1465103791.379000
288,1465103785.353000,1465103786.321537,1465103791.323230,1465103791.389000
289,1465103785.355000,1465103786.353032,1465103791.354371,1465103791.434000
290,1465103785.360000,1465103786.066814,1465103791.068573,1465103791.154000
291,1465103785.369000,1465103786.315980,1465103791.317392,1465103791.395000
292,1465103785.369000,1465103786.284485,1465103791.285738,1465103791.357000
293,1465103785.369000,1465103786.065737,1465103791.067251,1465103791.152000
294,1465103785.369000,1465103786.009073,1465103791.015035,1465103791.125000
295,1465103785.369000,1465103786.270381,1465103791.271640,1465103791.350000
296,1465103785.378000,1465103786.042266,1465103791.043680,1465103791.153000
297,1465103785.379000,0.000000,0.000000,0.000000
298,1465103785.379000,1465103786.281793,1465103791.283099,1465103791.371000
299,1465103785.379000,1465103786.002076,1465103791.003529,1465103791.092000
300,1465103785.379000,1465103786.074720,1465103791.075998,1465103791.154000
301,1465103785.379000,1465103786.364625,1465103791.365899,1465103791.432000
302,1465103785.379000,1465103785.993444,1465103790.994875,1465103791.095000
303,1465103785.379000,0.000000,0.000000,0.000000
304,1465103785.379000,1465103786.293235,1465103791.301731,1465103791.384000
305,1465103785.379000,1465103786.033569,1465103791.034903,1465103791.120000
306,1465103785.379000,1465103786.037539,1465103791.055253,1465103791.164000
307,1465103785.379000,1465103786.005829,1465103791.007893,1465103791.084000
308,1465103785.379000,1465103786.284968,1465103791.286140,1465103791.394000
309,1465103785.380000,1465103786.316258,1465103791.317525,1465103791.405000
310,1465103785.380000,1465103786.021892,1465103791.023190,1465103791.101000
311,1465103785.380000,1465103786.007423,1465103791.009037,1465103791.084000
312,1465103785.380000,0.000000,0.000000,0.000000
313,1465103785.380000,1465103786.043020,1465103791.051003,1465103791.139000
314,1465103785.380000,1465103786.026528,1465103791.027682,1465103791.110000
315,1465103785.380000,1465103786.044921,1465103791.046244,1465103791.139000
316,1465103785.381000,1465103786.299786,1465103791.300968,1465103791.373000
317,1465103785.381000,1465103786.015035,1465103791.017857,1465103791.098000
318,1465103785.381000,1465103786.022468,1465103791.026649,1465103791.107000
319,1465103785.381000,1465103786.296841,1465103791.303232,1465103791.395000
320,1465103785.381000,0.000000,0.000000,0.000000
321,1465103785.381000,1465103786.003136,1465103791.015164,1465103791.104000
322,1465103785.381000,1465103786.019569,1465103791.021392,1465103791.114000
323,1465103785.381000,1465103786.299376,1465103791.300628,1465103791.388000
324,1465103785.381000,1465103786.350378,1465103791.351686,1465103791.417000
325,1465103785.382000,1465103786.045161,1465103791.046648,1465103791.124000
326,1465103785.382000,1465103786.341937,1465103791.343417,1465103791.404000
327,1465103785.382000,1465103786.026142,1465103791.029517,1465103791.111000
328,1465103785.382000,1465103786.057762,1465103791.059283,1465103791.147000
329,1465103785.382000,1465103786.376690,1465103791.378015,1465103791.445000
330,1465103785.383000,1465103786.047075,1465103791.049183,1465103791.150000
331,1465103785.383000,1465103786.065481,1465103791.068064,1465103791.156000
332,1465103785.383000,1465103786.045647,1465103791.047134,1465103791.129000
333,1465103785.383000,1465103786.349894,1465103791.351058,1465103791.413000
334,1465103785.383000,1465103786.031584,1465103791.032750,1465103791.112000
335,1465103785.383000,1465103786.335050,1465103791.336304,1465103791.402000
336,1465103785.383000,1465103786.008446,1465103791.009757,1465103791.102000
337,1465103785.383000,1465103786.058321,1465103791.059636,1465103791.137000
338,1465103785.384000,1465103786.267960,1465103791.269687,1465103791.349000
339,1465103785.384000,1465103786.278513,1465103791.279790,1465103791.372000
340,1465103785.384000,1465103786.058195,1465103791.059744,1465103791.137000
341,1465103785.384000,1465103786.057757,1465103791.065184,1465103791.144000
342,1465103785.384000,1465103786.332481,1465103791.333825,1465103791.399000
343,1465103785.384000,1465103786.340504,1465103791.342234,1465103791.422000
344,1465103785.384000,1465103785.985579,1465103790.987130,1465103791.073000
345,1465103785.384000,1465103786.066268,1465103791.067479,1465103791.145000
346,1465103785.384000,1465103786.012916,1465103791.014430,1465103791.102000
347,1465103785.384000,1465103786.040456,1465103791.041727,1465103791.126000
348,1465103785.384000,1465103786.073631,1465103791.074872,1465103791.162000
349,1465103785.385000,1465103786.261360,1465103791.262809,1465103791.352000
350,1465103785.386000,1465103785.995829,1465103790.997080,1465103791.106000
351,1465103785.386000,1465103786.019378,1465103791.020699,1465103791.101000
352,1465103785.386000,1465103786.032826,1465103791.051993,1465103791.125000
353,1465103785.386000,1465103786.056308,1465103791.058067,1465103791.150000
354,1465103785.386000,1465103786.052241,1465103791.069264,1465103791.154000
355,1465103785.386000,1465103786.309797,1465103791.311036,1465103791.393000
356,1465103785.386000,1465103786.365177,1465103791.366493,1465103791.438000
357,1465103785.386000,1465103786.016291,1465103791.017713,1465103791.091000
358,1465103785.386000,1465103786.053575,1465103791.055042,1465103791.143000
359,1465103785.387000,1465103786.077478,1465103791.078921,1465103791.157000
360,1465103785.387000,1465103786.304969,1465103791.306290,1465103791.394000
361,1465103785.387000,1465103786.064056,1465103791.065500,1465103791.145000
362,1465103785.387000,1465103786.335674,1465103791.336946,1465103791.416000
363,1465103785.387000,1465103786.284293,1465103791.285517,1465103791.367000
364,1465103785.387000,1465103786.371874,1465103791.373168,1465103791.454000
365,1465103785.387000,1465103786.328397,1465103791.329967,1465103791.419000
366,1465103785.387000,1465103786.055483,1465103791.056702,1465103791.142000
367,1465103785.387000,1465103786.067900,1465103791.074331,1465103791.153000
368,1465103785.388000,1465103786.073843,1465103791.075326,1465103791.153000
369,1465103785.388000,1465103786.037112,1465103791.038308,1465103791.133000
370,1465103785.388000,1465103786.049908,1465103791.051290,1465103791.121000
371,1465103785.388000,1465103786.060473,1465103791.068027,1465103791.156000
372,1465103785.388000,1465103786.013222,1465103791.014563,1465103791.103000
373,1465103785.388000,1465103786.281526,1465103791.282716,1465103791.391000
374,1465103785.388000,1465103786.006140,1465103791.007293,1465103791.084000
375,1465103785.389000,1465103786.062386,1465103791.063794,1465103791.156000
376,1465103785.389000,1465103786.039786,1465103791.041148,1465103791.121000
377,1465103785.389000,1465103786.343941,1465103791.345637,1465103791.427000
378,1465103785.389000,1465103786.056466,1465103791.058039,1465103791.150000
379,1465103785.390000,1465103786.061760,1465103791.063048,1465103791.151000
380,1465103785.390000,1465103786.047889,1465103791.049745,1465103791.150000
381,1465103785.390000,1465103786.064714,1465103791.066639,1465103791.148000
382,1465103785.390000,1465103786.082261,1465103791.083427,1465103791.165000
383,1465103785.390000,1465103786.017725,1465103791.019020,1465103791.098000
384,1465103785.390000,1465103786.001330,1465103791.002576,1465103791.084000
385,1465103785.391000,1465103786.001475,1465103791.002700,1465103791.111000
386,1465103785.391000,1465103786.062354,1465103791.063638,1465103791.158000
387,1465103785.391000,1465103786.027685,1465103791.040448,1465103791.116000
388,1465103785.391000,1465103786.049996,1465103791.054839,1465103791.132000
389,1465103785.391000,1465103786.367088,1465103791.368254,1465103791.439000
390,1465103785.391000,1465103786.071243,1465103791.072832,1465103791.146000
391,1465103785.391000,1465103786.016440,1465103791.018234,1465103791.101000
392,1465103785.392000,1465103786.007479,1465103791.008788,1465103791.097000
393,1465103785.392000,1465103786.312250,1465103791.313516,1465103791.380000
394,1465103785.392000,1465103786.005829,1465103791.007221,1465103791.108000
395,1465103785.392000,1465103786.050089,1465103791.052006,1465103791.144000
396,1465103785.392000,1465103786.032757,1465103791.034854,1465103791.112000
397,1465103785.393000,1465103786.008432,1465103791.009731,1465103791.088000
398,1465103785.393000,1465103786.027607,1465103791.028863,1465103791.106000
399,1465103785.393000,1465103786.345675,1465103791.360448,1465103791.436000
400,1465103785.394000,1465103786.038680,1465103791.039913,1465103791.119000
401,1465103785.394000,1465103786.032080,1465103791.035042,1465103791.113000
402,1465103785.394000,1465103786.038199,1465103791.039478,1465103791.116000
403,1465103785.394000,1465103786.049474,1465103791.054229,1465103791.132000
404,1465103785.394000,1465103786.061957,1465103791.063217,1465103791.144000
405,1465103785.394000,1465103786.040025,1465103791.041480,1465103791.129000
406,1465103785.394000,1465103786.016369,1465103791.037488,1465103791.114000
407,1465103785.394000,1465103786.017302,1465103791.018616,1465103791.127000
408,1465103785.395000,0.000000,0.000000,0.000000
409,1465103785.395000,1465103786.046537,1465103791.048021,1465103791.136000
410,1465103785.395000,1465103786.067201,1465103791.073626,1465103791.154000
411,1465103785.396000,1465103786.044475,1465103791.045657,1465103791.132000
412,1465103785.396000,0.000000,0.000000,0.000000
413,1465103785.396000,1465103786.006806,1465103791.008059,1465103791.099000
414,1465103785.396000,1465103786.297031,1465103791.298350,1465103791.376000
415,1465103785.396000,1465103786.067311,1465103791.068495,1465103791.146000
416,1465103785.396000,1465103786.017804,1465103791.019018,1465103791.120000
417,1465103785.396000,1465103786.334444,1465103791.335820,1465103791.413000
418,1465103785.396000,1465103786.057758,1465103791.066991,1465103791.155000
419,1465103785.396000,1465103786.078202,1465103791.086315,1465103791.168000
420,1465103785.396000,1465103786.053837,1465103791.056235,1465103791.137000
421,1465103785.396000,1465103786.029651,1465103791.030990,1465103791.111000
422,1465103785.397000,1465103786.031608,1465103791.032967,1465103791.142000
423,1465103785.397000,1465103786.069120,1465103791.070557,1465103791.153000
424,1465103785.397000,1465103786.034234,1465103791.035649,1465103791.115000
425,1465103785.397000,1465103786.006560,1465103791.008478,1465103791.105000
426,1465103785.397000,1465103786.065738,1465103791.067047,1465103791.142000
427,1465103785.397000,1465103786.084564,1465103791.085764,1465103791.162000
428,1465103785.398000,1465103786.271524,1465103791.272780,1465103791.365000
429,1465103785.398000,1465103786.016188,1465103791.017730,1465103791.104000
430,1465103785.398000,1465103786.334421,1465103791.349319,1465103791.415000
431,1465103785.398000,1465103786.371423,1465103791.372586,1465103791.443000
432,1465103785.398000,1465103786.005050,1465103791.006446,1465103791.106000
433,1465103785.398000,1465103786.284949,1465103791.286209,1465103791.374000
434,1465103785.399000,1465103786.067940,1465103791.069310,1465103791.149000
435,1465103785.399000,0.000000,0.000000,0.000000
436,1465103785.399000,1465103786.317630,1465103791.318781,1465103791.389000
437,1465103785.399000,1465103786.099757,1465103791.101867,1465103791.175000
438,1465103785.399000,1465103786.036738,1465103791.038167,1465103791.123000
439,1465103785.399000,1465103786.063033,1465103791.064697,1465103791.142000
440,1465103785.400000,1465103786.035738,1465103791.037210,1465103791.138000
441,1465103785.400000,1465103786.019449,1465103791.021126,1465103791.097000
442,1465103785.400000,1465103786.066357,1465103791.068730,1465103791.146000
443,1465103785.400000,1465103786.348650,1465103791.350034,1465103791.416000
444,1465103785.400000,1465103786.341508,1465103791.342821,1465103791.435000
445,1465103785.400000,1465103785.981741,1465103790.982980,1465103791.084000
446,1465103785.400000,1465103786.013879,1465103791.015145,1465103791.107000
447,1465103785.400000,1465103786.012122,1465103791.013558,1465103791.093000
448,1465103785.400000,1465103786.299299,1465103791.300487,1465103791.361000
449,1465103785.400000,1465103786.046563,1465103791.048000,1465103791.127000
450,1465103785.400000,1465103786.009773,1465103791.011418,1465103791.120000
451,1465103785.400000,1465103786.313320,1465103791.314849,1465103791.403000
452,1465103785.400000,1465103786.071144,1465103791.072534,1465103791.165000
453,1465103785.400000,1465103786.077436,1465103791.078783,1465103791.158000
454,1465103785.401000,1465103786.070767,1465103791.072010,1465103791.152000
455,1465103785.401000,1465103786.032451,1465103791.033728,1465103791.128000
456,1465103785.401000,1465103786.083713,1465103791.085290,1465103791.163000
457,1465103785.402000,1465103786.068261,1465103791.069437,1465103791.166000
458,1465103785.402000,1465103786.087753,1465103791.108882,1465103791.194000
459,1465103785.402000,1465103786.057229,1465103791.060018,1465103791.137000
460,1465103785.402000,1465103786.051320,1465103791.052682,1465103791.134000
461,1465103785.402000,1465103786.031385,1465103791.033572,1465103791.112000
462,1465103785.402000,1465103786.045050,1465103791.046295,1465103791.123000
463,1465103785.402000,1465103786.065974,1465103791.067877,1465103791.146000
464,1465103785.402000,1465103786.039693,1465103791.040956,1465103791.117000
465,1465103785.403000,1465103786.060978,1465103791.077562,1465103791.154000
466,1465103785.403000,1465103786.047747,1465103791.054158,1465103791.132000
467,1465103785.403000,1465103786.046129,1465103791.054169,1465103791.135000
468,1465103785.403000,1465103786.055847,1465103791.058230,1465103791.155000
469,1465103785.404000,1465103786.077978,1465103791.079204,1465103791.156000
470,1465103785.404000,1465103786.054807,1465103791.056490,1465103791.137000
471,1465103785.404000,1465103786.021998,1465103791.023773,1465103791.112000
472,1465103785.404000,1465103786.062618,1465103791.064252,1465103791.151000
473,1465103785.404000,1465103786.066535,1465103791.087138,1465103791.166000
474,1465103785.404000,1465103786.324977,1465103791.326232,1465103791.416000
475,1465103785.404000,1465103786.053313,1465103791.055257,1465103791.143000
476,1465103785.404000,1465103786.064060,1465103791.065312,1465103791.137000
477,1465103785.404000,1465103786.064021,1465103791.065305,1465103791.159000
478,1465103785.404000,1465103786.069951,1465103791.071269,1465103791.153000
479,1465103785.404000,1465103786.063847,1465103791.065681,1465103791.154000
480,1465103785.405000,1465103786.059648,1465103791.061492,1465103791.137000
481,1465103785.405000,1465103786.076551,1465103791.078000,1465103791.149000
482,1465103785.405000,1465103786.082648,1465103791.083937,1465103791.163000
483,1465103785.406000,1465103786.056878,1465103791.058191,1465103791.140000
484,1465103785.406000,1465103786.022551,1465103791.023904,1465103791.104000
485,1465103785.406000,1465103786.056239,1465103791.057468,1465103791.137000
486,1465103785.406000,1465103786.105626,1465103791.106911,1465103791.174000
487,1465103785.406000,1465103786.064517,1465103791.066204,1465103791.153000
488,1465103785.406000,1465103786.049832,1465103791.051857,1465103791.144000
489,1465103785.406000,1465103786.083189,1465103791.084499,1465103791.151000
490,1465103785.406000,1465103786.074425,1465103791.075745,1465103791.154000
491,1465103785.406000,1465103786.017829,1465103791.019839,1465103791.096000
492,1465103785.407000,1465103786.056489,1465103791.058204,1465103791.147000
493,1465103785.407000,1465103786.075109,1465103791.076717,1465103791.158000
494,1465103785.407000,1465103786.048740,1465103791.049909,1465103791.143000
495,1465103785.407000,1465103786.334253,1465103791.343520,1465103791.436000
496,1465103785.407000,1465103786.164669,1465103791.166106,1465103791.262000
497,1465103785.407000,1465103786.063048,1465103791.074824,1465103791.152000
498,1465103785.407000,1465103786.068207,1465103791.069518,1465103791.158000
499,1465103785.407000,1465103786.151787,1465103791.153088,1465103791.214000
500,1465103785.407000,1465103786.047187,1465103791.048625,1465103791.157000
501,1465103785.407000,1465103786.079976,1465103791.081223,1465103791.160000
502,1465103785.407000,1465103786.056746,1465103791.058706,1465103791.155000
503,1465103785.407000,1465103786.217652,1465103791.218902,1465103791.292000
504,1465103785.407000,1465103786.199201,1465103791.200451,1465103791.289000
505,1465103785.407000,1465103786.134682,1465103791.135932,1465103791.213000
506,1465103785.407000,1465103785.993617,1465103790.994959,1465103791.075000
507,1465103785.407000,1465103786.112008,1465103791.114313,1465103791.181000
508,1465103785.407000,1465103786.065089,1465103791.066282,1465103791.175000
509,1465103785.407000,1465103786.218550,1465103791.219845,1465103791.300000
510,1465103785.407000,1465103786.086901,1465103791.088490,1465103791.161000
511,1465103785.407000,1465103786.212042,1465103791.213571,1465103791.294000
512,1465103785.407000,1465103786.083993,1465103791.085517,1465103791.153000
513,1465103785.408000,1465103786.072350,1465103791.073609,1465103791.174000
514,1465103785.408000,1465103786.086852,1465103791.103314,1465103791.173000
515,1465103785.408000,1465103786.131317,1465103791.132487,1465103791.221000
516,1465103785.408000,1465103786.031191,1465103791.032409,1465103791.110000
517,1465103785.408000,1465103786.017721,1465103791.018971,1465103791.107000
518,1465103785.408000,1465103786.064199,1465103791.074908,1465103791.152000
519,1465103785.408000,1465103786.033264,1465103791.034515,1465103791.111000
520,1465103785.408000,1465103786.088458,1465103791.089886,1465103791.178000
521,1465103785.408000,1465103786.085328,1465103791.086601,1465103791.165000
522,1465103785.408000,1465103786.047151,1465103791.048602,1465103791.134000
523,1465103785.408000,1465103786.071891,1465103791.073378,1465103791.135000
524,1465103785.408000,1465103786.069098,1465103791.070415,1465103791.143000
525,1465103785.408000,1465103786.200626,1465103791.218230,1465103791.298000
526,1465103785.408000,1465103786.052648,1465103791.069497,1465103791.156000
527,1465103785.408000,1465103786.229241,1465103791.230534,1465103791.309000
528,1465103785.408000,1465103786.049867,1465103791.051230,1465103791.152000
529,1465103785.408000,1465103786.080137,1465103791.081394,1465103791.170000
530,1465103785.408000,1465103786.057865,1465103791.059068,1465103791.140000
531,1465103785.408000,1465103786.073176,1465103791.074550,1465103791.148000
532,1465103785.408000,1465103786.065696,1465103791.068221,1465103791.156000
533,1465103785.408000,1465103786.064517,1465103791.066272,1465103791.153000
534,1465103785.408000,1465103786.051581,1465103791.054309,1465103791.131000
535,1465103785.408000,1465103786.171186,1465103791.172907,1465103791.249000
536,1465103785.408000,1465103786.140671,1465103791.141933,1465103791.238000
537,1465103785.408000,1465103786.069174,1465103791.070695,1465103791.165000
538,1465103785.408000,1465103786.078973,1465103791.080679,1465103791.163000
539,1465103785.408000,1465103786.081917,1465103791.083997,1465103791.178000
540,1465103785.409000,1465103786.137779,1465103791.139508,1465103791.218000
541,1465103785.409000,1465103786.085782,1465103791.087082,1465103791.166000
542,1465103785.409000,1465103786.057644,1465103791.059592,1465103791.140000
543,1465103785.409000,1465103786.071426,1465103791.072784,1465103791.159000
544,1465103785.409000,1465103786.074393,1465103791.075738,1465103791.161000
545,1465103785.409000,1465103786.099017,1465103791.100262,1465103791.197000
546,1465103785.409000,1465103786.154898,1465103791.156304,1465103791.232000
547,1465103785.409000,1465103786.066061,1465103791.067326,1465103791.148000
548,1465103785.409000,1465103786.090999,1465103791.092540,1465103791.170000
549,1465103785.409000,1465103786.140898,1465103791.143660,1465103791.222000
550,1465103785.409000,1465103786.072538,1465103791.074104,1465103791.162000
551,1465103785.409000,1465103786.221255,1465103791.222778,1465103791.310000
552,1465103785.409000,1465103786.094889,1465103791.096189,1465103791.166000
553,1465103785.409000,1465103786.097908,1465103791.099237,1465103791.166000
554,1465103785.409000,1465103786.063311,1465103791.075548,1465103791.152000
555,1465103785.409000,1465103786.074579,1465103791.075876,1465103791.161000
556,1465103785.409000,1465103786.057980,1465103791.059756,1465103791.148000
557,1465103785.409000,1465103786.101046,1465103791.102268,1465103791.180000
558,1465103785.409000,1465103786.082506,1465103791.086005,1465103791.165000
559,1465103785.409000,1465103786.157240,1465103791.158733,1465103791.244000
560,1465103785.409000,1465103786.193278,1465103791.194573,1465103791.272000
561,1465103785.409000,1465103786.075797,1465103791.077161,1465103791.155000
562,1465103785.409000,1465103786.151031,1465103791.152370,1465103791.226000
563,1465103785.409000,1465103786.025478,1465103791.026935,1465103791.103000
564,1465103785.409000,1465103786.072009,1465103791.073168,1465103791.150000
565,1465103785.409000,1465103786.112110,1465103791.114659,1465103791.195000
566,1465103785.409000,1465103786.053429,1465103791.055119,1465103791.142000
567,1465103785.410000,1465103786.112797,1465103791.114354,1465103791.195000
568,1465103785.410000,1465103786.237854,1465103791.239088,1465103791.319000
569,1465103785.410000,1465103786.051766,1465103791.053481,1465103791.131000
570,1465103785.410000,1465103786.028127,1465103791.029317,1465103791.115000
571,1465103785.410000,1465103786.091754,1465103791.093202,1465103791.172000
572,1465103785.410000,1465103786.141233,1465103791.143027,1465103791.221000
573,1465103785.410000,1465103786.165443,1465103791.166613,1465103791.237000
574,1465103785.410000,1465103786.077348,1465103791.087516,1465103791.166000
575,1465103785.410000,1465103786.042480,1465103791.043674,1465103791.120000
576,1465103785.410000,1465103786.344825,1465103791.346001,1465103791.412000
577,1465103785.410000,1465103786.060870,1465103791.062221,1465103791.142000
578,1465103785.410000,1465103786.064066,1465103791.069608,1465103791.157000
579,1465103785.410000,1465103786.187822,1465103791.189087,1465103791.274000
580,1465103785.410000,1465103786.066199,1465103791.067437,1465103791.145000
581,1465103785.410000,1465103786.098835,1465103791.114254,1465103791.191000
582,1465103785.410000,1465103786.187191,1465103791.188519,1465103791.267000
583,1465103785.410000,1465103786.091669,1465103791.105252,1465103791.183000
584,1465103785.410000,1465103786.080060,1465103791.085989,1465103791.166000
585,1465103785.410000,1465103786.027793,1465103791.029207,1465103791.109000
586,1465103785.410000,1465103786.083477,1465103791.085183,1465103791.179000
587,1465103785.410000,1465103786.074924,1465103791.077103,1465103791.156000
588,1465103785.410000,1465103786.063768,1465103791.065375,1465103791.142000
589,1465103785.410000,1465103786.085897,1465103791.087543,1465103791.181000
590,1465103785.410000,1465103786.084800,1465103791.087908,1465103791.181000
591,1465103785.410000,1465103786.019828,1465103791.021325,1465103791.114000
592,1465103785.410000,1465103786.193066,1465103791.194407,1465103791.256000
593,1465103785.410000,1465103786.164067,1465103791.165260,1465103791.243000
594,1465103785.411000,1465103786.025725,1465103791.026946,1465103791.136000
595,1465103785.411000,1465103786.001076,1465103791.003146,1465103791.091000
596,1465103785.411000,1465103786.134794,1465103791.135964,1465103791.213000
597,1465103785.411000,1465103786.078634,1465103791.079930,1465103791.165000
598,1465103785.411000,1465103786.179060,1465103791.181232,1465103791.251000
599,1465103785.411000,1465103786.154590,1465103791.156708,1465103791.246000
600,1465103785.411000,1465103786.157471,1465103791.158744,1465103791.244000
601,1465103785.411000,1465103786.088201,1465103791.089476,1465103791.164000
602,1465103785.411000,1465103786.043004,1465103791.044283,1465103791.137000
603,1465103785.411000,1465103786.031070,1465103791.032555,1465103791.127000
604,1465103785.411000,1465103786.211039,1465103791.213172,1465103791.298000
605,1465103785.411000,1465103786.067754,1465103791.069090,1465103791.163000
606,1465103785.411000,1465103786.167658,1465103791.168968,1465103791.260000
607,1465103785.411000,1465103786.112053,1465103791.113307,1465103791.199000
608,1465103785.411000,1465103786.214031,1465103791.215293,1465103791.281000
609,1465103785.411000,1465103786.049483,1465103791.057339,1465103791.133000
610,1465103785.411000,1465103786.007961,1465103791.009276,1465103791.089000
611,1465103785.411000,1465103786.142783,1465103791.144214,1465103791.236000
612,1465103785.411000,1465103786.044516,1465103791.046314,1465103791.134000
613,1465103785.411000,1465103786.090064,1465103791.091333,1465103791.177000
614,1465103785.411000,1465103786.073477,1465103791.074911,1465103791.162000
615,1465103785.411000,1465103786.035259,1465103791.036397,1465103791.145000
616,1465103785.411000,1465103786.069839,1465103791.071025,1465103791.151000
617,1465103785.411000,1465103786.097279,1465103791.098500,1465103791.168000
618,1465103785.412000,1465103786.046718,1465103791.048107,1465103791.129000
619,1465103785.412000,1465103786.137528,1465103791.139754,1465103791.218000
620,1465103785.412000,1465103786.054259,1465103791.055435,1465103791.126000
621,1465103785.412000,1465103786.090033,1465103791.091399,1465103791.180000
622,1465103785.412000,1465103786.074874,1465103791.076043,1465103791.163000
623,1465103785.412000,1465103786.112526,1465103791.129895,1465103791.196000
624,1465103785.412000,1465103786.164370,1465103791.165713,1465103791.242000
625,1465103785.412000,1465103786.061779,1465103791.071070,1465103791.159000
626,1465103785.412000,1465103786.520445,1465103791.521839,1465103791.588000
627,1465103785.412000,1465103786.107265,1465103791.108483,1465103791.205000
628,1465103785.412000,1465103786.103261,1465103791.104423,1465103791.181000
629,1465103785.412000,1465103786.085715,1465103791.087343,1465103791.182000
630,1465103785.412000,1465103786.174712,1465103791.176096,1465103791.264000
631,1465103785.412000,1465103786.208856,1465103791.210370,1465103791.271000
632,1465103785.412000,1465103786.016532,1465103791.017959,1465103791.105000
633,1465103785.412000,1465103786.079716,1465103791.081066,1465103791.142000
634,1465103785.412000,1465103786.066546,1465103791.068224,1465103791.145000
635,1465103785.412000,1465103786.037641,1465103791.038943,1465103791.139000
636,1465103785.412000,1465103786.145997,1465103791.147293,1465103791.218000
637,1465103785.412000,1465103786.083426,1465103791.084847,1465103791.155000
638,1465103785.412000,1465103786.075157,1465103791.076797,1465103791.158000
639,1465103785.412000,1465103786.037163,1465103791.038586,1465103791.113000
640,1465103785.412000,1465103786.048509,1465103791.049670,1465103791.136000
641,1465103785.412000,1465103786.096857,1465103791.098092,1465103791.177000
642,1465103785.412000,1465103786.080541,1465103791.081831,1465103791.152000
643,1465103785.413000,1465103786.075012,1465103791.076183,1465103791.152000
644,1465103785.413000,1465103786.064283,1465103791.066392,1465103791.148000
645,1465103785.413000,1465103786.066146,1465103791.067551,1465103791.149000
646,1465103785.413000,1465103786.131099,1465103791.132495,1465103791.214000
647,1465103785.413000,1465103786.101309,1465103791.102672,1465103791.164000
648,1465103785.413000,1465103786.130089,1465103791.131445,1465103791.209000
649,1465103785.413000,1465103786.069994,1465103791.071279,1465103791.149000
650,1465103785.413000,1465103786.059357,1465103791.060978,1465103791.140000
651,1465103785.413000,1465103786.127486,1465103791.129141,1465103791.218000
652,1465103785.413000,1465103786.113470,1465103791.114975,1465103791.192000
653,1465103785.413000,1465103786.054477,1465103791.056145,1465103791.138000
654,1465103785.413000,1465103786.071909,1465103791.073211,1465103791.161000
655,1465103785.413000,1465103786.097973,1465103791.099135,1465103791.176000
656,1465103785.414000,1465103786.057806,1465103791.059134,1465103791.159000
657,1465103785.413000,1465103786.085738,1465103791.087424,1465103791.175000
658,1465103785.414000,1465103786.155512,1465103791.168998,1465103791.235000
659,1465103785.414000,1465103786.076805,1465103791.078046,1465103791.164000
660,1465103785.414000,1465103786.021365,1465103791.034261,1465103791.123000
661,1465103785.414000,1465103786.065417,1465103791.070419,1465103791.159000
662,1465103785.414000,1465103786.211023,1465103791.212710,1465103791.297000
663,1465103785.414000,1465103786.054276,1465103791.055577,1465103791.156000
664,1465103785.414000,1465103786.105770,1465103791.107091,1465103791.185000
665,1465103785.414000,1465103786.114295,1465103791.115500,1465103791.201000
666,1465103785.414000,1465103786.045063,1465103791.046441,1465103791.116000
667,1465103785.414000,1465103786.153816,1465103791.155043,1465103791.242000
668,1465103785.414000,1465103786.077454,1465103791.078861,1465103791.149000
669,1465103785.414000,1465103786.044770,1465103791.046564,1465103791.134000
670,1465103785.414000,1465103786.193880,1465103791.195217,1465103791.256000
671,1465103785.414000,1465103786.034589,1465103791.036254,1465103791.111000
672,1465103785.414000,1465103786.091464,1465103791.092731,1465103791.178000
673,1465103785.414000,1465103786.522891,1465103791.524166,1465103791.590000
674,1465103785.414000,1465103786.055906,1465103791.067297,1465103791.148000
675,1465103785.414000,1465103786.092812,1465103791.094393,1465103791.171000
676,1465103785.414000,1465103786.070011,1465103791.071326,1465103791.156000
677,1465103785.414000,1465103786.087581,1465103791.088921,1465103791.177000
678,1465103785.414000,1465103786.098840,1465103791.100403,1465103791.178000
679,1465103785.414000,1465103786.182927,1465103791.184160,1465103791.251000
680,1465103785.414000,1465103786.083499,1465103791.085486,1465103791.163000
681,1465103785.414000,1465103786.119546,1465103791.132162,1465103791.205000
682,1465103785.414000,1465103786.116279,1465103791.117495,1465103791.194000
683,1465103785.415000,1465103786.100213,1465103791.101435,1465103791.167000
684,1465103785.415000,1465103786.103028,1465103791.104245,1465103791.166000
685,1465103785.415000,1465103786.046449,1465103791.066389,1465103791.146000
686,1465103785.415000,1465103786.092866,1465103791.094091,1465103791.174000
687,1465103785.415000,1465103786.180726,1465103791.181910,1465103791.278000
688,1465103785.415000,1465103786.025463,1465103791.026783,1465103791.128000
689,1465103785.415000,1465103786.138662,1465103791.139849,1465103791.228000
690,1465103785.415000,1465103786.081653,1465103791.082980,1465103791.169000
691,1465103785.415000,1465103786.228467,1465103791.230024,1465103791.297000
692,1465103785.415000,1465103786.170429,1465103791.171622,1465103791.258000
693,1465103785.415000,1465103786.076666,1465103791.087732,1465103791.166000
694,1465103785.415000,1465103786.105376,1465103791.106719,1465103791.192000
695,1465103785.415000,1465103786.194165,1465103791.195323,1465103791.262000
696,1465103785.415000,1465103786.061061,1465103791.068430,1465103791.157000
697,1465103785.415000,1465103786.152136,1465103791.158202,1465103791.248000
698,1465103785.415000,1465103786.098202,1465103791.099479,1465103791.182000
699,1465103785.415000,1465103786.086938,1465103791.103084,1465103791.195000
700,1465103785.415000,1465103786.188853,1465103791.190138,1465103791.276000
701,1465103785.415000,1465103786.113104,1465103791.114305,1465103791.211000
702,1465103785.415000,1465103786.053334,1465103791.055137,1465103791.131000
703,1465103785.415000,1465103786.009959,1465103791.011249,1465103791.104000
704,1465103785.415000,1465103786.224224,1465103791.226227,1465103791.320000
705,1465103785.415000,1465103786.088474,1465103791.089837,1465103791.168000
706,1465103785.416000,1465103786.095996,1465103791.097436,1465103791.174000
707,1465103785.417000,1465103786.155691,1465103791.158595,1465103791.247000
708,1465103785.423000,1465103786.090341,1465103791.091580,1465103791.188000
709,1465103785.430000,1465103786.085608,1465103791.087263,1465103791.170000
710,1465103785.458000,1465103786.152430,1465103791.153776,1465103791.239000
711,1465103785.463000,1465103786.141232,1465103791.142396,1465103791.236000
712,1465103785.463000,1465103786.248071,1465103791.257452,1465103791.333000
713,1465103785.465000,1465103786.118762,1465103791.120003,1465103791.198000
714,1465103785.466000,1465103786.122821,1465103791.124089,1465103791.210000
715,1465103785.466000,1465103786.172749,1465103791.173995,1465103791.247000
716,1465103785.466000,1465103786.101800,1465103791.102987,1465103791.187000
717,1465103785.466000,1465103786.156584,1465103791.158361,1465103791.244000
718,1465103785.466000,1465103786.170480,1465103791.171721,1465103791.251000
719,1465103785.466000,1465103786.156396,1465103791.157837,1465103791.247000
720,1465103785.466000,1465103786.181311,1465103791.190141,1465103791.257000
721,1465103785.466000,1465103786.086219,1465103791.088467,1465103791.167000
722,1465103785.466000,1465103786.088531,1465103791.089721,1465103791.178000
723,1465103785.466000,1465103786.133294,1465103791.134553,1465103791.216000
724,1465103785.466000,1465103786.167750,1465103791.169253,1465103791.257000
725,1465103785.466000,1465103786.126524,1465103791.127887,1465103791.214000
726,1465103785.466000,1465103786.233039,1465103791.234360,1465103791.308000
727,1465103785.466000,1465103786.123478,1465103791.124848,1465103791.209000
728,1465103785.466000,1465103786.082931,1465103791.084125,1465103791.171000
729,1465103785.466000,1465103786.514680,1465103791.520347,1465103791.596000
730,1465103785.466000,1465103786.515375,1465103791.534176,1465103791.613000
731,1465103785.467000,1465103786.116176,1465103791.117344,1465103791.185000
732,1465103785.467000,1465103786.153235,1465103791.154539,1465103791.236000
733,1465103785.468000,1465103786.180812,1465103791.182078,1465103791.270000
734,1465103785.468000,1465103786.480220,1465103791.481765,1465103791.561000
735,1465103785.468000,1465103786.178837,1465103791.180100,1465103791.269000
736,1465103785.468000,1465103786.539187,1465103791.540399,1465103791.627000
737,1465103785.468000,1465103786.155159,1465103791.164016,1465103791.249000
738,1465103785.468000,1465103786.141711,1465103791.142953,1465103791.229000
739,1465103785.468000,1465103786.100249,1465103791.111984,1465103791.185000
740,1465103785.468000,1465103786.181616,1465103791.183113,1465103791.251000
741,1465103785.468000,1465103786.120136,1465103791.121367,1465103791.206000
742,1465103785.468000,1465103786.202936,1465103791.204176,1465103791.285000
743,1465103785.468000,1465103786.085203,1465103791.086465,1465103791.183000
744,1465103785.468000,1465103786.157444,1465103791.158681,1465103791.228000
745,1465103785.469000,1465103786.204012,1465103791.205335,1465103791.276000
746,1465103785.469000,1465103786.178650,1465103791.181018,1465103791.251000
747,1465103785.469000,1465103786.200344,1465103791.201537,1465103791.286000
748,1465103785.470000,1465103786.208282,1465103791.210038,1465103791.271000
749,1465103785.470000,1465103786.227471,1465103791.230011,1465103791.296000
750,1465103785.470000,1465103786.206067,1465103791.207262,1465103791.287000
751,1465103785.470000,1465103786.224930,1465103791.226407,1465103791.318000
752,1465103785.470000,1465103786.168203,1465103791.169451,1465103791.257000
753,1465103785.470000,1465103786.178341,1465103791.179608,1465103791.264000
754,1465103785.470000,1465103786.240709,1465103791.242070,1465103791.321000
755,1465103785.471000,1465103786.155694,1465103791.159387,1465103791.244000
756,1465103785.471000,1465103786.110446,1465103791.111774,1465103791.198000
757,1465103785.471000,1465103786.200653,1465103791.202409,1465103791.277000
758,1465103785.471000,1465103786.199379,1465103791.200562,1465103791.262000
759,1465103785.471000,1465103786.197538,1465103791.199053,1465103791.279000
760,1465103785.471000,1465103786.187990,1465103791.190918,1465103791.279000
761,1465103785.472000,1465103786.206085,1465103791.207373,1465103791.288000
762,1465103785.472000,1465103786.106535,1465103791.107853,1465103791.193000
763,1465103785.472000,1465103786.186917,1465103791.188125,1465103791.276000
764,1465103785.472000,1465103786.240911,1465103791.242172,1465103791.327000
765,1465103785.472000,1465103786.146520,1465103791.147698,1465103791.226000
766,1465103785.472000,1465103786.217613,1465103791.219102,1465103791.300000
767,1465103785.472000,1465103786.177363,1465103791.178663,1465103791.251000
768,1465103785.472000,1465103786.139368,1465103791.140852,1465103791.229000
769,1465103785.472000,1465103786.172252,1465103791.173381,1465103791.258000
770,1465103785.473000,1465103786.535225,1465103791.536792,1465103791.618000
771,1465103785.473000,1465103786.189982,1465103791.191243,1465103791.257000
772,1465103785.473000,1465103786.138918,1465103791.140161,1465103791.218000
773,1465103785.473000,1465103786.215502,1465103791.216669,1465103791.283000
774,1465103785.473000,1465103786.196948,1465103791.198188,1465103791.285000
775,1465103785.473000,1465103786.162996,1465103791.164290,1465103791.243000
776,1465103785.473000,1465103786.190167,1465103791.191333,1465103791.270000
777,1465103785.473000,1465103786.090992,1465103791.092350,1465103791.163000
778,1465103785.473000,1465103786.191153,1465103791.192295,1465103791.286000
779,1465103785.474000,1465103786.210578,1465103791.212426,1465103791.293000
780,1465103785.474000,1465103786.128907,1465103791.130100,1465103791.216000
781,1465103785.475000,1465103786.196964,1465103791.198825,1465103791.287000
782,1465103785.475000,1465103786.190537,1465103791.192039,1465103791.253000
783,1465103785.475000,1465103786.111755,1465103791.125486,1465103791.211000
784,1465103785.475000,1465103786.277316,1465103791.278508,1465103791.340000
785,1465103785.476000,1465103786.201306,1465103791.202607,1465103791.290000
786,1465103785.476000,1465103786.170351,1465103791.171659,1465103791.256000
787,1465103785.476000,1465103786.171370,1465103791.172711,1465103791.261000
788,1465103785.476000,1465103786.198542,1465103791.199906,1465103791.285000
789,1465103785.476000,1465103786.238183,1465103791.239427,1465103791.320000
790,1465103785.476000,1465103786.116684,1465103791.123642,1465103791.202000
791,1465103785.477000,1465103786.205140,1465103791.206435,1465103791.294000
792,1465103785.477000,1465103786.151541,1465103791.152861,1465103791.249000
793,1465103785.476000,1465103786.100379,1465103791.101665,1465103791.202000
794,1465103785.477000,1465103786.082410,1465103791.083906,1465103791.179000
795,1465103785.477000,1465103786.235184,1465103791.241212,1465103791.303000
796,1465103785.477000,1465103786.145430,1465103791.146746,1465103791.227000
797,1465103785.477000,1465103786.526047,1465103791.527224,1465103791.598000
798,1465103785.477000,1465103786.225905,1465103791.227146,1465103791.316000
799,1465103785.478000,1465103786.230030,1465103791.231316,1465103791.310000
800,1465103785.478000,1465103786.095425,1465103791.096721,1465103791.197000
801,1465103785.479000,1465103786.159069,1465103791.160294,1465103791.249000
802,1465103785.479000,1465103786.198672,1465103791.199929,1465103791.279000
803,1465103785.479000,1465103786.140237,1465103791.142666,1465103791.220000
804,1465103785.479000,1465103786.227103,1465103791.228344,1465103791.309000
805,1465103785.479000,1465103786.194687,1465103791.196054,1465103791.273000
806,1465103785.480000,1465103786.524224,1465103791.525599,1465103791.605000
807,1465103785.480000,1465103786.234740,1465103791.236291,1465103791.315000
808,1465103785.480000,1465103786.227663,1465103791.229344,1465103791.295000
809,1465103785.480000,1465103786.200460,1465103791.201789,1465103791.282000
810,1465103785.480000,1465103786.523398,1465103791.524686,1465103791.605000
811,1465103785.480000,1465103786.229396,1465103791.230654,1465103791.292000
812,1465103785.480000,1465103786.246179,1465103791.247364,1465103791.325000
813,1465103785.481000,1465103786.249877,1465103791.251167,1465103791.317000
814,1465103785.481000,1465103786.231757,1465103791.233138,1465103791.295000
815,1465103785.481000,1465103786.212899,1465103791.230316,1465103791.312000
816,1465103785.482000,1465103786.445921,1465103791.447337,1465103791.556000
817,1465103785.482000,1465103786.455776,1465103791.456972,1465103791.528000
818,1465103785.482000,1465103786.118881,1465103791.120377,1465103791.209000
819,1465103785.483000,1465103786.107424,1465103791.108981,1465103791.197000
820,1465103785.483000,1465103786.240949,1465103791.242285,1465103791.320000
821,1465103785.483000,1465103786.246147,1465103791.247402,1465103791.328000
822,1465103785.483000,1465103786.532671,1465103791.533858,1465103791.600000
823,1465103785.483000,1465103786.227269,1465103791.229317,1465103791.310000
824,1465103785.484000,1465103786.232378,1465103791.233599,1465103791.312000
825,1465103785.484000,1465103786.241143,1465103791.242488,1465103791.328000
826,1465103785.485000,1465103786.203860,1465103791.224051,1465103791.309000
827,1465103785.485000,1465103786.485174,1465103791.486496,1465103791.565000
828,1465103785.485000,1465103786.196024,1465103791.197380,1465103791.268000
829,1465103785.485000,1465103786.517925,1465103791.519285,1465103791.601000
830,1465103785.485000,1465103786.126735,1465103791.128394,1465103791.216000
831,1465103785.485000,1465103786.091313,1465103791.092489,1465103791.187000
832,1465103785.485000,1465103786.177772,1465103791.179096,1465103791.267000
833,1465103785.485000,1465103786.181469,1465103791.182791,1465103791.272000
834,1465103785.486000,1465103786.247587,1465103791.248893,1465103791.314000
835,1465103785.486000,1465103786.180658,1465103791.181884,1465103791.259000
836,1465103785.486000,0.000000,0.000000,0.000000
837,1465103785.486000,1465103786.227716,1465103791.229797,1465103791.296000
838,1465103785.486000,1465103786.223481,1465103791.224719,1465103791.305000
839,1465103785.486000,1465103786.147761,1465103791.148887,1465103791.243000
840,1465103785.486000,1465103786.192579,1465103791.193807,1465103791.282000
841,1465103785.486000,1465103786.536554,1465103791.537868,1465103791.618000
842,1465103785.486000,1465103786.217375,1465103791.229675,1465103791.310000
843,1465103785.487000,1465103786.164319,1465103791.166226,1465103791.263000
844,1465103785.487000,1465103786.257741,1465103791.259024,1465103791.325000
845,1465103785.487000,1465103786.209329,1465103791.210626,1465103791.283000
846,1465103785.487000,1465103786.251668,1465103791.252859,1465103791.324000
847,1465103785.488000,1465103786.195398,1465103791.196715,1465103791.284000
848,1465103785.488000,1465103786.232271,1465103791.233529,1465103791.325000
849,1465103785.488000,1465103786.465844,1465103791.467225,1465103791.549000
850,1465103785.488000,1465103786.121145,1465103791.122536,1465103791.195000
851,1465103785.488000,1465103786.515766,1465103791.525452,1465103791.597000
852,1465103785.488000,1465103786.125884,1465103791.127199,1465103791.213000
853,1465103785.489000,1465103786.248684,1465103791.249937,1465103791.328000
854,1465103785.489000,1465103786.150447,1465103791.151678,1465103791.237000
855,1465103785.489000,1465103786.145624,1465103791.146919,1465103791.226000
856,1465103785.490000,1465103786.204699,1465103791.207087,1465103791.303000
857,1465103785.490000,1465103786.505394,1465103791.506883,1465103791.595000
858,1465103785.490000,1465103786.215711,1465103791.217297,1465103791.298000
859,1465103785.490000,1465103786.190599,1465103791.191777,1465103791.288000
860,1465103785.490000,1465103786.243457,1465103791.244880,1465103791.326000
861,1465103785.490000,1465103786.209085,1465103791.210237,1465103791.295000
862,1465103785.490000,1465103786.548148,1465103791.549471,1465103791.637000
863,1465103785.491000,0.000000,0.000000,0.000000
864,1465103785.491000,1465103786.510448,1465103791.511811,1465103791.592000
865,1465103785.491000,1465103786.233390,1465103791.237982,1465103791.316000
866,1465103785.491000,1465103786.537044,1465103791.538407,1465103791.626000
867,1465103785.492000,1465103786.226760,1465103791.229430,1465103791.295000
868,1465103785.492000,1465103786.239123,1465103791.240342,1465103791.306000
869,1465103785.492000,1465103786.552146,1465103791.553329,1465103791.624000
870,1465103785.492000,1465103786.177805,1465103791.180689,1465103791.250000
871,1465103785.492000,1465103786.490603,1465103791.492153,1465103791.571000
872,1465103785.492000,1465103786.179838,1465103791.181107,1465103791.274000
873,1465103785.492000,1465103786.221200,1465103791.228661,1465103791.309000
874,1465103785.493000,1465103786.189528,1465103791.190732,1465103791.280000
875,1465103785.493000,1465103786.224808,1465103791.226227,1465103791.320000
876,1465103785.493000,1465103786.226563,1465103791.227811,1465103791.305000
877,1465103785.493000,1465103786.191738,1465103791.193010,1465103791.281000
878,1465103785.493000,1465103786.228934,1465103791.230159,1465103791.324000
879,1465103785.494000,1465103786.212693,1465103791.214170,1465103791.295000
880,1465103785.494000,1465103786.211676,1465103791.212892,1465103791.300000
881,1465103785.494000,1465103786.512446,1465103791.513643,1465103791.580000
882,1465103785.495000,1465103786.198260,1465103791.199501,1465103791.265000
883,1465103785.495000,1465103786.229905,1465103791.231122,1465103791.298000
884,1465103785.496000,1465103786.243848,1465103791.246493,1465103791.325000
885,1465103785.496000,1465103786.161849,1465103791.163031,1465103791.248000
886,1465103785.496000,1465103786.241054,1465103791.242408,1465103791.331000
887,1465103785.496000,1465103786.487908,1465103791.489390,1465103791.581000
888,1465103785.497000,1465103786.185962,1465103791.187429,1465103791.284000
889,1465103785.497000,1465103786.238819,1465103791.240102,1465103791.325000
890,1465103785.497000,0.000000,0.000000,0.000000
891,1465103785.497000,1465103786.239524,1465103791.240848,1465103791.317000
892,1465103785.497000,1465103786.204437,1465103791.205913,1465103791.279000
893,1465103785.498000,1465103786.217189,1465103791.218794,1465103791.300000
894,1465103785.498000,1465103786.211236,1465103791.212743,1465103791.305000
895,1465103785.498000,1465103786.232187,1465103791.233407,1465103791.321000
896,1465103785.499000,1465103786.154741,1465103791.156065,1465103791.252000
897,1465103785.499000,1465103786.482939,1465103791.484213,1465103791.592000
898,1465103785.500000,1465103786.231754,1465103791.233064,1465103791.314000
899,1465103785.500000,1465103786.190453,1465103791.191892,1465103791.272000
900,1465103785.500000,1465103786.198301,1465103791.215860,1465103791.305000
901,1465103785.501000,1465103786.512864,1465103791.525306,1465103791.596000
902,1465103785.501000,1465103786.222361,1465103791.223605,1465103791.311000
903,1465103785.501000,1465103786.215436,1465103791.216707,1465103791.304000
904,1465103785.502000,1465103786.198666,1465103791.200163,1465103791.281000
905,1465103785.502000,1465103786.425018,1465103791.426404,1465103791.518000
906,1465103785.502000,1465103786.217640,1465103791.218847,1465103791.306000
907,1465103785.502000,1465103786.203860,1465103791.205917,1465103791.291000
908,1465103785.502000,0.000000,0.000000,0.000000
909,1465103785.502000,1465103786.188196,1465103791.191249,1465103791.279000
910,1465103785.502000,1465103786.180518,1465103791.181776,1465103791.270000
911,1465103785.503000,1465103786.213836,1465103791.215055,1465103791.303000
912,1465103785.503000,1465103786.183896,1465103791.185184,1465103791.277000
913,1465103785.504000,1465103786.233732,1465103791.235123,1465103791.320000
914,1465103785.504000,0.000000,0.000000,0.000000
915,1465103785.504000,1465103786.209425,1465103791.210795,1465103791.300000
916,1465103785.504000,1465103786.200184,1465103791.201399,1465103791.268000
917,1465103785.504000,1465103786.207430,1465103791.208642,1465103791.294000
918,1465103785.504000,1465103786.501293,1465103791.502608,1465103791.594000
919,1465103785.505000,0.000000,0.000000,0.000000
920,1465103785.505000,1465103786.206289,1465103791.207620,1465103791.293000
921,1465103785.505000,1465103786.215688,1465103791.217260,1465103791.298000
922,1465103785.505000,1465103786.472923,1465103791.474609,1465103791.554000
923,1465103785.506000,1465103786.511236,1465103791.512708,1465103791.600000
924,1465103785.506000,1465103786.257946,1465103791.259206,1465103791.321000
925,1465103785.506000,1465103786.495263,1465103791.496568,1465103791.575000
926,1465103785.506000,1465103786.475311,1465103791.489891,1465103791.556000
927,1465103785.507000,1465103786.490047,1465103791.491398,1465103791.584000
928,1465103785.507000,1465103786.213937,1465103791.215252,1465103791.296000
929,1465103785.507000,1465103786.200110,1465103791.201579,1465103791.289000
930,1465103785.507000,1465103786.197286,1465103791.198516,1465103791.277000
931,1465103785.507000,1465103786.157184,1465103791.158365,1465103791.254000
932,1465103785.507000,1465103786.508845,1465103791.510213,1465103791.590000
933,1465103785.508000,1465103786.203577,1465103791.206433,1465103791.303000
934,1465103785.508000,1465103786.523859,1465103791.525072,1465103791.606000
935,1465103785.508000,1465103786.235098,1465103791.237424,1465103791.315000
936,1465103785.508000,1465103786.208127,1465103791.209299,1465103791.306000
937,1465103785.508000,1465103786.528402,1465103791.530369,1465103791.611000
938,1465103785.508000,1465103786.261746,1465103791.262905,1465103791.329000
939,1465103785.508000,1465103786.247037,1465103791.249221,1465103791.330000
940,1465103785.508000,1465103786.527456,1465103791.528675,1465103791.616000
941,1465103785.509000,1465103786.239272,1465103791.240677,1465103791.326000
942,1465103785.509000,1465103786.256155,1465103791.257407,1465103791.324000
943,1465103785.509000,1465103786.235944,1465103791.237214,1465103791.324000
944,1465103785.509000,1465103786.233028,1465103791.234244,1465103791.306000
945,1465103785.509000,1465103786.226665,1465103791.229049,1465103791.310000
946,1465103785.510000,1465103786.492840,1465103791.494333,1465103791.569000
947,1465103785.510000,1465103786.216158,1465103791.217300,1465103791.302000
948,1465103785.510000,1465103786.216044,1465103791.231512,1465103791.319000
949,1465103785.510000,1465103786.189369,1465103791.191528,1465103791.279000
950,1465103785.510000,1465103786.260181,1465103791.261429,1465103791.323000
951,1465103785.510000,1465103786.221985,1465103791.223191,1465103791.308000
952,1465103785.510000,1465103786.270988,1465103791.272173,1465103791.334000
953,1465103785.511000,1465103786.228641,1465103791.237997,1465103791.325000
954,1465103785.511000,0.000000,0.000000,0.000000
955,1465103785.511000,1465103786.186888,1465103791.188272,1465103791.285000
956,1465103785.512000,1465103786.244999,1465103791.246252,1465103791.325000
957,1465103785.512000,1465103786.237282,1465103791.238523,1465103791.306000
958,1465103785.512000,1465103786.237986,1465103791.239405,1465103791.324000
959,1465103785.512000,1465103786.255006,1465103791.256624,1465103791.332000
960,1465103785.512000,1465103786.203764,1465103791.205489,1465103791.302000
961,1465103785.512000,1465103786.249615,1465103791.250965,1465103791.332000
962,1465103785.512000,1465103786.221089,1465103791.222353,1465103791.289000
963,1465103785.512000,1465103786.518449,1465103791.519738,1465103791.607000
964,1465103785.513000,1465103786.540383,1465103791.548770,1465103791.629000
965,1465103785.513000,1465103786.182819,1465103791.184070,1465103791.263000
966,1465103785.513000,1465103786.231194,1465103791.232471,1465103791.325000
967,1465103785.513000,1465103786.225698,1465103791.226929,1465103791.315000
968,1465103785.513000,1465103786.247658,1465103791.249220,1465103791.330000
969,1465103785.513000,1465103786.236612,1465103791.237904,1465103791.322000
970,1465103785.514000,1465103786.241219,1465103791.242507,1465103791.330000
971,1465103785.514000,1465103786.234846,1465103791.236049,1465103791.321000
972,1465103785.514000,1465103786.507394,1465103791.509051,1465103791.588000
973,1465103785.514000,1465103786.233857,1465103791.235079,1465103791.322000
974,1465103785.514000,1465103786.234895,1465103791.236052,1465103791.301000
975,1465103785.515000,1465103786.486106,1465103791.487347,1465103791.554000
976,1465103785.515000,1465103786.264047,1465103791.265303,1465103791.326000
977,1465103785.516000,1465103786.222964,1465103791.224791,1465103791.314000
978,1465103785.516000,1465103786.247303,1465103791.248574,1465103791.328000
979,1465103785.516000,1465103786.222451,1465103791.223910,1465103791.311000
980,1465103785.516000,1465103786.241475,1465103791.242995,1465103791.322000
981,1465103785.516000,1465103786.203932,1465103791.206076,1465103791.279000
982,1465103785.516000,1465103786.196032,1465103791.211926,1465103791.304000
983,1465103785.516000,1465103786.224090,1465103791.235700,1465103791.325000
984,1465103785.516000,1465103786.224837,1465103791.226036,1465103791.311000
985,1465103785.516000,1465103786.237225,1465103791.238830,1465103791.314000
986,1465103785.517000,1465103786.229498,1465103791.231032,1465103791.312000
987,1465103785.517000,1465103786.481406,1465103791.482905,1465103791.559000
988,1465103785.517000,1465103786.207798,1465103791.209056,1465103791.276000
989,1465103785.517000,1465103786.237836,1465103791.239317,1465103791.325000
990,1465103785.517000,1465103786.246821,1465103791.247994,1465103791.319000
991,1465103785.518000,1465103786.215654,1465103791.216925,1465103791.293000
992,1465103785.518000,1465103786.232514,1465103791.233685,1465103791.327000
993,1465103785.518000,1465103786.219480,1465103791.220736,1465103791.308000
994,1465103785.518000,1465103786.243936,1465103791.245353,1465103791.327000
995,1465103785.518000,1465103786.478240,1465103791.480364,1465103791.556000
996,1465103785.518000,1465103786.219927,1465103791.221525,1465103791.302000
997,1465103785.518000,1465103786.233739,1465103791.237053,1465103791.315000
998,1465103785.518000,1465103786.507732,1465103791.509221,1465103791.595000
999,1465103785.519000,1465103786.222120,1465103791.223460,1465103791.319000
