0,1465104303.651000,1465104304.294322,1465104309.295525,1465104309.373000
1,1465104303.651000,1465104304.250152,1465104309.255115,1465104309.354000
2,1465104303.651000,1465104304.275758,1465104309.277099,1465104309.363000
3,1465104303.651000,1465104304.279755,1465104309.281180,1465104309.367000
4,1465104303.652000,1465104304.279264,1465104309.280950,1465104309.362000
5,1465104303.651000,1465104304.235127,1465104309.251093,1465104309.337000
6,1465104303.652000,1465104304.293427,1465104309.294651,1465104309.372000
7,1465104303.652000,1465104304.255769,1465104309.267052,1465104309.364000
8,1465104303.652000,1465104304.296068,1465104309.297254,1465104309.382000
9,1465104303.652000,1465104304.309259,1465104309.310502,1465104309.391000
10,1465104303.652000,1465104304.237476,1465104309.239053,1465104309.328000
11,1465104303.652000,1465104304.314848,1465104309.316088,1465104309.387000
12,1465104303.652000,1465104304.307653,1465104309.309300,1465104309.390000
13,1465104303.652000,1465104304.246198,1465104309.247833,1465104309.326000
14,1465104303.652000,1465104304.238348,1465104309.239960,1465104309.319000
15,1465104303.652000,1465104304.286271,1465104309.287550,1465104309.369000
16,1465104303.652000,1465104304.687364,1465104309.688712,1465104309.768000
17,1465104303.652000,1465104304.240520,1465104309.242228,1465104309.324000
18,1465104303.652000,1465104304.321525,1465104309.322879,1465104309.402000
19,1465104303.652000,1465104304.471177,1465104309.472400,1465104309.553000
20,1465104303.652000,1465104304.283474,1465104309.284876,1465104309.372000
21,1465104303.653000,1465104304.291027,1465104309.292306,1465104309.381000
22,1465104303.652000,1465104304.280555,1465104309.281739,1465104309.368000
23,1465104303.653000,1465104304.281508,1465104309.282737,1465104309.372000
24,1465104303.653000,1465104304.274642,1465104309.275912,1465104309.363000
25,1465104303.653000,1465104304.294478,1465104309.295848,1465104309.384000
26,1465104303.654000,1465104304.333579,1465104309.334820,1465104309.421000
27,1465104303.654000,1465104304.266250,1465104309.267746,1465104309.346000
28,1465104303.654000,1465104304.420453,1465104309.421687,1465104309.502000
29,1465104303.654000,1465104304.331973,1465104309.333176,1465104309.413000
30,1465104303.654000,1465104304.284822,1465104309.294538,1465104309.383000
31,1465104303.655000,1465104304.686460,1465104309.687870,1465104309.757000
32,1465104303.655000,1465104304.343904,1465104309.355954,1465104309.444000
33,1465104303.655000,1465104304.331365,1465104309.332588,1465104309.413000
34,1465104303.656000,1465104304.429693,1465104309.430952,1465104309.512000
35,1465104303.657000,1465104304.341839,1465104309.343046,1465104309.412000
36,1465104303.658000,1465104304.315016,1465104309.316434,1465104309.386000
37,1465104303.658000,1465104304.411476,1465104309.412683,1465104309.471000
38,1465104303.658000,1465104304.313427,1465104309.314919,1465104309.386000
39,1465104303.658000,1465104304.256252,1465104309.257444,1465104309.344000
40,1465104303.658000,1465104304.685461,1465104309.686642,1465104309.758000
41,1465104303.658000,1465104304.270726,1465104309.272018,1465104309.376000
42,1465104303.658000,1465104304.246467,1465104309.248576,1465104309.338000
43,1465104303.658000,1465104304.252223,1465104309.253786,1465104309.333000
44,1465104303.658000,1465104304.260782,1465104309.262048,1465104309.339000
45,1465104303.658000,1465104304.325903,1465104309.327250,1465104309.405000
46,1465104303.658000,1465104304.317790,1465104309.319300,1465104309.397000
47,1465104303.658000,1465104304.237887,1465104309.239129,1465104309.327000
48,1465104303.658000,1465104304.322129,1465104309.323354,1465104309.394000
49,1465104303.658000,1465104304.348575,1465104309.349747,1465104309.449000
50,1465104303.658000,1465104304.323505,1465104309.324864,1465104309.406000
51,1465104303.659000,1465104306.228426,1465104311.229825,1465104311.318000
52,1465104303.659000,1465104304.256118,1465104309.271515,1465104309.360000
53,1465104303.659000,1465104304.249237,1465104309.250395,1465104309.332000
54,1465104303.659000,1465104304.314062,1465104309.315727,1465104309.391000
55,1465104303.660000,1465104304.232364,1465104309.233668,1465104309.338000
56,1465104303.662000,1465104304.321598,1465104309.332089,1465104309.407000
57,1465104303.661000,1465104304.317188,1465104309.318507,1465104309.399000
58,1465104303.662000,1465104304.302200,1465104309.303486,1465104309.400000
59,1465104303.662000,1465104304.323475,1465104309.324856,1465104309.410000
60,1465104303.662000,1465104304.431940,1465104309.433252,1465104309.514000
61,1465104303.662000,1465104304.241797,1465104309.243081,1465104309.325000
62,1465104303.662000,1465104304.452427,1465104309.461208,1465104309.520000
63,1465104303.664000,1465104304.245801,1465104309.247671,1465104309.336000
64,1465104303.668000,1465104304.249615,1465104309.254037,1465104309.340000
65,1465104303.668000,1465104304.247053,1465104309.248502,1465104309.326000
66,1465104303.668000,1465104304.284934,1465104309.286180,1465104309.373000
67,1465104303.668000,1465104304.308087,1465104309.309268,1465104309.383000
68,1465104303.668000,1465104304.268651,1465104309.270145,1465104309.359000
69,1465104303.668000,1465104304.299925,1465104309.301269,1465104309.405000
70,1465104303.668000,1465104304.285500,1465104309.286675,1465104309.369000
71,1465104303.668000,1465104304.317379,1465104309.318969,1465104309.404000
72,1465104303.668000,1465104304.680913,1465104309.682094,1465104309.759000
73,1465104303.669000,1465104304.271694,1465104309.272897,1465104309.350000
74,1465104303.668000,1465104304.239331,1465104309.240885,1465104309.321000
75,1465104303.669000,1465104304.253031,1465104309.254365,1465104309.343000
76,1465104303.669000,1465104304.234211,1465104309.236324,1465104309.326000
77,1465104303.669000,1465104304.666168,1465104309.667356,1465104309.745000
78,1465104303.669000,1465104304.286552,1465104309.287854,1465104309.392000
79,1465104303.669000,1465104304.247928,1465104309.249536,1465104309.330000
80,1465104303.669000,1465104304.684963,1465104309.686137,1465104309.763000
81,1465104303.669000,1465104304.300042,1465104309.301257,1465104309.359000
82,1465104303.669000,1465104304.294416,1465104309.296458,1465104309.393000
83,1465104303.669000,1465104304.301865,1465104309.303078,1465104309.391000
84,1465104303.669000,1465104304.248834,1465104309.250086,1465104309.340000
85,1465104303.669000,1465104304.306948,1465104309.308518,1465104309.395000
86,1465104303.669000,1465104304.276994,1465104309.278602,1465104309.337000
87,1465104303.669000,1465104304.250505,1465104309.251830,1465104309.332000
88,1465104303.669000,1465104304.292500,1465104309.293814,1465104309.373000
89,1465104303.669000,1465104304.334317,1465104309.335634,1465104309.414000
90,1465104303.669000,1465104304.241575,1465104309.243050,1465104309.330000
91,1465104303.669000,1465104304.679560,1465104309.680857,1465104309.756000
92,1465104303.669000,1465104304.302367,1465104309.303521,1465104309.380000
93,1465104303.669000,1465104304.235044,1465104309.236570,1465104309.325000
94,1465104303.670000,1465104304.267933,1465104309.269149,1465104309.351000
95,1465104303.670000,1465104304.282604,1465104309.283797,1465104309.342000
96,1465104303.670000,1465104304.305878,1465104309.307182,1465104309.378000
97,1465104303.670000,1465104304.326409,1465104309.327798,1465104309.407000
98,1465104303.670000,1465104304.438614,1465104309.439838,1465104309.519000
99,1465104303.670000,1465104304.228755,1465104309.230211,1465104309.328000
100,1465104303.670000,1465104304.308519,1465104309.309687,1465104309.408000
101,1465104303.671000,1465104304.325522,1465104309.326725,1465104309.385000
102,1465104303.671000,1465104304.328001,1465104309.329202,1465104309.408000
103,1465104303.673000,1465104304.329212,1465104309.330478,1465104309.427000
104,1465104303.674000,1465104304.437434,1465104309.438606,1465104309.512000
105,1465104303.677000,1465104304.412917,1465104309.414102,1465104309.510000
106,1465104303.678000,1465104304.321399,1465104309.322673,1465104309.381000
107,1465104303.679000,1465104304.300475,1465104309.305540,1465104309.391000
108,1465104303.679000,1465104304.304804,1465104309.306095,1465104309.404000
109,1465104303.679000,1465104304.296142,1465104309.297614,1465104309.387000
110,1465104303.679000,1465104304.424192,1465104309.425455,1465104309.484000
111,1465104303.679000,1465104304.306620,1465104309.307845,1465104309.389000
112,1465104303.679000,1465104304.389670,1465104309.390936,1465104309.490000
113,1465104303.679000,1465104304.278123,1465104309.280053,1465104309.356000
114,1465104303.679000,1465104304.256562,1465104309.271430,1465104309.359000
115,1465104303.680000,1465104304.302096,1465104309.318636,1465104309.397000
116,1465104303.680000,1465104304.235340,1465104309.237097,1465104309.322000
117,1465104303.680000,1465104304.672572,1465104309.673774,1465104309.763000
118,1465104303.680000,1465104304.265593,1465104309.266783,1465104309.364000
119,1465104303.680000,1465104304.308742,1465104309.309942,1465104309.389000
120,1465104303.680000,1465104304.288959,1465104309.290252,1465104309.371000
121,1465104303.681000,1465104304.234271,1465104309.238446,1465104309.328000
122,1465104303.681000,1465104304.276369,1465104309.281263,1465104309.340000
123,1465104303.681000,0.000000,0.000000,0.000000
124,1465104303.681000,1465104304.302662,1465104309.303874,1465104309.378000
125,1465104303.681000,1465104304.271540,1465104309.272764,1465104309.372000
126,1465104303.682000,1465104304.316261,1465104309.317758,1465104309.403000
127,1465104303.682000,1465104304.278681,1465104309.280171,1465104309.352000
128,1465104303.682000,1465104304.730246,1465104309.731446,1465104309.809000
129,1465104303.682000,1465104304.324555,1465104309.325794,1465104309.404000
130,1465104303.682000,1465104304.327123,1465104309.343817,1465104309.414000
131,1465104303.682000,1465104304.243701,1465104309.245329,1465104309.334000
132,1465104303.682000,1465104304.290458,1465104309.291736,1465104309.388000
133,1465104303.682000,1465104304.308460,1465104309.309799,1465104309.399000
134,1465104303.682000,1465104304.355411,1465104309.356613,1465104309.454000
135,1465104303.682000,1465104304.259653,1465104309.277960,1465104309.358000
136,1465104303.682000,1465104304.259113,1465104309.260449,1465104309.341000
137,1465104303.682000,1465104304.306105,1465104309.307275,1465104309.384000
138,1465104303.682000,1465104304.639268,1465104309.640481,1465104309.737000
139,1465104303.683000,1465104304.682331,1465104309.684673,1465104309.760000
140,1465104303.683000,1465104304.302987,1465104309.320718,1465104309.396000
141,1465104303.683000,1465104304.333298,1465104309.334542,1465104309.412000
142,1465104303.683000,1465104304.278247,1465104309.289319,1465104309.370000
143,1465104303.683000,1465104304.317422,1465104309.318643,1465104309.401000
144,1465104303.683000,1465104304.236014,1465104309.237525,1465104309.327000
145,1465104303.683000,1465104304.296827,1465104309.298175,1465104309.378000
146,1465104303.683000,1465104304.305401,1465104309.306593,1465104309.395000
147,1465104303.683000,1465104304.287877,1465104309.289174,1465104309.377000
148,1465104303.684000,1465104304.218038,1465104309.223685,1465104309.328000
149,1465104303.684000,1465104304.378859,1465104309.380219,1465104309.465000
150,1465104303.685000,1465104304.327567,1465104309.328749,1465104309.398000
151,1465104303.685000,1465104304.334801,1465104309.336122,1465104309.417000
152,1465104303.685000,1465104304.328410,1465104309.329852,1465104309.411000
153,1465104303.686000,1465104304.602461,1465104309.603921,1465104309.689000
154,1465104303.686000,1465104304.269651,1465104309.271230,1465104309.348000
155,1465104303.686000,1465104304.309214,1465104309.310612,1465104309.396000
156,1465104303.686000,1465104304.284810,1465104309.286565,1465104309.375000
157,1465104303.686000,1465104304.341100,1465104309.342310,1465104309.419000
158,1465104303.686000,1465104304.320411,1465104309.321706,1465104309.407000
159,1465104303.686000,1465104304.290284,1465104309.291551,1465104309.374000
160,1465104303.686000,1465104304.292434,1465104309.293659,1465104309.367000
161,1465104303.686000,1465104304.319803,1465104309.325919,1465104309.406000
162,1465104303.686000,1465104304.287808,1465104309.289268,1465104309.363000
163,1465104303.686000,1465104304.308476,1465104309.310145,1465104309.389000
164,1465104303.686000,1465104304.675241,1465104309.691750,1465104309.776000
165,1465104303.686000,1465104304.279888,1465104309.281092,1465104309.363000
166,1465104303.686000,1465104306.180761,1465104311.182340,1465104311.263000
167,1465104303.687000,1465104304.308811,1465104309.310091,1465104309.398000
168,1465104303.687000,1465104304.407938,1465104309.409190,1465104309.488000
169,1465104303.687000,1465104304.415714,1465104309.416968,1465104309.497000
170,1465104303.687000,1465104304.343634,1465104309.344914,1465104309.422000
171,1465104303.687000,1465104304.314280,1465104309.315631,1465104309.397000
172,1465104303.687000,1465104304.291012,1465104309.292288,1465104309.380000
173,1465104303.687000,1465104304.686069,1465104309.687251,1465104309.769000
174,1465104303.687000,1465104304.697569,1465104309.701542,1465104309.784000
175,1465104303.687000,1465104304.722195,1465104309.723860,1465104309.799000
176,1465104303.687000,1465104304.440571,1465104309.442142,1465104309.520000
177,1465104303.687000,1465104304.335726,1465104309.336990,1465104309.414000
178,1465104303.687000,0.000000,0.000000,0.000000
179,1465104303.688000,1465104304.650089,1465104309.651449,1465104309.755000
180,1465104303.688000,1465104304.336645,1465104309.338126,1465104309.427000
181,1465104303.688000,1465104304.684378,1465104309.685615,1465104309.767000
182,1465104303.688000,1465104304.461166,1465104309.462518,1465104309.534000
183,1465104303.688000,1465104306.207888,1465104311.209350,1465104311.279000
184,1465104303.688000,1465104304.442624,1465104309.454308,1465104309.532000
185,1465104303.688000,1465104304.720542,1465104309.721766,1465104309.807000
186,1465104303.688000,1465104304.333812,1465104309.335422,1465104309.419000
187,1465104303.688000,1465104304.360208,1465104309.361407,1465104309.440000
188,1465104303.688000,1465104304.452626,1465104309.453890,1465104309.532000
189,1465104303.688000,1465104304.328821,1465104309.330089,1465104309.401000
190,1465104303.688000,1465104304.452250,1465104309.453614,1465104309.533000
191,1465104303.688000,1465104304.656556,1465104309.658033,1465104309.739000
192,1465104303.688000,1465104304.701590,1465104309.702738,1465104309.790000
193,1465104303.688000,1465104304.438060,1465104309.439332,1465104309.523000
194,1465104303.688000,1465104304.354094,1465104309.355543,1465104309.445000
195,1465104303.688000,1465104304.300696,1465104309.302340,1465104309.388000
196,1465104303.688000,1465104304.429899,1465104309.431390,1465104309.535000
197,1465104303.688000,1465104304.414948,1465104309.416192,1465104309.506000
198,1465104303.688000,1465104304.349579,1465104309.350794,1465104309.447000
199,1465104303.688000,1465104304.388251,1465104309.389772,1465104309.474000
200,1465104303.688000,0.000000,0.000000,0.000000
201,1465104303.688000,1465104304.509760,1465104309.510940,1465104309.569000
202,1465104303.688000,1465104304.440565,1465104309.442029,1465104309.531000
203,1465104303.688000,1465104304.327945,1465104309.329208,1465104309.416000
204,1465104303.688000,1465104304.684233,1465104309.685442,1465104309.763000
205,1465104303.688000,1465104304.340254,1465104309.341465,1465104309.400000
206,1465104303.688000,1465104304.671823,1465104309.673079,1465104309.761000
207,1465104303.688000,1465104304.319803,1465104309.321540,1465104309.401000
208,1465104303.688000,1465104304.687041,1465104309.688189,1465104309.765000
209,1465104303.688000,1465104304.465863,1465104309.467195,1465104309.556000
210,1465104303.688000,1465104304.668935,1465104309.670230,1465104309.756000
211,1465104303.689000,1465104304.422755,1465104309.423943,1465104309.502000
212,1465104303.689000,1465104304.698945,1465104309.700203,1465104309.796000
213,1465104303.689000,1465104304.422108,1465104309.423753,1465104309.521000
214,1465104303.689000,1465104304.326816,1465104309.328327,1465104309.404000
215,1465104303.689000,1465104304.415889,1465104309.417221,1465104309.487000
216,1465104303.689000,1465104304.447739,1465104309.449036,1465104309.527000
217,1465104303.689000,1465104304.669788,1465104309.671024,1465104309.756000
218,1465104303.689000,1465104306.239754,1465104311.241095,1465104311.320000
219,1465104303.689000,1465104304.735350,1465104309.736634,1465104309.821000
220,1465104303.689000,1465104304.699530,1465104309.700857,1465104309.781000
221,1465104303.689000,1465104304.738345,1465104309.739698,1465104309.815000
222,1465104303.689000,1465104304.399669,1465104309.400873,1465104309.474000
223,1465104303.689000,1465104304.384500,1465104309.385797,1465104309.463000
224,1465104303.689000,1465104304.441240,1465104309.443894,1465104309.516000
225,1465104303.689000,0.000000,0.000000,0.000000
226,1465104303.689000,1465104304.326308,1465104309.327484,1465104309.410000
227,1465104303.689000,0.000000,0.000000,0.000000
228,1465104303.689000,1465104304.425541,1465104309.426772,1465104309.507000
229,1465104303.689000,1465104304.317924,1465104309.319084,1465104309.396000
230,1465104303.689000,1465104304.725757,1465104309.726982,1465104309.812000
231,1465104303.689000,1465104304.485586,1465104309.486874,1465104309.575000
232,1465104303.689000,1465104304.311128,1465104309.312441,1465104309.393000
233,1465104303.689000,1465104304.435209,1465104309.436431,1465104309.507000
234,1465104303.689000,1465104304.407507,1465104309.408751,1465104309.488000
235,1465104303.689000,1465104304.717612,1465104309.718780,1465104309.804000
236,1465104303.689000,1465104304.438561,1465104309.439803,1465104309.498000
237,1465104303.689000,1465104306.247682,1465104311.248967,1465104311.318000
238,1465104303.689000,1465104304.645423,1465104309.646702,1465104309.725000
239,1465104303.689000,1465104304.741182,1465104309.742473,1465104309.820000
240,1465104303.689000,1465104304.471163,1465104309.472378,1465104309.561000
241,1465104303.689000,1465104304.682510,1465104309.683724,1465104309.768000
242,1465104303.690000,1465104304.396738,1465104309.397956,1465104309.467000
243,1465104303.690000,1465104304.317939,1465104309.319173,1465104309.408000
244,1465104303.690000,1465104304.484220,1465104309.485856,1465104309.567000
245,1465104303.690000,0.000000,0.000000,0.000000
246,1465104303.690000,1465104304.365965,1465104309.367667,1465104309.447000
247,1465104303.690000,1465104306.182569,1465104311.184268,1465104311.272000
248,1465104303.690000,1465104304.660457,1465104309.661649,1465104309.750000
249,1465104303.690000,1465104304.334280,1465104309.335489,1465104309.416000
250,1465104303.690000,0.000000,0.000000,0.000000
251,1465104303.690000,1465104304.426757,1465104309.428024,1465104309.506000
252,1465104303.690000,1465104304.431032,1465104309.432299,1465104309.518000
253,1465104303.690000,1465104304.704043,1465104309.713659,1465104309.794000
254,1465104303.690000,1465104304.421860,1465104309.425316,1465104309.497000
255,1465104303.690000,1465104304.675752,1465104309.677090,1465104309.751000
256,1465104303.690000,1465104304.451382,1465104309.452593,1465104309.524000
257,1465104303.690000,1465104304.375641,1465104309.376990,1465104309.456000
258,1465104303.690000,1465104304.661000,1465104309.662507,1465104309.751000
259,1465104303.690000,1465104304.426843,1465104309.428164,1465104309.498000
260,1465104303.690000,1465104304.413309,1465104309.414604,1465104309.493000
261,1465104303.690000,1465104304.705402,1465104309.706574,1465104309.778000
262,1465104303.690000,1465104306.219243,1465104311.220793,1465104311.299000
263,1465104303.690000,1465104304.393845,1465104309.395659,1465104309.471000
264,1465104303.690000,1465104304.657397,1465104309.658813,1465104309.739000
265,1465104303.690000,1465104304.682159,1465104309.688541,1465104309.769000
266,1465104303.690000,1465104304.359519,1465104309.360735,1465104309.434000
267,1465104303.690000,1465104304.308759,1465104309.309970,1465104309.388000
268,1465104303.690000,1465104304.667057,1465104309.668303,1465104309.756000
269,1465104303.690000,1465104304.383300,1465104309.384465,1465104309.482000
270,1465104303.690000,1465104304.438549,1465104309.440029,1465104309.510000
271,1465104303.690000,1465104304.294826,1465104309.296458,1465104309.393000
272,1465104303.690000,1465104304.286006,1465104309.287409,1465104309.368000
273,1465104303.690000,1465104304.687869,1465104309.689182,1465104309.763000
274,1465104303.690000,1465104304.652753,1465104309.653975,1465104309.740000
275,1465104303.690000,1465104304.665695,1465104309.666935,1465104309.756000
276,1465104303.692000,1465104304.432971,1465104309.434206,1465104309.512000
277,1465104303.692000,1465104304.337001,1465104309.338279,1465104309.423000
278,1465104303.692000,1465104304.680670,1465104309.684333,1465104309.765000
279,1465104303.693000,1465104304.395206,1465104309.396458,1465104309.493000
280,1465104303.693000,1465104304.450097,1465104309.451845,1465104309.527000
281,1465104303.693000,1465104304.662447,1465104309.663965,1465104309.749000
282,1465104303.693000,1465104304.468781,1465104309.469979,1465104309.548000
283,1465104303.693000,1465104304.464280,1465104309.469791,1465104309.548000
284,1465104303.695000,1465104304.658937,1465104309.660325,1465104309.748000
285,1465104303.699000,1465104304.687744,1465104309.688983,1465104309.775000
286,1465104303.718000,1465104304.663483,1465104309.664676,1465104309.761000
287,1465104303.722000,1465104304.712597,1465104309.713873,1465104309.799000
288,1465104303.723000,1465104304.430874,1465104309.432111,1465104309.491000
289,1465104303.723000,1465104304.678894,1465104309.683577,1465104309.764000
290,1465104303.723000,1465104304.398552,1465104309.399851,1465104309.474000
291,1465104303.723000,1465104304.681529,1465104309.682974,1465104309.771000
292,1465104303.723000,1465104304.758185,1465104309.759471,1465104309.848000
293,1465104303.723000,1465104304.428964,1465104309.430289,1465104309.511000
294,1465104303.723000,1465104304.684349,1465104309.685630,1465104309.774000
295,1465104303.723000,1465104306.241208,1465104311.242509,1465104311.323000
296,1465104303.723000,1465104304.491887,1465104309.493137,1465104309.564000
297,1465104303.723000,1465104304.643389,1465104309.644574,1465104309.726000
298,1465104303.723000,1465104304.464863,1465104309.466195,1465104309.547000
299,1465104303.723000,1465104304.445689,1465104309.447193,1465104309.519000
300,1465104303.724000,1465104304.444756,1465104309.446071,1465104309.516000
301,1465104303.724000,1465104304.697346,1465104309.698669,1465104309.778000
302,1465104303.724000,1465104304.415372,1465104309.416997,1465104309.498000
303,1465104303.724000,1465104304.422826,1465104309.425386,1465104309.523000
304,1465104303.725000,1465104304.744996,1465104309.746498,1465104309.822000
305,1465104303.725000,0.000000,0.000000,0.000000
306,1465104303.725000,1465104304.417364,1465104309.418588,1465104309.496000
307,1465104303.725000,1465104304.482584,1465104309.484028,1465104309.564000
308,1465104303.725000,1465104304.391232,1465104309.392476,1465104309.477000
309,1465104303.725000,1465104304.371287,1465104309.372483,1465104309.450000
310,1465104303.725000,1465104304.395733,1465104309.397036,1465104309.474000
311,1465104303.725000,1465104304.481182,1465104309.482760,1465104309.562000
312,1465104303.725000,1465104304.421083,1465104309.422501,1465104309.507000
313,1465104303.725000,1465104304.410545,1465104309.411771,1465104309.508000
314,1465104303.726000,1465104304.441098,1465104309.442325,1465104309.522000
315,1465104303.726000,1465104304.671241,1465104309.672544,1465104309.761000
316,1465104303.726000,1465104304.673160,1465104309.674737,1465104309.754000
317,1465104303.726000,1465104304.385033,1465104309.386363,1465104309.475000
318,1465104303.726000,1465104306.232129,1465104311.233415,1465104311.321000
319,1465104303.726000,1465104304.698940,1465104309.700108,1465104309.774000
320,1465104303.726000,1465104304.476971,1465104309.478520,1465104309.563000
321,1465104303.726000,1465104304.444227,1465104309.446542,1465104309.518000
322,1465104303.726000,1465104304.747851,1465104309.749101,1465104309.828000
323,1465104303.727000,0.000000,0.000000,0.000000
324,1465104303.727000,1465104304.451345,1465104309.452864,1465104309.531000
325,1465104303.727000,1465104304.683706,1465104309.685167,1465104309.771000
326,1465104303.727000,1465104304.376955,1465104309.378574,1465104309.459000
327,1465104303.728000,1465104304.374556,1465104309.375857,1465104309.457000
328,1465104303.729000,1465104304.435777,1465104309.436953,1465104309.522000
329,1465104303.729000,1465104304.429556,1465104309.430803,1465104309.527000
330,1465104303.729000,1465104304.694965,1465104309.696255,1465104309.772000
331,1465104303.729000,1465104304.432436,1465104309.443778,1465104309.547000
332,1465104303.729000,1465104304.693856,1465104309.695246,1465104309.771000
333,1465104303.729000,1465104304.681318,1465104309.682658,1465104309.762000
334,1465104303.729000,1465104304.402345,1465104309.403586,1465104309.492000
335,1465104303.730000,1465104304.430267,1465104309.446908,1465104309.527000
336,1465104303.730000,1465104304.701689,1465104309.703016,1465104309.772000
337,1465104303.730000,1465104304.683683,1465104309.686480,1465104309.767000
338,1465104303.730000,1465104304.715568,1465104309.716784,1465104309.795000
339,1465104303.730000,1465104304.453463,1465104309.454671,1465104309.536000
340,1465104303.730000,1465104304.682812,1465104309.684671,1465104309.760000
341,1465104303.730000,1465104304.412548,1465104309.413777,1465104309.485000
342,1465104303.730000,1465104304.417329,1465104309.418569,1465104309.522000
343,1465104303.731000,1465104304.432721,1465104309.433924,1465104309.519000
344,1465104303.731000,1465104304.388897,1465104309.390307,1465104309.475000
345,1465104303.731000,1465104304.399599,1465104309.401418,1465104309.478000
346,1465104303.732000,1465104304.705910,1465104309.707148,1465104309.786000
347,1465104303.732000,1465104304.704679,1465104309.705831,1465104309.783000
348,1465104303.732000,1465104304.448016,1465104309.449408,1465104309.529000
349,1465104303.732000,1465104304.678394,1465104309.679846,1465104309.760000
350,1465104303.732000,1465104304.416395,1465104309.417653,1465104309.503000
351,1465104303.732000,1465104304.714488,1465104309.715806,1465104309.795000
352,1465104303.733000,1465104304.479613,1465104309.480862,1465104309.560000
353,1465104303.733000,1465104304.429540,1465104309.430731,1465104309.504000
354,1465104303.733000,1465104304.398459,1465104309.399702,1465104309.477000
355,1465104303.733000,1465104304.388975,1465104309.390240,1465104309.449000
356,1465104303.734000,1465104304.398630,1465104309.399894,1465104309.485000
357,1465104303.734000,1465104304.426770,1465104309.428036,1465104309.509000
358,1465104303.734000,1465104304.699021,1465104309.700313,1465104309.781000
359,1465104303.734000,1465104304.710511,1465104309.711776,1465104309.799000
360,1465104303.735000,1465104304.346299,1465104309.347612,1465104309.419000
361,1465104303.735000,1465104304.414855,1465104309.416048,1465104309.501000
362,1465104303.735000,1465104304.443885,1465104309.445122,1465104309.524000
363,1465104303.735000,1465104304.695776,1465104309.696931,1465104309.774000
364,1465104303.735000,1465104304.676677,1465104309.678818,1465104309.759000
365,1465104303.735000,1465104304.700768,1465104309.702077,1465104309.782000
366,1465104303.735000,1465104304.420099,1465104309.421331,1465104309.502000
367,1465104303.735000,1465104304.688572,1465104309.689843,1465104309.774000
368,1465104303.735000,1465104304.661116,1465104309.662362,1465104309.766000
369,1465104303.735000,1465104304.725064,1465104309.726224,1465104309.808000
370,1465104303.735000,1465104304.456134,1465104309.457519,1465104309.544000
371,1465104303.735000,1465104304.394736,1465104309.395965,1465104309.474000
372,1465104303.735000,1465104304.685937,1465104309.687358,1465104309.763000
373,1465104303.735000,1465104304.403546,1465104309.405009,1465104309.489000
374,1465104303.736000,1465104304.737577,1465104309.738862,1465104309.824000
375,1465104303.736000,1465104306.235312,1465104311.237007,1465104311.317000
376,1465104303.736000,1465104304.713201,1465104309.714419,1465104309.786000
377,1465104303.736000,1465104304.727035,1465104309.728478,1465104309.807000
378,1465104303.737000,1465104304.451110,1465104309.452753,1465104309.533000
379,1465104303.737000,1465104304.430419,1465104309.431626,1465104309.517000
380,1465104303.737000,1465104304.737588,1465104309.739175,1465104309.813000
381,1465104303.737000,1465104304.729716,1465104309.730963,1465104309.834000
382,1465104303.738000,1465104304.739483,1465104309.740825,1465104309.820000
383,1465104303.738000,1465104304.718591,1465104309.720123,1465104309.800000
384,1465104303.738000,1465104304.464016,1465104309.465327,1465104309.554000
385,1465104303.738000,1465104304.409904,1465104309.411451,1465104309.497000
386,1465104303.738000,1465104304.669823,1465104309.671028,1465104309.760000
387,1465104303.738000,1465104304.482057,1465104309.483765,1465104309.572000
388,1465104303.739000,1465104304.717162,1465104309.718324,1465104309.805000
389,1465104303.739000,1465104304.444425,1465104309.445990,1465104309.518000
390,1465104303.739000,1465104304.728458,1465104309.729861,1465104309.810000
391,1465104303.739000,1465104304.424310,1465104309.425500,1465104309.511000
392,1465104303.739000,1465104304.426950,1465104309.428225,1465104309.518000
393,1465104303.739000,0.000000,0.000000,0.000000
394,1465104303.739000,1465104305.016705,1465104310.017980,1465104310.098000
395,1465104303.739000,1465104304.722396,1465104309.723644,1465104309.820000
396,1465104303.739000,1465104304.465300,1465104309.466481,1465104309.525000
397,1465104303.740000,1465104304.399049,1465104309.400493,1465104309.485000
398,1465104303.740000,1465104304.466027,1465104309.478706,1465104309.558000
399,1465104303.740000,1465104304.424835,1465104309.426340,1465104309.505000
400,1465104303.741000,1465104304.407096,1465104309.408324,1465104309.478000
401,1465104303.741000,1465104304.756379,1465104309.757687,1465104309.844000
402,1465104303.741000,1465104304.425475,1465104309.426860,1465104309.497000
403,1465104303.741000,1465104304.447505,1465104309.448687,1465104309.519000
404,1465104303.742000,1465104304.421383,1465104309.422625,1465104309.500000
405,1465104303.742000,1465104304.723103,1465104309.724339,1465104309.807000
406,1465104303.742000,1465104304.405501,1465104309.406800,1465104309.510000
407,1465104303.742000,1465104304.727081,1465104309.728303,1465104309.815000
408,1465104303.742000,1465104304.439948,1465104309.441207,1465104309.526000
409,1465104303.742000,1465104304.482099,1465104309.483765,1465104309.573000
410,1465104303.742000,1465104304.427728,1465104309.429005,1465104309.525000
411,1465104303.742000,1465104304.462949,1465104309.483392,1465104309.553000
412,1465104303.742000,1465104304.487472,1465104309.488635,1465104309.561000
413,1465104303.743000,1465104304.439348,1465104309.440773,1465104309.510000
414,1465104303.743000,1465104304.466902,1465104309.468132,1465104309.548000
415,1465104303.743000,1465104304.461537,1465104309.462786,1465104309.551000
416,1465104303.743000,1465104304.475459,1465104309.477224,1465104309.576000
417,1465104303.744000,1465104304.460985,1465104309.462577,1465104309.543000
418,1465104303.744000,1465104304.791462,1465104309.792701,1465104309.862000
419,1465104303.744000,1465104304.467499,1465104309.468804,1465104309.547000
420,1465104303.744000,1465104304.696682,1465104309.697929,1465104309.785000
421,1465104303.744000,1465104304.475648,1465104309.476917,1465104309.581000
422,1465104303.744000,1465104304.369939,1465104309.371480,1465104309.455000
423,1465104303.744000,1465104304.666142,1465104309.667328,1465104309.763000
424,1465104303.744000,1465104304.435398,1465104309.437511,1465104309.507000
425,1465104303.744000,1465104304.513098,1465104309.514277,1465104309.592000
426,1465104303.744000,1465104304.455022,1465104309.456548,1465104309.530000
427,1465104303.744000,1465104304.467642,1465104309.470702,1465104309.550000
428,1465104303.744000,1465104304.761240,1465104309.762415,1465104309.847000
429,1465104303.744000,1465104304.441495,1465104309.442943,1465104309.521000
430,1465104303.745000,1465104304.451992,1465104309.453222,1465104309.527000
431,1465104303.745000,1465104304.470250,1465104309.471529,1465104309.541000
432,1465104303.745000,1465104304.488846,1465104309.490089,1465104309.578000
433,1465104303.746000,1465104304.375119,1465104309.376542,1465104309.462000
434,1465104303.746000,1465104304.411093,1465104309.412436,1465104309.492000
435,1465104303.746000,1465104304.421892,1465104309.429188,1465104309.515000
436,1465104303.746000,1465104304.454321,1465104309.455567,1465104309.543000
437,1465104303.746000,1465104304.460820,1465104309.462251,1465104309.547000
438,1465104303.746000,1465104304.446573,1465104309.447773,1465104309.546000
439,1465104303.746000,1465104304.710949,1465104309.712554,1465104309.792000
440,1465104303.746000,1465104304.753514,1465104309.754802,1465104309.835000
441,1465104303.747000,1465104304.444587,1465104309.445837,1465104309.532000
442,1465104303.747000,1465104304.711087,1465104309.712368,1465104309.790000
443,1465104303.747000,1465104304.729142,1465104309.730398,1465104309.811000
444,1465104303.747000,1465104304.464377,1465104309.465510,1465104309.563000
445,1465104303.747000,1465104304.451594,1465104309.453574,1465104309.534000
446,1465104303.747000,1465104304.429591,1465104309.430906,1465104309.511000
447,1465104303.748000,1465104304.415473,1465104309.416833,1465104309.494000
448,1465104303.748000,1465104304.466359,1465104309.467605,1465104309.537000
449,1465104303.748000,1465104304.492256,1465104309.493520,1465104309.571000
450,1465104303.748000,1465104304.714866,1465104309.716192,1465104309.802000
451,1465104303.748000,1465104304.424012,1465104309.425334,1465104309.511000
452,1465104303.748000,1465104304.452682,1465104309.454283,1465104309.512000
453,1465104303.748000,1465104304.689579,1465104309.690728,1465104309.788000
454,1465104303.748000,1465104304.474336,1465104309.475526,1465104309.555000
455,1465104303.748000,1465104304.484381,1465104309.485595,1465104309.544000
456,1465104303.749000,1465104304.757933,1465104309.759180,1465104309.844000
457,1465104303.749000,1465104304.700091,1465104309.701546,1465104309.771000
458,1465104303.749000,1465104304.435516,1465104309.438109,1465104309.519000
459,1465104303.749000,1465104304.681249,1465104309.684416,1465104309.765000
460,1465104303.749000,1465104304.387100,1465104309.388357,1465104309.467000
461,1465104303.749000,1465104304.473994,1465104309.475214,1465104309.560000
462,1465104303.750000,1465104304.496161,1465104309.497478,1465104309.582000
463,1465104303.750000,1465104304.718545,1465104309.719855,1465104309.804000
464,1465104303.750000,1465104304.496687,1465104309.497830,1465104309.575000
465,1465104303.750000,1465104304.451694,1465104309.453204,1465104309.541000
466,1465104303.751000,1465104304.467812,1465104309.468989,1465104309.568000
467,1465104303.751000,1465104304.415833,1465104309.417087,1465104309.490000
468,1465104303.751000,1465104304.490819,1465104309.492070,1465104309.588000
469,1465104303.751000,1465104304.488196,1465104309.489374,1465104309.567000
470,1465104303.751000,1465104304.712310,1465104309.713445,1465104309.790000
471,1465104303.751000,1465104304.709514,1465104309.710752,1465104309.784000
472,1465104303.751000,1465104304.479964,1465104309.485254,1465104309.563000
473,1465104303.752000,1465104304.433943,1465104309.435217,1465104309.539000
474,1465104303.752000,1465104304.398000,1465104309.399286,1465104309.497000
475,1465104303.752000,0.000000,0.000000,0.000000
476,1465104303.752000,1465104304.714732,1465104309.716029,1465104309.801000
477,1465104303.752000,1465104304.465649,1465104309.466866,1465104309.563000
478,1465104303.752000,1465104304.711770,1465104309.713187,1465104309.789000
479,1465104303.752000,1465104304.776910,1465104309.778146,1465104309.857000
480,1465104303.753000,1465104304.740092,1465104309.741578,1465104309.818000
481,1465104303.753000,1465104304.385836,1465104309.387189,1465104309.472000
482,1465104303.753000,1465104304.384752,1465104309.386024,1465104309.490000
483,1465104303.753000,1465104304.715097,1465104309.716948,1465104309.798000
484,1465104303.753000,1465104304.722993,1465104309.724551,1465104309.805000
485,1465104303.753000,1465104304.386900,1465104309.388164,1465104309.478000
486,1465104303.754000,1465104304.396687,1465104309.397855,1465104309.497000
487,1465104303.754000,1465104304.490610,1465104309.505368,1465104309.584000
488,1465104303.755000,1465104304.692924,1465104309.694154,1465104309.775000
489,1465104303.755000,1465104304.697488,1465104309.699186,1465104309.780000
490,1465104303.755000,1465104304.455255,1465104309.456474,1465104309.526000
491,1465104303.755000,1465104304.466253,1465104309.467796,1465104309.545000
492,1465104303.755000,1465104304.480321,1465104309.481825,1465104309.559000
493,1465104303.755000,1465104304.476568,1465104309.477823,1465104309.556000
494,1465104303.755000,1465104304.682258,1465104309.683549,1465104309.771000
495,1465104303.755000,1465104304.511083,1465104309.512757,1465104309.602000
496,1465104303.755000,1465104304.441998,1465104309.443424,1465104309.532000
497,1465104303.755000,1465104304.495953,1465104309.497581,1465104309.586000
498,1465104303.755000,1465104304.463296,1465104309.478491,1465104309.557000
499,1465104303.756000,1465104304.442369,1465104309.443592,1465104309.522000
500,1465104303.756000,1465104304.437318,1465104309.438562,1465104309.519000
501,1465104303.756000,1465104304.437495,1465104309.438628,1465104309.536000
502,1465104303.756000,1465104304.406028,1465104309.407274,1465104309.492000
503,1465104303.756000,1465104304.457673,1465104309.458905,1465104309.518000
504,1465104303.756000,1465104304.497795,1465104309.506578,1465104309.587000
505,1465104303.756000,1465104304.516399,1465104309.517595,1465104309.602000
506,1465104303.756000,1465104304.462586,1465104309.463882,1465104309.562000
507,1465104303.756000,1465104304.459132,1465104309.460276,1465104309.545000
508,1465104303.756000,1465104304.449832,1465104309.451126,1465104309.550000
509,1465104303.756000,1465104304.592242,1465104309.593554,1465104309.673000
510,1465104303.756000,1465104304.493678,1465104309.494834,1465104309.566000
511,1465104303.756000,1465104304.511257,1465104309.512483,1465104309.598000
512,1465104303.756000,1465104304.434225,1465104309.435479,1465104309.521000
513,1465104303.756000,1465104304.587609,1465104309.592293,1465104309.666000
514,1465104303.756000,1465104304.568941,1465104309.570336,1465104309.644000
515,1465104303.756000,1465104304.465223,1465104309.479280,1465104309.559000
516,1465104303.756000,1465104304.430468,1465104309.431818,1465104309.530000
517,1465104303.756000,1465104304.510968,1465104309.512244,1465104309.582000
518,1465104303.756000,1465104304.498786,1465104309.500034,1465104309.585000
519,1465104303.756000,1465104304.489173,1465104309.490947,1465104309.575000
520,1465104303.756000,1465104304.454505,1465104309.457824,1465104309.556000
521,1465104303.756000,1465104304.501916,1465104309.503108,1465104309.600000
522,1465104303.757000,1465104304.507998,1465104309.509324,1465104309.589000
523,1465104303.757000,1465104304.409973,1465104309.411196,1465104309.496000
524,1465104303.757000,1465104304.493992,1465104309.495209,1465104309.599000
525,1465104303.757000,1465104304.502815,1465104309.503979,1465104309.575000
526,1465104303.757000,1465104304.428038,1465104309.429440,1465104309.500000
527,1465104303.757000,1465104304.478473,1465104309.479688,1465104309.559000
528,1465104303.757000,1465104304.478337,1465104309.479707,1465104309.579000
529,1465104303.757000,1465104304.462118,1465104309.463616,1465104309.544000
530,1465104303.757000,1465104304.415632,1465104309.416856,1465104309.513000
531,1465104303.757000,1465104304.519484,1465104309.520810,1465104309.600000
532,1465104303.757000,1465104304.464222,1465104309.466726,1465104309.552000
533,1465104303.757000,1465104304.483193,1465104309.484401,1465104309.555000
534,1465104303.757000,1465104304.492913,1465104309.494567,1465104309.579000
535,1465104303.757000,1465104304.501767,1465104309.503104,1465104309.574000
536,1465104303.757000,1465104304.499196,1465104309.500386,1465104309.589000
537,1465104303.757000,1465104304.519641,1465104309.520958,1465104309.610000
538,1465104303.757000,1465104304.596126,1465104309.603394,1465104309.673000
539,1465104303.757000,1465104304.447931,1465104309.449596,1465104309.534000
540,1465104303.757000,1465104304.495777,1465104309.496924,1465104309.595000
541,1465104303.757000,1465104304.497319,1465104309.498579,1465104309.568000
542,1465104303.757000,1465104304.528232,1465104309.529484,1465104309.599000
543,1465104303.757000,1465104304.522854,1465104309.524093,1465104309.604000
544,1465104303.757000,1465104304.504410,1465104309.505662,1465104309.593000
545,1465104303.757000,1465104304.722155,1465104309.723505,1465104309.799000
546,1465104303.757000,1465104304.510512,1465104309.512822,1465104309.602000
547,1465104303.757000,1465104304.496303,1465104309.506329,1465104309.584000
548,1465104303.757000,1465104304.507095,1465104309.508479,1465104309.584000
549,1465104303.758000,1465104304.502464,1465104309.504068,1465104309.585000
550,1465104303.758000,1465104304.511786,1465104309.513113,1465104309.584000
551,1465104303.758000,1465104304.416313,1465104309.417591,1465104309.496000
552,1465104303.758000,1465104304.522052,1465104309.523357,1465104309.599000
553,1465104303.758000,1465104304.520292,1465104309.521552,1465104309.595000
554,1465104303.758000,1465104304.512032,1465104309.513274,1465104309.593000
555,1465104303.758000,1465104304.752460,1465104309.757264,1465104309.832000
556,1465104303.758000,1465104304.521499,1465104309.523313,1465104309.598000
557,1465104303.758000,1465104304.520716,1465104309.521924,1465104309.610000
558,1465104303.758000,1465104304.919084,1465104309.920438,1465104310.024000
559,1465104303.758000,1465104304.497647,1465104309.498871,1465104309.583000
560,1465104303.758000,1465104304.638693,1465104309.639915,1465104309.717000
561,1465104303.758000,1465104304.457568,1465104309.459208,1465104309.535000
562,1465104303.758000,1465104304.457146,1465104309.458503,1465104309.556000
563,1465104303.758000,1465104304.504632,1465104309.506041,1465104309.584000
564,1465104303.758000,1465104304.479994,1465104309.481250,1465104309.567000
565,1465104303.758000,1465104304.512310,1465104309.513644,1465104309.601000
566,1465104303.758000,1465104304.437319,1465104309.438705,1465104309.524000
567,1465104303.758000,1465104304.469872,1465104309.471205,1465104309.557000
568,1465104303.758000,1465104304.516304,1465104309.517601,1465104309.604000
569,1465104303.758000,1465104304.586165,1465104309.587442,1465104309.646000
570,1465104303.758000,1465104304.510602,1465104309.518184,1465104309.608000
571,1465104303.758000,1465104304.538140,1465104309.539309,1465104309.610000
572,1465104303.758000,1465104304.491320,1465104309.493437,1465104309.574000
573,1465104303.758000,1465104304.479037,1465104309.480260,1465104309.565000
574,1465104303.759000,1465104304.517939,1465104309.519243,1465104309.605000
575,1465104303.759000,1465104304.513748,1465104309.514960,1465104309.585000
576,1465104303.759000,1465104304.502718,1465104309.503935,1465104309.581000
577,1465104303.759000,1465104304.483719,1465104309.484876,1465104309.570000
578,1465104303.759000,1465104304.433517,1465104309.434707,1465104309.504000
579,1465104303.759000,1465104304.492913,1465104309.511748,1465104309.596000
580,1465104303.759000,1465104304.433997,1465104309.435525,1465104309.520000
581,1465104303.759000,1465104304.486422,1465104309.487636,1465104309.568000
582,1465104303.759000,1465104304.497026,1465104309.498193,1465104309.576000
583,1465104303.759000,1465104304.443480,1465104309.447607,1465104309.519000
584,1465104303.759000,1465104304.510690,1465104309.512007,1465104309.598000
585,1465104303.759000,1465104304.477971,1465104309.481495,1465104309.564000
586,1465104303.759000,1465104304.461517,1465104309.468532,1465104309.547000
587,1465104303.759000,1465104304.582957,1465104309.584789,1465104309.671000
588,1465104303.759000,1465104304.489600,1465104309.490956,1465104309.571000
589,1465104303.759000,1465104304.491209,1465104309.492711,1465104309.568000
590,1465104303.759000,1465104304.620531,1465104309.621790,1465104309.701000
591,1465104303.759000,1465104304.570094,1465104309.584271,1465104309.671000
592,1465104303.759000,1465104304.714666,1465104309.715877,1465104309.795000
593,1465104303.759000,1465104304.468888,1465104309.470198,1465104309.556000
594,1465104303.759000,1465104304.499567,1465104309.500828,1465104309.585000
595,1465104303.759000,1465104304.436803,1465104309.437979,1465104309.537000
596,1465104303.759000,1465104304.685208,1465104309.686415,1465104309.784000
597,1465104303.759000,1465104304.495159,1465104309.496809,1465104309.575000
598,1465104303.759000,1465104304.459886,1465104309.461315,1465104309.550000
599,1465104303.759000,1465104304.527051,1465104309.528406,1465104309.598000
600,1465104303.759000,1465104304.497915,1465104309.499183,1465104309.573000
601,1465104303.759000,1465104304.412727,1465104309.413982,1465104309.500000
602,1465104303.759000,1465104304.531642,1465104309.532821,1465104309.610000
603,1465104303.760000,1465104304.516543,1465104309.517658,1465104309.608000
604,1465104303.760000,1465104304.503724,1465104309.504840,1465104309.576000
605,1465104303.760000,1465104304.428459,1465104309.429720,1465104309.512000
606,1465104303.760000,1465104304.384336,1465104309.385571,1465104309.484000
607,1465104303.760000,1465104304.483186,1465104309.485243,1465104309.565000
608,1465104303.760000,1465104304.488644,1465104309.489836,1465104309.579000
609,1465104303.760000,1465104304.435060,1465104309.436427,1465104309.516000
610,1465104303.760000,1465104304.493555,1465104309.494908,1465104309.572000
611,1465104303.760000,1465104304.469347,1465104309.470651,1465104309.560000
612,1465104303.760000,1465104304.532423,1465104309.533689,1465104309.604000
613,1465104303.760000,1465104304.434383,1465104309.436041,1465104309.516000
614,1465104303.760000,1465104304.453392,1465104309.455039,1465104309.554000
615,1465104303.760000,1465104304.520121,1465104309.521587,1465104309.600000
616,1465104303.760000,1465104304.448650,1465104309.449909,1465104309.530000
617,1465104303.760000,1465104304.522807,1465104309.524241,1465104309.603000
618,1465104303.760000,1465104304.512550,1465104309.514380,1465104309.599000
619,1465104303.760000,1465104304.515091,1465104309.516273,1465104309.590000
620,1465104303.760000,1465104304.427819,1465104309.429266,1465104309.505000
621,1465104303.760000,1465104304.466831,1465104309.468005,1465104309.546000
622,1465104303.760000,1465104304.524371,1465104309.525730,1465104309.603000
623,1465104303.760000,1465104304.489189,1465104309.490397,1465104309.560000
624,1465104303.760000,1465104304.543391,1465104309.544764,1465104309.633000
625,1465104303.760000,1465104304.467507,1465104309.468807,1465104309.549000
626,1465104303.760000,1465104304.489245,1465104309.490453,1465104309.561000
627,1465104303.760000,1465104304.443693,1465104309.444930,1465104309.515000
628,1465104303.760000,1465104304.491320,1465104309.507238,1465104309.587000
629,1465104303.760000,1465104304.477968,1465104309.479308,1465104309.558000
630,1465104303.761000,1465104304.493572,1465104309.494894,1465104309.569000
631,1465104303.761000,1465104304.454308,1465104309.455581,1465104309.536000
632,1465104303.761000,1465104304.447656,1465104309.448847,1465104309.507000
633,1465104303.761000,1465104304.476390,1465104309.477807,1465104309.567000
634,1465104303.761000,1465104304.513072,1465104309.514298,1465104309.585000
635,1465104303.761000,1465104304.472191,1465104309.473368,1465104309.547000
636,1465104303.761000,1465104304.528916,1465104309.530661,1465104309.626000
637,1465104303.761000,1465104304.495706,1465104309.496963,1465104309.570000
638,1465104303.761000,1465104304.531794,1465104309.533090,1465104309.607000
639,1465104303.761000,1465104304.510050,1465104309.511466,1465104309.591000
640,1465104303.761000,1465104304.449592,1465104309.452117,1465104309.538000
641,1465104303.761000,1465104304.491548,1465104309.492721,1465104309.573000
642,1465104303.761000,1465104304.504258,1465104309.505657,1465104309.584000
643,1465104303.762000,1465104304.472389,1465104309.473593,1465104309.552000
644,1465104303.762000,1465104304.424148,1465104309.425366,1465104309.529000
645,1465104303.762000,1465104304.518915,1465104309.520300,1465104309.605000
646,1465104303.762000,1465104304.541778,1465104309.543032,1465104309.641000
647,1465104303.762000,1465104304.435395,1465104309.437003,1465104309.521000
648,1465104303.762000,1465104304.514223,1465104309.515659,1465104309.590000
649,1465104303.762000,1465104304.535854,1465104309.537332,1465104309.607000
650,1465104303.762000,1465104304.449801,1465104309.451100,1465104309.536000
651,1465104303.762000,1465104304.463198,1465104309.465374,1465104309.551000
652,1465104303.762000,1465104304.498737,1465104309.499967,1465104309.586000
653,1465104303.762000,1465104304.484253,1465104309.498006,1465104309.587000
654,1465104303.762000,1465104304.464596,1465104309.466204,1465104309.552000
655,1465104303.762000,1465104304.520700,1465104309.534345,1465104309.614000
656,1465104303.762000,1465104304.502564,1465104309.503925,1465104309.583000
657,1465104303.762000,1465104304.495911,1465104309.497126,1465104309.577000
658,1465104303.762000,1465104304.523248,1465104309.524404,1465104309.595000
659,1465104303.762000,1465104304.481715,1465104309.482943,1465104309.562000
660,1465104303.762000,1465104304.489958,1465104309.491200,1465104309.573000
661,1465104303.762000,1465104304.476530,1465104309.477811,1465104309.556000
662,1465104303.762000,1465104304.625647,1465104309.627011,1465104309.715000
663,1465104303.762000,1465104304.485399,1465104309.486592,1465104309.567000
664,1465104303.762000,1465104304.435525,1465104309.436686,1465104309.508000
665,1465104303.762000,1465104304.454518,1465104309.455797,1465104309.554000
666,1465104303.762000,1465104304.498844,1465104309.500073,1465104309.582000
667,1465104303.762000,1465104304.511840,1465104309.513263,1465104309.592000
668,1465104303.763000,1465104304.474375,1465104309.476023,1465104309.554000
669,1465104303.763000,1465104304.478147,1465104309.479274,1465104309.577000
670,1465104303.763000,1465104304.480403,1465104309.481602,1465104309.569000
671,1465104303.763000,1465104304.512389,1465104309.513624,1465104309.594000
672,1465104303.763000,1465104304.499658,1465104309.500932,1465104309.576000
673,1465104303.763000,1465104304.506328,1465104309.507494,1465104309.593000
674,1465104303.763000,1465104304.522470,1465104309.523695,1465104309.604000
675,1465104303.763000,1465104304.523816,1465104309.524960,1465104309.596000
676,1465104303.763000,1465104304.591292,1465104309.592852,1465104309.667000
677,1465104303.763000,1465104304.523023,1465104309.524288,1465104309.602000
678,1465104303.763000,1465104304.432469,1465104309.433638,1465104309.513000
679,1465104303.763000,1465104304.556460,1465104309.557875,1465104309.643000
680,1465104303.763000,1465104304.503642,1465104309.504837,1465104309.578000
681,1465104303.763000,1465104304.572414,1465104309.573757,1465104309.643000
682,1465104303.763000,1465104304.486828,1465104309.487969,1465104309.586000
683,1465104303.763000,1465104304.556775,1465104309.557990,1465104309.644000
684,1465104303.763000,1465104304.519317,1465104309.520725,1465104309.601000
685,1465104303.763000,1465104304.460197,1465104309.461576,1465104309.534000
686,1465104303.763000,1465104304.492328,1465104309.493879,1465104309.579000
687,1465104303.763000,1465104304.400511,1465104309.414245,1465104309.492000
688,1465104303.763000,1465104304.510368,1465104309.511582,1465104309.593000
689,1465104303.763000,1465104304.960011,1465104309.961201,1465104310.031000
690,1465104303.763000,1465104304.506982,1465104309.508312,1465104309.592000
691,1465104303.763000,1465104304.476671,1465104309.477911,1465104309.574000
692,1465104303.763000,1465104304.461992,1465104309.463477,1465104309.533000
693,1465104303.763000,1465104304.506095,1465104309.526482,1465104309.607000
694,1465104303.763000,1465104304.503185,1465104309.505243,1465104309.579000
695,1465104303.764000,1465104304.473418,1465104309.474573,1465104309.556000
696,1465104303.764000,1465104304.454114,1465104309.455354,1465104309.535000
697,1465104303.764000,1465104304.474600,1465104309.475854,1465104309.555000
698,1465104303.764000,1465104304.462957,1465104309.469584,1465104309.549000
699,1465104303.764000,1465104304.565996,1465104309.567245,1465104309.647000
700,1465104303.764000,1465104304.462108,1465104309.463300,1465104309.542000
701,1465104303.764000,1465104304.447014,1465104309.448507,1465104309.528000
702,1465104303.764000,1465104304.523577,1465104309.524737,1465104309.598000
703,1465104303.764000,1465104304.611883,1465104309.613181,1465104309.699000
704,1465104303.764000,1465104304.478471,1465104309.479798,1465104309.549000
705,1465104303.764000,1465104304.398806,1465104309.400080,1465104309.498000
706,1465104303.764000,1465104304.445766,1465104309.447032,1465104309.532000
707,1465104303.764000,1465104304.479037,1465104309.480252,1465104309.569000
708,1465104303.764000,1465104304.544648,1465104309.546188,1465104309.635000
709,1465104303.764000,1465104304.487550,1465104309.488706,1465104309.574000
710,1465104303.764000,1465104304.485685,1465104309.486903,1465104309.567000
711,1465104303.764000,1465104304.455912,1465104309.457254,1465104309.543000
712,1465104303.764000,1465104304.502050,1465104309.503407,1465104309.573000
713,1465104303.764000,1465104304.476250,1465104309.477436,1465104309.563000
714,1465104303.764000,1465104304.513763,1465104309.514998,1465104309.595000
715,1465104303.764000,1465104304.502637,1465104309.503965,1465104309.582000
716,1465104303.764000,1465104304.465904,1465104309.467066,1465104309.553000
717,1465104303.764000,1465104304.423247,1465104309.424653,1465104309.522000
718,1465104303.764000,1465104304.936008,1465104309.937169,1465104310.014000
719,1465104303.764000,1465104304.471708,1465104309.473012,1465104309.547000
720,1465104303.764000,1465104304.470451,1465104309.471752,1465104309.551000
721,1465104303.764000,1465104304.459853,1465104309.461032,1465104309.532000
722,1465104303.765000,1465104304.526227,1465104309.527788,1465104309.602000
723,1465104303.765000,1465104304.575550,1465104309.576770,1465104309.647000
724,1465104303.765000,1465104304.460092,1465104309.461307,1465104309.560000
725,1465104303.765000,1465104304.458649,1465104309.459810,1465104309.545000
726,1465104303.765000,1465104304.498343,1465104309.499626,1465104309.573000
727,1465104303.765000,1465104304.491673,1465104309.493155,1465104309.568000
728,1465104303.765000,1465104304.443173,1465104309.444381,1465104309.542000
729,1465104303.765000,1465104304.442009,1465104309.443277,1465104309.523000
730,1465104303.765000,1465104304.470213,1465104309.471413,1465104309.570000
731,1465104303.765000,1465104304.417039,1465104309.418319,1465104309.506000
732,1465104303.765000,1465104304.520261,1465104309.521537,1465104309.606000
733,1465104303.765000,1465104304.535590,1465104309.537792,1465104309.608000
734,1465104303.765000,1465104304.498705,1465104309.500036,1465104309.588000
735,1465104303.765000,1465104304.479283,1465104309.480581,1465104309.579000
736,1465104303.765000,1465104304.489252,1465104309.490480,1465104309.576000
737,1465104303.765000,1465104304.511100,1465104309.512849,1465104309.602000
738,1465104303.765000,1465104304.449719,1465104309.451490,1465104309.537000
739,1465104303.765000,1465104304.512828,1465104309.514074,1465104309.603000
740,1465104303.765000,1465104304.503435,1465104309.504627,1465104309.574000
741,1465104303.765000,1465104304.431561,1465104309.433115,1465104309.537000
742,1465104303.765000,1465104304.506644,1465104309.507831,1465104309.604000
743,1465104303.765000,1465104304.469617,1465104309.470839,1465104309.567000
744,1465104303.765000,1465104304.516812,1465104309.527063,1465104309.607000
745,1465104303.765000,1465104304.503551,1465104309.505144,1465104309.579000
746,1465104303.765000,1465104304.504732,1465104309.506044,1465104309.585000
747,1465104303.765000,1465104304.514749,1465104309.515992,1465104309.604000
748,1465104303.766000,1465104304.403052,1465104309.420551,1465104309.497000
749,1465104303.766000,1465104304.742159,1465104309.743334,1465104309.831000
750,1465104303.766000,1465104304.942034,1465104309.943254,1465104310.024000
751,1465104303.766000,1465104304.444629,1465104309.446296,1465104309.527000
752,1465104303.766000,1465104304.473957,1465104309.475418,1465104309.551000
753,1465104303.766000,1465104304.555762,1465104309.557119,1465104309.639000
754,1465104303.767000,1465104304.493498,1465104309.494689,1465104309.593000
755,1465104303.771000,1465104304.602339,1465104309.603630,1465104309.683000
756,1465104303.774000,1465104304.976709,1465104309.977942,1465104310.064000
757,1465104303.774000,1465104304.918227,1465104309.919460,1465104310.005000
758,1465104303.779000,1465104304.611518,1465104309.612792,1465104309.716000
759,1465104303.779000,1465104304.643074,1465104309.644266,1465104309.722000
760,1465104303.854000,1465104304.593291,1465104309.594489,1465104309.682000
761,1465104303.861000,1465104304.663028,1465104309.664640,1465104309.750000
762,1465104303.821000,1465104304.447649,1465104309.449048,1465104309.529000
763,1465104303.845000,1465104304.585854,1465104309.587064,1465104309.668000
764,1465104303.857000,1465104304.603893,1465104309.605662,1465104309.685000
765,1465104303.825000,1465104304.515846,1465104309.517185,1465104309.597000
766,1465104303.847000,1465104304.641403,1465104309.642904,1465104309.723000
767,1465104303.825000,1465104304.633062,1465104309.634537,1465104309.714000
768,1465104303.852000,1465104304.615551,1465104309.616937,1465104309.706000
769,1465104303.847000,1465104304.680240,1465104309.700232,1465104309.776000
770,1465104303.830000,1465104304.616911,1465104309.618066,1465104309.692000
771,1465104303.862000,1465104304.657883,1465104309.659148,1465104309.744000
772,1465104303.848000,1465104304.633423,1465104309.634861,1465104309.723000
773,1465104303.849000,1465104304.651003,1465104309.652214,1465104309.740000
774,1465104303.856000,1465104304.619067,1465104309.620277,1465104309.692000
775,1465104303.849000,1465104304.643243,1465104309.644540,1465104309.724000
776,1465104303.852000,1465104304.642780,1465104309.643956,1465104309.722000
777,1465104303.849000,1465104304.596083,1465104309.597419,1465104309.673000
778,1465104303.849000,1465104304.677949,1465104309.679521,1465104309.761000
779,1465104303.855000,1465104304.605382,1465104309.606774,1465104309.685000
780,1465104303.852000,1465104304.651528,1465104309.669192,1465104309.739000
781,1465104303.849000,1465104304.670130,1465104309.671447,1465104309.756000
782,1465104303.849000,1465104304.608262,1465104309.609678,1465104309.687000
783,1465104303.849000,1465104304.582701,1465104309.584058,1465104309.662000
784,1465104303.850000,1465104304.641653,1465104309.642830,1465104309.728000
785,1465104303.852000,1465104304.934785,1465104309.935998,1465104310.021000
786,1465104303.855000,1465104304.622344,1465104309.623668,1465104309.712000
787,1465104303.852000,1465104304.641756,1465104309.643045,1465104309.725000
788,1465104303.850000,1465104304.653988,1465104309.655296,1465104309.729000
789,1465104303.850000,1465104304.579680,1465104309.580922,1465104309.661000
790,1465104303.856000,1465104304.600432,1465104309.601639,1465104309.689000
791,1465104303.851000,1465104304.677459,1465104309.679572,1465104309.755000
792,1465104303.851000,1465104304.960620,1465104309.962261,1465104310.041000
793,1465104303.855000,1465104304.660173,1465104309.661787,1465104309.751000
794,1465104303.851000,1465104304.845648,1465104309.846993,1465104309.951000
795,1465104303.854000,1465104304.653409,1465104309.654751,1465104309.735000
796,1465104303.857000,1465104304.657895,1465104309.659130,1465104309.743000
797,1465104303.854000,1465104304.558424,1465104309.559707,1465104309.645000
798,1465104303.858000,1465104304.643068,1465104309.644334,1465104309.732000
799,1465104303.857000,1465104304.672583,1465104309.674442,1465104309.749000
800,1465104303.858000,1465104304.628183,1465104309.629432,1465104309.701000
801,1465104303.854000,1465104304.943083,1465104309.944417,1465104310.014000
802,1465104303.852000,1465104304.597026,1465104309.598270,1465104309.677000
803,1465104303.852000,1465104304.669164,1465104309.670376,1465104309.728000
804,1465104303.852000,1465104304.565453,1465104309.566653,1465104309.656000
805,1465104303.852000,1465104304.670202,1465104309.671658,1465104309.761000
806,1465104303.849000,1465104304.615567,1465104309.633951,1465104309.719000
807,1465104303.854000,1465104304.528499,1465104309.530734,1465104309.625000
808,1465104303.856000,1465104304.569031,1465104309.570450,1465104309.660000
809,1465104303.854000,1465104304.931618,1465104309.933082,1465104310.014000
810,1465104303.860000,1465104304.649868,1465104309.651336,1465104309.737000
811,1465104303.849000,1465104304.903576,1465104309.905002,1465104309.984000
812,1465104303.852000,1465104304.650661,1465104309.652113,1465104309.739000
813,1465104303.858000,1465104304.666462,1465104309.667857,1465104309.749000
814,1465104303.853000,1465104304.637071,1465104309.638340,1465104309.719000
815,1465104303.851000,1465104304.667093,1465104309.668293,1465104309.754000
816,1465104303.851000,1465104304.649286,1465104309.651093,1465104309.740000
817,1465104303.854000,1465104304.594383,1465104309.595615,1465104309.669000
818,1465104303.857000,1465104304.652069,1465104309.653302,1465104309.733000
819,1465104303.857000,1465104304.657284,1465104309.658534,1465104309.748000
820,1465104303.857000,1465104304.588666,1465104309.589849,1465104309.678000
821,1465104303.856000,1465104304.908397,1465104309.926889,1465104310.007000
822,1465104303.852000,1465104304.619978,1465104309.621334,1465104309.697000
823,1465104303.852000,1465104304.643820,1465104309.645472,1465104309.725000
824,1465104303.852000,1465104304.654065,1465104309.655318,1465104309.744000
825,1465104303.852000,1465104304.676544,1465104309.677921,1465104309.759000
826,1465104303.853000,1465104304.661213,1465104309.662662,1465104309.738000
827,1465104303.857000,1465104304.674854,1465104309.676277,1465104309.756000
828,1465104303.853000,1465104304.645084,1465104309.646308,1465104309.704000
829,1465104303.856000,1465104304.673876,1465104309.676343,1465104309.750000
830,1465104303.854000,1465104304.926758,1465104309.928175,1465104310.013000
831,1465104303.858000,1465104304.580148,1465104309.581635,1465104309.653000
832,1465104303.854000,1465104304.588386,1465104309.589595,1465104309.648000
833,1465104303.854000,1465104304.659449,1465104309.660777,1465104309.732000
834,1465104303.854000,1465104304.513155,1465104309.514418,1465104309.604000
835,1465104303.855000,1465104304.581551,1465104309.582786,1465104309.654000
836,1465104303.855000,1465104304.580642,1465104309.581979,1465104309.657000
837,1465104303.862000,1465104304.640754,1465104309.642748,1465104309.723000
838,1465104303.860000,1465104304.564114,1465104309.565427,1465104309.647000
839,1465104303.855000,1465104304.658866,1465104309.660455,1465104309.750000
840,1465104303.855000,1465104304.680512,1465104309.681840,1465104309.753000
841,1465104303.855000,0.000000,0.000000,0.000000
842,1465104303.855000,1465104304.582844,1465104309.584173,1465104309.672000
843,1465104303.856000,1465104304.591406,1465104309.592686,1465104309.692000
844,1465104303.856000,1465104304.597818,1465104309.599168,1465104309.679000
845,1465104303.856000,1465104304.511290,1465104309.512443,1465104309.610000
846,1465104303.856000,1465104304.634317,1465104309.635553,1465104309.721000
847,1465104303.856000,1465104304.632389,1465104309.633644,1465104309.714000
848,1465104303.858000,1465104304.629460,1465104309.630849,1465104309.712000
849,1465104303.856000,1465104304.977382,1465104309.978662,1465104310.048000
850,1465104303.856000,1465104304.582497,1465104309.583900,1465104309.665000
851,1465104303.857000,1465104304.926169,1465104309.927608,1465104310.002000
852,1465104303.858000,1465104304.600249,1465104309.601592,1465104309.687000
853,1465104303.857000,1465104304.949994,1465104309.951206,1465104310.039000
854,1465104303.857000,1465104304.648094,1465104309.649319,1465104309.737000
855,1465104303.858000,1465104304.660590,1465104309.661798,1465104309.761000
856,1465104303.857000,0.000000,0.000000,0.000000
857,1465104303.857000,1465104304.669605,1465104309.670884,1465104309.752000
858,1465104303.858000,0.000000,0.000000,0.000000
859,1465104303.857000,1465104304.617441,1465104309.618899,1465104309.705000
860,1465104303.857000,1465104304.673611,1465104309.675026,1465104309.754000
861,1465104303.860000,1465104304.922170,1465104309.923888,1465104309.999000
862,1465104303.857000,1465104304.649418,1465104309.650777,1465104309.726000
863,1465104303.859000,1465104304.875679,1465104309.876947,1465104309.963000
864,1465104303.862000,1465104304.627751,1465104309.629448,1465104309.710000
865,1465104303.858000,1465104304.958203,1465104309.959544,1465104310.048000
866,1465104303.858000,1465104304.936917,1465104309.938793,1465104310.013000
867,1465104303.860000,1465104304.500187,1465104309.502029,1465104309.581000
868,1465104303.858000,1465104304.645756,1465104309.647166,1465104309.733000
869,1465104303.861000,1465104304.579923,1465104309.581201,1465104309.666000
870,1465104303.858000,1465104304.616431,1465104309.617646,1465104309.704000
871,1465104303.868000,1465104304.621484,1465104309.622724,1465104309.703000
872,1465104303.859000,1465104304.651149,1465104309.652466,1465104309.733000
873,1465104303.859000,1465104304.646955,1465104309.648205,1465104309.729000
874,1465104303.859000,1465104304.640917,1465104309.642225,1465104309.720000
875,1465104303.862000,1465104304.663762,1465104309.664921,1465104309.752000
876,1465104303.859000,1465104304.656197,1465104309.674741,1465104309.752000
877,1465104303.859000,1465104304.935164,1465104309.936896,1465104310.016000
878,1465104303.860000,1465104304.578683,1465104309.580093,1465104309.660000
879,1465104303.860000,1465104304.862917,1465104309.864220,1465104309.951000
880,1465104303.860000,1465104304.542714,1465104309.544023,1465104309.631000
881,1465104303.860000,1465104304.902569,1465104309.903942,1465104309.976000
882,1465104303.860000,1465104304.630457,1465104309.637941,1465104309.728000
883,1465104303.860000,1465104304.507068,1465104309.508561,1465104309.594000
884,1465104303.860000,1465104304.975241,1465104309.976462,1465104310.054000
885,1465104303.860000,0.000000,0.000000,0.000000
886,1465104303.860000,1465104304.928755,1465104309.930512,1465104310.011000
887,1465104303.860000,1465104304.593473,1465104309.594745,1465104309.676000
888,1465104303.861000,1465104304.665055,1465104309.666213,1465104309.744000
889,1465104303.860000,1465104304.867873,1465104309.869275,1465104309.946000
890,1465104303.862000,1465104304.672277,1465104309.673803,1465104309.753000
891,1465104303.861000,1465104304.651849,1465104309.653010,1465104309.735000
892,1465104303.861000,1465104304.617366,1465104309.618690,1465104309.699000
893,1465104303.861000,1465104304.561133,1465104309.562858,1465104309.644000
894,1465104303.861000,1465104304.598786,1465104309.600172,1465104309.690000
895,1465104303.861000,1465104304.557791,1465104309.559016,1465104309.637000
896,1465104303.864000,1465104304.851275,1465104309.852553,1465104309.956000
897,1465104303.861000,1465104304.660233,1465104309.662114,1465104309.742000
898,1465104303.861000,1465104304.664800,1465104309.666033,1465104309.752000
899,1465104303.861000,1465104304.637401,1465104309.638935,1465104309.719000
900,1465104303.863000,1465104304.574642,1465104309.575751,1465104309.665000
901,1465104303.861000,1465104304.909217,1465104309.910567,1465104310.014000
902,1465104303.862000,1465104304.559295,1465104309.560508,1465104309.659000
903,1465104303.862000,1465104304.658600,1465104309.660408,1465104309.736000
904,1465104303.862000,1465104304.573684,1465104309.574920,1465104309.657000
905,1465104303.863000,1465104304.905512,1465104309.907113,1465104309.981000
906,1465104303.863000,1465104304.502772,1465104309.504244,1465104309.580000
907,1465104303.862000,1465104304.663766,1465104309.665303,1465104309.751000
908,1465104303.862000,1465104304.633195,1465104309.634475,1465104309.716000
909,1465104303.865000,1465104304.625014,1465104309.626268,1465104309.714000
910,1465104303.863000,1465104304.660817,1465104309.666496,1465104309.746000
911,1465104303.862000,1465104304.581299,1465104309.595603,1465104309.684000
912,1465104303.864000,1465104304.512950,1465104309.531971,1465104309.617000
913,1465104303.863000,1465104304.560987,1465104309.562211,1465104309.639000
914,1465104303.863000,1465104304.576785,1465104309.578035,1465104309.658000
915,1465104303.862000,1465104304.601779,1465104309.602995,1465104309.683000
916,1465104303.869000,1465104304.925993,1465104309.927304,1465104310.006000
917,1465104303.863000,1465104304.640215,1465104309.641707,1465104309.721000
918,1465104303.863000,1465104304.648907,1465104309.650247,1465104309.739000
919,1465104303.863000,1465104304.677585,1465104309.678877,1465104309.758000
920,1465104303.863000,1465104304.614482,1465104309.615967,1465104309.706000
921,1465104303.863000,1465104304.616770,1465104309.618178,1465104309.704000
922,1465104303.863000,1465104304.675070,1465104309.676416,1465104309.757000
923,1465104303.863000,1465104304.631122,1465104309.632369,1465104309.728000
924,1465104303.866000,1465104304.527905,1465104309.529265,1465104309.603000
925,1465104303.864000,1465104304.587793,1465104309.597743,1465104309.673000
926,1465104303.863000,1465104304.650628,1465104309.651962,1465104309.736000
927,1465104303.865000,1465104304.663461,1465104309.665178,1465104309.745000
928,1465104303.866000,1465104304.925866,1465104309.927078,1465104310.004000
929,1465104303.863000,1465104304.610045,1465104309.611420,1465104309.691000
930,1465104303.864000,1465104304.927666,1465104309.928890,1465104310.033000
931,1465104303.863000,1465104304.963727,1465104309.964983,1465104310.034000
932,1465104303.865000,1465104304.635088,1465104309.636624,1465104309.721000
933,1465104303.864000,1465104304.676604,1465104309.678679,1465104309.754000
934,1465104303.864000,1465104304.582073,1465104309.583346,1465104309.682000
935,1465104303.863000,1465104304.518987,1465104309.520232,1465104309.602000
936,1465104303.869000,1465104304.536275,1465104309.537549,1465104309.608000
937,1465104303.866000,1465104304.626701,1465104309.627927,1465104309.709000
938,1465104303.864000,1465104304.658083,1465104309.659579,1465104309.748000
939,1465104303.864000,1465104304.679533,1465104309.680721,1465104309.754000
940,1465104303.865000,1465104304.630001,1465104309.631289,1465104309.709000
941,1465104303.864000,1465104304.950707,1465104309.951948,1465104310.023000
942,1465104303.865000,0.000000,0.000000,0.000000
943,1465104303.864000,1465104304.875031,1465104309.876329,1465104309.961000
944,1465104303.864000,1465104304.871130,1465104309.872401,1465104309.976000
945,1465104303.865000,1465104304.647734,1465104309.649098,1465104309.728000
946,1465104303.864000,1465104304.860494,1465104309.861806,1465104309.966000
947,1465104303.864000,1465104304.612705,1465104309.614180,1465104309.703000
948,1465104303.866000,1465104304.673679,1465104309.674978,1465104309.759000
949,1465104303.864000,1465104304.572584,1465104309.573995,1465104309.663000
950,1465104303.864000,1465104304.585806,1465104309.587035,1465104309.674000
951,1465104303.868000,1465104304.647839,1465104309.649230,1465104309.738000
952,1465104303.866000,1465104304.597504,1465104309.598672,1465104309.685000
953,1465104303.866000,1465104304.580915,1465104309.582212,1465104309.668000
954,1465104303.866000,1465104304.674631,1465104309.675884,1465104309.755000
955,1465104303.866000,1465104304.644662,1465104309.645854,1465104309.742000
956,1465104303.865000,1465104304.636894,1465104309.638234,1465104309.716000
957,1465104303.865000,1465104304.666113,1465104309.687335,1465104309.768000
958,1465104303.866000,1465104304.655575,1465104309.656784,1465104309.736000
959,1465104303.866000,1465104304.615191,1465104309.616453,1465104309.702000
960,1465104303.866000,1465104304.658136,1465104309.659633,1465104309.747000
961,1465104303.865000,1465104304.641566,1465104309.642993,1465104309.732000
962,1465104303.865000,1465104304.625630,1465104309.626997,1465104309.701000
963,1465104303.865000,1465104304.591200,1465104309.592511,1465104309.679000
964,1465104303.866000,1465104304.646534,1465104309.648375,1465104309.736000
965,1465104303.867000,1465104304.638262,1465104309.639429,1465104309.737000
966,1465104303.865000,1465104304.671994,1465104309.675621,1465104309.750000
967,1465104303.866000,1465104304.618120,1465104309.619345,1465104309.698000
968,1465104303.866000,1465104304.612212,1465104309.613499,1465104309.695000
969,1465104303.867000,1465104304.937094,1465104309.951887,1465104310.026000
970,1465104303.865000,1465104304.947756,1465104309.949350,1465104310.038000
971,1465104303.866000,1465104304.582988,1465104309.584154,1465104309.670000
972,1465104303.867000,1465104304.677301,1465104309.678554,1465104309.737000
973,1465104303.887000,1465104304.660987,1465104309.662592,1465104309.742000
974,1465104303.866000,1465104304.587947,1465104309.589380,1465104309.675000
975,1465104303.866000,1465104304.949568,1465104309.954396,1465104310.034000
976,1465104303.866000,1465104304.638316,1465104309.639807,1465104309.720000
977,1465104303.870000,0.000000,0.000000,0.000000
978,1465104303.870000,1465104304.643358,1465104309.644607,1465104309.733000
979,1465104303.866000,1465104304.681141,1465104309.682379,1465104309.763000
980,1465104303.866000,1465104304.660037,1465104309.661297,1465104309.749000
981,1465104303.866000,1465104304.954518,1465104309.955691,1465104310.041000
982,1465104303.876000,1465104304.660487,1465104309.662125,1465104309.743000
983,1465104303.866000,1465104304.607126,1465104309.608412,1465104309.693000
984,1465104303.866000,1465104304.937661,1465104309.939028,1465104310.019000
985,1465104303.866000,1465104304.677210,1465104309.678814,1465104309.754000
986,1465104303.866000,1465104304.921397,1465104309.922790,1465104310.002000
987,1465104303.866000,1465104304.658269,1465104309.659585,1465104309.733000
988,1465104303.866000,1465104304.628204,1465104309.629613,1465104309.705000
989,1465104303.875000,1465104304.962323,1465104309.963517,1465104310.049000
990,1465104303.874000,1465104304.944922,1465104309.946261,1465104310.026000
991,1465104303.871000,1465104304.663186,1465104309.664512,1465104309.741000
992,1465104303.883000,1465104304.630075,1465104309.631367,1465104309.716000
993,1465104303.870000,1465104304.515877,1465104309.517098,1465104309.575000
994,1465104303.868000,1465104304.644276,1465104309.645570,1465104309.726000
995,1465104303.887000,1465104304.661344,1465104309.662907,1465104309.748000
996,1465104303.867000,1465104304.656051,1465104309.674825,1465104309.752000
997,1465104303.867000,1465104304.587931,1465104309.589131,1465104309.660000
998,1465104303.867000,1465104304.623682,1465104309.624950,1465104309.703000
999,1465104303.867000,1465104304.653446,1465104309.654660,1465104309.713000
