0,1465104295.336000,1465104295.921743,1465104300.923227,1465104301.010000
1,1465104295.336000,1465104295.943490,1465104300.944811,1465104301.030000
2,1465104295.336000,1465104296.084504,1465104301.085753,1465104301.166000
3,1465104295.336000,1465104295.976693,1465104300.978374,1465104301.066000
4,1465104295.336000,1465104295.976876,1465104300.978402,1465104301.059000
5,1465104295.336000,1465104295.962007,1465104300.963317,1465104301.043000
6,1465104295.336000,1465104295.915820,1465104300.931328,1465104301.018000
7,1465104295.336000,1465104295.906861,1465104300.908420,1465104300.988000
8,1465104295.336000,1465104295.932312,1465104300.933825,1465104301.004000
9,1465104295.336000,1465104295.979792,1465104300.981903,1465104301.058000
10,1465104295.336000,1465104295.978551,1465104300.980126,1465104301.060000
11,1465104295.336000,1465104295.890403,1465104300.891857,1465104300.974000
12,1465104295.337000,1465104295.925117,1465104300.927048,1465104301.003000
13,1465104295.337000,1465104295.977532,1465104300.979021,1465104301.054000
14,1465104295.337000,1465104295.986439,1465104300.987669,1465104301.073000
15,1465104295.337000,1465104296.255610,1465104301.256834,1465104301.361000
16,1465104295.337000,1465104295.944209,1465104300.945495,1465104301.031000
17,1465104295.337000,1465104295.892345,1465104300.893987,1465104300.982000
18,1465104295.337000,1465104296.026143,1465104301.027384,1465104301.112000
19,1465104295.337000,1465104295.979455,1465104300.997482,1465104301.073000
20,1465104295.337000,1465104295.990446,1465104300.991701,1465104301.063000
21,1465104295.337000,1465104297.837127,1465104302.838700,1465104302.919000
22,1465104295.337000,1465104295.990589,1465104300.992009,1465104301.079000
23,1465104295.337000,1465104295.905584,1465104300.907069,1465104300.992000
24,1465104295.337000,1465104295.984482,1465104300.985911,1465104301.074000
25,1465104295.338000,1465104296.320344,1465104301.321538,1465104301.411000
26,1465104295.338000,1465104295.995951,1465104300.997217,1465104301.078000
27,1465104295.338000,1465104296.018252,1465104301.020122,1465104301.107000
28,1465104295.338000,1465104295.996423,1465104300.997616,1465104301.083000
29,1465104295.338000,1465104296.100401,1465104301.101696,1465104301.182000
30,1465104295.338000,1465104295.923139,1465104300.924777,1465104301.014000
31,1465104295.339000,1465104296.003030,1465104301.004352,1465104301.091000
32,1465104295.339000,1465104296.366842,1465104301.368183,1465104301.442000
33,1465104295.339000,1465104296.040720,1465104301.042041,1465104301.116000
34,1465104295.339000,1465104296.013524,1465104301.014913,1465104301.099000
35,1465104295.339000,1465104296.085024,1465104301.086940,1465104301.166000
36,1465104295.340000,1465104296.351450,1465104301.352690,1465104301.430000
37,1465104295.341000,1465104295.974868,1465104300.976138,1465104301.046000
38,1465104295.342000,1465104295.963882,1465104300.965141,1465104301.054000
39,1465104295.343000,1465104295.923890,1465104300.925450,1465104301.011000
40,1465104295.343000,1465104295.905652,1465104300.907127,1465104300.979000
41,1465104295.343000,1465104296.028941,1465104301.030391,1465104301.105000
42,1465104295.343000,1465104295.942201,1465104300.943753,1465104301.022000
43,1465104295.343000,1465104295.964212,1465104300.965737,1465104301.047000
44,1465104295.343000,1465104296.339119,1465104301.340409,1465104301.421000
45,1465104295.343000,1465104295.999334,1465104301.000791,1465104301.087000
46,1465104295.343000,1465104296.065682,1465104301.067584,1465104301.154000
47,1465104295.343000,1465104295.994826,1465104300.996157,1465104301.071000
48,1465104295.343000,1465104296.099256,1465104301.100746,1465104301.181000
49,1465104295.343000,1465104296.046029,1465104301.047280,1465104301.128000
50,1465104295.343000,1465104296.007639,1465104301.008807,1465104301.094000
51,1465104295.343000,1465104296.094917,1465104301.096173,1465104301.175000
52,1465104295.343000,1465104295.960845,1465104300.962306,1465104301.051000
53,1465104295.344000,1465104295.962570,1465104300.964023,1465104301.062000
54,1465104295.344000,1465104296.001334,1465104301.002917,1465104301.081000
55,1465104295.344000,1465104296.063402,1465104301.064559,1465104301.142000
56,1465104295.344000,0.000000,0.000000,0.000000
57,1465104295.345000,1465104296.293329,1465104301.294553,1465104301.373000
58,1465104295.345000,1465104296.107789,1465104301.109068,1465104301.179000
59,1465104295.345000,1465104296.049288,1465104301.050497,1465104301.139000
60,1465104295.345000,1465104296.093219,1465104301.094434,1465104301.172000
61,1465104295.345000,1465104296.004543,1465104301.005994,1465104301.083000
62,1465104295.346000,1465104295.984104,1465104300.985409,1465104301.070000
63,1465104295.346000,1465104295.983175,1465104300.984830,1465104301.074000
64,1465104295.347000,1465104295.965903,1465104300.967233,1465104301.046000
65,1465104295.347000,1465104296.052129,1465104301.067061,1465104301.163000
66,1465104295.349000,1465104296.043615,1465104301.046291,1465104301.125000
67,1465104295.349000,1465104296.044161,1465104301.045373,1465104301.119000
68,1465104295.349000,1465104296.328026,1465104301.329429,1465104301.414000
69,1465104295.349000,1465104296.054671,1465104301.056153,1465104301.144000
70,1465104295.352000,1465104296.075110,1465104301.076325,1465104301.162000
71,1465104295.352000,1465104295.968563,1465104300.969830,1465104301.055000
72,1465104295.352000,1465104296.025058,1465104301.026776,1465104301.101000
73,1465104295.352000,1465104296.291407,1465104301.292622,1465104301.364000
74,1465104295.352000,1465104296.287376,1465104301.305413,1465104301.377000
75,1465104295.352000,1465104297.834864,1465104302.836378,1465104302.915000
76,1465104295.352000,1465104296.321997,1465104301.323937,1465104301.404000
77,1465104295.352000,1465104297.815012,1465104302.816513,1465104302.906000
78,1465104295.353000,1465104296.067969,1465104301.069290,1465104301.144000
79,1465104295.353000,1465104296.311051,1465104301.312366,1465104301.401000
80,1465104295.353000,1465104296.317465,1465104301.326962,1465104301.408000
81,1465104295.353000,1465104296.105710,1465104301.107003,1465104301.182000
82,1465104295.353000,1465104296.051794,1465104301.053068,1465104301.128000
83,1465104295.353000,1465104296.020342,1465104301.022424,1465104301.109000
84,1465104295.353000,1465104296.004207,1465104301.005406,1465104301.094000
85,1465104295.353000,1465104296.259231,1465104301.260651,1465104301.364000
86,1465104295.353000,1465104296.103029,1465104301.104251,1465104301.174000
87,1465104295.353000,1465104296.067077,1465104301.068651,1465104301.154000
88,1465104295.353000,1465104296.029107,1465104301.030862,1465104301.112000
89,1465104295.353000,1465104296.013739,1465104301.015025,1465104301.097000
90,1465104295.353000,1465104296.066476,1465104301.068086,1465104301.147000
91,1465104295.353000,1465104296.053365,1465104301.054653,1465104301.137000
92,1465104295.353000,1465104296.105714,1465104301.107664,1465104301.188000
93,1465104295.353000,0.000000,0.000000,0.000000
94,1465104295.353000,1465104296.012863,1465104301.014077,1465104301.084000
95,1465104295.353000,1465104296.032154,1465104301.033410,1465104301.130000
96,1465104295.353000,1465104297.853409,1465104302.854903,1465104302.929000
97,1465104295.353000,1465104296.027680,1465104301.029221,1465104301.110000
98,1465104295.353000,1465104296.360917,1465104301.362505,1465104301.432000
99,1465104295.353000,1465104296.072921,1465104301.074403,1465104301.159000
100,1465104295.353000,1465104296.362748,1465104301.364321,1465104301.463000
101,1465104295.353000,1465104296.012460,1465104301.013761,1465104301.094000
102,1465104295.353000,1465104297.887561,1465104302.888845,1465104302.947000
103,1465104295.354000,1465104295.980567,1465104300.981793,1465104301.069000
104,1465104295.354000,1465104296.006752,1465104301.008253,1465104301.078000
105,1465104295.354000,1465104296.345368,1465104301.346870,1465104301.422000
106,1465104295.354000,1465104296.296655,1465104301.297922,1465104301.401000
107,1465104295.354000,1465104296.045876,1465104301.047064,1465104301.133000
108,1465104295.354000,1465104297.845797,1465104302.847370,1465104302.928000
109,1465104295.354000,1465104296.374697,1465104301.375911,1465104301.457000
110,1465104295.354000,1465104296.032059,1465104301.033268,1465104301.122000
111,1465104295.354000,1465104296.289963,1465104301.291243,1465104301.371000
112,1465104295.354000,1465104296.382087,1465104301.383413,1465104301.472000
113,1465104295.354000,1465104296.364575,1465104301.365840,1465104301.447000
114,1465104295.354000,1465104296.032858,1465104301.034058,1465104301.103000
115,1465104295.354000,1465104296.086443,1465104301.092641,1465104301.181000
116,1465104295.354000,1465104295.972820,1465104300.973994,1465104301.072000
117,1465104295.356000,1465104296.320791,1465104301.322022,1465104301.407000
118,1465104295.356000,1465104296.341132,1465104301.357898,1465104301.439000
119,1465104295.356000,1465104296.089897,1465104301.091268,1465104301.166000
120,1465104295.356000,1465104296.347683,1465104301.348967,1465104301.435000
121,1465104295.356000,1465104296.303246,1465104301.304524,1465104301.362000
122,1465104295.357000,1465104296.085952,1465104301.087120,1465104301.185000
123,1465104295.359000,1465104296.066736,1465104301.068015,1465104301.148000
124,1465104295.359000,1465104296.284023,1465104301.285445,1465104301.361000
125,1465104295.359000,1465104295.986174,1465104300.987545,1465104301.075000
126,1465104295.359000,1465104296.048552,1465104301.049765,1465104301.136000
127,1465104295.360000,1465104296.063377,1465104301.064531,1465104301.147000
128,1465104295.360000,1465104296.285595,1465104301.286874,1465104301.391000
129,1465104295.365000,1465104296.091177,1465104301.092571,1465104301.172000
130,1465104295.362000,1465104296.060820,1465104301.062065,1465104301.151000
131,1465104295.366000,1465104297.851287,1465104302.852762,1465104302.930000
132,1465104295.367000,1465104296.277643,1465104301.278883,1465104301.359000
133,1465104295.368000,1465104296.327061,1465104301.328246,1465104301.425000
134,1465104295.368000,1465104296.322421,1465104301.323935,1465104301.404000
135,1465104295.368000,1465104296.345195,1465104301.346436,1465104301.404000
136,1465104295.368000,1465104296.084608,1465104301.085858,1465104301.160000
137,1465104295.368000,1465104296.364558,1465104301.365841,1465104301.462000
138,1465104295.368000,1465104296.078669,1465104301.080252,1465104301.167000
139,1465104295.368000,1465104296.102018,1465104301.103474,1465104301.178000
140,1465104295.368000,1465104297.878048,1465104302.879272,1465104302.937000
141,1465104295.368000,1465104296.054656,1465104301.055956,1465104301.142000
142,1465104295.368000,1465104295.985232,1465104300.986555,1465104301.069000
143,1465104295.368000,1465104296.377514,1465104301.378717,1465104301.457000
144,1465104295.368000,1465104296.076418,1465104301.077640,1465104301.163000
145,1465104295.369000,1465104296.038820,1465104301.040088,1465104301.125000
146,1465104295.369000,1465104296.305859,1465104301.307095,1465104301.396000
147,1465104295.369000,1465104295.988112,1465104300.989328,1465104301.074000
148,1465104295.369000,1465104296.059904,1465104301.061199,1465104301.130000
149,1465104295.369000,1465104296.017586,1465104301.018850,1465104301.123000
150,1465104295.370000,1465104296.034855,1465104301.036104,1465104301.114000
151,1465104295.370000,1465104297.822099,1465104302.823551,1465104302.910000
152,1465104295.370000,1465104296.099359,1465104301.100781,1465104301.182000
153,1465104295.370000,1465104296.339908,1465104301.341540,1465104301.431000
154,1465104295.370000,1465104296.031590,1465104301.033149,1465104301.119000
155,1465104295.370000,1465104296.297999,1465104301.299914,1465104301.380000
156,1465104295.370000,1465104296.055903,1465104301.063619,1465104301.142000
157,1465104295.371000,1465104296.340364,1465104301.341596,1465104301.419000
158,1465104295.371000,1465104296.010291,1465104301.011897,1465104301.093000
159,1465104295.371000,1465104296.352268,1465104301.353525,1465104301.442000
160,1465104295.371000,1465104296.074577,1465104301.075973,1465104301.157000
161,1465104295.371000,1465104296.085542,1465104301.087214,1465104301.174000
162,1465104295.371000,1465104296.029034,1465104301.030351,1465104301.110000
163,1465104295.371000,1465104296.085037,1465104301.086342,1465104301.190000
164,1465104295.371000,1465104296.035300,1465104301.036501,1465104301.126000
165,1465104295.371000,1465104296.099462,1465104301.101155,1465104301.177000
166,1465104295.371000,1465104295.994847,1465104300.996488,1465104301.077000
167,1465104295.371000,1465104296.090444,1465104301.091999,1465104301.189000
168,1465104295.371000,1465104296.099981,1465104301.101123,1465104301.179000
169,1465104295.372000,1465104296.103443,1465104301.105173,1465104301.174000
170,1465104295.372000,1465104296.397991,1465104301.399504,1465104301.458000
171,1465104295.372000,1465104296.076674,1465104301.077940,1465104301.147000
172,1465104295.372000,1465104296.014636,1465104301.016201,1465104301.119000
173,1465104295.372000,1465104296.302909,1465104301.304180,1465104301.390000
174,1465104295.372000,1465104296.324078,1465104301.325280,1465104301.422000
175,1465104295.372000,1465104296.066723,1465104301.068072,1465104301.148000
176,1465104295.372000,1465104296.054060,1465104301.055359,1465104301.140000
177,1465104295.372000,1465104296.358035,1465104301.359277,1465104301.444000
178,1465104295.372000,1465104296.379448,1465104301.380827,1465104301.469000
179,1465104295.372000,1465104297.871582,1465104302.888558,1465104302.969000
180,1465104295.372000,1465104296.292466,1465104301.293800,1465104301.378000
181,1465104295.372000,1465104296.082734,1465104301.084122,1465104301.182000
182,1465104295.372000,1465104296.087832,1465104301.088948,1465104301.167000
183,1465104295.372000,1465104296.419866,1465104301.421096,1465104301.500000
184,1465104295.372000,1465104296.090666,1465104301.092533,1465104301.173000
185,1465104295.372000,1465104296.092419,1465104301.093676,1465104301.173000
186,1465104295.372000,1465104296.043277,1465104301.044514,1465104301.123000
187,1465104295.372000,1465104296.342059,1465104301.353856,1465104301.439000
188,1465104295.372000,0.000000,0.000000,0.000000
189,1465104295.372000,1465104296.057640,1465104301.058970,1465104301.139000
190,1465104295.372000,1465104296.072730,1465104301.074014,1465104301.162000
191,1465104295.372000,0.000000,0.000000,0.000000
192,1465104295.372000,1465104296.358216,1465104301.359511,1465104301.440000
193,1465104295.372000,1465104296.028942,1465104301.030395,1465104301.120000
194,1465104295.373000,1465104296.372589,1465104301.374080,1465104301.456000
195,1465104295.373000,1465104296.398465,1465104301.400218,1465104301.459000
196,1465104295.373000,1465104297.867273,1465104302.868932,1465104302.950000
197,1465104295.373000,1465104296.123557,1465104301.125112,1465104301.203000
198,1465104295.373000,1465104296.359649,1465104301.360886,1465104301.450000
199,1465104295.373000,1465104296.327437,1465104301.328729,1465104301.408000
200,1465104295.373000,1465104296.054197,1465104301.055373,1465104301.132000
201,1465104295.373000,1465104296.030405,1465104301.031673,1465104301.122000
202,1465104295.373000,1465104296.348812,1465104301.350082,1465104301.439000
203,1465104295.373000,1465104296.349291,1465104301.350606,1465104301.439000
204,1465104295.373000,1465104296.096745,1465104301.098907,1465104301.185000
205,1465104295.373000,1465104296.346645,1465104301.347894,1465104301.430000
206,1465104295.373000,1465104296.031913,1465104301.033371,1465104301.133000
207,1465104295.373000,1465104296.045183,1465104301.046416,1465104301.126000
208,1465104295.373000,1465104296.374113,1465104301.375615,1465104301.475000
209,1465104295.373000,1465104296.397613,1465104301.398886,1465104301.473000
210,1465104295.373000,1465104296.363482,1465104301.364672,1465104301.433000
211,1465104295.373000,1465104295.999385,1465104301.001010,1465104301.105000
212,1465104295.373000,1465104296.035629,1465104301.036802,1465104301.123000
213,1465104295.373000,1465104296.313778,1465104301.315302,1465104301.411000
214,1465104295.373000,1465104296.040864,1465104301.042264,1465104301.122000
215,1465104295.373000,1465104296.064112,1465104301.075597,1465104301.163000
216,1465104295.373000,1465104297.891132,1465104302.892432,1465104302.966000
217,1465104295.373000,1465104296.058070,1465104301.059453,1465104301.140000
218,1465104295.373000,1465104296.095422,1465104301.097859,1465104301.184000
219,1465104295.373000,1465104296.032928,1465104301.034163,1465104301.112000
220,1465104295.373000,1465104296.306544,1465104301.307755,1465104301.394000
221,1465104295.373000,1465104296.031207,1465104301.032536,1465104301.137000
222,1465104295.373000,1465104296.101828,1465104301.103223,1465104301.182000
223,1465104295.373000,1465104296.333708,1465104301.334914,1465104301.413000
224,1465104295.373000,1465104296.049773,1465104301.051005,1465104301.136000
225,1465104295.373000,1465104296.020042,1465104301.021226,1465104301.107000
226,1465104295.373000,1465104296.088233,1465104301.089700,1465104301.166000
227,1465104295.373000,1465104296.044598,1465104301.045851,1465104301.135000
228,1465104295.374000,1465104296.091335,1465104301.092623,1465104301.171000
229,1465104295.374000,1465104296.389923,1465104301.391140,1465104301.450000
230,1465104295.374000,1465104296.013342,1465104301.014896,1465104301.093000
231,1465104295.374000,1465104296.013858,1465104301.015293,1465104301.090000
232,1465104295.374000,1465104296.391129,1465104301.392582,1465104301.472000
233,1465104295.374000,1465104296.053531,1465104301.066553,1465104301.148000
234,1465104295.374000,1465104296.073144,1465104301.076490,1465104301.157000
235,1465104295.374000,1465104296.033561,1465104301.034826,1465104301.115000
236,1465104295.374000,1465104295.995972,1465104300.997459,1465104301.094000
237,1465104295.374000,1465104296.101210,1465104301.102340,1465104301.181000
238,1465104295.374000,1465104296.043870,1465104301.045054,1465104301.134000
239,1465104295.374000,1465104296.279818,1465104301.281049,1465104301.358000
240,1465104295.374000,1465104296.300701,1465104301.302195,1465104301.391000
241,1465104295.374000,1465104296.071259,1465104301.072433,1465104301.144000
242,1465104295.374000,1465104296.050678,1465104301.052007,1465104301.133000
243,1465104295.374000,1465104296.065950,1465104301.067249,1465104301.155000
244,1465104295.374000,1465104296.361932,1465104301.363118,1465104301.441000
245,1465104295.374000,1465104296.384310,1465104301.385622,1465104301.470000
246,1465104295.374000,1465104296.004529,1465104301.006157,1465104301.110000
247,1465104295.374000,1465104296.405061,1465104301.406378,1465104301.493000
248,1465104295.374000,1465104296.331050,1465104301.332226,1465104301.410000
249,1465104295.374000,1465104296.005421,1465104301.023487,1465104301.127000
250,1465104295.374000,1465104296.003987,1465104301.005524,1465104301.081000
251,1465104295.374000,1465104296.046318,1465104301.047630,1465104301.127000
252,1465104295.374000,1465104296.064664,1465104301.065850,1465104301.162000
253,1465104295.374000,1465104297.858912,1465104302.860280,1465104302.941000
254,1465104295.374000,1465104296.088342,1465104301.089656,1465104301.163000
255,1465104295.374000,1465104296.084523,1465104301.085771,1465104301.171000
256,1465104295.374000,1465104296.348130,1465104301.349455,1465104301.427000
257,1465104295.374000,1465104296.012419,1465104301.013646,1465104301.099000
258,1465104295.374000,1465104296.314273,1465104301.326009,1465104301.406000
259,1465104295.374000,1465104296.019247,1465104301.020514,1465104301.099000
260,1465104295.375000,1465104296.092758,1465104301.094002,1465104301.163000
261,1465104295.375000,1465104296.365393,1465104301.366604,1465104301.449000
262,1465104295.375000,1465104296.363213,1465104301.364737,1465104301.461000
263,1465104295.375000,1465104296.020318,1465104301.022445,1465104301.109000
264,1465104295.375000,1465104296.359790,1465104301.361139,1465104301.430000
265,1465104295.375000,1465104296.090465,1465104301.091802,1465104301.162000
266,1465104295.375000,1465104296.067782,1465104301.069117,1465104301.144000
267,1465104295.375000,1465104296.330988,1465104301.332254,1465104301.410000
268,1465104295.375000,1465104296.369198,1465104301.370400,1465104301.449000
269,1465104295.375000,1465104296.262273,1465104301.263559,1465104301.367000
270,1465104295.375000,1465104296.297884,1465104301.299168,1465104301.378000
271,1465104295.375000,1465104296.081888,1465104301.083144,1465104301.171000
272,1465104295.375000,1465104296.087817,1465104301.089191,1465104301.159000
273,1465104295.375000,1465104296.028568,1465104301.029775,1465104301.112000
274,1465104295.375000,0.000000,0.000000,0.000000
275,1465104295.375000,1465104296.063280,1465104301.064884,1465104301.145000
276,1465104295.375000,1465104296.061855,1465104301.063140,1465104301.141000
277,1465104295.375000,1465104297.856773,1465104302.858496,1465104302.939000
278,1465104295.375000,1465104297.857917,1465104302.859404,1465104302.918000
279,1465104295.375000,1465104296.291064,1465104301.292580,1465104301.377000
280,1465104295.375000,1465104296.337144,1465104301.338521,1465104301.419000
281,1465104295.375000,1465104296.297201,1465104301.298368,1465104301.396000
282,1465104295.375000,1465104296.372454,1465104301.373623,1465104301.443000
283,1465104295.375000,1465104296.373464,1465104301.374842,1465104301.457000
284,1465104295.375000,1465104296.043839,1465104301.045034,1465104301.115000
285,1465104295.375000,1465104296.090568,1465104301.093815,1465104301.174000
286,1465104295.375000,1465104296.110925,1465104301.112230,1465104301.197000
287,1465104295.375000,1465104296.298329,1465104301.311482,1465104301.396000
288,1465104295.376000,1465104296.102929,1465104301.107075,1465104301.187000
289,1465104295.376000,1465104296.042606,1465104301.043846,1465104301.122000
290,1465104295.376000,1465104296.058302,1465104301.059454,1465104301.144000
291,1465104295.375000,1465104296.381828,1465104301.383383,1465104301.467000
292,1465104295.376000,1465104296.286558,1465104301.288163,1465104301.360000
293,1465104295.377000,1465104296.024476,1465104301.025705,1465104301.105000
294,1465104295.378000,1465104296.036236,1465104301.037536,1465104301.126000
295,1465104295.379000,1465104296.348695,1465104301.349991,1465104301.430000
296,1465104295.384000,1465104296.385945,1465104301.387190,1465104301.465000
297,1465104295.380000,1465104296.041429,1465104301.042687,1465104301.125000
298,1465104295.387000,1465104296.087640,1465104301.089221,1465104301.164000
299,1465104295.390000,1465104296.354131,1465104301.355399,1465104301.424000
300,1465104295.390000,1465104296.051393,1465104301.052607,1465104301.132000
301,1465104295.390000,1465104296.331385,1465104301.337938,1465104301.435000
302,1465104295.403000,1465104296.347261,1465104301.348585,1465104301.434000
303,1465104295.403000,1465104296.403463,1465104301.404780,1465104301.484000
304,1465104295.403000,1465104296.058085,1465104301.069940,1465104301.139000
305,1465104295.403000,1465104296.381011,1465104301.382429,1465104301.458000
306,1465104295.403000,1465104296.070255,1465104301.071411,1465104301.149000
307,1465104295.404000,1465104296.053531,1465104301.055717,1465104301.136000
308,1465104295.404000,1465104296.301281,1465104301.302543,1465104301.406000
309,1465104295.404000,1465104296.348528,1465104301.349745,1465104301.435000
310,1465104295.404000,1465104296.100175,1465104301.108828,1465104301.189000
311,1465104295.404000,1465104296.100620,1465104301.101857,1465104301.191000
312,1465104295.404000,1465104296.056404,1465104301.070075,1465104301.139000
313,1465104295.404000,1465104296.073576,1465104301.075748,1465104301.156000
314,1465104295.404000,1465104296.049294,1465104301.050813,1465104301.154000
315,1465104295.404000,1465104296.312859,1465104301.313994,1465104301.412000
316,1465104295.404000,1465104296.093241,1465104301.096181,1465104301.170000
317,1465104295.404000,1465104296.385069,1465104301.386268,1465104301.455000
318,1465104295.404000,1465104295.992126,1465104300.993409,1465104301.081000
319,1465104295.405000,1465104296.346927,1465104301.348145,1465104301.421000
320,1465104295.406000,1465104296.352097,1465104301.353321,1465104301.422000
321,1465104295.406000,1465104296.093451,1465104301.094803,1465104301.174000
322,1465104295.406000,1465104296.317679,1465104301.318937,1465104301.389000
323,1465104295.406000,1465104296.327601,1465104301.328948,1465104301.409000
324,1465104295.406000,1465104296.312073,1465104301.313484,1465104301.389000
325,1465104295.406000,0.000000,0.000000,0.000000
326,1465104295.406000,1465104296.090368,1465104301.091995,1465104301.190000
327,1465104295.406000,1465104296.097817,1465104301.100626,1465104301.176000
328,1465104295.406000,1465104296.006361,1465104301.007842,1465104301.085000
329,1465104295.406000,1465104296.331450,1465104301.337862,1465104301.436000
330,1465104295.406000,1465104296.061872,1465104301.063172,1465104301.148000
331,1465104295.406000,1465104296.058144,1465104301.059582,1465104301.149000
332,1465104295.407000,1465104296.069244,1465104301.070537,1465104301.151000
333,1465104295.407000,1465104296.367031,1465104301.368229,1465104301.457000
334,1465104295.407000,1465104296.335747,1465104301.337068,1465104301.408000
335,1465104295.407000,1465104296.359181,1465104301.360635,1465104301.450000
336,1465104295.407000,1465104296.057010,1465104301.058232,1465104301.138000
337,1465104295.407000,1465104296.308291,1465104301.309547,1465104301.391000
338,1465104295.407000,1465104296.305498,1465104301.306745,1465104301.411000
339,1465104295.407000,1465104296.060389,1465104301.061587,1465104301.149000
340,1465104295.407000,1465104296.084610,1465104301.085808,1465104301.174000
341,1465104295.408000,1465104296.390301,1465104301.391711,1465104301.471000
342,1465104295.408000,1465104296.052323,1465104301.066977,1465104301.163000
343,1465104295.408000,1465104296.056646,1465104301.058241,1465104301.139000
344,1465104295.408000,1465104296.118106,1465104301.119595,1465104301.193000
345,1465104295.408000,1465104296.066863,1465104301.068779,1465104301.154000
346,1465104295.408000,1465104296.382725,1465104301.383877,1465104301.466000
347,1465104295.408000,1465104296.327161,1465104301.328514,1465104301.402000
348,1465104295.408000,1465104296.050783,1465104301.051967,1465104301.122000
349,1465104295.408000,1465104296.366643,1465104301.367785,1465104301.465000
350,1465104295.408000,1465104296.086475,1465104301.088262,1465104301.158000
351,1465104295.409000,1465104296.110923,1465104301.113512,1465104301.188000
352,1465104295.409000,1465104296.086657,1465104301.087860,1465104301.160000
353,1465104295.409000,1465104296.114068,1465104301.116634,1465104301.205000
354,1465104295.410000,1465104297.868787,1465104302.870033,1465104302.950000
355,1465104295.410000,1465104296.373794,1465104301.375601,1465104301.475000
356,1465104295.410000,1465104296.028248,1465104301.029688,1465104301.133000
357,1465104295.410000,1465104296.347177,1465104301.348356,1465104301.434000
358,1465104295.410000,1465104296.158049,1465104301.159342,1465104301.239000
359,1465104295.410000,1465104296.358439,1465104301.363612,1465104301.443000
360,1465104295.411000,1465104296.077937,1465104301.079229,1465104301.166000
361,1465104295.411000,1465104296.081998,1465104301.083333,1465104301.171000
362,1465104295.411000,1465104296.374691,1465104301.375897,1465104301.465000
363,1465104295.411000,1465104296.343148,1465104301.344511,1465104301.434000
364,1465104295.411000,1465104296.062222,1465104301.063382,1465104301.133000
365,1465104295.411000,1465104296.078219,1465104301.079389,1465104301.151000
366,1465104295.411000,1465104296.036320,1465104301.037876,1465104301.111000
367,1465104295.411000,1465104296.110726,1465104301.112007,1465104301.190000
368,1465104295.411000,1465104296.377226,1465104301.378530,1465104301.465000
369,1465104295.411000,1465104296.079366,1465104301.082346,1465104301.163000
370,1465104295.411000,1465104296.341521,1465104301.342796,1465104301.431000
371,1465104295.411000,1465104296.036413,1465104301.037650,1465104301.142000
372,1465104295.412000,1465104296.093502,1465104301.095075,1465104301.174000
373,1465104295.412000,1465104296.119009,1465104301.120495,1465104301.197000
374,1465104295.412000,1465104296.084604,1465104301.085958,1465104301.168000
375,1465104295.412000,1465104296.072551,1465104301.074500,1465104301.160000
376,1465104295.412000,1465104296.077094,1465104301.078322,1465104301.156000
377,1465104295.412000,1465104296.074723,1465104301.076181,1465104301.134000
378,1465104295.413000,1465104296.356491,1465104301.357806,1465104301.431000
379,1465104295.413000,1465104296.060789,1465104301.062352,1465104301.147000
380,1465104295.413000,1465104296.079243,1465104301.082005,1465104301.162000
381,1465104295.413000,1465104296.094132,1465104301.095389,1465104301.173000
382,1465104295.413000,1465104296.107473,1465104301.108781,1465104301.194000
383,1465104295.413000,1465104296.372906,1465104301.374305,1465104301.453000
384,1465104295.413000,1465104296.084289,1465104301.085496,1465104301.163000
385,1465104295.413000,1465104296.116781,1465104301.118252,1465104301.206000
386,1465104295.414000,1465104296.051560,1465104301.052794,1465104301.133000
387,1465104295.414000,1465104296.403798,1465104301.404976,1465104301.482000
388,1465104295.414000,1465104296.374821,1465104301.376441,1465104301.457000
389,1465104295.414000,1465104296.093035,1465104301.094287,1465104301.193000
390,1465104295.414000,1465104296.096844,1465104301.098248,1465104301.178000
391,1465104295.414000,1465104297.884347,1465104302.885844,1465104302.967000
392,1465104295.414000,1465104296.065331,1465104301.066705,1465104301.147000
393,1465104295.414000,1465104296.102188,1465104301.103407,1465104301.181000
394,1465104295.415000,1465104296.067785,1465104301.069061,1465104301.143000
395,1465104295.415000,1465104296.086846,1465104301.088082,1465104301.172000
396,1465104295.415000,1465104296.371073,1465104301.372241,1465104301.457000
397,1465104295.415000,1465104296.085936,1465104301.087269,1465104301.173000
398,1465104295.415000,1465104296.102656,1465104301.104297,1465104301.185000
399,1465104295.416000,1465104296.102174,1465104301.103539,1465104301.178000
400,1465104295.416000,1465104296.404397,1465104301.405663,1465104301.483000
401,1465104295.416000,1465104296.052200,1465104301.053593,1465104301.136000
402,1465104295.416000,1465104296.361652,1465104301.362891,1465104301.451000
403,1465104295.416000,1465104296.307708,1465104301.309120,1465104301.394000
404,1465104295.416000,1465104296.361980,1465104301.363537,1465104301.462000
405,1465104295.416000,1465104296.074884,1465104301.076077,1465104301.154000
406,1465104295.417000,1465104296.085762,1465104301.091645,1465104301.179000
407,1465104295.417000,1465104296.405196,1465104301.406418,1465104301.480000
408,1465104295.417000,1465104296.101129,1465104301.102374,1465104301.188000
409,1465104295.417000,1465104296.094772,1465104301.115692,1465104301.204000
410,1465104295.417000,1465104296.423434,1465104301.424623,1465104301.483000
411,1465104295.417000,1465104296.376697,1465104301.377965,1465104301.466000
412,1465104295.417000,1465104296.064497,1465104301.065782,1465104301.154000
413,1465104295.417000,1465104296.410118,1465104301.411328,1465104301.469000
414,1465104295.418000,1465104296.069341,1465104301.083661,1465104301.162000
415,1465104295.418000,1465104296.356317,1465104301.357564,1465104301.436000
416,1465104295.418000,1465104296.075182,1465104301.076730,1465104301.158000
417,1465104295.418000,1465104296.096622,1465104301.098173,1465104301.187000
418,1465104295.418000,1465104296.109412,1465104301.111595,1465104301.185000
419,1465104295.418000,1465104296.343973,1465104301.345254,1465104301.417000
420,1465104295.418000,1465104296.063826,1465104301.065254,1465104301.145000
421,1465104295.418000,1465104296.065272,1465104301.068254,1465104301.153000
422,1465104295.418000,1465104296.073927,1465104301.076006,1465104301.156000
423,1465104295.418000,1465104296.102145,1465104301.104301,1465104301.185000
424,1465104295.419000,1465104296.066465,1465104301.067704,1465104301.146000
425,1465104295.419000,1465104296.023937,1465104301.025325,1465104301.100000
426,1465104295.419000,1465104296.102308,1465104301.103520,1465104301.182000
427,1465104295.421000,1465104296.079429,1465104301.080873,1465104301.168000
428,1465104295.420000,1465104296.396744,1465104301.406894,1465104301.487000
429,1465104295.420000,1465104296.075577,1465104301.077145,1465104301.153000
430,1465104295.420000,1465104296.394818,1465104301.396050,1465104301.475000
431,1465104295.420000,1465104296.085913,1465104301.087281,1465104301.166000
432,1465104295.420000,1465104296.038927,1465104301.040130,1465104301.129000
433,1465104295.420000,1465104296.083139,1465104301.092281,1465104301.177000
434,1465104295.420000,1465104296.067680,1465104301.068957,1465104301.148000
435,1465104295.420000,1465104296.364916,1465104301.366192,1465104301.455000
436,1465104295.421000,1465104296.073886,1465104301.076006,1465104301.157000
437,1465104295.421000,1465104296.413858,1465104301.415077,1465104301.493000
438,1465104295.421000,1465104296.087324,1465104301.092294,1465104301.180000
439,1465104295.421000,1465104296.036077,1465104301.037302,1465104301.126000
440,1465104295.421000,1465104296.130943,1465104301.132433,1465104301.206000
441,1465104295.421000,1465104296.089720,1465104301.091148,1465104301.174000
442,1465104295.422000,1465104296.081636,1465104301.083151,1465104301.157000
443,1465104295.423000,1465104296.368381,1465104301.369692,1465104301.454000
444,1465104295.421000,1465104296.113140,1465104301.114368,1465104301.200000
445,1465104295.422000,1465104296.341875,1465104301.343182,1465104301.442000
446,1465104295.422000,1465104296.111073,1465104301.112263,1465104301.184000
447,1465104295.422000,1465104296.358117,1465104301.360099,1465104301.439000
448,1465104295.422000,1465104296.100355,1465104301.102040,1465104301.181000
449,1465104295.423000,1465104296.091552,1465104301.092878,1465104301.178000
450,1465104295.423000,1465104296.089380,1465104301.093130,1465104301.174000
451,1465104295.423000,1465104296.083471,1465104301.086050,1465104301.170000
452,1465104295.423000,1465104296.382110,1465104301.383325,1465104301.453000
453,1465104295.423000,1465104296.078113,1465104301.079505,1465104301.159000
454,1465104295.423000,1465104296.249554,1465104301.250697,1465104301.321000
455,1465104295.424000,1465104296.125799,1465104301.134301,1465104301.213000
456,1465104295.424000,1465104296.105357,1465104301.106750,1465104301.193000
457,1465104295.424000,1465104296.079994,1465104301.081221,1465104301.160000
458,1465104295.424000,1465104296.085020,1465104301.087557,1465104301.175000
459,1465104295.424000,1465104296.074877,1465104301.076185,1465104301.151000
460,1465104295.424000,1465104296.100169,1465104301.101943,1465104301.182000
461,1465104295.426000,1465104296.346955,1465104301.348125,1465104301.447000
462,1465104295.426000,1465104296.056450,1465104301.057863,1465104301.137000
463,1465104295.426000,1465104296.111785,1465104301.113497,1465104301.202000
464,1465104295.426000,1465104296.432595,1465104301.433907,1465104301.516000
465,1465104295.426000,1465104296.095266,1465104301.096711,1465104301.172000
466,1465104295.427000,1465104296.159729,1465104301.160995,1465104301.247000
467,1465104295.427000,1465104296.080308,1465104301.081509,1465104301.177000
468,1465104295.427000,1465104296.090557,1465104301.091753,1465104301.171000
469,1465104295.427000,1465104296.073881,1465104301.075300,1465104301.160000
470,1465104295.427000,1465104296.119181,1465104301.120856,1465104301.196000
471,1465104295.427000,1465104296.036035,1465104301.037356,1465104301.117000
472,1465104295.427000,1465104296.131630,1465104301.133162,1465104301.207000
473,1465104295.428000,1465104296.370187,1465104301.371736,1465104301.447000
474,1465104295.428000,1465104296.366832,1465104301.368413,1465104301.453000
475,1465104295.428000,1465104296.371391,1465104301.372647,1465104301.431000
476,1465104295.428000,1465104296.107399,1465104301.108739,1465104301.188000
477,1465104295.428000,1465104296.064763,1465104301.066917,1465104301.152000
478,1465104295.428000,1465104296.118144,1465104301.119376,1465104301.200000
479,1465104295.428000,1465104296.179429,1465104301.180634,1465104301.270000
480,1465104295.428000,1465104296.013037,1465104301.014443,1465104301.103000
481,1465104295.428000,1465104296.094612,1465104301.095888,1465104301.181000
482,1465104295.428000,1465104296.380643,1465104301.381904,1465104301.464000
483,1465104295.429000,1465104296.369098,1465104301.370404,1465104301.440000
484,1465104295.429000,1465104296.119253,1465104301.120422,1465104301.218000
485,1465104295.429000,1465104296.412652,1465104301.413965,1465104301.492000
486,1465104295.429000,1465104296.195028,1465104301.196268,1465104301.274000
487,1465104295.430000,1465104296.119944,1465104301.121630,1465104301.203000
488,1465104295.430000,1465104296.083725,1465104301.085132,1465104301.167000
489,1465104295.430000,1465104296.044420,1465104301.046230,1465104301.126000
490,1465104295.430000,1465104296.117155,1465104301.118877,1465104301.206000
491,1465104295.430000,1465104296.129013,1465104301.130523,1465104301.215000
492,1465104295.430000,1465104296.143541,1465104301.154327,1465104301.233000
493,1465104295.430000,1465104296.090297,1465104301.092253,1465104301.173000
494,1465104295.430000,1465104296.103394,1465104301.104906,1465104301.190000
495,1465104295.431000,1465104296.090202,1465104301.091493,1465104301.171000
496,1465104295.431000,1465104296.083626,1465104301.084773,1465104301.162000
497,1465104295.431000,1465104296.099346,1465104301.121209,1465104301.196000
498,1465104295.431000,1465104296.217646,1465104301.218890,1465104301.289000
499,1465104295.431000,1465104296.134543,1465104301.135734,1465104301.222000
500,1465104295.431000,1465104296.360379,1465104301.361627,1465104301.440000
501,1465104295.431000,1465104296.120149,1465104301.126205,1465104301.211000
502,1465104295.431000,1465104296.109209,1465104301.110816,1465104301.199000
503,1465104295.431000,1465104296.220275,1465104301.221699,1465104301.301000
504,1465104295.431000,1465104296.128441,1465104301.129785,1465104301.200000
505,1465104295.431000,1465104296.129294,1465104301.130670,1465104301.216000
506,1465104295.431000,1465104296.382132,1465104301.383410,1465104301.472000
507,1465104295.431000,1465104296.164978,1465104301.166228,1465104301.236000
508,1465104295.431000,1465104296.219960,1465104301.221435,1465104301.307000
509,1465104295.431000,1465104296.065112,1465104301.067198,1465104301.148000
510,1465104295.431000,1465104296.140441,1465104301.141659,1465104301.241000
511,1465104295.431000,1465104296.107690,1465104301.109307,1465104301.208000
512,1465104295.431000,1465104296.107355,1465104301.108624,1465104301.186000
513,1465104295.431000,1465104296.105761,1465104301.106995,1465104301.194000
514,1465104295.431000,1465104296.103811,1465104301.105290,1465104301.181000
515,1465104295.431000,1465104296.383647,1465104301.384921,1465104301.465000
516,1465104295.431000,1465104296.078140,1465104301.079342,1465104301.157000
517,1465104295.431000,1465104296.111045,1465104301.112560,1465104301.192000
518,1465104295.431000,1465104296.083097,1465104301.084877,1465104301.173000
519,1465104295.431000,1465104296.101262,1465104301.102516,1465104301.184000
520,1465104295.432000,1465104296.096150,1465104301.108978,1465104301.194000
521,1465104295.432000,1465104296.083824,1465104301.085837,1465104301.170000
522,1465104295.432000,1465104296.122291,1465104301.123568,1465104301.197000
523,1465104295.432000,1465104296.157771,1465104301.158999,1465104301.239000
524,1465104295.432000,1465104296.093111,1465104301.096485,1465104301.185000
525,1465104295.432000,1465104296.128255,1465104301.130426,1465104301.216000
526,1465104295.432000,1465104296.115511,1465104301.116731,1465104301.203000
527,1465104295.432000,1465104296.125630,1465104301.126858,1465104301.205000
528,1465104295.432000,1465104296.183438,1465104301.184941,1465104301.264000
529,1465104295.432000,1465104296.171943,1465104301.177472,1465104301.252000
530,1465104295.432000,1465104296.085076,1465104301.104142,1465104301.191000
531,1465104295.432000,1465104296.115840,1465104301.117033,1465104301.197000
532,1465104295.432000,1465104296.164353,1465104301.165552,1465104301.251000
533,1465104295.432000,1465104296.112228,1465104301.113688,1465104301.187000
534,1465104295.432000,1465104296.110095,1465104301.111229,1465104301.188000
535,1465104295.432000,1465104296.125253,1465104301.126529,1465104301.207000
536,1465104295.432000,1465104296.118442,1465104301.127090,1465104301.208000
537,1465104295.433000,1465104296.208372,1465104301.209632,1465104301.284000
538,1465104295.432000,1465104296.091273,1465104301.092439,1465104301.181000
539,1465104295.432000,1465104296.166332,1465104301.167589,1465104301.248000
540,1465104295.432000,1465104296.081315,1465104301.082605,1465104301.172000
541,1465104295.432000,1465104296.111899,1465104301.113122,1465104301.171000
542,1465104295.432000,1465104296.083703,1465104301.104142,1465104301.191000
543,1465104295.432000,1465104296.065840,1465104301.067202,1465104301.156000
544,1465104295.433000,1465104296.120714,1465104301.122661,1465104301.198000
545,1465104295.432000,1465104296.132085,1465104301.133377,1465104301.214000
546,1465104295.433000,1465104296.104084,1465104301.105334,1465104301.176000
547,1465104295.433000,1465104296.103014,1465104301.104511,1465104301.174000
548,1465104295.433000,1465104296.087324,1465104301.089295,1465104301.178000
549,1465104295.434000,1465104296.333908,1465104301.335331,1465104301.417000
550,1465104295.433000,1465104296.174152,1465104301.175527,1465104301.254000
551,1465104295.433000,1465104296.150737,1465104301.152385,1465104301.232000
552,1465104295.433000,1465104296.114360,1465104301.115579,1465104301.204000
553,1465104295.433000,1465104296.127457,1465104301.128594,1465104301.205000
554,1465104295.433000,1465104296.133391,1465104301.134657,1465104301.220000
555,1465104295.433000,1465104296.310545,1465104301.311888,1465104301.415000
556,1465104295.433000,1465104296.092836,1465104301.094027,1465104301.177000
557,1465104295.433000,1465104296.115893,1465104301.117051,1465104301.202000
558,1465104295.433000,1465104296.079967,1465104301.081763,1465104301.162000
559,1465104295.433000,1465104296.115437,1465104301.117050,1465104301.204000
560,1465104295.433000,1465104296.315031,1465104301.316369,1465104301.412000
561,1465104295.433000,1465104296.044737,1465104301.046416,1465104301.127000
562,1465104295.433000,1465104296.174389,1465104301.175648,1465104301.256000
563,1465104295.433000,1465104296.119396,1465104301.120868,1465104301.196000
564,1465104295.433000,1465104296.352818,1465104301.354074,1465104301.444000
565,1465104295.433000,1465104296.097895,1465104301.099180,1465104301.189000
566,1465104295.433000,1465104296.466511,1465104301.467703,1465104301.556000
567,1465104295.433000,1465104296.165311,1465104301.166702,1465104301.246000
568,1465104295.434000,1465104296.074147,1465104301.075365,1465104301.155000
569,1465104295.434000,1465104296.054347,1465104301.055588,1465104301.153000
570,1465104295.434000,1465104296.092306,1465104301.094857,1465104301.175000
571,1465104295.434000,1465104296.133873,1465104301.135251,1465104301.205000
572,1465104295.434000,1465104296.120947,1465104301.122133,1465104301.180000
573,1465104295.434000,1465104296.090672,1465104301.107472,1465104301.188000
574,1465104295.434000,1465104296.086184,1465104301.087510,1465104301.165000
575,1465104295.434000,1465104296.119735,1465104301.120922,1465104301.200000
576,1465104295.434000,1465104296.101382,1465104301.112264,1465104301.186000
577,1465104295.434000,1465104296.076136,1465104301.077345,1465104301.158000
578,1465104295.434000,1465104296.128150,1465104301.129491,1465104301.209000
579,1465104295.434000,1465104296.120497,1465104301.123797,1465104301.228000
580,1465104295.434000,1465104296.351525,1465104301.367202,1465104301.463000
581,1465104295.434000,1465104296.069770,1465104301.071104,1465104301.160000
582,1465104295.434000,1465104296.094652,1465104301.115742,1465104301.203000
583,1465104295.434000,1465104296.094104,1465104301.095325,1465104301.191000
584,1465104295.434000,1465104296.454123,1465104301.457906,1465104301.539000
585,1465104295.434000,1465104296.164565,1465104301.166068,1465104301.241000
586,1465104295.434000,1465104296.111702,1465104301.113090,1465104301.193000
587,1465104295.434000,1465104296.091538,1465104301.092793,1465104301.150000
588,1465104295.434000,1465104296.084658,1465104301.086018,1465104301.175000
589,1465104295.434000,1465104296.104297,1465104301.105834,1465104301.185000
590,1465104295.434000,1465104296.490802,1465104301.492276,1465104301.564000
591,1465104295.434000,1465104296.092341,1465104301.093530,1465104301.178000
592,1465104295.434000,1465104296.049855,1465104301.063524,1465104301.167000
593,1465104295.434000,1465104296.162472,1465104301.163977,1465104301.239000
594,1465104295.434000,1465104296.150815,1465104301.152728,1465104301.232000
595,1465104295.435000,1465104296.088950,1465104301.090227,1465104301.178000
596,1465104295.435000,1465104296.346750,1465104301.348169,1465104301.428000
597,1465104295.435000,1465104296.105152,1465104301.106659,1465104301.185000
598,1465104295.435000,1465104296.479702,1465104301.481040,1465104301.540000
599,1465104295.435000,1465104296.512893,1465104301.514197,1465104301.595000
600,1465104295.435000,1465104296.227830,1465104301.228949,1465104301.307000
601,1465104295.435000,1465104296.114808,1465104301.123012,1465104301.211000
602,1465104295.435000,1465104296.145170,1465104301.146309,1465104301.232000
603,1465104295.435000,1465104296.130045,1465104301.131439,1465104301.207000
604,1465104295.435000,1465104296.191385,1465104301.192612,1465104301.281000
605,1465104295.435000,1465104296.070744,1465104301.072071,1465104301.150000
606,1465104295.435000,1465104296.143589,1465104301.144833,1465104301.215000
607,1465104295.435000,1465104296.071399,1465104301.072585,1465104301.154000
608,1465104295.435000,1465104296.195484,1465104301.211724,1465104301.295000
609,1465104295.435000,1465104296.250424,1465104301.251699,1465104301.337000
610,1465104295.435000,1465104296.241369,1465104301.242565,1465104301.313000
611,1465104295.435000,1465104296.114685,1465104301.116138,1465104301.195000
612,1465104295.435000,1465104296.248595,1465104301.249832,1465104301.324000
613,1465104295.435000,1465104296.129243,1465104301.130427,1465104301.215000
614,1465104295.435000,1465104296.124845,1465104301.126234,1465104301.202000
615,1465104295.435000,1465104296.081236,1465104301.082576,1465104301.164000
616,1465104295.435000,1465104296.185443,1465104301.186584,1465104301.266000
617,1465104295.435000,1465104296.195777,1465104301.196988,1465104301.271000
618,1465104295.436000,1465104296.134738,1465104301.136050,1465104301.206000
619,1465104295.436000,1465104296.135354,1465104301.138348,1465104301.227000
620,1465104295.436000,1465104296.051765,1465104301.053419,1465104301.133000
621,1465104295.436000,1465104296.147080,1465104301.148326,1465104301.238000
622,1465104295.436000,1465104296.140095,1465104301.141294,1465104301.226000
623,1465104295.436000,1465104296.141116,1465104301.142447,1465104301.221000
624,1465104295.436000,1465104296.124494,1465104301.125700,1465104301.204000
625,1465104295.436000,1465104296.146260,1465104301.147609,1465104301.227000
626,1465104295.436000,1465104296.277941,1465104301.279445,1465104301.350000
627,1465104295.436000,1465104296.120291,1465104301.121827,1465104301.196000
628,1465104295.436000,1465104296.189667,1465104301.190866,1465104301.277000
629,1465104295.436000,1465104296.131169,1465104301.132468,1465104301.206000
630,1465104295.436000,1465104296.157350,1465104301.158646,1465104301.237000
631,1465104295.436000,1465104296.183871,1465104301.185072,1465104301.270000
632,1465104295.436000,1465104296.137375,1465104301.138699,1465104301.207000
633,1465104295.436000,1465104296.179123,1465104301.180668,1465104301.260000
634,1465104295.436000,1465104296.113336,1465104301.126237,1465104301.206000
635,1465104295.436000,1465104296.117050,1465104301.118830,1465104301.193000
636,1465104295.436000,1465104296.215174,1465104301.216399,1465104301.296000
637,1465104295.436000,1465104296.531470,1465104301.532827,1465104301.613000
638,1465104295.436000,1465104296.213164,1465104301.214320,1465104301.300000
639,1465104295.436000,1465104296.113675,1465104301.116375,1465104301.205000
640,1465104295.437000,1465104296.226138,1465104301.227391,1465104301.299000
641,1465104295.437000,1465104296.137526,1465104301.138739,1465104301.224000
642,1465104295.437000,1465104296.163842,1465104301.165044,1465104301.254000
643,1465104295.437000,1465104296.256623,1465104301.258127,1465104301.344000
644,1465104295.437000,1465104296.435672,1465104301.436941,1465104301.524000
645,1465104295.437000,1465104296.199047,1465104301.200311,1465104301.290000
646,1465104295.437000,1465104296.517639,1465104301.518892,1465104301.597000
647,1465104295.437000,1465104296.210783,1465104301.212037,1465104301.292000
648,1465104295.437000,1465104296.144204,1465104301.145446,1465104301.234000
649,1465104295.437000,1465104296.261701,1465104301.274281,1465104301.353000
650,1465104295.437000,1465104296.107703,1465104301.114991,1465104301.214000
651,1465104295.437000,1465104296.082560,1465104301.083930,1465104301.172000
652,1465104295.437000,1465104296.213828,1465104301.215111,1465104301.293000
653,1465104295.437000,1465104296.084515,1465104301.085838,1465104301.164000
654,1465104295.437000,1465104296.123936,1465104301.125143,1465104301.210000
655,1465104295.437000,1465104296.484371,1465104301.485674,1465104301.559000
656,1465104295.438000,1465104296.158734,1465104301.160129,1465104301.245000
657,1465104295.438000,1465104296.171467,1465104301.172783,1465104301.253000
658,1465104295.438000,1465104296.220443,1465104301.221690,1465104301.292000
659,1465104295.438000,1465104296.123306,1465104301.124699,1465104301.200000
660,1465104295.438000,1465104296.198189,1465104301.199433,1465104301.270000
661,1465104295.438000,1465104296.107028,1465104301.108258,1465104301.193000
662,1465104295.438000,1465104296.087505,1465104301.088718,1465104301.174000
663,1465104295.439000,1465104296.222722,1465104301.223925,1465104301.309000
664,1465104295.438000,1465104296.116175,1465104301.118349,1465104301.205000
665,1465104295.438000,1465104296.118030,1465104301.137252,1465104301.212000
666,1465104295.438000,1465104296.059591,1465104301.066558,1465104301.147000
667,1465104295.438000,1465104296.176867,1465104301.178074,1465104301.256000
668,1465104295.438000,1465104296.196995,1465104301.198280,1465104301.297000
669,1465104295.438000,1465104296.207364,1465104301.208735,1465104301.268000
670,1465104295.438000,1465104296.101937,1465104301.103151,1465104301.192000
671,1465104295.438000,1465104296.097260,1465104301.098457,1465104301.183000
672,1465104295.438000,1465104296.115775,1465104301.117017,1465104301.186000
673,1465104295.438000,1465104296.201732,1465104301.203235,1465104301.281000
674,1465104295.438000,1465104296.084526,1465104301.085717,1465104301.174000
675,1465104295.438000,1465104296.114639,1465104301.115999,1465104301.196000
676,1465104295.438000,1465104296.124647,1465104301.125949,1465104301.202000
677,1465104295.438000,1465104296.102864,1465104301.104355,1465104301.181000
678,1465104295.438000,1465104296.117255,1465104301.118541,1465104301.204000
679,1465104295.438000,1465104296.149837,1465104301.151110,1465104301.233000
680,1465104295.439000,1465104296.133132,1465104301.134460,1465104301.219000
681,1465104295.439000,1465104296.200880,1465104301.202160,1465104301.281000
682,1465104295.439000,1465104296.110021,1465104301.111552,1465104301.192000
683,1465104295.439000,1465104296.091084,1465104301.106613,1465104301.187000
684,1465104295.439000,1465104296.132034,1465104301.133321,1465104301.213000
685,1465104295.439000,1465104296.113451,1465104301.114660,1465104301.185000
686,1465104295.439000,1465104296.196963,1465104301.198146,1465104301.275000
687,1465104295.439000,1465104296.085456,1465104301.086746,1465104301.176000
688,1465104295.439000,1465104296.150054,1465104301.151302,1465104301.221000
689,1465104295.439000,1465104296.113816,1465104301.115070,1465104301.211000
690,1465104295.439000,1465104296.093928,1465104301.095567,1465104301.170000
691,1465104295.439000,1465104296.192782,1465104301.194062,1465104301.282000
692,1465104295.439000,1465104296.227772,1465104301.228946,1465104301.315000
693,1465104295.439000,1465104296.063733,1465104301.065146,1465104301.151000
694,1465104295.439000,1465104296.140179,1465104301.141394,1465104301.211000
695,1465104295.439000,1465104296.092383,1465104301.093597,1465104301.163000
696,1465104295.439000,1465104296.203368,1465104301.204574,1465104301.290000
697,1465104295.439000,1465104296.239836,1465104301.241061,1465104301.339000
698,1465104295.439000,1465104296.171531,1465104301.172710,1465104301.262000
699,1465104295.439000,1465104296.549129,1465104301.550425,1465104301.631000
700,1465104295.439000,1465104296.436493,1465104301.437733,1465104301.518000
701,1465104295.439000,1465104296.584870,1465104301.586112,1465104301.664000
702,1465104295.439000,1465104296.186771,1465104301.188013,1465104301.267000
703,1465104295.440000,1465104296.219490,1465104301.220929,1465104301.301000
704,1465104295.440000,1465104296.220551,1465104301.221885,1465104301.306000
705,1465104295.440000,1465104296.561151,1465104301.562554,1465104301.621000
706,1465104295.440000,1465104296.116867,1465104301.118098,1465104301.198000
707,1465104295.440000,1465104296.099892,1465104301.101177,1465104301.181000
708,1465104295.440000,1465104296.138743,1465104301.139987,1465104301.226000
709,1465104295.440000,1465104296.184569,1465104301.185800,1465104301.265000
710,1465104295.440000,1465104296.194298,1465104301.195928,1465104301.271000
711,1465104295.440000,1465104296.189930,1465104301.191404,1465104301.279000
712,1465104295.440000,1465104296.129880,1465104301.131190,1465104301.202000
713,1465104295.440000,1465104296.111453,1465104301.113403,1465104301.202000
714,1465104295.440000,1465104296.195542,1465104301.196810,1465104301.274000
715,1465104295.440000,1465104296.129217,1465104301.130384,1465104301.217000
716,1465104295.440000,1465104296.168235,1465104301.169877,1465104301.251000
717,1465104295.440000,1465104296.223293,1465104301.224561,1465104301.311000
718,1465104295.440000,1465104296.192249,1465104301.193533,1465104301.279000
719,1465104295.440000,1465104296.228216,1465104301.231048,1465104301.317000
720,1465104295.440000,1465104296.194606,1465104301.196151,1465104301.275000
721,1465104295.440000,1465104296.271009,1465104301.272373,1465104301.344000
722,1465104295.440000,1465104296.218894,1465104301.220219,1465104301.317000
723,1465104295.440000,1465104296.182237,1465104301.183433,1465104301.261000
724,1465104295.440000,1465104296.118962,1465104301.122116,1465104301.199000
725,1465104295.440000,1465104296.249264,1465104301.250543,1465104301.331000
726,1465104295.440000,1465104296.417165,1465104301.418451,1465104301.507000
727,1465104295.440000,1465104296.185136,1465104301.186687,1465104301.261000
728,1465104295.441000,1465104296.174322,1465104301.175560,1465104301.261000
729,1465104295.441000,1465104296.165973,1465104301.167241,1465104301.239000
730,1465104295.441000,1465104296.240602,1465104301.241946,1465104301.320000
731,1465104295.441000,1465104296.124901,1465104301.126876,1465104301.206000
732,1465104295.441000,1465104296.215523,1465104301.216741,1465104301.302000
733,1465104295.441000,1465104296.124234,1465104301.125664,1465104301.205000
734,1465104295.441000,1465104296.088996,1465104301.090291,1465104301.189000
735,1465104295.441000,1465104296.263601,1465104301.264945,1465104301.346000
736,1465104295.441000,1465104296.229254,1465104301.230540,1465104301.310000
737,1465104295.441000,1465104296.116696,1465104301.117974,1465104301.196000
738,1465104295.441000,1465104296.232442,1465104301.233739,1465104301.308000
739,1465104295.441000,1465104296.154529,1465104301.155792,1465104301.236000
740,1465104295.441000,1465104296.182757,1465104301.184031,1465104301.255000
741,1465104295.441000,1465104296.119930,1465104301.121143,1465104301.207000
742,1465104295.441000,1465104296.127799,1465104301.131003,1465104301.216000
743,1465104295.441000,1465104296.104625,1465104301.106962,1465104301.187000
744,1465104295.441000,1465104296.197495,1465104301.198951,1465104301.283000
745,1465104295.442000,1465104296.140119,1465104301.141259,1465104301.219000
746,1465104295.454000,1465104296.123092,1465104301.124271,1465104301.195000
747,1465104295.457000,1465104296.204180,1465104301.205446,1465104301.285000
748,1465104295.470000,1465104296.182375,1465104301.183750,1465104301.261000
749,1465104295.485000,1465104296.139356,1465104301.140754,1465104301.219000
750,1465104295.495000,1465104296.455763,1465104301.457215,1465104301.536000
751,1465104295.495000,1465104296.206123,1465104301.207462,1465104301.286000
752,1465104295.495000,1465104296.271961,1465104301.273202,1465104301.345000
753,1465104295.495000,1465104296.252918,1465104301.254134,1465104301.332000
754,1465104295.512000,1465104296.154840,1465104301.156111,1465104301.253000
755,1465104295.513000,1465104296.251995,1465104301.253288,1465104301.357000
756,1465104295.513000,1465104296.181877,1465104301.183178,1465104301.262000
757,1465104295.513000,1465104296.267248,1465104301.268619,1465104301.346000
758,1465104295.513000,1465104296.228315,1465104301.229569,1465104301.308000
759,1465104295.513000,1465104296.251979,1465104301.253264,1465104301.351000
760,1465104295.513000,1465104296.147616,1465104301.148889,1465104301.230000
761,1465104295.513000,1465104296.156693,1465104301.157974,1465104301.227000
762,1465104295.513000,1465104296.138727,1465104301.139998,1465104301.244000
763,1465104295.513000,1465104296.156376,1465104301.157653,1465104301.228000
764,1465104295.513000,1465104296.168073,1465104301.169353,1465104301.247000
765,1465104295.514000,1465104296.236053,1465104301.237945,1465104301.337000
766,1465104295.514000,1465104296.183020,1465104301.184308,1465104301.253000
767,1465104295.514000,1465104296.254694,1465104301.256328,1465104301.337000
768,1465104295.514000,1465104296.243276,1465104301.244578,1465104301.324000
769,1465104295.515000,1465104296.239920,1465104301.241308,1465104301.326000
770,1465104295.515000,1465104296.261444,1465104301.262688,1465104301.336000
771,1465104295.515000,1465104296.260911,1465104301.262501,1465104301.342000
772,1465104295.515000,1465104296.258111,1465104301.271758,1465104301.357000
773,1465104295.515000,1465104296.117900,1465104301.119150,1465104301.206000
774,1465104295.516000,1465104296.252974,1465104301.254265,1465104301.335000
775,1465104295.516000,1465104296.239183,1465104301.241180,1465104301.319000
776,1465104295.517000,1465104296.178578,1465104301.179841,1465104301.254000
777,1465104295.517000,1465104296.105303,1465104301.106520,1465104301.195000
778,1465104295.517000,1465104296.150729,1465104301.152099,1465104301.249000
779,1465104295.517000,1465104296.135409,1465104301.136681,1465104301.221000
780,1465104295.517000,1465104296.235420,1465104301.236589,1465104301.308000
781,1465104295.519000,1465104296.151239,1465104301.152508,1465104301.241000
782,1465104295.519000,1465104296.168781,1465104301.169982,1465104301.255000
783,1465104295.519000,1465104296.238561,1465104301.239770,1465104301.309000
784,1465104295.519000,1465104296.251953,1465104301.253111,1465104301.352000
785,1465104295.519000,1465104296.235595,1465104301.236840,1465104301.322000
786,1465104295.520000,1465104296.500857,1465104301.502202,1465104301.591000
787,1465104295.520000,1465104296.189626,1465104301.190835,1465104301.276000
788,1465104295.521000,1465104296.482494,1465104301.483732,1465104301.565000
789,1465104295.522000,1465104296.174636,1465104301.175806,1465104301.273000
790,1465104295.522000,1465104296.462728,1465104301.463952,1465104301.553000
791,1465104295.522000,1465104296.200248,1465104301.201440,1465104301.271000
792,1465104295.522000,1465104296.162850,1465104301.164139,1465104301.245000
793,1465104295.523000,1465104296.195913,1465104301.197160,1465104301.282000
794,1465104295.523000,1465104296.285217,1465104301.286385,1465104301.358000
795,1465104295.523000,1465104296.232381,1465104301.233743,1465104301.318000
796,1465104295.523000,1465104296.185807,1465104301.187304,1465104301.261000
797,1465104295.524000,1465104296.160370,1465104301.161633,1465104301.239000
798,1465104295.524000,1465104296.208874,1465104301.210086,1465104301.288000
799,1465104295.524000,1465104296.182649,1465104301.184067,1465104301.263000
800,1465104295.524000,1465104296.533767,1465104301.534984,1465104301.615000
801,1465104295.525000,1465104296.179692,1465104301.181518,1465104301.261000
802,1465104295.525000,1465104296.190063,1465104301.191261,1465104301.290000
803,1465104295.525000,1465104296.209542,1465104301.210769,1465104301.291000
804,1465104295.525000,1465104296.283437,1465104301.284651,1465104301.343000
805,1465104295.525000,1465104296.233291,1465104301.234698,1465104301.323000
806,1465104295.526000,1465104296.271574,1465104301.272985,1465104301.352000
807,1465104295.526000,1465104296.527005,1465104301.528252,1465104301.610000
808,1465104295.527000,1465104296.201540,1465104301.202758,1465104301.289000
809,1465104295.527000,1465104296.499278,1465104301.500792,1465104301.582000
810,1465104295.528000,1465104296.530395,1465104301.531973,1465104301.613000
811,1465104295.528000,1465104296.238424,1465104301.239999,1465104301.344000
812,1465104295.528000,1465104296.253787,1465104301.254970,1465104301.353000
813,1465104295.528000,1465104296.510225,1465104301.511434,1465104301.600000
814,1465104295.528000,1465104296.503883,1465104301.505226,1465104301.585000
815,1465104295.528000,1465104296.227036,1465104301.228269,1465104301.325000
816,1465104295.528000,1465104296.255728,1465104301.256994,1465104301.327000
817,1465104295.529000,1465104296.138339,1465104301.139656,1465104301.215000
818,1465104295.529000,1465104296.173822,1465104301.175024,1465104301.260000
819,1465104295.529000,1465104296.161141,1465104301.162376,1465104301.262000
820,1465104295.529000,1465104296.245622,1465104301.246787,1465104301.319000
821,1465104295.529000,1465104296.238220,1465104301.239463,1465104301.310000
822,1465104295.529000,1465104296.511243,1465104301.512520,1465104301.591000
823,1465104295.529000,1465104296.556309,1465104301.557522,1465104301.647000
824,1465104295.529000,0.000000,0.000000,0.000000
825,1465104295.529000,1465104296.256581,1465104301.257761,1465104301.329000
826,1465104295.529000,1465104296.539522,1465104301.540669,1465104301.618000
827,1465104295.530000,1465104296.533911,1465104301.547325,1465104301.645000
828,1465104295.530000,1465104296.130392,1465104301.131577,1465104301.231000
829,1465104295.530000,1465104296.227460,1465104301.228670,1465104301.300000
830,1465104295.530000,1465104296.267721,1465104301.269002,1465104301.340000
831,1465104295.530000,1465104296.247147,1465104301.248363,1465104301.328000
832,1465104295.530000,1465104296.215378,1465104301.216927,1465104301.293000
833,1465104295.531000,1465104296.149962,1465104301.151395,1465104301.249000
834,1465104295.531000,1465104296.242813,1465104301.244244,1465104301.333000
835,1465104295.531000,1465104296.254151,1465104301.255482,1465104301.338000
836,1465104295.531000,1465104296.235568,1465104301.236946,1465104301.317000
837,1465104295.531000,1465104296.203665,1465104301.204945,1465104301.283000
838,1465104295.531000,1465104296.462810,1465104301.464148,1465104301.563000
839,1465104295.532000,1465104296.222106,1465104301.234953,1465104301.314000
840,1465104295.532000,1465104296.566471,1465104301.567632,1465104301.645000
841,1465104295.532000,1465104296.577050,1465104301.578306,1465104301.665000
842,1465104295.533000,1465104296.475401,1465104301.476901,1465104301.573000
843,1465104295.533000,1465104296.549473,1465104301.550666,1465104301.628000
844,1465104295.533000,0.000000,0.000000,0.000000
845,1465104295.533000,1465104296.501967,1465104301.503286,1465104301.591000
846,1465104295.533000,1465104296.511877,1465104301.513226,1465104301.594000
847,1465104295.533000,1465104296.231966,1465104301.233401,1465104301.311000
848,1465104295.534000,0.000000,0.000000,0.000000
849,1465104295.534000,1465104296.255791,1465104301.256982,1465104301.337000
850,1465104295.534000,1465104296.125367,1465104301.126852,1465104301.213000
851,1465104295.534000,1465104296.175547,1465104301.176772,1465104301.246000
852,1465104295.534000,1465104296.277457,1465104301.278770,1465104301.358000
853,1465104295.534000,1465104296.202098,1465104301.203521,1465104301.300000
854,1465104295.534000,1465104296.254066,1465104301.255362,1465104301.340000
855,1465104295.534000,1465104296.203600,1465104301.204896,1465104301.275000
856,1465104295.535000,1465104296.202101,1465104301.203488,1465104301.273000
857,1465104295.535000,1465104296.561550,1465104301.562743,1465104301.637000
858,1465104295.535000,1465104296.274416,1465104301.275853,1465104301.355000
859,1465104295.536000,1465104296.262178,1465104301.263401,1465104301.344000
860,1465104295.536000,1465104296.227820,1465104301.229041,1465104301.318000
861,1465104295.536000,0.000000,0.000000,0.000000
862,1465104295.536000,1465104296.250657,1465104301.258029,1465104301.356000
863,1465104295.536000,1465104296.234925,1465104301.236345,1465104301.306000
864,1465104295.536000,1465104296.199676,1465104301.200819,1465104301.300000
865,1465104295.536000,1465104296.270656,1465104301.272073,1465104301.357000
866,1465104295.537000,1465104296.201158,1465104301.202639,1465104301.282000
867,1465104295.537000,1465104296.522965,1465104301.524367,1465104301.614000
868,1465104295.537000,1465104296.152989,1465104301.154257,1465104301.227000
869,1465104295.537000,1465104296.254105,1465104301.255522,1465104301.332000
870,1465104295.538000,1465104296.245253,1465104301.246522,1465104301.336000
871,1465104295.538000,1465104296.274470,1465104301.275720,1465104301.354000
872,1465104295.538000,1465104296.538806,1465104301.543325,1465104301.617000
873,1465104295.539000,1465104296.528336,1465104301.529524,1465104301.617000
874,1465104295.539000,1465104296.234689,1465104301.236086,1465104301.315000
875,1465104295.539000,1465104296.260242,1465104301.261735,1465104301.341000
876,1465104295.539000,1465104296.239310,1465104301.240941,1465104301.319000
877,1465104295.539000,1465104296.265467,1465104301.266630,1465104301.353000
878,1465104295.539000,1465104296.202362,1465104301.203557,1465104301.275000
879,1465104295.539000,1465104296.240914,1465104301.242226,1465104301.327000
880,1465104295.539000,1465104296.268030,1465104301.269305,1465104301.328000
881,1465104295.540000,1465104296.234931,1465104301.236551,1465104301.340000
882,1465104295.540000,1465104296.234395,1465104301.235714,1465104301.322000
883,1465104295.540000,1465104296.223609,1465104301.224822,1465104301.283000
884,1465104295.540000,1465104296.518685,1465104301.520035,1465104301.607000
885,1465104295.540000,1465104296.176312,1465104301.195862,1465104301.283000
886,1465104295.541000,1465104296.245552,1465104301.246800,1465104301.343000
887,1465104295.541000,1465104296.572885,1465104301.574776,1465104301.652000
888,1465104295.541000,1465104296.281314,1465104301.282510,1465104301.354000
889,1465104295.542000,1465104296.220894,1465104301.222099,1465104301.308000
890,1465104295.542000,1465104296.262498,1465104301.263976,1465104301.334000
891,1465104295.542000,0.000000,0.000000,0.000000
892,1465104295.542000,1465104296.239968,1465104301.241244,1465104301.330000
893,1465104295.542000,1465104296.267360,1465104301.268568,1465104301.348000
894,1465104295.542000,1465104296.529448,1465104301.530638,1465104301.608000
895,1465104295.542000,1465104296.246856,1465104301.247994,1465104301.334000
896,1465104295.543000,1465104296.244374,1465104301.245650,1465104301.335000
897,1465104295.543000,1465104296.512549,1465104301.513896,1465104301.591000
898,1465104295.543000,1465104296.268233,1465104301.269926,1465104301.350000
899,1465104295.543000,1465104296.245103,1465104301.246386,1465104301.331000
900,1465104295.543000,1465104296.247499,1465104301.248924,1465104301.347000
901,1465104295.544000,1465104296.224653,1465104301.226006,1465104301.306000
902,1465104295.544000,1465104296.278359,1465104301.280127,1465104301.351000
903,1465104295.544000,1465104296.267612,1465104301.269517,1465104301.350000
904,1465104295.544000,1465104296.240117,1465104301.254248,1465104301.332000
905,1465104295.544000,1465104296.278721,1465104301.280014,1465104301.353000
906,1465104295.544000,1465104296.269513,1465104301.271580,1465104301.356000
907,1465104295.545000,1465104296.560764,1465104301.562249,1465104301.633000
908,1465104295.545000,1465104296.215822,1465104301.217047,1465104301.297000
909,1465104295.545000,1465104296.228391,1465104301.229655,1465104301.317000
910,1465104295.545000,1465104296.224159,1465104301.225473,1465104301.295000
911,1465104295.546000,1465104296.249785,1465104301.251560,1465104301.348000
912,1465104295.546000,1465104296.224433,1465104301.225813,1465104301.297000
913,1465104295.546000,1465104296.245113,1465104301.246314,1465104301.327000
914,1465104295.546000,1465104296.243845,1465104301.245270,1465104301.341000
915,1465104295.546000,1465104296.265984,1465104301.267419,1465104301.351000
916,1465104295.546000,1465104296.232973,1465104301.234286,1465104301.314000
917,1465104295.546000,1465104296.224206,1465104301.225715,1465104301.315000
918,1465104295.547000,1465104296.571069,1465104301.572359,1465104301.630000
919,1465104295.547000,1465104296.262008,1465104301.263216,1465104301.349000
920,1465104295.547000,1465104296.564544,1465104301.565795,1465104301.623000
921,1465104295.547000,1465104296.145844,1465104301.147317,1465104301.235000
922,1465104295.547000,1465104296.230053,1465104301.231244,1465104301.309000
923,1465104295.547000,1465104296.237649,1465104301.238802,1465104301.324000
924,1465104295.547000,1465104296.236261,1465104301.237897,1465104301.337000
925,1465104295.547000,1465104296.193009,1465104301.194860,1465104301.270000
926,1465104295.548000,1465104296.244853,1465104301.246143,1465104301.332000
927,1465104295.548000,1465104296.241222,1465104301.242466,1465104301.346000
928,1465104295.548000,1465104296.580368,1465104301.581611,1465104301.640000
929,1465104295.548000,1465104296.259302,1465104301.260556,1465104301.340000
930,1465104295.548000,0.000000,0.000000,0.000000
931,1465104295.549000,1465104296.560638,1465104301.561891,1465104301.643000
932,1465104295.549000,1465104296.253531,1465104301.254728,1465104301.339000
933,1465104295.549000,1465104296.267484,1465104301.269267,1465104301.350000
934,1465104295.549000,1465104296.266991,1465104301.268420,1465104301.356000
935,1465104295.549000,1465104296.269904,1465104301.283079,1465104301.372000
936,1465104295.550000,1465104296.284573,1465104301.305654,1465104301.377000
937,1465104295.551000,1465104296.257252,1465104301.258435,1465104301.335000
938,1465104295.551000,1465104296.141922,1465104301.143223,1465104301.223000
939,1465104295.551000,1465104296.232592,1465104301.233973,1465104301.323000
940,1465104295.551000,1465104296.274632,1465104301.275793,1465104301.355000
941,1465104295.551000,1465104296.265344,1465104301.266543,1465104301.337000
942,1465104295.552000,1465104296.536524,1465104301.537811,1465104301.616000
943,1465104295.552000,1465104296.255696,1465104301.256907,1465104301.335000
944,1465104295.552000,1465104296.500836,1465104301.502229,1465104301.590000
945,1465104295.552000,1465104296.250946,1465104301.260300,1465104301.335000
946,1465104295.552000,1465104296.269280,1465104301.270480,1465104301.349000
947,1465104295.554000,1465104296.212819,1465104301.214092,1465104301.294000
948,1465104295.555000,1465104296.270635,1465104301.271975,1465104301.351000
949,1465104295.558000,1465104296.278492,1465104301.279722,1465104301.357000
950,1465104295.559000,1465104296.244323,1465104301.245743,1465104301.345000
951,1465104295.561000,1465104296.279454,1465104301.280713,1465104301.350000
952,1465104295.560000,1465104296.199558,1465104301.200850,1465104301.275000
953,1465104295.560000,1465104296.249904,1465104301.251175,1465104301.336000
954,1465104295.560000,1465104296.246662,1465104301.247901,1465104301.328000
955,1465104295.560000,1465104296.228466,1465104301.229776,1465104301.314000
956,1465104295.561000,1465104296.239684,1465104301.241217,1465104301.330000
957,1465104295.562000,1465104296.253565,1465104301.254815,1465104301.326000
958,1465104295.563000,1465104296.262287,1465104301.263876,1465104301.349000
959,1465104295.563000,1465104296.479214,1465104301.480540,1465104301.569000
960,1465104295.564000,1465104296.212748,1465104301.214497,1465104301.294000
961,1465104295.565000,1465104296.240738,1465104301.242060,1465104301.330000
962,1465104295.565000,1465104296.271533,1465104301.272770,1465104301.359000
963,1465104295.566000,1465104296.250179,1465104301.267022,1465104301.363000
964,1465104295.568000,1465104296.240067,1465104301.251630,1465104301.336000
965,1465104295.569000,1465104296.263359,1465104301.264674,1465104301.343000
966,1465104295.569000,1465104296.286006,1465104301.287479,1465104301.357000
967,1465104295.569000,1465104296.243611,1465104301.245140,1465104301.331000
968,1465104295.569000,1465104296.264136,1465104301.265395,1465104301.339000
969,1465104295.569000,1465104296.528252,1465104301.529505,1465104301.627000
970,1465104295.570000,1465104296.246546,1465104301.247817,1465104301.321000
971,1465104295.570000,1465104296.256146,1465104301.257451,1465104301.335000
972,1465104295.570000,0.000000,0.000000,0.000000
973,1465104295.571000,1465104296.202840,1465104301.204035,1465104301.292000
974,1465104295.571000,1465104296.245351,1465104301.246814,1465104301.322000
975,1465104295.571000,1465104296.553655,1465104301.555002,1465104301.654000
976,1465104295.572000,1465104296.241874,1465104301.243096,1465104301.342000
977,1465104295.572000,1465104296.236481,1465104301.237921,1465104301.341000
978,1465104295.572000,1465104296.263819,1465104301.265124,1465104301.351000
979,1465104295.572000,1465104296.272235,1465104301.273675,1465104301.349000
980,1465104295.573000,1465104296.260541,1465104301.261766,1465104301.335000
981,1465104295.574000,1465104296.261692,1465104301.263652,1465104301.333000
982,1465104295.574000,1465104296.245551,1465104301.246821,1465104301.335000
983,1465104295.575000,0.000000,0.000000,0.000000
984,1465104295.575000,1465104296.261369,1465104301.262575,1465104301.348000
985,1465104295.575000,1465104296.258297,1465104301.268570,1465104301.354000
986,1465104295.575000,1465104296.285005,1465104301.286630,1465104301.358000
987,1465104295.575000,1465104296.490195,1465104301.491409,1465104301.572000
988,1465104295.575000,1465104296.248119,1465104301.249274,1465104301.349000
989,1465104295.575000,1465104296.213101,1465104301.214277,1465104301.311000
990,1465104295.576000,1465104296.268967,1465104301.270207,1465104301.351000
991,1465104295.576000,1465104296.278565,1465104301.279839,1465104301.351000
992,1465104295.577000,1465104296.237360,1465104301.238605,1465104301.317000
993,1465104295.579000,1465104296.249836,1465104301.251232,1465104301.340000
994,1465104295.578000,1465104296.272779,1465104301.274067,1465104301.359000
995,1465104295.579000,1465104296.265309,1465104301.266966,1465104301.346000
996,1465104295.579000,1465104296.238372,1465104301.239609,1465104301.325000
997,1465104295.579000,1465104296.235894,1465104301.237108,1465104301.333000
998,1465104295.580000,1465104296.269736,1465104301.280292,1465104301.356000
999,1465104295.580000,1465104296.520098,1465104301.521429,1465104301.603000
