0,1465104287.049000,1465104287.625602,1465104292.627072,1465104292.704000
1,1465104287.049000,1465104287.617100,1465104292.618568,1465104292.704000
2,1465104287.049000,1465104287.672898,1465104292.674200,1465104292.760000
3,1465104287.049000,1465104287.708569,1465104292.709803,1465104292.787000
4,1465104287.049000,1465104287.764518,1465104292.765838,1465104292.835000
5,1465104287.049000,1465104287.743796,1465104292.745029,1465104292.822000
6,1465104287.049000,1465104287.739274,1465104292.740470,1465104292.810000
7,1465104287.049000,1465104287.782453,1465104292.783643,1465104292.861000
8,1465104287.049000,1465104287.729472,1465104292.730810,1465104292.834000
9,1465104287.049000,1465104287.700448,1465104292.701710,1465104292.779000
10,1465104287.049000,1465104287.692277,1465104292.693493,1465104292.773000
11,1465104287.049000,1465104287.628711,1465104292.641878,1465104292.724000
12,1465104287.049000,1465104287.724050,1465104292.725209,1465104292.803000
13,1465104287.049000,1465104287.755195,1465104292.756769,1465104292.837000
14,1465104287.050000,1465104287.728369,1465104292.729818,1465104292.810000
15,1465104287.050000,1465104287.679491,1465104292.680988,1465104292.770000
16,1465104287.050000,1465104287.723139,1465104292.724597,1465104292.794000
17,1465104287.050000,1465104287.737094,1465104292.738578,1465104292.837000
18,1465104287.050000,1465104287.711899,1465104292.713086,1465104292.800000
19,1465104287.050000,1465104287.655172,1465104292.657144,1465104292.732000
20,1465104287.050000,1465104287.716050,1465104292.717696,1465104292.799000
21,1465104287.050000,1465104287.690487,1465104292.692069,1465104292.782000
22,1465104287.050000,1465104287.767012,1465104292.768259,1465104292.856000
23,1465104287.050000,1465104287.721117,1465104292.722734,1465104292.827000
24,1465104287.050000,1465104287.756168,1465104292.757346,1465104292.843000
25,1465104287.050000,1465104287.795979,1465104292.797259,1465104292.855000
26,1465104287.050000,1465104287.729207,1465104292.730756,1465104292.810000
27,1465104287.050000,1465104287.761597,1465104292.762886,1465104292.843000
28,1465104287.051000,1465104287.765760,1465104292.771445,1465104292.855000
29,1465104287.051000,1465104287.711196,1465104292.712681,1465104292.793000
30,1465104287.051000,1465104287.732729,1465104292.734014,1465104292.823000
31,1465104287.051000,1465104287.704133,1465104292.720610,1465104292.796000
32,1465104287.052000,1465104287.753135,1465104292.754377,1465104292.841000
33,1465104287.052000,1465104287.692041,1465104292.693510,1465104292.780000
34,1465104287.052000,1465104287.731803,1465104292.745532,1465104292.832000
35,1465104287.052000,1465104287.828802,1465104292.830098,1465104292.908000
36,1465104287.052000,1465104287.773944,1465104292.775147,1465104292.853000
37,1465104287.053000,1465104288.004809,1465104293.005975,1465104293.083000
38,1465104287.053000,1465104287.653293,1465104292.654919,1465104292.743000
39,1465104287.053000,1465104287.754833,1465104292.756077,1465104292.841000
40,1465104287.054000,1465104287.775439,1465104292.776821,1465104292.857000
41,1465104287.055000,1465104287.794796,1465104292.796089,1465104292.881000
42,1465104287.056000,1465104287.994030,1465104292.995317,1465104293.081000
43,1465104287.056000,1465104288.049618,1465104293.051078,1465104293.126000
44,1465104287.056000,1465104287.674022,1465104292.675649,1465104292.755000
45,1465104287.056000,1465104287.693201,1465104292.694695,1465104292.772000
46,1465104287.056000,1465104287.735189,1465104292.736474,1465104292.816000
47,1465104287.056000,1465104288.052106,1465104293.053295,1465104293.140000
48,1465104287.056000,1465104287.687690,1465104292.689150,1465104292.787000
49,1465104287.056000,1465104287.749074,1465104292.750375,1465104292.831000
50,1465104287.056000,1465104287.724011,1465104292.730633,1465104292.811000
51,1465104287.056000,1465104287.725682,1465104292.727066,1465104292.823000
52,1465104287.056000,1465104287.781285,1465104292.782496,1465104292.872000
53,1465104287.056000,1465104287.679441,1465104292.680944,1465104292.755000
54,1465104287.056000,1465104287.768105,1465104292.769301,1465104292.827000
55,1465104287.056000,1465104287.761868,1465104292.763165,1465104292.841000
56,1465104287.056000,1465104287.699208,1465104292.700539,1465104292.790000
57,1465104287.056000,1465104287.663510,1465104292.664986,1465104292.754000
58,1465104287.057000,1465104287.755063,1465104292.756323,1465104292.814000
59,1465104287.057000,1465104287.695605,1465104292.709016,1465104292.790000
60,1465104287.059000,1465104287.777058,1465104292.778276,1465104292.875000
61,1465104287.059000,1465104288.040163,1465104293.041288,1465104293.119000
62,1465104287.059000,1465104287.730628,1465104292.731905,1465104292.813000
63,1465104287.059000,1465104288.002678,1465104293.003824,1465104293.081000
64,1465104287.059000,1465104287.807810,1465104292.809144,1465104292.889000
65,1465104287.059000,1465104287.827978,1465104292.829374,1465104292.898000
66,1465104287.060000,1465104287.803523,1465104292.810099,1465104292.880000
67,1465104287.063000,1465104287.774879,1465104292.776123,1465104292.856000
68,1465104287.065000,1465104287.708723,1465104292.710195,1465104292.806000
69,1465104287.065000,1465104288.032697,1465104293.034114,1465104293.123000
70,1465104287.065000,1465104287.729229,1465104292.730582,1465104292.811000
71,1465104287.065000,1465104287.797531,1465104292.799174,1465104292.869000
72,1465104287.065000,1465104288.055252,1465104293.056518,1465104293.136000
73,1465104287.065000,0.000000,0.000000,0.000000
74,1465104287.065000,1465104288.045176,1465104293.046383,1465104293.136000
75,1465104287.065000,1465104287.761583,1465104292.762857,1465104292.848000
76,1465104287.065000,1465104287.804591,1465104292.805832,1465104292.887000
77,1465104287.065000,1465104287.741963,1465104292.743244,1465104292.824000
78,1465104287.065000,1465104288.027681,1465104293.028992,1465104293.108000
79,1465104287.065000,1465104289.542465,1465104294.543960,1465104294.628000
80,1465104287.065000,1465104287.769255,1465104292.770408,1465104292.848000
81,1465104287.065000,1465104288.016508,1465104293.017801,1465104293.106000
82,1465104287.065000,1465104287.741131,1465104292.742514,1465104292.816000
83,1465104287.066000,1465104288.066237,1465104293.067464,1465104293.153000
84,1465104287.066000,1465104288.103474,1465104293.104672,1465104293.175000
85,1465104287.066000,1465104287.762153,1465104292.774734,1465104292.854000
86,1465104287.066000,1465104287.739085,1465104292.740350,1465104292.838000
87,1465104287.066000,1465104289.552298,1465104294.553817,1465104294.634000
88,1465104287.066000,1465104288.039290,1465104293.040681,1465104293.119000
89,1465104287.066000,1465104287.757560,1465104292.758825,1465104292.838000
90,1465104287.066000,1465104287.832430,1465104292.833854,1465104292.910000
91,1465104287.066000,1465104287.751247,1465104292.752434,1465104292.852000
92,1465104287.066000,1465104288.032102,1465104293.033334,1465104293.120000
93,1465104287.066000,1465104287.762836,1465104292.764225,1465104292.853000
94,1465104287.066000,1465104287.746937,1465104292.748265,1465104292.837000
95,1465104287.066000,1465104287.772975,1465104292.786785,1465104292.882000
96,1465104287.066000,1465104289.592671,1465104294.594015,1465104294.674000
97,1465104287.066000,1465104287.764496,1465104292.775458,1465104292.855000
98,1465104287.067000,1465104288.042438,1465104293.043651,1465104293.121000
99,1465104287.067000,1465104288.000025,1465104293.001235,1465104293.082000
100,1465104287.067000,1465104287.827599,1465104292.828846,1465104292.887000
101,1465104287.067000,1465104288.052098,1465104293.053269,1465104293.132000
102,1465104287.067000,0.000000,0.000000,0.000000
103,1465104287.067000,1465104288.073508,1465104293.074699,1465104293.153000
104,1465104287.067000,1465104287.739846,1465104292.741442,1465104292.821000
105,1465104287.067000,1465104288.088515,1465104293.089737,1465104293.172000
106,1465104287.067000,1465104287.795487,1465104292.796796,1465104292.877000
107,1465104287.067000,1465104287.763458,1465104292.764703,1465104292.854000
108,1465104287.067000,1465104287.742922,1465104292.744421,1465104292.803000
109,1465104287.067000,1465104289.555202,1465104294.556700,1465104294.653000
110,1465104287.067000,1465104287.748097,1465104292.749687,1465104292.835000
111,1465104287.067000,1465104288.014914,1465104293.016292,1465104293.091000
112,1465104287.067000,1465104287.755568,1465104292.763354,1465104292.836000
113,1465104287.067000,1465104287.739046,1465104292.740332,1465104292.829000
114,1465104287.067000,1465104288.112547,1465104293.113918,1465104293.203000
115,1465104287.068000,1465104288.075095,1465104293.076381,1465104293.155000
116,1465104287.068000,1465104288.102763,1465104293.103917,1465104293.173000
117,1465104287.068000,1465104287.769204,1465104292.770468,1465104292.856000
118,1465104287.069000,1465104288.094164,1465104293.095348,1465104293.164000
119,1465104287.069000,1465104288.121138,1465104293.122366,1465104293.207000
120,1465104287.069000,1465104288.065068,1465104293.066316,1465104293.147000
121,1465104287.072000,1465104287.714433,1465104292.715941,1465104292.804000
122,1465104287.073000,1465104287.751493,1465104292.752726,1465104292.857000
123,1465104287.079000,1465104289.568331,1465104294.569577,1465104294.655000
124,1465104287.079000,1465104287.720292,1465104292.721669,1465104292.810000
125,1465104287.080000,1465104287.805082,1465104292.806424,1465104292.877000
126,1465104287.080000,1465104288.009850,1465104293.011083,1465104293.082000
127,1465104287.080000,1465104287.772882,1465104292.774423,1465104292.855000
128,1465104287.080000,1465104287.734774,1465104292.736106,1465104292.848000
129,1465104287.080000,1465104288.004832,1465104293.005996,1465104293.083000
130,1465104287.080000,1465104287.773333,1465104292.774618,1465104292.846000
131,1465104287.080000,1465104287.755943,1465104292.757143,1465104292.835000
132,1465104287.080000,1465104288.047720,1465104293.048940,1465104293.120000
133,1465104287.080000,1465104288.045015,1465104293.046599,1465104293.127000
134,1465104287.081000,1465104287.791842,1465104292.793195,1465104292.875000
135,1465104287.081000,1465104289.597620,1465104294.598903,1465104294.687000
136,1465104287.081000,1465104288.088339,1465104293.089558,1465104293.175000
137,1465104287.082000,1465104287.794642,1465104292.796017,1465104292.883000
138,1465104287.082000,1465104287.790578,1465104292.791872,1465104292.876000
139,1465104287.082000,1465104287.772480,1465104292.778088,1465104292.867000
140,1465104287.082000,1465104288.052215,1465104293.053538,1465104293.122000
141,1465104287.082000,1465104287.812952,1465104292.814311,1465104292.889000
142,1465104287.082000,1465104288.111498,1465104293.112691,1465104293.193000
143,1465104287.082000,1465104287.800017,1465104292.801211,1465104292.875000
144,1465104287.082000,1465104287.764516,1465104292.765720,1465104292.851000
145,1465104287.082000,1465104287.764826,1465104292.766163,1465104292.854000
146,1465104287.082000,1465104288.119978,1465104293.121162,1465104293.204000
147,1465104287.082000,1465104287.738361,1465104292.739566,1465104292.820000
148,1465104287.083000,1465104288.010859,1465104293.015191,1465104293.092000
149,1465104287.083000,1465104287.786246,1465104292.787952,1465104292.862000
150,1465104287.083000,1465104287.755177,1465104292.763404,1465104292.837000
151,1465104287.083000,1465104288.082297,1465104293.086493,1465104293.168000
152,1465104287.083000,1465104287.763571,1465104292.764937,1465104292.846000
153,1465104287.083000,1465104287.804780,1465104292.806274,1465104292.906000
154,1465104287.083000,1465104288.063248,1465104293.064465,1465104293.149000
155,1465104287.083000,1465104287.787390,1465104292.788588,1465104292.857000
156,1465104287.084000,1465104287.737797,1465104292.739317,1465104292.819000
157,1465104287.084000,1465104287.813995,1465104292.815187,1465104292.873000
158,1465104287.084000,1465104288.024961,1465104293.026164,1465104293.084000
159,1465104287.084000,1465104287.794661,1465104292.795885,1465104292.894000
160,1465104287.084000,1465104287.812224,1465104292.814934,1465104292.894000
161,1465104287.084000,1465104289.567448,1465104294.568933,1465104294.628000
162,1465104287.084000,1465104289.552869,1465104294.554467,1465104294.639000
163,1465104287.084000,1465104287.827908,1465104292.829064,1465104292.916000
164,1465104287.084000,1465104288.030274,1465104293.031547,1465104293.111000
165,1465104287.084000,1465104287.794707,1465104292.796168,1465104292.874000
166,1465104287.084000,1465104287.771160,1465104292.772388,1465104292.861000
167,1465104287.086000,1465104288.057781,1465104293.066605,1465104293.147000
168,1465104287.086000,1465104288.082115,1465104293.083358,1465104293.163000
169,1465104287.086000,1465104287.799020,1465104292.800643,1465104292.881000
170,1465104287.086000,1465104289.583474,1465104294.584731,1465104294.665000
171,1465104287.086000,1465104287.800261,1465104292.801496,1465104292.885000
172,1465104287.086000,1465104287.794473,1465104292.796086,1465104292.869000
173,1465104287.086000,0.000000,0.000000,0.000000
174,1465104287.086000,1465104288.073923,1465104293.075135,1465104293.155000
175,1465104287.086000,1465104288.031600,1465104293.032943,1465104293.114000
176,1465104287.086000,1465104287.818927,1465104292.820615,1465104292.879000
177,1465104287.086000,1465104287.778951,1465104292.780230,1465104292.878000
178,1465104287.086000,1465104288.079032,1465104293.080256,1465104293.154000
179,1465104287.086000,1465104287.770404,1465104292.772839,1465104292.862000
180,1465104287.087000,1465104288.023543,1465104293.024716,1465104293.102000
181,1465104287.087000,1465104287.751838,1465104292.753221,1465104292.843000
182,1465104287.087000,1465104288.012615,1465104293.013868,1465104293.103000
183,1465104287.087000,1465104287.757016,1465104292.758476,1465104292.830000
184,1465104287.087000,1465104288.057781,1465104293.059851,1465104293.140000
185,1465104287.087000,1465104288.034331,1465104293.035596,1465104293.116000
186,1465104287.087000,1465104288.107146,1465104293.108365,1465104293.187000
187,1465104287.087000,1465104288.036220,1465104293.037479,1465104293.124000
188,1465104287.087000,1465104288.056045,1465104293.057526,1465104293.132000
189,1465104287.087000,1465104287.848058,1465104292.849291,1465104292.907000
190,1465104287.087000,1465104287.842507,1465104292.843895,1465104292.923000
191,1465104287.087000,1465104288.055376,1465104293.056635,1465104293.136000
192,1465104287.087000,1465104288.038735,1465104293.039933,1465104293.120000
193,1465104287.087000,1465104287.749729,1465104292.751089,1465104292.855000
194,1465104287.087000,1465104288.030241,1465104293.031508,1465104293.121000
195,1465104287.087000,1465104287.806748,1465104292.808201,1465104292.889000
196,1465104287.087000,1465104288.070709,1465104293.071873,1465104293.157000
197,1465104287.087000,1465104288.087693,1465104293.088892,1465104293.160000
198,1465104287.087000,1465104288.095884,1465104293.097252,1465104293.173000
199,1465104287.087000,1465104287.777377,1465104292.778735,1465104292.859000
200,1465104287.087000,1465104287.800069,1465104292.801503,1465104292.873000
201,1465104287.087000,1465104287.738038,1465104292.739269,1465104292.824000
202,1465104287.087000,1465104287.750096,1465104292.751361,1465104292.836000
203,1465104287.087000,1465104287.848353,1465104292.849810,1465104292.921000
204,1465104287.087000,1465104288.051360,1465104293.052601,1465104293.138000
205,1465104287.087000,1465104288.066183,1465104293.067445,1465104293.156000
206,1465104287.087000,1465104288.094575,1465104293.096238,1465104293.176000
207,1465104287.087000,1465104287.818797,1465104292.819996,1465104292.901000
208,1465104287.087000,1465104288.037231,1465104293.038473,1465104293.120000
209,1465104287.087000,1465104288.020455,1465104293.021702,1465104293.107000
210,1465104287.087000,1465104287.753897,1465104292.755390,1465104292.834000
211,1465104287.087000,1465104288.070016,1465104293.071304,1465104293.152000
212,1465104287.087000,1465104287.747434,1465104292.748638,1465104292.838000
213,1465104287.087000,1465104289.530071,1465104294.531601,1465104294.635000
214,1465104287.088000,1465104288.134120,1465104293.135521,1465104293.222000
215,1465104287.088000,1465104288.002815,1465104293.004090,1465104293.084000
216,1465104287.087000,1465104288.034496,1465104293.035835,1465104293.124000
217,1465104287.088000,1465104287.819115,1465104292.820938,1465104292.878000
218,1465104287.088000,1465104288.025566,1465104293.026769,1465104293.097000
219,1465104287.088000,1465104287.766789,1465104292.768049,1465104292.839000
220,1465104287.088000,1465104288.100382,1465104293.101742,1465104293.170000
221,1465104287.088000,1465104288.056892,1465104293.058061,1465104293.136000
222,1465104287.088000,1465104288.074733,1465104293.076329,1465104293.157000
223,1465104287.088000,1465104287.807497,1465104292.808804,1465104292.888000
224,1465104287.088000,1465104288.120063,1465104293.122160,1465104293.197000
225,1465104287.088000,1465104288.092949,1465104293.094225,1465104293.172000
226,1465104287.088000,1465104288.051431,1465104293.052689,1465104293.134000
227,1465104287.088000,1465104287.764114,1465104292.765309,1465104292.844000
228,1465104287.088000,1465104288.065208,1465104293.066430,1465104293.148000
229,1465104287.088000,1465104287.836788,1465104292.838085,1465104292.912000
230,1465104287.088000,1465104288.051731,1465104293.052938,1465104293.124000
231,1465104287.088000,1465104289.581535,1465104294.582713,1465104294.668000
232,1465104287.088000,1465104288.064126,1465104293.065321,1465104293.150000
233,1465104287.088000,1465104289.573695,1465104294.575185,1465104294.663000
234,1465104287.088000,1465104288.077446,1465104293.078681,1465104293.164000
235,1465104287.088000,1465104288.031243,1465104293.032496,1465104293.103000
236,1465104287.088000,1465104287.824625,1465104292.825971,1465104292.900000
237,1465104287.088000,1465104287.767620,1465104292.768842,1465104292.857000
238,1465104287.088000,1465104287.824195,1465104292.834614,1465104292.913000
239,1465104287.088000,0.000000,0.000000,0.000000
240,1465104287.088000,1465104287.783538,1465104292.784710,1465104292.870000
241,1465104287.088000,1465104287.778637,1465104292.779934,1465104292.861000
242,1465104287.088000,1465104287.826072,1465104292.827368,1465104292.911000
243,1465104287.088000,0.000000,0.000000,0.000000
244,1465104287.088000,1465104288.046009,1465104293.047330,1465104293.132000
245,1465104287.088000,1465104288.039200,1465104293.040440,1465104293.110000
246,1465104287.088000,1465104289.564433,1465104294.565830,1465104294.651000
247,1465104287.088000,1465104288.174945,1465104293.176152,1465104293.254000
248,1465104287.089000,1465104287.780535,1465104292.782644,1465104292.866000
249,1465104287.089000,1465104288.053174,1465104293.054487,1465104293.132000
250,1465104287.089000,1465104288.066557,1465104293.067882,1465104293.143000
251,1465104287.089000,1465104287.805112,1465104292.806360,1465104292.894000
252,1465104287.089000,1465104287.793742,1465104292.794874,1465104292.876000
253,1465104287.089000,1465104288.077592,1465104293.079100,1465104293.167000
254,1465104287.089000,0.000000,0.000000,0.000000
255,1465104287.089000,1465104288.013094,1465104293.014394,1465104293.094000
256,1465104287.089000,0.000000,0.000000,0.000000
257,1465104287.089000,1465104288.062176,1465104293.063345,1465104293.145000
258,1465104287.089000,1465104287.742226,1465104292.743531,1465104292.822000
259,1465104287.089000,1465104288.040452,1465104293.041767,1465104293.128000
260,1465104287.089000,1465104287.853323,1465104292.861309,1465104292.920000
261,1465104287.089000,1465104288.117676,1465104293.118871,1465104293.189000
262,1465104287.089000,1465104287.775588,1465104292.776809,1465104292.859000
263,1465104287.089000,1465104288.031606,1465104293.032868,1465104293.112000
264,1465104287.089000,1465104287.757169,1465104292.758509,1465104292.839000
265,1465104287.089000,1465104287.802023,1465104292.821556,1465104292.880000
266,1465104287.092000,1465104288.129135,1465104293.130321,1465104293.189000
267,1465104287.094000,1465104287.795851,1465104292.797071,1465104292.885000
268,1465104287.095000,1465104287.803927,1465104292.805440,1465104292.863000
269,1465104287.096000,1465104287.759843,1465104292.761193,1465104292.865000
270,1465104287.099000,1465104288.055787,1465104293.056975,1465104293.143000
271,1465104287.105000,1465104287.798227,1465104292.799528,1465104292.879000
272,1465104287.110000,1465104287.795257,1465104292.801076,1465104292.876000
273,1465104287.110000,1465104287.822245,1465104292.823496,1465104292.908000
274,1465104287.110000,1465104288.092895,1465104293.094161,1465104293.175000
275,1465104287.112000,1465104288.041261,1465104293.043055,1465104293.124000
276,1465104287.112000,1465104287.757458,1465104292.758681,1465104292.839000
277,1465104287.112000,1465104287.794889,1465104292.800985,1465104292.877000
278,1465104287.112000,1465104288.110232,1465104293.111559,1465104293.191000
279,1465104287.112000,1465104287.761229,1465104292.762560,1465104292.866000
280,1465104287.112000,1465104288.125031,1465104293.126474,1465104293.202000
281,1465104287.112000,1465104288.105166,1465104293.106387,1465104293.195000
282,1465104287.113000,1465104287.796777,1465104292.797982,1465104292.867000
283,1465104287.113000,1465104287.762361,1465104292.763536,1465104292.850000
284,1465104287.113000,1465104287.875105,1465104292.876314,1465104292.946000
285,1465104287.113000,1465104287.737061,1465104292.738224,1465104292.816000
286,1465104287.113000,1465104289.581580,1465104294.582964,1465104294.661000
287,1465104287.113000,0.000000,0.000000,0.000000
288,1465104287.113000,1465104287.836703,1465104292.838533,1465104292.919000
289,1465104287.114000,1465104287.778998,1465104292.780343,1465104292.869000
290,1465104287.114000,1465104287.816367,1465104292.818366,1465104292.896000
291,1465104287.114000,1465104287.813767,1465104292.814973,1465104292.884000
292,1465104287.114000,1465104287.811214,1465104292.812460,1465104292.902000
293,1465104287.114000,1465104288.060463,1465104293.061737,1465104293.136000
294,1465104287.115000,1465104287.785909,1465104292.787175,1465104292.872000
295,1465104287.115000,1465104287.817718,1465104292.818924,1465104292.905000
296,1465104287.115000,1465104288.054187,1465104293.055594,1465104293.137000
297,1465104287.115000,1465104287.774283,1465104292.794334,1465104292.873000
298,1465104287.115000,1465104287.803473,1465104292.804662,1465104292.890000
299,1465104287.116000,1465104287.807669,1465104292.808902,1465104292.897000
300,1465104287.116000,1465104288.055502,1465104293.057080,1465104293.133000
301,1465104287.116000,1465104288.021985,1465104293.023192,1465104293.112000
302,1465104287.116000,1465104287.780558,1465104292.781771,1465104292.864000
303,1465104287.116000,1465104287.737649,1465104292.753869,1465104292.839000
304,1465104287.116000,1465104287.784457,1465104292.785672,1465104292.866000
305,1465104287.116000,1465104287.796836,1465104292.798008,1465104292.879000
306,1465104287.116000,1465104288.062215,1465104293.063474,1465104293.133000
307,1465104287.116000,1465104287.825469,1465104292.826691,1465104292.898000
308,1465104287.116000,1465104288.106408,1465104293.107638,1465104293.193000
309,1465104287.116000,1465104288.098489,1465104293.099975,1465104293.187000
310,1465104287.117000,1465104288.052422,1465104293.053691,1465104293.131000
311,1465104287.116000,1465104288.118574,1465104293.119761,1465104293.198000
312,1465104287.117000,1465104288.110752,1465104293.112169,1465104293.188000
313,1465104287.117000,1465104288.038160,1465104293.039457,1465104293.143000
314,1465104287.117000,1465104287.780000,1465104292.781678,1465104292.862000
315,1465104287.117000,1465104288.059345,1465104293.060720,1465104293.136000
316,1465104287.117000,1465104287.793172,1465104292.794492,1465104292.876000
317,1465104287.118000,1465104288.086188,1465104293.087432,1465104293.168000
318,1465104287.118000,1465104287.764333,1465104292.765777,1465104292.862000
319,1465104287.118000,1465104288.113950,1465104293.115170,1465104293.203000
320,1465104287.118000,1465104287.820214,1465104292.821386,1465104292.902000
321,1465104287.118000,1465104288.056972,1465104293.058243,1465104293.139000
322,1465104287.118000,1465104287.800476,1465104292.814399,1465104292.894000
323,1465104287.119000,1465104287.791272,1465104292.792465,1465104292.880000
324,1465104287.119000,1465104288.085486,1465104293.086887,1465104293.158000
325,1465104287.119000,1465104287.786049,1465104292.787342,1465104292.869000
326,1465104287.119000,1465104287.780993,1465104292.782175,1465104292.859000
327,1465104287.120000,1465104287.814298,1465104292.815647,1465104292.901000
328,1465104287.120000,1465104288.091924,1465104293.093371,1465104293.181000
329,1465104287.120000,1465104288.047704,1465104293.048955,1465104293.152000
330,1465104287.120000,1465104288.094469,1465104293.095765,1465104293.184000
331,1465104287.120000,1465104287.749952,1465104292.751373,1465104292.836000
332,1465104287.120000,1465104288.051798,1465104293.053146,1465104293.142000
333,1465104287.120000,1465104287.799263,1465104292.800486,1465104292.882000
334,1465104287.120000,1465104288.108356,1465104293.109542,1465104293.178000
335,1465104287.121000,1465104287.790260,1465104292.791452,1465104292.890000
336,1465104287.121000,1465104289.580223,1465104294.585245,1465104294.666000
337,1465104287.121000,1465104287.770835,1465104292.777986,1465104292.867000
338,1465104287.121000,1465104288.075090,1465104293.076241,1465104293.161000
339,1465104287.121000,1465104287.771788,1465104292.773032,1465104292.877000
340,1465104287.123000,1465104288.051048,1465104293.052668,1465104293.134000
341,1465104287.123000,1465104287.807705,1465104292.808890,1465104292.895000
342,1465104287.123000,1465104287.803925,1465104292.805096,1465104292.887000
343,1465104287.123000,0.000000,0.000000,0.000000
344,1465104287.123000,1465104287.838552,1465104292.853680,1465104292.933000
345,1465104287.123000,1465104288.090549,1465104293.091893,1465104293.180000
346,1465104287.123000,1465104287.817280,1465104292.818835,1465104292.897000
347,1465104287.123000,1465104288.104613,1465104293.106071,1465104293.203000
348,1465104287.123000,1465104288.050929,1465104293.052146,1465104293.129000
349,1465104287.123000,1465104287.826701,1465104292.828124,1465104292.904000
350,1465104287.123000,1465104287.841952,1465104292.843219,1465104292.924000
351,1465104287.123000,1465104287.767250,1465104292.768888,1465104292.849000
352,1465104287.123000,1465104287.816823,1465104292.818260,1465104292.894000
353,1465104287.124000,1465104288.075909,1465104293.077514,1465104293.153000
354,1465104287.124000,1465104287.797108,1465104292.798353,1465104292.883000
355,1465104287.124000,1465104289.592262,1465104294.593480,1465104294.671000
356,1465104287.125000,1465104288.032342,1465104293.033795,1465104293.122000
357,1465104287.125000,1465104288.119581,1465104293.122230,1465104293.200000
358,1465104287.125000,1465104288.034853,1465104293.036042,1465104293.125000
359,1465104287.125000,1465104287.881416,1465104292.889234,1465104292.960000
360,1465104287.125000,1465104287.795410,1465104292.796895,1465104292.875000
361,1465104287.126000,1465104287.819567,1465104292.820773,1465104292.901000
362,1465104287.126000,1465104287.819241,1465104292.820536,1465104292.906000
363,1465104287.126000,1465104288.071060,1465104293.072205,1465104293.172000
364,1465104287.127000,1465104287.815248,1465104292.816524,1465104292.897000
365,1465104287.127000,1465104288.065629,1465104293.083533,1465104293.188000
366,1465104287.127000,1465104287.797827,1465104292.799023,1465104292.898000
367,1465104287.127000,1465104288.107986,1465104293.109222,1465104293.194000
368,1465104287.127000,1465104287.781202,1465104292.782537,1465104292.880000
369,1465104287.128000,1465104287.793571,1465104292.794758,1465104292.884000
370,1465104287.128000,1465104288.055650,1465104293.056915,1465104293.145000
371,1465104287.128000,1465104288.057738,1465104293.058981,1465104293.145000
372,1465104287.128000,1465104288.121442,1465104293.122692,1465104293.194000
373,1465104287.128000,1465104287.766340,1465104292.767555,1465104292.848000
374,1465104287.128000,1465104287.822569,1465104292.823801,1465104292.903000
375,1465104287.128000,1465104287.777142,1465104292.778324,1465104292.852000
376,1465104287.128000,1465104288.133715,1465104293.134895,1465104293.212000
377,1465104287.128000,1465104287.817229,1465104292.819058,1465104292.897000
378,1465104287.128000,1465104288.074996,1465104293.076268,1465104293.162000
379,1465104287.129000,1465104287.834923,1465104292.836117,1465104292.917000
380,1465104287.129000,1465104287.795985,1465104292.797515,1465104292.895000
381,1465104287.130000,1465104287.785122,1465104292.786358,1465104292.886000
382,1465104287.129000,1465104287.851154,1465104292.852713,1465104292.922000
383,1465104287.129000,1465104288.051099,1465104293.058009,1465104293.148000
384,1465104287.130000,1465104288.066545,1465104293.067808,1465104293.148000
385,1465104287.130000,1465104287.817272,1465104292.818488,1465104292.904000
386,1465104287.130000,1465104287.839094,1465104292.840375,1465104292.920000
387,1465104287.131000,1465104287.806357,1465104292.808406,1465104292.887000
388,1465104287.131000,1465104287.845161,1465104292.851978,1465104292.926000
389,1465104287.131000,1465104287.783735,1465104292.785041,1465104292.883000
390,1465104287.131000,1465104287.810355,1465104292.811632,1465104292.892000
391,1465104287.131000,1465104287.818638,1465104292.819934,1465104292.901000
392,1465104287.131000,1465104288.077292,1465104293.078460,1465104293.160000
393,1465104287.131000,1465104287.829568,1465104292.830829,1465104292.911000
394,1465104287.131000,1465104287.847198,1465104292.848352,1465104292.925000
395,1465104287.131000,1465104287.824400,1465104292.825601,1465104292.915000
396,1465104287.131000,1465104287.766833,1465104292.768237,1465104292.857000
397,1465104287.131000,1465104287.788075,1465104292.789685,1465104292.870000
398,1465104287.132000,1465104287.778764,1465104292.780273,1465104292.866000
399,1465104287.132000,1465104287.761899,1465104292.763190,1465104292.848000
400,1465104287.132000,1465104287.805225,1465104292.806481,1465104292.896000
401,1465104287.132000,1465104287.814336,1465104292.815579,1465104292.903000
402,1465104287.133000,1465104287.832033,1465104292.833268,1465104292.913000
403,1465104287.133000,1465104289.573842,1465104294.575104,1465104294.671000
404,1465104287.133000,1465104287.774047,1465104292.775446,1465104292.855000
405,1465104287.133000,1465104287.824520,1465104292.825877,1465104292.907000
406,1465104287.133000,1465104287.818234,1465104292.819536,1465104292.898000
407,1465104287.133000,1465104287.807725,1465104292.809062,1465104292.887000
408,1465104287.133000,1465104287.830571,1465104292.845270,1465104292.916000
409,1465104287.134000,1465104288.087665,1465104293.089046,1465104293.176000
410,1465104287.134000,1465104287.800606,1465104292.818845,1465104292.897000
411,1465104287.135000,1465104287.802361,1465104292.803722,1465104292.890000
412,1465104287.135000,1465104288.126357,1465104293.127727,1465104293.215000
413,1465104287.135000,1465104288.065732,1465104293.066918,1465104293.141000
414,1465104287.135000,1465104287.806595,1465104292.807801,1465104292.885000
415,1465104287.135000,1465104287.793065,1465104292.794408,1465104292.891000
416,1465104287.135000,1465104287.782231,1465104292.783412,1465104292.880000
417,1465104287.135000,1465104287.795495,1465104292.796691,1465104292.892000
418,1465104287.135000,1465104288.118433,1465104293.119687,1465104293.202000
419,1465104287.136000,1465104287.814259,1465104292.815609,1465104292.903000
420,1465104287.136000,1465104287.802070,1465104292.803337,1465104292.883000
421,1465104287.136000,1465104288.145683,1465104293.146934,1465104293.218000
422,1465104287.136000,1465104287.901880,1465104292.903074,1465104292.986000
423,1465104287.136000,1465104287.788739,1465104292.789983,1465104292.870000
424,1465104287.136000,1465104287.792211,1465104292.793459,1465104292.862000
425,1465104287.136000,1465104287.788990,1465104292.790177,1465104292.888000
426,1465104287.136000,1465104287.820622,1465104292.821942,1465104292.892000
427,1465104287.137000,1465104287.767839,1465104292.769114,1465104292.846000
428,1465104287.137000,1465104287.819108,1465104292.820455,1465104292.895000
429,1465104287.137000,1465104288.101041,1465104293.102340,1465104293.174000
430,1465104287.137000,1465104287.856583,1465104292.857902,1465104292.949000
431,1465104287.138000,1465104288.119434,1465104293.120652,1465104293.178000
432,1465104287.138000,1465104288.049998,1465104293.051312,1465104293.130000
433,1465104287.138000,1465104288.115806,1465104293.117007,1465104293.198000
434,1465104287.138000,1465104287.840567,1465104292.841808,1465104292.927000
435,1465104287.138000,1465104287.859064,1465104292.860263,1465104292.931000
436,1465104287.139000,1465104287.782664,1465104292.783848,1465104292.858000
437,1465104287.139000,1465104287.824638,1465104292.838858,1465104292.918000
438,1465104287.139000,1465104287.792012,1465104292.793591,1465104292.881000
439,1465104287.140000,1465104287.816708,1465104292.818515,1465104292.897000
440,1465104287.140000,1465104287.796076,1465104292.798221,1465104292.896000
441,1465104287.140000,1465104287.826894,1465104292.828124,1465104292.914000
442,1465104287.140000,1465104287.750098,1465104292.751344,1465104292.839000
443,1465104287.140000,1465104287.763601,1465104292.764765,1465104292.842000
444,1465104287.140000,1465104287.761951,1465104292.763209,1465104292.845000
445,1465104287.140000,1465104288.082667,1465104293.083830,1465104293.161000
446,1465104287.141000,1465104287.811155,1465104292.812441,1465104292.892000
447,1465104287.141000,1465104287.832810,1465104292.834237,1465104292.913000
448,1465104287.141000,1465104287.797507,1465104292.798875,1465104292.897000
449,1465104287.141000,1465104287.842674,1465104292.844044,1465104292.930000
450,1465104287.141000,1465104287.806223,1465104292.807484,1465104292.893000
451,1465104287.142000,1465104287.803889,1465104292.805117,1465104292.876000
452,1465104287.142000,1465104287.843282,1465104292.844565,1465104292.923000
453,1465104287.142000,1465104287.805700,1465104292.807325,1465104292.887000
454,1465104287.142000,1465104288.102630,1465104293.103963,1465104293.193000
455,1465104287.142000,1465104287.826347,1465104292.827590,1465104292.907000
456,1465104287.143000,1465104288.098875,1465104293.100103,1465104293.189000
457,1465104287.143000,1465104287.782610,1465104292.783844,1465104292.872000
458,1465104287.143000,1465104287.843527,1465104292.844821,1465104292.930000
459,1465104287.143000,1465104287.805802,1465104292.807071,1465104292.891000
460,1465104287.143000,1465104287.803656,1465104292.804838,1465104292.882000
461,1465104287.143000,1465104287.803186,1465104292.804694,1465104292.884000
462,1465104287.143000,1465104287.764201,1465104292.765412,1465104292.854000
463,1465104287.143000,1465104289.554901,1465104294.556257,1465104294.660000
464,1465104287.144000,1465104287.773931,1465104292.776030,1465104292.872000
465,1465104287.144000,1465104287.840717,1465104292.842634,1465104292.923000
466,1465104287.145000,1465104287.842179,1465104292.843399,1465104292.915000
467,1465104287.145000,1465104287.824823,1465104292.826075,1465104292.905000
468,1465104287.145000,1465104287.823319,1465104292.824568,1465104292.923000
469,1465104287.145000,1465104287.835602,1465104292.837937,1465104292.919000
470,1465104287.145000,1465104287.773689,1465104292.775091,1465104292.864000
471,1465104287.145000,1465104288.074056,1465104293.077877,1465104293.175000
472,1465104287.146000,1465104287.941565,1465104292.943611,1465104293.025000
473,1465104287.146000,1465104287.813497,1465104292.815203,1465104292.895000
474,1465104287.146000,1465104287.853072,1465104292.854294,1465104292.933000
475,1465104287.146000,1465104287.788451,1465104292.789654,1465104292.872000
476,1465104287.146000,1465104288.054829,1465104293.056114,1465104293.141000
477,1465104287.147000,1465104287.894322,1465104292.895516,1465104292.954000
478,1465104287.147000,1465104287.816447,1465104292.817690,1465104292.902000
479,1465104287.147000,1465104287.847417,1465104292.848651,1465104292.927000
480,1465104287.147000,1465104288.070898,1465104293.072198,1465104293.152000
481,1465104287.147000,1465104287.860949,1465104292.862164,1465104292.947000
482,1465104287.148000,1465104288.066289,1465104293.067751,1465104293.148000
483,1465104287.148000,1465104287.811615,1465104292.812959,1465104292.899000
484,1465104287.148000,1465104287.819636,1465104292.834688,1465104292.912000
485,1465104287.148000,1465104288.079907,1465104293.081054,1465104293.166000
486,1465104287.148000,1465104287.983926,1465104292.985167,1465104293.066000
487,1465104287.148000,1465104287.892016,1465104292.893641,1465104292.963000
488,1465104287.148000,1465104287.841437,1465104292.843372,1465104292.922000
489,1465104287.148000,1465104287.901771,1465104292.902967,1465104292.981000
490,1465104287.148000,1465104288.103180,1465104293.104401,1465104293.189000
491,1465104287.148000,1465104287.902628,1465104292.903863,1465104292.984000
492,1465104287.149000,1465104287.835509,1465104292.837096,1465104292.916000
493,1465104287.149000,1465104287.885220,1465104292.886418,1465104292.985000
494,1465104287.149000,1465104287.814272,1465104292.815432,1465104292.915000
495,1465104287.149000,1465104287.780575,1465104292.782271,1465104292.867000
496,1465104287.149000,1465104287.966826,1465104292.968152,1465104293.048000
497,1465104287.149000,1465104287.822659,1465104292.823805,1465104292.901000
498,1465104287.149000,1465104287.805204,1465104292.806447,1465104292.876000
499,1465104287.149000,1465104287.854235,1465104292.855664,1465104292.941000
500,1465104287.149000,1465104287.864310,1465104292.865472,1465104292.965000
501,1465104287.149000,1465104287.815856,1465104292.817137,1465104292.888000
502,1465104287.149000,1465104287.826304,1465104292.827696,1465104292.902000
503,1465104287.149000,1465104287.799724,1465104292.802207,1465104292.881000
504,1465104287.149000,1465104287.821382,1465104292.822931,1465104292.922000
505,1465104287.149000,1465104287.835597,1465104292.842119,1465104292.920000
506,1465104287.149000,1465104287.834814,1465104292.836164,1465104292.925000
507,1465104287.149000,1465104287.908482,1465104292.909829,1465104292.998000
508,1465104287.149000,1465104287.831658,1465104292.832849,1465104292.931000
509,1465104287.149000,1465104287.848164,1465104292.854286,1465104292.932000
510,1465104287.149000,1465104287.921565,1465104292.922738,1465104292.996000
511,1465104287.150000,1465104287.855230,1465104292.856468,1465104292.937000
512,1465104287.150000,1465104287.941487,1465104292.943058,1465104293.018000
513,1465104287.150000,1465104287.894820,1465104292.895971,1465104292.982000
514,1465104287.150000,1465104287.850168,1465104292.851466,1465104292.922000
515,1465104287.150000,1465104287.925626,1465104292.927080,1465104293.002000
516,1465104287.150000,1465104287.907995,1465104292.909468,1465104292.995000
517,1465104287.150000,1465104287.873158,1465104292.874625,1465104292.948000
518,1465104287.150000,1465104287.785488,1465104292.786754,1465104292.876000
519,1465104287.150000,1465104287.909195,1465104292.910883,1465104292.992000
520,1465104287.150000,1465104287.953910,1465104292.955145,1465104293.024000
521,1465104287.150000,1465104287.847042,1465104292.861259,1465104292.919000
522,1465104287.150000,1465104287.871871,1465104292.873051,1465104292.950000
523,1465104287.150000,1465104287.976956,1465104292.978284,1465104293.052000
524,1465104287.150000,1465104287.784526,1465104292.785710,1465104292.872000
525,1465104287.150000,1465104287.853806,1465104292.872609,1465104292.947000
526,1465104287.150000,1465104287.812407,1465104292.815812,1465104292.895000
527,1465104287.150000,1465104288.240156,1465104293.241486,1465104293.345000
528,1465104287.150000,1465104287.826379,1465104292.827681,1465104292.913000
529,1465104287.150000,1465104287.831289,1465104292.832583,1465104292.921000
530,1465104287.150000,1465104287.836603,1465104292.838528,1465104292.918000
531,1465104287.150000,1465104287.859580,1465104292.872284,1465104292.946000
532,1465104287.150000,1465104287.864485,1465104292.866433,1465104292.925000
533,1465104287.150000,1465104287.868328,1465104292.869629,1465104292.954000
534,1465104287.150000,1465104287.814395,1465104292.816030,1465104292.901000
535,1465104287.151000,1465104287.855296,1465104292.856572,1465104292.927000
536,1465104287.151000,1465104288.083521,1465104293.084757,1465104293.172000
537,1465104287.151000,1465104287.895943,1465104292.897182,1465104292.978000
538,1465104287.151000,1465104287.785907,1465104292.787133,1465104292.876000
539,1465104287.151000,1465104287.914932,1465104292.916247,1465104292.997000
540,1465104287.151000,1465104287.841192,1465104292.842392,1465104292.927000
541,1465104287.151000,1465104287.930282,1465104292.931448,1465104293.030000
542,1465104287.151000,1465104287.899459,1465104292.908696,1465104292.994000
543,1465104287.151000,1465104288.001687,1465104293.002868,1465104293.082000
544,1465104287.151000,1465104287.963213,1465104292.964485,1465104293.053000
545,1465104287.151000,1465104287.959994,1465104292.972480,1465104293.047000
546,1465104287.151000,1465104287.893125,1465104292.894418,1465104292.966000
547,1465104287.151000,1465104287.849214,1465104292.850495,1465104292.934000
548,1465104287.151000,1465104287.877363,1465104292.887131,1465104292.968000
549,1465104287.151000,1465104287.804210,1465104292.805556,1465104292.905000
550,1465104287.151000,1465104287.816976,1465104292.818217,1465104292.907000
551,1465104287.151000,1465104287.863306,1465104292.864568,1465104292.944000
552,1465104287.151000,1465104287.843955,1465104292.845202,1465104292.931000
553,1465104287.151000,1465104287.854950,1465104292.856187,1465104292.930000
554,1465104287.151000,1465104288.281192,1465104293.294094,1465104293.380000
555,1465104287.151000,1465104287.881540,1465104292.882775,1465104292.960000
556,1465104287.151000,1465104287.846798,1465104292.848036,1465104292.926000
557,1465104287.152000,1465104287.849244,1465104292.860568,1465104292.936000
558,1465104287.152000,1465104287.946198,1465104292.947451,1465104293.035000
559,1465104287.152000,1465104287.960471,1465104292.961738,1465104293.047000
560,1465104287.152000,1465104287.799223,1465104292.800451,1465104292.878000
561,1465104287.152000,1465104288.236069,1465104293.237265,1465104293.315000
562,1465104287.152000,1465104287.830365,1465104292.832037,1465104292.903000
563,1465104287.152000,1465104287.820541,1465104292.821930,1465104292.898000
564,1465104287.152000,0.000000,0.000000,0.000000
565,1465104287.152000,1465104287.800925,1465104292.802205,1465104292.881000
566,1465104287.152000,1465104287.917172,1465104292.918398,1465104293.001000
567,1465104287.152000,1465104287.824885,1465104292.826094,1465104292.926000
568,1465104287.152000,1465104287.829362,1465104292.830631,1465104292.912000
569,1465104287.152000,1465104287.937456,1465104292.938764,1465104293.008000
570,1465104287.152000,1465104287.838328,1465104292.839705,1465104292.921000
571,1465104287.152000,1465104287.896288,1465104292.897515,1465104292.967000
572,1465104287.152000,1465104287.925628,1465104292.926857,1465104293.006000
573,1465104287.152000,1465104287.824778,1465104292.826118,1465104292.911000
574,1465104287.152000,1465104287.833691,1465104292.835095,1465104292.914000
575,1465104287.152000,1465104287.850035,1465104292.851628,1465104292.926000
576,1465104287.152000,1465104287.856865,1465104292.858097,1465104292.944000
577,1465104287.152000,1465104287.799947,1465104292.801292,1465104292.887000
578,1465104287.152000,1465104287.814180,1465104292.815600,1465104292.894000
579,1465104287.152000,1465104287.804492,1465104292.805810,1465104292.885000
580,1465104287.152000,1465104287.839292,1465104292.840671,1465104292.910000
581,1465104287.153000,1465104287.850805,1465104292.851976,1465104292.930000
582,1465104287.153000,1465104287.839905,1465104292.841109,1465104292.922000
583,1465104287.153000,1465104288.103789,1465104293.105208,1465104293.192000
584,1465104287.153000,1465104288.127375,1465104293.128545,1465104293.198000
585,1465104287.153000,1465104287.853607,1465104292.855435,1465104292.931000
586,1465104287.153000,1465104287.850641,1465104292.852089,1465104292.922000
587,1465104287.153000,1465104287.838916,1465104292.840347,1465104292.925000
588,1465104287.153000,1465104287.872467,1465104292.873979,1465104292.947000
589,1465104287.153000,1465104287.829986,1465104292.831189,1465104292.920000
590,1465104287.153000,1465104287.843708,1465104292.845385,1465104292.925000
591,1465104287.153000,1465104287.849179,1465104292.850403,1465104292.930000
592,1465104287.153000,1465104287.954842,1465104292.956077,1465104293.045000
593,1465104287.153000,1465104287.848274,1465104292.850022,1465104292.924000
594,1465104287.153000,1465104287.988451,1465104292.991532,1465104293.078000
595,1465104287.153000,1465104287.840691,1465104292.842005,1465104292.927000
596,1465104287.153000,1465104287.882028,1465104292.883359,1465104292.972000
597,1465104287.153000,1465104287.822320,1465104292.823716,1465104292.902000
598,1465104287.153000,1465104287.943071,1465104292.944370,1465104293.023000
599,1465104287.153000,1465104287.935460,1465104292.936701,1465104293.024000
600,1465104287.153000,1465104287.821267,1465104292.823028,1465104292.919000
601,1465104287.153000,1465104287.846853,1465104292.848220,1465104292.944000
602,1465104287.153000,1465104287.886060,1465104292.887286,1465104292.958000
603,1465104287.153000,1465104287.944827,1465104292.945985,1465104293.044000
604,1465104287.153000,1465104287.786101,1465104292.787313,1465104292.885000
605,1465104287.153000,1465104287.835799,1465104292.837327,1465104292.917000
606,1465104287.153000,1465104287.822425,1465104292.823614,1465104292.911000
607,1465104287.153000,1465104287.837985,1465104292.843379,1465104292.913000
608,1465104287.153000,1465104287.957908,1465104292.959148,1465104293.028000
609,1465104287.154000,1465104287.793868,1465104292.795395,1465104292.869000
610,1465104287.154000,1465104287.837240,1465104292.838982,1465104292.909000
611,1465104287.154000,1465104288.172178,1465104293.173373,1465104293.262000
612,1465104287.154000,1465104287.953022,1465104292.954336,1465104293.029000
613,1465104287.154000,1465104287.865652,1465104292.866798,1465104292.964000
614,1465104287.154000,1465104287.817453,1465104292.818648,1465104292.915000
615,1465104287.154000,1465104287.939104,1465104292.940421,1465104293.025000
616,1465104287.154000,1465104288.265675,1465104293.266859,1465104293.338000
617,1465104287.154000,1465104287.924812,1465104292.926032,1465104293.012000
618,1465104287.154000,1465104287.825399,1465104292.826693,1465104292.912000
619,1465104287.154000,1465104288.212050,1465104293.213382,1465104293.291000
620,1465104287.154000,1465104287.782500,1465104292.800427,1465104292.876000
621,1465104287.154000,1465104287.950555,1465104292.951867,1465104293.031000
622,1465104287.154000,1465104287.838121,1465104292.839358,1465104292.917000
623,1465104287.154000,1465104288.272357,1465104293.273575,1465104293.353000
624,1465104287.154000,1465104287.860838,1465104292.874845,1465104292.953000
625,1465104287.154000,1465104287.942042,1465104292.943853,1465104293.023000
626,1465104287.154000,1465104287.852406,1465104292.854014,1465104292.928000
627,1465104287.154000,1465104287.845276,1465104292.846600,1465104292.926000
628,1465104287.154000,1465104287.863578,1465104292.864794,1465104292.938000
629,1465104287.154000,1465104287.977103,1465104292.978347,1465104293.067000
630,1465104287.154000,1465104287.836421,1465104292.837668,1465104292.916000
631,1465104287.154000,1465104287.881573,1465104292.886891,1465104292.968000
632,1465104287.154000,1465104287.802055,1465104292.803521,1465104292.882000
633,1465104287.154000,1465104288.247759,1465104293.249220,1465104293.346000
634,1465104287.154000,1465104287.849811,1465104292.851025,1465104292.929000
635,1465104287.154000,1465104287.824552,1465104292.825857,1465104292.912000
636,1465104287.155000,1465104287.855033,1465104292.858039,1465104292.932000
637,1465104287.155000,1465104287.801805,1465104292.803252,1465104292.891000
638,1465104287.155000,1465104287.889657,1465104292.891532,1465104292.976000
639,1465104287.155000,1465104287.936577,1465104292.937917,1465104293.011000
640,1465104287.155000,0.000000,0.000000,0.000000
641,1465104287.155000,1465104287.842058,1465104292.843302,1465104292.940000
642,1465104287.155000,1465104287.970478,1465104292.975480,1465104293.074000
643,1465104287.155000,1465104287.789643,1465104292.790881,1465104292.880000
644,1465104287.155000,1465104287.914344,1465104292.915563,1465104293.001000
645,1465104287.155000,1465104287.871916,1465104292.873184,1465104292.943000
646,1465104287.155000,1465104287.797240,1465104292.798509,1465104292.902000
647,1465104287.155000,1465104288.237961,1465104293.239186,1465104293.324000
648,1465104287.155000,1465104287.837020,1465104292.838618,1465104292.923000
649,1465104287.155000,1465104287.808438,1465104292.809791,1465104292.914000
650,1465104287.155000,1465104287.852676,1465104292.854362,1465104292.935000
651,1465104287.155000,1465104287.831933,1465104292.833156,1465104292.918000
652,1465104287.155000,1465104287.837973,1465104292.839241,1465104292.897000
653,1465104287.155000,1465104287.793368,1465104292.795347,1465104292.871000
654,1465104287.155000,1465104287.792627,1465104292.808988,1465104292.880000
655,1465104287.155000,1465104287.966734,1465104292.967966,1465104293.037000
656,1465104287.155000,1465104287.836200,1465104292.837396,1465104292.936000
657,1465104287.155000,1465104287.962199,1465104292.963389,1465104293.043000
658,1465104287.155000,1465104287.863690,1465104292.864947,1465104292.935000
659,1465104287.155000,1465104288.255155,1465104293.256385,1465104293.336000
660,1465104287.155000,1465104287.991985,1465104292.993375,1465104293.073000
661,1465104287.155000,1465104287.925515,1465104292.926674,1465104292.998000
662,1465104287.155000,1465104287.903898,1465104292.905176,1465104292.974000
663,1465104287.155000,1465104287.761704,1465104292.763297,1465104292.847000
664,1465104287.155000,1465104287.817283,1465104292.818611,1465104292.905000
665,1465104287.156000,1465104287.893369,1465104292.894585,1465104292.973000
666,1465104287.156000,1465104287.883792,1465104292.885137,1465104292.957000
667,1465104287.156000,1465104287.917579,1465104292.918829,1465104292.998000
668,1465104287.156000,1465104287.991398,1465104292.992599,1465104293.070000
669,1465104287.156000,1465104287.802036,1465104292.803297,1465104292.900000
670,1465104287.156000,1465104287.821031,1465104292.822434,1465104292.907000
671,1465104287.156000,1465104287.922818,1465104292.924093,1465104293.004000
672,1465104287.156000,1465104287.824196,1465104292.825816,1465104292.904000
673,1465104287.156000,1465104287.796643,1465104292.797906,1465104292.884000
674,1465104287.156000,1465104287.891647,1465104292.893180,1465104292.971000
675,1465104287.156000,1465104287.768875,1465104292.770074,1465104292.856000
676,1465104287.156000,1465104287.773499,1465104292.774739,1465104292.853000
677,1465104287.156000,1465104287.865175,1465104292.866592,1465104292.925000
678,1465104287.156000,1465104287.914794,1465104292.915978,1465104292.985000
679,1465104287.156000,1465104287.820641,1465104292.835006,1465104292.934000
680,1465104287.156000,1465104287.836660,1465104292.837937,1465104292.917000
681,1465104287.156000,1465104287.906691,1465104292.907992,1465104292.992000
682,1465104287.156000,1465104287.790155,1465104292.791446,1465104292.876000
683,1465104287.156000,1465104287.800238,1465104292.801500,1465104292.887000
684,1465104287.156000,1465104287.938357,1465104292.939553,1465104293.014000
685,1465104287.156000,1465104287.823072,1465104292.824368,1465104292.920000
686,1465104287.156000,1465104287.802226,1465104292.803515,1465104292.882000
687,1465104287.156000,1465104287.805823,1465104292.807068,1465104292.865000
688,1465104287.157000,1465104287.986244,1465104292.987471,1465104293.058000
689,1465104287.157000,1465104287.953146,1465104292.954750,1465104293.035000
690,1465104287.157000,1465104287.911347,1465104292.912885,1465104292.992000
691,1465104287.157000,1465104287.949708,1465104292.951002,1465104293.037000
692,1465104287.157000,1465104287.928508,1465104292.929713,1465104293.007000
693,1465104287.157000,1465104287.923201,1465104292.924364,1465104292.993000
694,1465104287.157000,1465104287.881842,1465104292.883178,1465104292.954000
695,1465104287.157000,1465104287.936070,1465104292.937330,1465104293.017000
696,1465104287.157000,1465104287.913534,1465104292.914720,1465104292.993000
697,1465104287.157000,1465104287.943298,1465104292.944687,1465104293.033000
698,1465104287.157000,1465104287.854431,1465104292.857008,1465104292.931000
699,1465104287.157000,1465104287.932494,1465104292.933790,1465104293.014000
700,1465104287.157000,1465104287.830246,1465104292.831564,1465104292.916000
701,1465104287.157000,1465104287.903711,1465104292.904963,1465104292.990000
702,1465104287.157000,1465104287.843493,1465104292.844764,1465104292.924000
703,1465104287.157000,1465104287.843776,1465104292.845112,1465104292.924000
704,1465104287.158000,0.000000,0.000000,0.000000
705,1465104287.158000,1465104288.274670,1465104293.275996,1465104293.361000
706,1465104287.158000,1465104287.891703,1465104292.892925,1465104292.981000
707,1465104287.158000,1465104287.776499,1465104292.777684,1465104292.867000
708,1465104287.158000,1465104287.826903,1465104292.828058,1465104292.926000
709,1465104287.158000,1465104288.117209,1465104293.118484,1465104293.207000
710,1465104287.158000,1465104287.835865,1465104292.837026,1465104292.922000
711,1465104287.158000,1465104287.950778,1465104292.952071,1465104293.026000
712,1465104287.158000,1465104287.857174,1465104292.858826,1465104292.938000
713,1465104287.158000,1465104287.895358,1465104292.896635,1465104292.975000
714,1465104287.158000,1465104287.886296,1465104292.887555,1465104292.967000
715,1465104287.158000,1465104287.842518,1465104292.843742,1465104292.933000
716,1465104287.158000,1465104287.929276,1465104292.930515,1465104293.011000
717,1465104287.158000,1465104287.857328,1465104292.858473,1465104292.941000
718,1465104287.158000,1465104287.934887,1465104292.936261,1465104293.016000
719,1465104287.158000,1465104287.945076,1465104292.946315,1465104293.031000
720,1465104287.158000,1465104287.853014,1465104292.871984,1465104292.946000
721,1465104287.158000,1465104287.859549,1465104292.861509,1465104292.936000
722,1465104287.158000,1465104287.827518,1465104292.834266,1465104292.912000
723,1465104287.158000,1465104287.831457,1465104292.832746,1465104292.902000
724,1465104287.158000,0.000000,0.000000,0.000000
725,1465104287.158000,1465104287.818466,1465104292.819800,1465104292.900000
726,1465104287.158000,1465104287.874703,1465104292.875837,1465104292.961000
727,1465104287.158000,1465104287.949165,1465104292.950742,1465104293.029000
728,1465104287.158000,1465104287.933617,1465104292.935246,1465104293.021000
729,1465104287.159000,1465104287.816996,1465104292.826587,1465104292.906000
730,1465104287.159000,1465104288.269308,1465104293.285281,1465104293.357000
731,1465104287.159000,1465104287.976226,1465104292.991642,1465104293.080000
732,1465104287.159000,1465104287.884447,1465104292.885676,1465104292.982000
733,1465104287.159000,1465104287.991854,1465104292.993106,1465104293.067000
734,1465104287.159000,1465104288.267588,1465104293.268804,1465104293.348000
735,1465104287.159000,1465104287.816048,1465104292.817555,1465104292.916000
736,1465104287.159000,1465104287.943318,1465104292.944819,1465104293.024000
737,1465104287.159000,1465104287.860059,1465104292.861269,1465104292.950000
738,1465104287.159000,1465104287.859254,1465104292.860571,1465104292.940000
739,1465104287.159000,1465104287.835437,1465104292.836600,1465104292.919000
740,1465104287.159000,1465104287.836655,1465104292.837829,1465104292.923000
741,1465104287.159000,1465104287.838963,1465104292.840438,1465104292.928000
742,1465104287.159000,1465104287.850896,1465104292.852378,1465104292.926000
743,1465104287.159000,1465104287.919860,1465104292.921141,1465104293.001000
744,1465104287.159000,1465104287.816693,1465104292.817906,1465104292.908000
745,1465104287.159000,1465104288.288293,1465104293.289495,1465104293.375000
746,1465104287.159000,1465104287.838247,1465104292.840098,1465104292.920000
747,1465104287.159000,1465104287.772390,1465104292.775353,1465104292.872000
748,1465104287.159000,1465104287.844440,1465104292.845936,1465104292.923000
749,1465104287.159000,1465104287.848999,1465104292.851042,1465104292.927000
750,1465104287.159000,1465104287.864275,1465104292.865705,1465104292.951000
751,1465104287.159000,1465104287.875248,1465104292.876500,1465104292.962000
752,1465104287.159000,1465104287.942506,1465104292.943753,1465104293.029000
753,1465104287.160000,1465104287.914248,1465104292.916334,1465104292.999000
754,1465104287.160000,1465104287.966911,1465104292.968301,1465104293.044000
755,1465104287.160000,1465104287.872827,1465104292.874048,1465104292.953000
756,1465104287.160000,1465104287.866899,1465104292.868108,1465104292.954000
757,1465104287.160000,1465104287.917863,1465104292.919041,1465104293.005000
758,1465104287.160000,1465104287.907595,1465104292.908839,1465104292.983000
759,1465104287.160000,1465104287.816203,1465104292.817533,1465104292.898000
760,1465104287.160000,1465104287.894412,1465104292.895624,1465104292.976000
761,1465104287.160000,1465104287.820988,1465104292.822184,1465104292.894000
762,1465104287.160000,1465104288.189218,1465104293.190436,1465104293.271000
763,1465104287.160000,1465104287.838809,1465104292.840078,1465104292.919000
764,1465104287.160000,1465104287.827120,1465104292.828326,1465104292.902000
765,1465104287.160000,1465104287.945721,1465104292.947419,1465104293.028000
766,1465104287.166000,1465104287.894752,1465104292.895952,1465104292.968000
767,1465104287.167000,1465104287.975050,1465104292.976330,1465104293.056000
768,1465104287.174000,1465104287.902307,1465104292.903468,1465104292.980000
769,1465104287.194000,1465104287.989084,1465104292.990916,1465104293.078000
770,1465104287.227000,1465104287.923362,1465104292.924585,1465104293.022000
771,1465104287.231000,1465104287.853903,1465104292.855335,1465104292.929000
772,1465104287.231000,1465104287.868832,1465104292.870100,1465104292.948000
773,1465104287.231000,0.000000,0.000000,0.000000
774,1465104287.231000,1465104287.935946,1465104292.937272,1465104293.017000
775,1465104287.231000,1465104287.978837,1465104292.980075,1465104293.066000
776,1465104287.231000,1465104287.970478,1465104292.971973,1465104293.071000
777,1465104287.232000,1465104287.947387,1465104292.948668,1465104293.027000
778,1465104287.232000,1465104287.853810,1465104292.855667,1465104292.942000
779,1465104287.232000,1465104287.981144,1465104292.982837,1465104293.063000
780,1465104287.232000,1465104287.971088,1465104292.972294,1465104293.044000
781,1465104287.232000,1465104287.945246,1465104292.946575,1465104293.026000
782,1465104287.232000,1465104287.977618,1465104292.979224,1465104293.060000
783,1465104287.233000,1465104287.997481,1465104293.011936,1465104293.086000
784,1465104287.234000,1465104287.941907,1465104292.943299,1465104293.040000
785,1465104287.234000,1465104287.897510,1465104292.898776,1465104292.988000
786,1465104287.235000,1465104287.936374,1465104292.937565,1465104293.023000
787,1465104287.235000,1465104287.970858,1465104292.974109,1465104293.049000
788,1465104287.235000,1465104287.892747,1465104292.894445,1465104292.964000
789,1465104287.235000,1465104287.852019,1465104292.853474,1465104292.934000
790,1465104287.236000,1465104287.995341,1465104292.996627,1465104293.077000
791,1465104287.236000,1465104287.909703,1465104292.911259,1465104292.990000
792,1465104287.236000,1465104287.839671,1465104292.840898,1465104292.926000
793,1465104287.236000,1465104287.955345,1465104292.956563,1465104293.043000
794,1465104287.236000,1465104287.912485,1465104292.914034,1465104293.000000
795,1465104287.236000,1465104287.951221,1465104292.952485,1465104293.032000
796,1465104287.236000,1465104287.898775,1465104292.899923,1465104292.971000
797,1465104287.236000,1465104287.987561,1465104292.989013,1465104293.076000
798,1465104287.237000,1465104288.278810,1465104293.280294,1465104293.355000
799,1465104287.238000,1465104288.228982,1465104293.230458,1465104293.335000
800,1465104287.238000,1465104288.000977,1465104293.002450,1465104293.078000
801,1465104287.239000,1465104287.980322,1465104292.981591,1465104293.078000
802,1465104287.240000,1465104288.263432,1465104293.264886,1465104293.346000
803,1465104287.240000,1465104287.849173,1465104292.867200,1465104292.963000
804,1465104287.240000,1465104288.214210,1465104293.215450,1465104293.293000
805,1465104287.240000,1465104287.936745,1465104292.938361,1465104293.024000
806,1465104287.240000,1465104287.866237,1465104292.867557,1465104292.947000
807,1465104287.241000,1465104287.976447,1465104292.977753,1465104293.063000
808,1465104287.241000,1465104287.908020,1465104292.909307,1465104292.989000
809,1465104287.241000,1465104287.955620,1465104292.956855,1465104293.042000
810,1465104287.241000,1465104288.291549,1465104293.292829,1465104293.378000
811,1465104287.241000,1465104288.228207,1465104293.229753,1465104293.334000
812,1465104287.241000,1465104287.959180,1465104292.960709,1465104293.040000
813,1465104287.241000,1465104287.947768,1465104292.948997,1465104293.028000
814,1465104287.241000,1465104287.975254,1465104292.976523,1465104293.056000
815,1465104287.242000,1465104287.955763,1465104292.956973,1465104293.036000
816,1465104287.242000,1465104287.911855,1465104292.913408,1465104292.992000
817,1465104287.243000,1465104287.850605,1465104292.852107,1465104292.939000
818,1465104287.243000,1465104287.974598,1465104292.976440,1465104293.052000
819,1465104287.243000,0.000000,0.000000,0.000000
820,1465104287.244000,1465104287.981472,1465104292.982848,1465104293.071000
821,1465104287.244000,1465104287.937076,1465104292.938328,1465104293.007000
822,1465104287.244000,1465104287.932372,1465104292.933753,1465104293.009000
823,1465104287.244000,1465104287.913432,1465104292.914740,1465104292.994000
824,1465104287.244000,1465104287.958525,1465104292.960059,1465104293.041000
825,1465104287.244000,1465104287.924298,1465104292.925513,1465104293.025000
826,1465104287.244000,1465104287.882745,1465104292.884336,1465104292.972000
827,1465104287.245000,1465104287.976659,1465104292.980745,1465104293.056000
828,1465104287.245000,1465104287.972330,1465104292.973686,1465104293.062000
829,1465104287.245000,1465104287.946076,1465104292.947586,1465104293.032000
830,1465104287.246000,1465104288.291641,1465104293.292971,1465104293.373000
831,1465104287.246000,1465104288.255928,1465104293.257161,1465104293.353000
832,1465104287.246000,1465104287.966964,1465104292.968279,1465104293.056000
833,1465104287.246000,1465104287.883844,1465104292.885082,1465104292.965000
834,1465104287.246000,1465104287.990453,1465104292.991759,1465104293.067000
835,1465104287.246000,1465104287.923800,1465104292.925099,1465104293.005000
836,1465104287.247000,1465104287.965122,1465104292.966453,1465104293.051000
837,1465104287.247000,1465104287.871437,1465104292.872629,1465104292.962000
838,1465104287.247000,1465104287.974760,1465104292.976260,1465104293.056000
839,1465104287.247000,1465104287.973700,1465104292.975028,1465104293.073000
840,1465104287.247000,1465104287.990163,1465104292.992321,1465104293.077000
841,1465104287.247000,1465104287.951730,1465104292.952901,1465104293.031000
842,1465104287.247000,1465104288.263504,1465104293.264741,1465104293.350000
843,1465104287.248000,1465104288.205464,1465104293.217644,1465104293.293000
844,1465104287.248000,0.000000,0.000000,0.000000
845,1465104287.248000,1465104287.978919,1465104292.980296,1465104293.060000
846,1465104287.248000,1465104287.944364,1465104292.945555,1465104293.022000
847,1465104287.248000,1465104287.979698,1465104292.980865,1465104293.078000
848,1465104287.249000,1465104287.926183,1465104292.927759,1465104293.007000
849,1465104287.249000,1465104287.862965,1465104292.864411,1465104292.935000
850,1465104287.249000,1465104287.902712,1465104292.903950,1465104292.992000
851,1465104287.249000,1465104287.985276,1465104292.986657,1465104293.062000
852,1465104287.249000,1465104287.966881,1465104292.968739,1465104293.044000
853,1465104287.250000,1465104287.853103,1465104292.854387,1465104292.936000
854,1465104287.250000,1465104288.199447,1465104293.200651,1465104293.289000
855,1465104287.250000,1465104287.957656,1465104292.958798,1465104293.056000
856,1465104287.250000,1465104287.930490,1465104292.931701,1465104293.021000
857,1465104287.250000,1465104287.997469,1465104292.998664,1465104293.068000
858,1465104287.250000,1465104287.980324,1465104292.981614,1465104293.060000
859,1465104287.251000,1465104287.859875,1465104292.861216,1465104292.931000
860,1465104287.251000,1465104287.942112,1465104292.943482,1465104293.013000
861,1465104287.252000,1465104287.946298,1465104292.947748,1465104293.035000
862,1465104287.252000,1465104288.243418,1465104293.257513,1465104293.333000
863,1465104287.252000,1465104287.960482,1465104292.961591,1465104293.031000
864,1465104287.252000,1465104287.998842,1465104293.000152,1465104293.074000
865,1465104287.252000,0.000000,0.000000,0.000000
866,1465104287.252000,1465104287.941314,1465104292.948642,1465104293.030000
867,1465104287.253000,1465104287.983443,1465104292.984764,1465104293.069000
868,1465104287.253000,1465104287.897170,1465104292.898429,1465104293.002000
869,1465104287.253000,1465104288.168684,1465104293.169896,1465104293.259000
870,1465104287.254000,1465104287.976624,1465104292.977878,1465104293.058000
871,1465104287.254000,1465104287.885122,1465104292.886335,1465104292.972000
872,1465104287.254000,1465104287.888719,1465104292.890023,1465104292.969000
873,1465104287.254000,1465104287.991934,1465104292.993233,1465104293.074000
874,1465104287.254000,1465104287.900364,1465104292.901667,1465104293.001000
875,1465104287.254000,1465104288.269901,1465104293.271074,1465104293.341000
876,1465104287.254000,1465104287.951210,1465104292.952450,1465104293.029000
877,1465104287.255000,1465104287.923908,1465104292.925140,1465104292.999000
878,1465104287.255000,1465104288.003410,1465104293.004750,1465104293.079000
879,1465104287.255000,1465104288.254617,1465104293.255782,1465104293.333000
880,1465104287.255000,1465104287.967427,1465104292.968645,1465104293.054000
881,1465104287.256000,1465104287.995145,1465104292.996345,1465104293.074000
882,1465104287.256000,1465104287.961231,1465104292.962509,1465104293.051000
883,1465104287.256000,1465104287.988571,1465104292.990462,1465104293.069000
884,1465104287.256000,1465104288.215951,1465104293.217156,1465104293.305000
885,1465104287.256000,1465104287.959322,1465104292.960848,1465104293.036000
886,1465104287.256000,1465104288.254819,1465104293.256147,1465104293.342000
887,1465104287.256000,0.000000,0.000000,0.000000
888,1465104287.256000,1465104288.223608,1465104293.224857,1465104293.322000
889,1465104287.256000,1465104288.261903,1465104293.263184,1465104293.343000
890,1465104287.257000,1465104287.949352,1465104292.950551,1465104293.036000
891,1465104287.257000,1465104287.953119,1465104292.954344,1465104293.036000
892,1465104287.257000,1465104287.942929,1465104292.944190,1465104293.030000
893,1465104287.257000,1465104287.970330,1465104292.971911,1465104293.053000
894,1465104287.257000,1465104287.901741,1465104292.902968,1465104293.000000
895,1465104287.257000,1465104287.949415,1465104292.950623,1465104293.050000
896,1465104287.257000,1465104287.862192,1465104292.863520,1465104292.951000
897,1465104287.257000,1465104288.000817,1465104293.002385,1465104293.071000
898,1465104287.257000,1465104288.003977,1465104293.005269,1465104293.075000
899,1465104287.257000,1465104288.225190,1465104293.226380,1465104293.304000
900,1465104287.258000,1465104287.990427,1465104292.991762,1465104293.079000
901,1465104287.258000,1465104288.258764,1465104293.259978,1465104293.332000
902,1465104287.258000,1465104287.968831,1465104292.969992,1465104293.067000
903,1465104287.260000,1465104287.997164,1465104292.999136,1465104293.078000
904,1465104287.261000,1465104287.996893,1465104292.998207,1465104293.079000
905,1465104287.261000,1465104287.988240,1465104292.989490,1465104293.047000
906,1465104287.261000,1465104287.961754,1465104292.963077,1465104293.043000
907,1465104287.261000,1465104287.953175,1465104292.954496,1465104293.032000
908,1465104287.261000,1465104288.247719,1465104293.249128,1465104293.324000
909,1465104287.261000,1465104287.991044,1465104293.002558,1465104293.080000
910,1465104287.261000,1465104288.221541,1465104293.222888,1465104293.308000
911,1465104287.261000,1465104287.952334,1465104292.953833,1465104293.032000
912,1465104287.262000,1465104288.208275,1465104293.209626,1465104293.290000
913,1465104287.262000,1465104287.938836,1465104292.940636,1465104293.021000
914,1465104287.262000,1465104288.240856,1465104293.242088,1465104293.313000
915,1465104287.262000,1465104287.975396,1465104292.976633,1465104293.047000
916,1465104287.262000,1465104287.999880,1465104293.001184,1465104293.072000
917,1465104287.262000,1465104288.264402,1465104293.265771,1465104293.347000
918,1465104287.263000,1465104288.182572,1465104293.183748,1465104293.261000
919,1465104287.263000,1465104287.984930,1465104292.986154,1465104293.066000
920,1465104287.265000,1465104287.991407,1465104292.992978,1465104293.070000
921,1465104287.264000,1465104287.942793,1465104292.949282,1465104293.031000
922,1465104287.265000,1465104287.980276,1465104292.981733,1465104293.062000
923,1465104287.267000,1465104287.985655,1465104292.986884,1465104293.055000
924,1465104287.267000,1465104287.895093,1465104292.896383,1465104292.985000
925,1465104287.267000,1465104287.991128,1465104292.992563,1465104293.077000
926,1465104287.267000,1465104287.968900,1465104292.970093,1465104293.055000
927,1465104287.270000,1465104288.261723,1465104293.263030,1465104293.367000
928,1465104287.269000,1465104287.971801,1465104292.973018,1465104293.060000
929,1465104287.269000,1465104288.257195,1465104293.258549,1465104293.363000
930,1465104287.269000,1465104288.248362,1465104293.249806,1465104293.339000
931,1465104287.270000,1465104287.988710,1465104292.990017,1465104293.070000
932,1465104287.270000,1465104288.225425,1465104293.226767,1465104293.304000
933,1465104287.270000,1465104287.955167,1465104292.956381,1465104293.041000
934,1465104287.270000,1465104287.990301,1465104292.995858,1465104293.084000
935,1465104287.271000,1465104288.243152,1465104293.245271,1465104293.321000
936,1465104287.272000,1465104288.224110,1465104293.225491,1465104293.313000
937,1465104287.272000,1465104287.980256,1465104292.981597,1465104293.062000
938,1465104287.272000,1465104287.974148,1465104292.975486,1465104293.060000
939,1465104287.273000,1465104287.975381,1465104292.979964,1465104293.056000
940,1465104287.274000,1465104287.998089,1465104292.999281,1465104293.080000
941,1465104287.274000,1465104287.992422,1465104292.993626,1465104293.079000
942,1465104287.274000,1465104288.292928,1465104293.294163,1465104293.374000
943,1465104287.274000,1465104287.988687,1465104292.990182,1465104293.067000
944,1465104287.275000,1465104287.914826,1465104292.921480,1465104293.004000
945,1465104287.275000,0.000000,0.000000,0.000000
946,1465104287.275000,1465104287.940625,1465104292.941970,1465104293.021000
947,1465104287.275000,1465104287.964193,1465104292.965339,1465104293.063000
948,1465104287.276000,1465104287.970690,1465104292.972062,1465104293.060000
949,1465104287.278000,1465104287.947093,1465104292.948309,1465104293.049000
950,1465104287.278000,1465104287.977230,1465104292.978400,1465104293.065000
951,1465104287.278000,1465104287.960029,1465104292.961598,1465104293.037000
952,1465104287.278000,1465104287.979004,1465104292.980280,1465104293.054000
953,1465104287.279000,1465104287.989329,1465104292.990616,1465104293.079000
954,1465104287.279000,1465104288.196267,1465104293.197532,1465104293.269000
955,1465104287.279000,1465104287.978099,1465104292.979450,1465104293.058000
956,1465104287.279000,0.000000,0.000000,0.000000
957,1465104287.280000,1465104288.222590,1465104293.224092,1465104293.322000
958,1465104287.280000,1465104288.280814,1465104293.282647,1465104293.368000
959,1465104287.280000,1465104287.978095,1465104292.979765,1465104293.055000
960,1465104287.281000,1465104287.962012,1465104292.963255,1465104293.044000
961,1465104287.281000,1465104287.983581,1465104292.984786,1465104293.065000
962,1465104287.282000,1465104287.972712,1465104292.980691,1465104293.057000
963,1465104287.282000,1465104288.209509,1465104293.210739,1465104293.282000
964,1465104287.282000,1465104287.929474,1465104292.930684,1465104293.028000
965,1465104287.282000,1465104287.967211,1465104292.972273,1465104293.046000
966,1465104287.283000,1465104287.983926,1465104292.985118,1465104293.063000
967,1465104287.283000,1465104287.999508,1465104293.000697,1465104293.071000
968,1465104287.284000,1465104287.973830,1465104292.975115,1465104293.054000
969,1465104287.284000,1465104287.988862,1465104292.990336,1465104293.069000
970,1465104287.286000,1465104287.992389,1465104292.993732,1465104293.073000
971,1465104287.286000,1465104287.990359,1465104292.993076,1465104293.071000
972,1465104287.286000,1465104287.952542,1465104292.953962,1465104293.026000
973,1465104287.286000,1465104288.259658,1465104293.260967,1465104293.341000
974,1465104287.286000,1465104288.252355,1465104293.253621,1465104293.339000
975,1465104287.287000,1465104288.187297,1465104293.188666,1465104293.276000
976,1465104287.287000,1465104287.976117,1465104292.977347,1465104293.047000
977,1465104287.287000,0.000000,0.000000,0.000000
978,1465104287.288000,1465104287.983303,1465104292.984504,1465104293.074000
979,1465104287.289000,1465104287.981163,1465104292.983369,1465104293.053000
980,1465104287.289000,1465104287.989190,1465104292.990781,1465104293.071000
981,1465104287.289000,0.000000,0.000000,0.000000
982,1465104287.290000,1465104287.985780,1465104292.987057,1465104293.075000
983,1465104287.290000,1465104287.997252,1465104292.998833,1465104293.078000
984,1465104287.291000,1465104288.224350,1465104293.225778,1465104293.312000
985,1465104287.292000,1465104287.977118,1465104292.978390,1465104293.059000
986,1465104287.292000,1465104287.995244,1465104292.996770,1465104293.076000
987,1465104287.292000,1465104287.990409,1465104292.991557,1465104293.073000
988,1465104287.292000,1465104287.993785,1465104292.995043,1465104293.080000
989,1465104287.292000,1465104287.992339,1465104292.993553,1465104293.074000
990,1465104287.293000,1465104288.295672,1465104293.296913,1465104293.355000
991,1465104287.293000,1465104287.974857,1465104292.976439,1465104293.057000
992,1465104287.293000,1465104287.931175,1465104292.932527,1465104293.021000
993,1465104287.293000,1465104287.993934,1465104292.995245,1465104293.075000
994,1465104287.293000,1465104287.974742,1465104292.976001,1465104293.061000
995,1465104287.293000,0.000000,0.000000,0.000000
996,1465104287.294000,1465104287.999592,1465104293.000784,1465104293.074000
997,1465104287.294000,1465104287.993896,1465104292.995308,1465104293.073000
998,1465104287.295000,1465104287.944534,1465104292.945909,1465104293.021000
999,1465104287.295000,1465104287.990543,1465104292.992024,1465104293.078000
