0,1465103792.175000,1465103792.916087,1465103797.917361,1465103797.984000
1,1465103792.175000,1465103792.869695,1465103797.870942,1465103797.937000
2,1465103792.175000,1465103792.781624,1465103797.783195,1465103797.875000
3,1465103792.175000,1465103792.804043,1465103797.805601,1465103797.894000
4,1465103792.175000,1465103792.792727,1465103797.794075,1465103797.875000
5,1465103792.175000,1465103792.817124,1465103797.818750,1465103797.900000
6,1465103792.175000,1465103792.781904,1465103797.788709,1465103797.874000
7,1465103792.175000,1465103792.798466,1465103797.800222,1465103797.892000
8,1465103792.176000,1465103792.869309,1465103797.870653,1465103797.951000
9,1465103792.176000,1465103792.748733,1465103797.750472,1465103797.831000
10,1465103792.176000,1465103792.856200,1465103797.857502,1465103797.938000
11,1465103792.176000,1465103792.791142,1465103797.793087,1465103797.869000
12,1465103792.176000,1465103792.897238,1465103797.898430,1465103797.965000
13,1465103792.176000,1465103792.812710,1465103797.813910,1465103797.902000
14,1465103792.176000,1465103792.806816,1465103797.808352,1465103797.887000
15,1465103792.176000,1465103792.899622,1465103797.900955,1465103797.980000
16,1465103792.176000,1465103793.127651,1465103798.128909,1465103798.202000
17,1465103792.176000,1465103792.919488,1465103797.920670,1465103798.005000
18,1465103792.176000,1465103792.809316,1465103797.810831,1465103797.872000
19,1465103792.176000,1465103792.864975,1465103797.866275,1465103797.947000
20,1465103792.176000,1465103792.820091,1465103797.821404,1465103797.909000
21,1465103792.176000,1465103792.805507,1465103797.806976,1465103797.885000
22,1465103792.176000,1465103792.824423,1465103797.826199,1465103797.892000
23,1465103792.176000,0.000000,0.000000,0.000000
24,1465103792.176000,1465103792.859904,1465103797.861229,1465103797.953000
25,1465103792.177000,1465103792.900380,1465103797.901787,1465103797.983000
26,1465103792.177000,1465103792.939137,1465103797.942274,1465103798.009000
27,1465103792.177000,1465103792.886441,1465103797.887629,1465103797.966000
28,1465103792.177000,1465103792.809552,1465103797.812136,1465103797.901000
29,1465103792.177000,1465103792.817257,1465103797.819127,1465103797.898000
30,1465103792.177000,1465103792.882864,1465103797.884490,1465103797.965000
31,1465103792.177000,1465103792.856282,1465103797.871534,1465103797.963000
32,1465103792.177000,1465103792.860031,1465103797.861273,1465103797.939000
33,1465103792.178000,1465103793.179349,1465103798.180584,1465103798.261000
34,1465103792.178000,1465103792.828197,1465103797.829563,1465103797.921000
35,1465103792.178000,1465103792.846124,1465103797.847472,1465103797.926000
36,1465103792.178000,1465103792.814970,1465103797.816674,1465103797.896000
37,1465103792.179000,1465103792.874755,1465103797.876413,1465103797.972000
38,1465103792.179000,1465103792.879037,1465103797.880246,1465103797.968000
39,1465103792.179000,1465103792.894156,1465103797.895445,1465103797.962000
40,1465103792.179000,1465103792.781655,1465103797.783147,1465103797.880000
41,1465103792.179000,1465103792.818059,1465103797.819634,1465103797.901000
42,1465103792.179000,1465103792.814753,1465103797.816008,1465103797.905000
43,1465103792.179000,1465103792.813832,1465103797.815311,1465103797.907000
44,1465103792.179000,0.000000,0.000000,0.000000
45,1465103792.180000,1465103792.849641,1465103797.860309,1465103797.937000
46,1465103792.181000,1465103792.818979,1465103797.820486,1465103797.896000
47,1465103792.182000,1465103792.916676,1465103797.917845,1465103797.983000
48,1465103792.182000,1465103792.818519,1465103797.823979,1465103797.904000
49,1465103792.183000,1465103792.856158,1465103797.857668,1465103797.947000
50,1465103792.183000,1465103792.840010,1465103797.841632,1465103797.929000
51,1465103792.183000,1465103792.825375,1465103797.826619,1465103797.905000
52,1465103792.183000,1465103792.827437,1465103797.828734,1465103797.897000
53,1465103792.183000,1465103793.157379,1465103798.158597,1465103798.245000
54,1465103792.183000,1465103792.840039,1465103797.841353,1465103797.931000
55,1465103792.183000,1465103793.179281,1465103798.180679,1465103798.257000
56,1465103792.183000,1465103792.858617,1465103797.859931,1465103797.948000
57,1465103792.183000,1465103792.871277,1465103797.872503,1465103797.959000
58,1465103792.183000,0.000000,0.000000,0.000000
59,1465103792.183000,1465103792.846734,1465103797.848039,1465103797.914000
60,1465103792.183000,1465103792.847719,1465103797.849006,1465103797.930000
61,1465103792.183000,1465103793.172216,1465103798.173461,1465103798.274000
62,1465103792.184000,1465103792.839397,1465103797.840925,1465103797.919000
63,1465103792.184000,1465103792.824943,1465103797.826256,1465103797.905000
64,1465103792.184000,1465103792.822238,1465103797.823515,1465103797.913000
65,1465103792.184000,1465103793.110112,1465103798.111738,1465103798.191000
66,1465103792.184000,0.000000,0.000000,0.000000
67,1465103792.185000,1465103792.845045,1465103797.846471,1465103797.935000
68,1465103792.185000,1465103792.882154,1465103797.883342,1465103797.992000
69,1465103792.185000,1465103792.876344,1465103797.878067,1465103797.943000
70,1465103792.185000,1465103793.124386,1465103798.125652,1465103798.211000
71,1465103792.185000,1465103792.931013,1465103797.932728,1465103798.014000
72,1465103792.185000,1465103793.152531,1465103798.153912,1465103798.233000
73,1465103792.187000,1465103793.122184,1465103798.123872,1465103798.224000
74,1465103792.190000,1465103792.871885,1465103797.873134,1465103797.965000
75,1465103792.190000,1465103792.844159,1465103797.845434,1465103797.911000
76,1465103792.190000,1465103793.174879,1465103798.194404,1465103798.274000
77,1465103792.190000,1465103792.878907,1465103797.880779,1465103797.956000
78,1465103792.190000,1465103792.884462,1465103797.887387,1465103797.975000
79,1465103792.190000,1465103792.921279,1465103797.922736,1465103798.011000
80,1465103792.190000,1465103793.180385,1465103798.181631,1465103798.291000
81,1465103792.190000,1465103793.205875,1465103798.207127,1465103798.308000
82,1465103792.190000,1465103793.142512,1465103798.143698,1465103798.252000
83,1465103792.190000,1465103792.854955,1465103797.856151,1465103797.948000
84,1465103792.190000,1465103792.927594,1465103797.929119,1465103798.015000
85,1465103792.190000,0.000000,0.000000,0.000000
86,1465103792.190000,1465103792.846959,1465103797.848392,1465103797.941000
87,1465103792.191000,1465103792.833881,1465103797.835377,1465103797.902000
88,1465103792.191000,1465103793.151263,1465103798.152729,1465103798.233000
89,1465103792.191000,1465103792.869489,1465103797.870762,1465103797.950000
90,1465103792.191000,1465103792.850750,1465103797.852293,1465103797.934000
91,1465103792.191000,1465103793.184029,1465103798.185215,1465103798.263000
92,1465103792.191000,1465103792.873482,1465103797.874807,1465103797.956000
93,1465103792.191000,1465103792.917121,1465103797.918672,1465103797.997000
94,1465103792.191000,1465103793.158351,1465103798.159562,1465103798.248000
95,1465103792.191000,1465103793.200388,1465103798.201553,1465103798.289000
96,1465103792.191000,1465103792.847239,1465103797.848544,1465103797.928000
97,1465103792.191000,1465103792.949320,1465103797.950664,1465103798.017000
98,1465103792.191000,1465103792.810178,1465103797.811922,1465103797.901000
99,1465103792.191000,1465103793.137045,1465103798.138297,1465103798.217000
100,1465103792.191000,1465103792.842503,1465103797.843729,1465103797.932000
101,1465103792.191000,1465103792.868592,1465103797.869885,1465103797.951000
102,1465103792.191000,1465103793.149713,1465103798.155058,1465103798.264000
103,1465103792.192000,1465103793.155612,1465103798.156944,1465103798.245000
104,1465103792.192000,1465103792.913735,1465103797.914973,1465103798.011000
105,1465103792.192000,1465103792.905989,1465103797.907187,1465103798.003000
106,1465103792.192000,1465103792.848209,1465103797.849702,1465103797.921000
107,1465103792.192000,1465103792.882074,1465103797.885106,1465103797.966000
108,1465103792.192000,1465103793.163906,1465103798.165192,1465103798.254000
109,1465103792.192000,1465103793.148388,1465103798.149933,1465103798.230000
110,1465103792.192000,1465103792.881918,1465103797.883254,1465103797.964000
111,1465103792.192000,1465103792.953138,1465103797.954609,1465103798.016000
112,1465103792.192000,1465103793.199033,1465103798.200303,1465103798.289000
113,1465103792.192000,1465103792.914478,1465103797.915647,1465103798.005000
114,1465103792.192000,0.000000,0.000000,0.000000
115,1465103792.192000,0.000000,0.000000,0.000000
116,1465103792.192000,1465103792.907846,1465103797.909403,1465103797.998000
117,1465103792.192000,1465103792.871987,1465103797.883071,1465103797.975000
118,1465103792.192000,1465103792.879299,1465103797.881200,1465103797.961000
119,1465103792.192000,0.000000,0.000000,0.000000
120,1465103792.192000,1465103792.909058,1465103797.910200,1465103797.991000
121,1465103792.193000,1465103793.129784,1465103798.130973,1465103798.201000
122,1465103792.204000,1465103792.859921,1465103797.861161,1465103797.928000
123,1465103792.204000,1465103793.112630,1465103798.113840,1465103798.191000
124,1465103792.204000,1465103792.891274,1465103797.892496,1465103797.970000
125,1465103792.204000,0.000000,0.000000,0.000000
126,1465103792.204000,1465103793.248310,1465103798.249839,1465103798.334000
127,1465103792.204000,1465103793.192592,1465103798.203281,1465103798.273000
128,1465103792.205000,1465103792.926200,1465103797.928557,1465103798.010000
129,1465103792.207000,1465103793.139338,1465103798.140515,1465103798.249000
130,1465103792.207000,1465103793.158384,1465103798.159560,1465103798.269000
131,1465103792.207000,0.000000,0.000000,0.000000
132,1465103792.207000,0.000000,0.000000,0.000000
133,1465103792.207000,1465103792.856457,1465103797.858321,1465103797.946000
134,1465103792.207000,1465103792.892564,1465103797.900414,1465103797.976000
135,1465103792.207000,1465103792.886041,1465103797.887467,1465103797.975000
136,1465103792.207000,1465103793.162343,1465103798.163521,1465103798.242000
137,1465103792.207000,1465103792.880591,1465103797.881962,1465103797.963000
138,1465103792.207000,1465103793.220356,1465103798.221660,1465103798.299000
139,1465103792.207000,1465103793.190410,1465103798.191594,1465103798.270000
140,1465103792.207000,1465103793.122011,1465103798.124099,1465103798.225000
141,1465103792.207000,1465103792.866754,1465103797.868023,1465103797.946000
142,1465103792.207000,1465103792.861814,1465103797.863001,1465103797.934000
143,1465103792.208000,1465103793.158311,1465103798.159665,1465103798.239000
144,1465103792.208000,1465103793.177914,1465103798.179175,1465103798.259000
145,1465103792.208000,1465103792.829033,1465103797.830237,1465103797.918000
146,1465103792.208000,1465103793.116840,1465103798.118153,1465103798.198000
147,1465103792.208000,1465103792.942420,1465103797.943765,1465103798.029000
148,1465103792.209000,1465103792.875921,1465103797.877217,1465103797.955000
149,1465103792.209000,1465103793.157854,1465103798.162118,1465103798.239000
150,1465103792.209000,1465103793.163502,1465103798.175252,1465103798.284000
151,1465103792.209000,0.000000,0.000000,0.000000
152,1465103792.209000,1465103792.871214,1465103797.872498,1465103797.938000
153,1465103792.209000,1465103793.237205,1465103798.238837,1465103798.331000
154,1465103792.209000,1465103793.180851,1465103798.182007,1465103798.252000
155,1465103792.209000,0.000000,0.000000,0.000000
156,1465103792.209000,1465103792.916614,1465103797.917960,1465103798.009000
157,1465103792.209000,1465103792.907437,1465103797.908644,1465103797.989000
158,1465103792.209000,1465103792.910453,1465103797.911808,1465103798.000000
159,1465103792.209000,1465103793.191135,1465103798.192346,1465103798.269000
160,1465103792.209000,1465103793.148938,1465103798.150230,1465103798.260000
161,1465103792.209000,1465103792.900015,1465103797.901196,1465103797.973000
162,1465103792.209000,1465103793.180714,1465103798.181818,1465103798.258000
163,1465103792.210000,1465103793.144578,1465103798.146322,1465103798.226000
164,1465103792.210000,1465103793.211738,1465103798.213014,1465103798.283000
165,1465103792.210000,1465103792.936867,1465103797.938202,1465103798.018000
166,1465103792.210000,1465103792.877146,1465103797.878581,1465103797.965000
167,1465103792.210000,1465103793.203581,1465103798.204887,1465103798.271000
168,1465103792.210000,1465103792.892860,1465103797.894054,1465103797.955000
169,1465103792.210000,1465103792.823926,1465103797.825386,1465103797.900000
170,1465103792.210000,1465103792.831944,1465103797.833296,1465103797.912000
171,1465103792.210000,1465103792.936184,1465103797.937417,1465103798.009000
172,1465103792.210000,1465103793.187043,1465103798.188335,1465103798.267000
173,1465103792.210000,1465103792.882564,1465103797.897853,1465103797.978000
174,1465103792.210000,1465103793.167845,1465103798.169109,1465103798.241000
175,1465103792.210000,1465103792.881651,1465103797.882996,1465103797.945000
176,1465103792.211000,1465103793.220089,1465103798.221587,1465103798.297000
177,1465103792.211000,1465103792.869350,1465103797.870659,1465103797.952000
178,1465103792.211000,1465103792.842418,1465103797.844362,1465103797.954000
179,1465103792.211000,1465103793.212195,1465103798.213638,1465103798.293000
180,1465103792.211000,1465103792.842418,1465103797.855082,1465103797.964000
181,1465103792.211000,1465103792.878726,1465103797.880084,1465103797.958000
182,1465103792.211000,1465103792.853028,1465103797.854423,1465103797.935000
183,1465103792.211000,1465103793.157978,1465103798.159423,1465103798.236000
184,1465103792.211000,1465103793.152151,1465103798.165387,1465103798.243000
185,1465103792.211000,1465103792.922468,1465103797.923690,1465103797.994000
186,1465103792.211000,1465103793.197893,1465103798.199034,1465103798.276000
187,1465103792.211000,1465103792.820370,1465103797.821640,1465103797.918000
188,1465103792.211000,1465103792.897248,1465103797.898613,1465103797.990000
189,1465103792.211000,1465103792.897260,1465103797.898455,1465103797.960000
190,1465103792.211000,1465103792.893186,1465103797.895031,1465103797.966000
191,1465103792.211000,1465103793.141845,1465103798.153653,1465103798.234000
192,1465103792.211000,1465103793.233014,1465103798.234285,1465103798.314000
193,1465103792.211000,1465103792.902557,1465103797.903933,1465103797.984000
194,1465103792.211000,1465103792.918906,1465103797.931550,1465103798.019000
195,1465103792.211000,1465103793.127177,1465103798.128377,1465103798.209000
196,1465103792.211000,1465103792.925257,1465103797.926411,1465103797.997000
197,1465103792.211000,1465103793.105275,1465103798.106586,1465103798.215000
198,1465103792.211000,0.000000,0.000000,0.000000
199,1465103792.211000,1465103793.147676,1465103798.148953,1465103798.236000
200,1465103792.211000,1465103792.903064,1465103797.904440,1465103797.983000
201,1465103792.211000,1465103793.170429,1465103798.171677,1465103798.260000
202,1465103792.211000,1465103793.242449,1465103798.243711,1465103798.321000
203,1465103792.211000,1465103792.879867,1465103797.881187,1465103797.960000
204,1465103792.211000,1465103793.175164,1465103798.176618,1465103798.249000
205,1465103792.211000,1465103793.212979,1465103798.214132,1465103798.285000
206,1465103792.211000,1465103793.143887,1465103798.145443,1465103798.221000
207,1465103792.211000,1465103793.135061,1465103798.136282,1465103798.214000
208,1465103792.211000,1465103793.135584,1465103798.136768,1465103798.217000
209,1465103792.211000,1465103792.867622,1465103797.869101,1465103797.963000
210,1465103792.211000,1465103793.114544,1465103798.115757,1465103798.203000
211,1465103792.211000,1465103793.238417,1465103798.239569,1465103798.317000
212,1465103792.211000,1465103793.194786,1465103798.196248,1465103798.275000
213,1465103792.212000,1465103793.122857,1465103798.124190,1465103798.197000
214,1465103792.212000,1465103793.151971,1465103798.153255,1465103798.231000
215,1465103792.212000,1465103792.919835,1465103797.940294,1465103798.015000
216,1465103792.212000,1465103792.922584,1465103797.923973,1465103798.006000
217,1465103792.212000,0.000000,0.000000,0.000000
218,1465103792.212000,1465103792.901025,1465103797.902216,1465103797.964000
219,1465103792.212000,1465103792.900899,1465103797.902458,1465103797.980000
220,1465103792.212000,1465103792.884393,1465103797.886210,1465103797.974000
221,1465103792.212000,1465103793.183683,1465103798.185068,1465103798.261000
222,1465103792.212000,1465103792.876543,1465103797.877789,1465103797.973000
223,1465103792.212000,1465103792.861324,1465103797.862550,1465103797.941000
224,1465103792.212000,1465103793.121213,1465103798.134687,1465103798.211000
225,1465103792.212000,1465103792.881990,1465103797.883625,1465103797.963000
226,1465103792.212000,1465103792.901947,1465103797.903188,1465103797.995000
227,1465103792.212000,1465103793.144907,1465103798.146310,1465103798.225000
228,1465103792.212000,1465103792.892053,1465103797.893413,1465103797.981000
229,1465103792.212000,1465103792.902672,1465103797.905055,1465103797.984000
230,1465103792.212000,1465103793.196012,1465103798.197797,1465103798.264000
231,1465103792.212000,1465103793.163681,1465103798.164861,1465103798.231000
232,1465103792.212000,1465103792.849815,1465103797.851208,1465103797.944000
233,1465103792.212000,1465103793.145432,1465103798.146753,1465103798.255000
234,1465103792.212000,1465103793.196059,1465103798.197307,1465103798.270000
235,1465103792.212000,1465103792.895294,1465103797.896613,1465103797.976000
236,1465103792.212000,0.000000,0.000000,0.000000
237,1465103792.212000,1465103793.176682,1465103798.177844,1465103798.249000
238,1465103792.212000,1465103792.965534,1465103797.966933,1465103798.043000
239,1465103792.212000,1465103793.192211,1465103798.203449,1465103798.269000
240,1465103792.212000,1465103793.177682,1465103798.178933,1465103798.266000
241,1465103792.212000,1465103792.899562,1465103797.901561,1465103797.983000
242,1465103792.212000,1465103793.218328,1465103798.223520,1465103798.294000
243,1465103792.212000,1465103792.921720,1465103797.923084,1465103797.989000
244,1465103792.212000,1465103792.853021,1465103797.854304,1465103797.933000
245,1465103792.213000,1465103793.122356,1465103798.123568,1465103798.232000
246,1465103792.213000,1465103792.913361,1465103797.914670,1465103797.977000
247,1465103792.213000,0.000000,0.000000,0.000000
248,1465103792.213000,0.000000,0.000000,0.000000
249,1465103792.213000,1465103793.199675,1465103798.200987,1465103798.281000
250,1465103792.213000,1465103792.851096,1465103797.854786,1465103797.934000
251,1465103792.213000,1465103792.933681,1465103797.935224,1465103798.007000
252,1465103792.213000,1465103792.916306,1465103797.917687,1465103797.997000
253,1465103792.213000,1465103792.910960,1465103797.912422,1465103798.000000
254,1465103792.213000,1465103792.919100,1465103797.920542,1465103797.998000
255,1465103792.213000,1465103793.220871,1465103798.222212,1465103798.332000
256,1465103792.213000,1465103793.178413,1465103798.179642,1465103798.252000
257,1465103792.213000,1465103793.208644,1465103798.210021,1465103798.290000
258,1465103792.213000,1465103792.940388,1465103797.941844,1465103798.008000
259,1465103792.213000,1465103792.904456,1465103797.905736,1465103797.971000
260,1465103792.213000,1465103792.917401,1465103797.919366,1465103797.999000
261,1465103792.213000,1465103792.949055,1465103797.951644,1465103798.032000
262,1465103792.213000,1465103793.138007,1465103798.139175,1465103798.216000
263,1465103792.213000,1465103793.190942,1465103798.192930,1465103798.268000
264,1465103792.213000,1465103793.145687,1465103798.146978,1465103798.235000
265,1465103792.213000,1465103793.181555,1465103798.182880,1465103798.263000
266,1465103792.213000,1465103792.971122,1465103797.972388,1465103798.039000
267,1465103792.213000,1465103792.917919,1465103797.919491,1465103797.997000
268,1465103792.213000,1465103792.900532,1465103797.901732,1465103797.993000
269,1465103792.213000,1465103792.856150,1465103797.873853,1465103797.961000
270,1465103792.213000,1465103792.920762,1465103797.922045,1465103798.001000
271,1465103792.213000,1465103793.145560,1465103798.146791,1465103798.247000
272,1465103792.213000,1465103792.896201,1465103797.898275,1465103797.986000
273,1465103792.213000,1465103792.834455,1465103797.835702,1465103797.924000
274,1465103792.213000,1465103793.225078,1465103798.226527,1465103798.304000
275,1465103792.213000,1465103793.225466,1465103798.226695,1465103798.305000
276,1465103792.213000,1465103793.165037,1465103798.166220,1465103798.236000
277,1465103792.213000,0.000000,0.000000,0.000000
278,1465103792.213000,1465103792.880387,1465103797.886219,1465103797.966000
279,1465103792.214000,1465103793.146723,1465103798.147920,1465103798.236000
280,1465103792.216000,1465103793.186934,1465103798.188403,1465103798.277000
281,1465103792.216000,1465103792.904529,1465103797.905766,1465103797.985000
282,1465103792.216000,1465103792.930379,1465103797.931603,1465103798.010000
283,1465103792.218000,1465103793.158260,1465103798.159456,1465103798.237000
284,1465103792.234000,1465103792.947395,1465103797.964575,1465103798.049000
285,1465103792.241000,1465103792.909255,1465103797.911425,1465103797.999000
286,1465103792.241000,1465103792.884253,1465103797.885471,1465103797.979000
287,1465103792.241000,1465103792.899626,1465103797.901048,1465103797.990000
288,1465103792.241000,1465103792.903932,1465103797.905168,1465103797.986000
289,1465103792.241000,1465103793.199276,1465103798.200491,1465103798.267000
290,1465103792.241000,1465103792.905197,1465103797.906483,1465103797.985000
291,1465103792.241000,1465103792.897264,1465103797.913847,1465103798.001000
292,1465103792.241000,1465103792.880518,1465103797.886291,1465103797.966000
293,1465103792.241000,1465103793.213349,1465103798.214609,1465103798.292000
294,1465103792.242000,0.000000,0.000000,0.000000
295,1465103792.242000,1465103793.143204,1465103798.157471,1465103798.234000
296,1465103792.242000,1465103792.931874,1465103797.933084,1465103798.020000
297,1465103792.242000,1465103792.940176,1465103797.942184,1465103798.027000
298,1465103792.242000,1465103793.145921,1465103798.147278,1465103798.240000
299,1465103792.243000,1465103793.196381,1465103798.197629,1465103798.274000
300,1465103792.244000,1465103792.926230,1465103797.946965,1465103798.043000
301,1465103792.244000,1465103793.206928,1465103798.208143,1465103798.297000
302,1465103792.244000,1465103793.212838,1465103798.214108,1465103798.303000
303,1465103792.244000,1465103793.204355,1465103798.220314,1465103798.295000
304,1465103792.244000,1465103792.925490,1465103797.946386,1465103798.027000
305,1465103792.244000,1465103792.958092,1465103797.959346,1465103798.021000
306,1465103792.244000,1465103792.946305,1465103797.947607,1465103798.009000
307,1465103792.244000,1465103793.167745,1465103798.168961,1465103798.249000
308,1465103792.244000,1465103792.894803,1465103797.896083,1465103797.990000
309,1465103792.244000,0.000000,0.000000,0.000000
310,1465103792.244000,1465103792.889229,1465103797.890562,1465103797.962000
311,1465103792.245000,1465103793.221090,1465103798.222351,1465103798.300000
312,1465103792.245000,1465103793.159620,1465103798.160796,1465103798.248000
313,1465103792.245000,1465103793.142863,1465103798.144205,1465103798.231000
314,1465103792.245000,1465103793.247481,1465103798.248780,1465103798.322000
315,1465103792.245000,1465103792.915429,1465103797.916775,1465103797.995000
316,1465103792.245000,1465103792.924539,1465103797.929351,1465103798.015000
317,1465103792.245000,1465103793.194118,1465103798.195408,1465103798.296000
318,1465103792.245000,1465103792.917582,1465103797.919109,1465103797.986000
319,1465103792.245000,1465103793.202284,1465103798.203498,1465103798.280000
320,1465103792.246000,1465103792.892857,1465103797.894139,1465103797.982000
321,1465103792.246000,1465103792.879891,1465103797.881316,1465103797.973000
322,1465103792.246000,1465103792.927030,1465103797.928365,1465103798.015000
323,1465103792.246000,1465103792.899108,1465103797.900294,1465103797.988000
324,1465103792.246000,1465103793.188974,1465103798.190259,1465103798.279000
325,1465103792.247000,1465103793.187187,1465103798.188623,1465103798.281000
326,1465103792.247000,1465103792.893573,1465103797.895025,1465103797.966000
327,1465103792.247000,1465103792.877910,1465103797.880694,1465103797.956000
328,1465103792.247000,1465103792.922362,1465103797.923742,1465103798.012000
329,1465103792.247000,1465103792.903979,1465103797.905785,1465103798.001000
330,1465103792.247000,1465103793.196612,1465103798.198454,1465103798.265000
331,1465103792.247000,1465103792.886566,1465103797.887878,1465103797.968000
332,1465103792.248000,1465103793.129623,1465103798.131061,1465103798.223000
333,1465103792.248000,1465103792.878428,1465103797.879639,1465103797.945000
334,1465103792.248000,1465103792.914618,1465103797.916163,1465103797.992000
335,1465103792.248000,1465103792.874165,1465103797.876563,1465103797.973000
336,1465103792.248000,1465103792.909871,1465103797.920945,1465103797.997000
337,1465103792.248000,1465103792.909824,1465103797.921667,1465103797.983000
338,1465103792.248000,1465103792.937573,1465103797.938831,1465103798.027000
339,1465103792.248000,1465103793.149851,1465103798.151231,1465103798.230000
340,1465103792.249000,1465103792.937445,1465103797.938839,1465103798.020000
341,1465103792.249000,1465103793.156189,1465103798.157504,1465103798.237000
342,1465103792.249000,1465103792.897165,1465103797.898609,1465103797.979000
343,1465103792.249000,1465103792.955439,1465103797.956753,1465103798.034000
344,1465103792.249000,1465103793.130340,1465103798.131898,1465103798.213000
345,1465103792.249000,1465103793.202614,1465103798.204038,1465103798.296000
346,1465103792.250000,1465103793.163648,1465103798.164842,1465103798.243000
347,1465103792.250000,1465103792.884080,1465103797.885331,1465103797.967000
348,1465103792.250000,1465103792.912057,1465103797.913380,1465103797.975000
349,1465103792.250000,1465103792.876109,1465103797.877295,1465103797.959000
350,1465103792.250000,1465103793.247686,1465103798.249387,1465103798.329000
351,1465103792.250000,1465103792.874124,1465103797.875529,1465103797.964000
352,1465103792.250000,1465103792.903027,1465103797.904661,1465103797.993000
353,1465103792.250000,1465103792.882218,1465103797.883560,1465103797.978000
354,1465103792.250000,1465103792.924406,1465103797.925680,1465103798.007000
355,1465103792.250000,1465103792.891790,1465103797.893318,1465103797.971000
356,1465103792.251000,1465103792.926480,1465103797.931110,1465103798.019000
357,1465103792.251000,1465103793.206861,1465103798.208371,1465103798.289000
358,1465103792.251000,1465103793.157287,1465103798.158615,1465103798.246000
359,1465103792.251000,1465103792.934471,1465103797.935731,1465103798.020000
360,1465103792.251000,1465103792.895440,1465103797.897561,1465103797.985000
361,1465103792.251000,1465103793.182225,1465103798.183543,1465103798.263000
362,1465103792.251000,1465103792.935044,1465103797.936662,1465103798.019000
363,1465103792.252000,1465103792.872304,1465103797.873761,1465103797.966000
364,1465103792.252000,1465103793.187851,1465103798.189146,1465103798.269000
365,1465103792.252000,1465103792.924497,1465103797.925719,1465103797.991000
366,1465103792.252000,1465103792.894995,1465103797.908537,1465103797.989000
367,1465103792.253000,1465103792.973257,1465103797.974538,1465103798.052000
368,1465103792.253000,1465103792.933924,1465103797.935177,1465103798.016000
369,1465103792.253000,1465103793.226536,1465103798.227986,1465103798.310000
370,1465103792.253000,1465103792.934382,1465103797.950016,1465103798.017000
371,1465103792.253000,1465103792.883992,1465103797.885215,1465103797.977000
372,1465103792.253000,1465103792.934076,1465103797.935618,1465103798.016000
373,1465103792.254000,1465103792.901452,1465103797.902890,1465103797.984000
374,1465103792.254000,1465103792.932966,1465103797.934293,1465103798.015000
375,1465103792.254000,1465103792.952911,1465103797.954779,1465103798.016000
376,1465103792.254000,1465103792.930190,1465103797.932370,1465103798.013000
377,1465103792.254000,1465103793.230552,1465103798.231734,1465103798.309000
378,1465103792.254000,1465103792.905086,1465103797.906300,1465103797.991000
379,1465103792.255000,1465103793.169960,1465103798.171353,1465103798.264000
380,1465103792.255000,1465103793.225443,1465103798.226849,1465103798.302000
381,1465103792.255000,1465103792.927840,1465103797.929100,1465103798.008000
382,1465103792.255000,1465103792.910410,1465103797.911632,1465103798.007000
383,1465103792.255000,1465103792.913733,1465103797.915542,1465103798.008000
384,1465103792.255000,1465103792.907576,1465103797.908897,1465103797.986000
385,1465103792.255000,1465103792.909249,1465103797.910503,1465103797.989000
386,1465103792.256000,1465103792.941389,1465103797.944685,1465103798.006000
387,1465103792.256000,1465103793.170357,1465103798.171593,1465103798.249000
388,1465103792.257000,1465103792.855592,1465103797.871874,1465103797.963000
389,1465103792.257000,1465103792.909819,1465103797.911169,1465103797.989000
390,1465103792.257000,1465103792.911376,1465103797.912698,1465103797.990000
391,1465103792.257000,1465103792.887504,1465103797.888716,1465103797.969000
392,1465103792.257000,1465103792.943154,1465103797.944990,1465103798.027000
393,1465103792.258000,1465103792.902969,1465103797.906051,1465103798.002000
394,1465103792.258000,1465103793.249351,1465103798.250657,1465103798.328000
395,1465103792.258000,1465103792.916250,1465103797.918175,1465103797.998000
396,1465103792.258000,1465103792.913596,1465103797.915218,1465103797.994000
397,1465103792.258000,1465103792.895875,1465103797.898047,1465103797.979000
398,1465103792.258000,1465103792.919629,1465103797.921007,1465103798.001000
399,1465103792.258000,1465103792.966501,1465103797.969165,1465103798.034000
400,1465103792.259000,1465103792.923787,1465103797.924928,1465103797.986000
401,1465103792.258000,1465103792.971806,1465103797.981332,1465103798.043000
402,1465103792.259000,1465103792.913295,1465103797.914518,1465103797.999000
403,1465103792.258000,1465103792.880759,1465103797.891379,1465103797.983000
404,1465103792.259000,1465103793.239406,1465103798.240665,1465103798.319000
405,1465103792.259000,1465103792.912189,1465103797.913718,1465103798.001000
406,1465103792.259000,1465103792.887371,1465103797.888520,1465103797.982000
407,1465103792.260000,1465103793.159871,1465103798.161106,1465103798.240000
408,1465103792.260000,1465103793.195296,1465103798.196588,1465103798.275000
409,1465103792.260000,1465103792.898590,1465103797.899783,1465103797.997000
410,1465103792.260000,1465103792.887160,1465103797.888350,1465103797.949000
411,1465103792.261000,1465103792.869602,1465103797.870904,1465103797.962000
412,1465103792.261000,1465103792.906367,1465103797.916289,1465103798.005000
413,1465103792.261000,1465103792.942445,1465103797.943900,1465103798.005000
414,1465103792.261000,1465103793.005227,1465103798.006507,1465103798.084000
415,1465103792.261000,1465103792.922474,1465103797.923781,1465103798.009000
416,1465103792.262000,1465103793.217527,1465103798.219102,1465103798.294000
417,1465103792.262000,1465103792.938450,1465103797.939729,1465103798.021000
418,1465103792.262000,1465103793.218768,1465103798.220082,1465103798.321000
419,1465103792.263000,1465103792.919162,1465103797.920485,1465103798.017000
420,1465103792.263000,1465103792.924215,1465103797.944385,1465103798.029000
421,1465103792.263000,1465103792.953442,1465103797.954620,1465103798.033000
422,1465103792.263000,1465103792.928546,1465103797.930177,1465103798.018000
423,1465103792.263000,1465103792.920966,1465103797.922404,1465103798.007000
424,1465103792.263000,1465103792.910149,1465103797.911705,1465103797.996000
425,1465103792.263000,1465103792.926974,1465103797.931176,1465103798.019000
426,1465103792.263000,1465103792.904532,1465103797.905819,1465103797.966000
427,1465103792.263000,1465103792.857584,1465103797.858866,1465103797.968000
428,1465103792.264000,1465103792.946421,1465103797.948167,1465103798.015000
429,1465103792.264000,1465103793.222297,1465103798.223656,1465103798.300000
430,1465103792.264000,1465103792.928613,1465103797.930187,1465103798.016000
431,1465103792.264000,1465103792.960848,1465103797.962253,1465103798.038000
432,1465103792.264000,1465103792.905093,1465103797.906230,1465103797.977000
433,1465103792.265000,1465103792.899367,1465103797.900685,1465103797.981000
434,1465103792.265000,1465103792.950539,1465103797.951805,1465103798.032000
435,1465103792.265000,1465103792.883584,1465103797.884840,1465103797.967000
436,1465103792.266000,1465103792.977005,1465103797.978269,1465103798.066000
437,1465103792.266000,1465103793.174161,1465103798.175357,1465103798.262000
438,1465103792.266000,1465103792.936401,1465103797.938125,1465103798.005000
439,1465103792.266000,1465103793.173152,1465103798.174412,1465103798.283000
440,1465103792.266000,1465103792.901510,1465103797.902722,1465103797.983000
441,1465103792.266000,1465103792.920705,1465103797.921942,1465103798.011000
442,1465103792.266000,1465103792.925175,1465103797.926418,1465103798.019000
443,1465103792.266000,1465103792.919888,1465103797.921363,1465103797.999000
444,1465103792.266000,1465103792.925763,1465103797.927246,1465103798.006000
445,1465103792.266000,1465103792.915582,1465103797.917142,1465103798.008000
446,1465103792.267000,1465103793.205786,1465103798.207142,1465103798.299000
447,1465103792.267000,1465103792.997729,1465103797.999287,1465103798.095000
448,1465103792.267000,1465103793.176681,1465103798.178408,1465103798.251000
449,1465103792.267000,1465103792.893985,1465103797.895416,1465103797.990000
450,1465103792.267000,1465103793.191788,1465103798.193019,1465103798.302000
451,1465103792.268000,1465103792.918844,1465103797.920218,1465103798.009000
452,1465103792.268000,0.000000,0.000000,0.000000
453,1465103792.268000,1465103792.886025,1465103797.887326,1465103797.958000
454,1465103792.269000,1465103792.952168,1465103797.954520,1465103798.036000
455,1465103792.269000,1465103792.907094,1465103797.910712,1465103797.999000
456,1465103792.270000,1465103792.956328,1465103797.957717,1465103798.036000
457,1465103792.270000,1465103792.945621,1465103797.958074,1465103798.039000
458,1465103792.270000,1465103792.939641,1465103797.940917,1465103798.029000
459,1465103792.270000,1465103792.911576,1465103797.912807,1465103798.001000
460,1465103792.270000,1465103792.963022,1465103797.964908,1465103798.031000
461,1465103792.270000,1465103792.943581,1465103797.945323,1465103798.007000
462,1465103792.270000,1465103792.861583,1465103797.862873,1465103797.944000
463,1465103792.270000,1465103792.952407,1465103797.953589,1465103798.020000
464,1465103792.270000,1465103793.255139,1465103798.256495,1465103798.330000
465,1465103792.270000,1465103792.899363,1465103797.900691,1465103797.986000
466,1465103792.271000,1465103792.941194,1465103797.942756,1465103798.009000
467,1465103792.271000,1465103792.925915,1465103797.946336,1465103798.028000
468,1465103792.271000,1465103793.226634,1465103798.227895,1465103798.307000
469,1465103792.271000,0.000000,0.000000,0.000000
470,1465103792.272000,1465103792.870103,1465103797.871266,1465103797.980000
471,1465103792.272000,1465103792.952304,1465103797.953441,1465103798.043000
472,1465103792.272000,1465103792.960043,1465103797.961620,1465103798.033000
473,1465103792.272000,1465103792.921690,1465103797.923191,1465103798.011000
474,1465103792.272000,1465103793.077749,1465103798.079312,1465103798.158000
475,1465103792.272000,1465103792.975312,1465103797.976771,1465103798.059000
476,1465103792.272000,1465103792.933831,1465103797.935080,1465103798.020000
477,1465103792.273000,1465103792.925915,1465103797.930056,1465103798.015000
478,1465103792.274000,1465103793.187279,1465103798.188528,1465103798.266000
479,1465103792.274000,1465103792.923866,1465103797.925347,1465103798.019000
480,1465103792.274000,1465103792.933539,1465103797.934880,1465103798.024000
481,1465103792.274000,1465103792.902772,1465103797.904496,1465103798.001000
482,1465103792.274000,1465103792.916250,1465103797.919107,1465103798.000000
483,1465103792.274000,1465103792.926227,1465103797.927426,1465103798.006000
484,1465103792.275000,1465103792.908569,1465103797.911328,1465103797.999000
485,1465103792.275000,1465103792.941422,1465103797.943090,1465103798.028000
486,1465103792.275000,1465103793.198493,1465103798.199824,1465103798.276000
487,1465103792.275000,1465103793.265841,1465103798.267373,1465103798.346000
488,1465103792.275000,1465103792.900767,1465103797.902139,1465103797.977000
489,1465103792.276000,1465103792.926025,1465103797.927429,1465103798.013000
490,1465103792.276000,1465103792.982837,1465103797.984077,1465103798.045000
491,1465103792.276000,1465103792.928537,1465103797.929848,1465103797.997000
492,1465103792.276000,1465103792.944837,1465103797.946140,1465103798.024000
493,1465103792.276000,1465103792.947309,1465103797.948585,1465103798.015000
494,1465103792.276000,1465103792.950356,1465103797.951841,1465103798.039000
495,1465103792.276000,1465103793.018042,1465103798.019349,1465103798.101000
496,1465103792.276000,1465103792.971084,1465103797.972324,1465103798.069000
497,1465103792.276000,1465103792.979928,1465103797.981148,1465103798.059000
498,1465103792.277000,1465103792.949223,1465103797.951134,1465103798.018000
499,1465103792.277000,1465103792.945838,1465103797.947152,1465103798.025000
500,1465103792.277000,1465103792.958906,1465103797.960148,1465103798.039000
501,1465103792.277000,1465103792.913218,1465103797.931678,1465103798.024000
502,1465103792.277000,1465103792.979902,1465103797.981134,1465103798.066000
503,1465103792.277000,1465103792.949194,1465103797.959160,1465103798.047000
504,1465103792.277000,1465103793.055037,1465103798.056424,1465103798.135000
505,1465103792.277000,0.000000,0.000000,0.000000
506,1465103792.277000,1465103792.936403,1465103797.937809,1465103798.027000
507,1465103792.277000,1465103792.996142,1465103797.997312,1465103798.084000
508,1465103792.277000,1465103792.948687,1465103797.950029,1465103798.034000
509,1465103792.277000,1465103793.010375,1465103798.011633,1465103798.090000
510,1465103792.277000,1465103792.967835,1465103797.969004,1465103798.054000
511,1465103792.277000,1465103792.912034,1465103797.913596,1465103797.993000
512,1465103792.277000,1465103792.948552,1465103797.950034,1465103798.036000
513,1465103792.277000,1465103792.930514,1465103797.931682,1465103798.009000
514,1465103792.278000,1465103793.004878,1465103798.006070,1465103798.091000
515,1465103792.278000,1465103792.941536,1465103797.942839,1465103798.030000
516,1465103792.278000,1465103792.863890,1465103797.865051,1465103797.974000
517,1465103792.278000,1465103792.930638,1465103797.931973,1465103798.008000
518,1465103792.278000,1465103793.034266,1465103798.035804,1465103798.111000
519,1465103792.278000,1465103792.939528,1465103797.943195,1465103798.029000
520,1465103792.278000,1465103792.963078,1465103797.967209,1465103798.064000
521,1465103792.278000,1465103792.983924,1465103797.985274,1465103798.061000
522,1465103792.278000,1465103792.902991,1465103797.904187,1465103797.993000
523,1465103792.278000,1465103793.096579,1465103798.097878,1465103798.190000
524,1465103792.278000,1465103792.951583,1465103797.969347,1465103798.054000
525,1465103792.278000,1465103793.079096,1465103798.080798,1465103798.173000
526,1465103792.278000,1465103792.918439,1465103797.927647,1465103798.024000
527,1465103792.278000,1465103793.035302,1465103798.036739,1465103798.117000
528,1465103792.278000,1465103793.314814,1465103798.316453,1465103798.392000
529,1465103792.278000,1465103792.953551,1465103797.954872,1465103798.036000
530,1465103792.278000,1465103793.040276,1465103798.041603,1465103798.119000
531,1465103792.278000,1465103793.049048,1465103798.050860,1465103798.129000
532,1465103792.278000,1465103793.057732,1465103798.058888,1465103798.152000
533,1465103792.278000,1465103793.000855,1465103798.002141,1465103798.098000
534,1465103792.278000,1465103792.927676,1465103797.929109,1465103798.018000
535,1465103792.278000,1465103793.065842,1465103798.067045,1465103798.152000
536,1465103792.278000,1465103793.039096,1465103798.040324,1465103798.121000
537,1465103792.278000,1465103793.036627,1465103798.038007,1465103798.105000
538,1465103792.278000,1465103793.002741,1465103798.004026,1465103798.090000
539,1465103792.278000,1465103792.910199,1465103797.911358,1465103798.004000
540,1465103792.278000,1465103793.001039,1465103798.002286,1465103798.081000
541,1465103792.278000,1465103792.954591,1465103797.955725,1465103798.040000
542,1465103792.279000,1465103793.070168,1465103798.071349,1465103798.142000
543,1465103792.279000,1465103793.085836,1465103798.087087,1465103798.159000
544,1465103792.279000,1465103793.010251,1465103798.011586,1465103798.097000
545,1465103792.279000,1465103793.323204,1465103798.324426,1465103798.425000
546,1465103792.279000,1465103792.934121,1465103797.938377,1465103798.033000
547,1465103792.279000,1465103792.943872,1465103797.957944,1465103798.038000
548,1465103792.279000,1465103793.037643,1465103798.038888,1465103798.110000
549,1465103792.279000,1465103792.968246,1465103797.988820,1465103798.075000
550,1465103792.279000,1465103793.022088,1465103798.023944,1465103798.095000
551,1465103792.279000,1465103792.999180,1465103798.018326,1465103798.104000
552,1465103792.279000,1465103792.914782,1465103797.916047,1465103797.997000
553,1465103792.279000,1465103792.977173,1465103797.978462,1465103798.063000
554,1465103792.279000,1465103793.023988,1465103798.025434,1465103798.110000
555,1465103792.279000,1465103793.021928,1465103798.023306,1465103798.116000
556,1465103792.279000,1465103792.973925,1465103797.975073,1465103798.046000
557,1465103792.279000,1465103793.058118,1465103798.059255,1465103798.147000
558,1465103792.279000,1465103792.951408,1465103797.966417,1465103798.048000
559,1465103792.279000,1465103792.937289,1465103797.938769,1465103798.019000
560,1465103792.279000,1465103793.064418,1465103798.065610,1465103798.143000
561,1465103792.279000,1465103792.958111,1465103797.959316,1465103798.024000
562,1465103792.279000,1465103792.902813,1465103797.904125,1465103797.969000
563,1465103792.279000,1465103793.012933,1465103798.014175,1465103798.084000
564,1465103792.279000,1465103793.026691,1465103798.028008,1465103798.110000
565,1465103792.279000,1465103792.951370,1465103797.952854,1465103798.034000
566,1465103792.279000,1465103792.952579,1465103797.953881,1465103798.034000
567,1465103792.280000,1465103792.914489,1465103797.915736,1465103798.005000
568,1465103792.280000,1465103792.930096,1465103797.931448,1465103798.010000
569,1465103792.280000,1465103792.882857,1465103797.884134,1465103797.955000
570,1465103792.280000,1465103793.025099,1465103798.026307,1465103798.112000
571,1465103792.280000,1465103792.955242,1465103797.956470,1465103798.039000
572,1465103792.280000,1465103792.960198,1465103797.961650,1465103798.027000
573,1465103792.280000,1465103792.950530,1465103797.951770,1465103798.039000
574,1465103792.280000,1465103792.931193,1465103797.932466,1465103798.026000
575,1465103792.280000,1465103792.920741,1465103797.921939,1465103798.002000
576,1465103792.280000,1465103792.926174,1465103797.927718,1465103798.007000
577,1465103792.280000,1465103792.951289,1465103797.967260,1465103798.050000
578,1465103792.280000,1465103793.090329,1465103798.091804,1465103798.159000
579,1465103792.280000,1465103793.385854,1465103798.400545,1465103798.476000
580,1465103792.280000,1465103792.853795,1465103797.855037,1465103797.964000
581,1465103792.280000,1465103792.901860,1465103797.903216,1465103797.982000
582,1465103792.280000,1465103792.955884,1465103797.957159,1465103798.024000
583,1465103792.280000,1465103792.983073,1465103797.984268,1465103798.065000
584,1465103792.280000,1465103792.913067,1465103797.914394,1465103797.992000
585,1465103792.280000,1465103792.903835,1465103797.905031,1465103797.993000
586,1465103792.280000,1465103792.957522,1465103797.961656,1465103798.024000
587,1465103792.280000,1465103792.946256,1465103797.948421,1465103798.049000
588,1465103792.280000,1465103793.024756,1465103798.026341,1465103798.114000
589,1465103792.280000,1465103792.940247,1465103797.941530,1465103798.027000
590,1465103792.280000,1465103792.900764,1465103797.902282,1465103797.980000
591,1465103792.280000,1465103792.952382,1465103797.953565,1465103798.038000
592,1465103792.280000,1465103793.373817,1465103798.375258,1465103798.463000
593,1465103792.281000,1465103793.361121,1465103798.362657,1465103798.436000
594,1465103792.281000,1465103792.987073,1465103797.988284,1465103798.074000
595,1465103792.281000,1465103792.923937,1465103797.925465,1465103798.003000
596,1465103792.281000,1465103792.950636,1465103797.966792,1465103798.049000
597,1465103792.281000,1465103793.062499,1465103798.073709,1465103798.154000
598,1465103792.281000,1465103792.942750,1465103797.946873,1465103798.029000
599,1465103792.281000,1465103792.964484,1465103797.965862,1465103798.067000
600,1465103792.281000,1465103792.973770,1465103797.974932,1465103798.060000
601,1465103792.281000,1465103793.026411,1465103798.027650,1465103798.116000
602,1465103792.281000,1465103792.939810,1465103797.940986,1465103798.030000
603,1465103792.281000,1465103792.965969,1465103797.968158,1465103798.033000
604,1465103792.281000,1465103793.082837,1465103798.084298,1465103798.180000
605,1465103792.281000,1465103792.927078,1465103797.928560,1465103798.009000
606,1465103792.281000,1465103792.903068,1465103797.904852,1465103797.984000
607,1465103792.281000,1465103792.927173,1465103797.928524,1465103798.006000
608,1465103792.281000,1465103792.966560,1465103797.967842,1465103798.045000
609,1465103792.281000,1465103793.065463,1465103798.066820,1465103798.168000
610,1465103792.281000,1465103792.965135,1465103797.966337,1465103798.033000
611,1465103792.281000,1465103793.049934,1465103798.051146,1465103798.138000
612,1465103792.281000,1465103792.990382,1465103797.992022,1465103798.090000
613,1465103792.281000,1465103793.095013,1465103798.097354,1465103798.173000
614,1465103792.281000,1465103792.973582,1465103797.974863,1465103798.052000
615,1465103792.281000,1465103792.975180,1465103797.976577,1465103798.064000
616,1465103792.281000,1465103793.001445,1465103798.002981,1465103798.073000
617,1465103792.281000,1465103793.000559,1465103798.001834,1465103798.090000
618,1465103792.281000,1465103792.948789,1465103797.950023,1465103798.011000
619,1465103792.282000,1465103793.019427,1465103798.020861,1465103798.099000
620,1465103792.282000,1465103792.960303,1465103797.961550,1465103798.027000
621,1465103792.282000,1465103792.965107,1465103797.966328,1465103798.047000
622,1465103792.282000,1465103793.063154,1465103798.064490,1465103798.158000
623,1465103792.282000,1465103793.015036,1465103798.016256,1465103798.095000
624,1465103792.282000,1465103792.951612,1465103797.952946,1465103798.031000
625,1465103792.282000,1465103793.013752,1465103798.015235,1465103798.095000
626,1465103792.282000,1465103793.072135,1465103798.073451,1465103798.146000
627,1465103792.282000,1465103792.957447,1465103797.960943,1465103798.048000
628,1465103792.282000,1465103792.945021,1465103797.946461,1465103798.008000
629,1465103792.282000,1465103792.961176,1465103797.962484,1465103798.042000
630,1465103792.282000,1465103793.021815,1465103798.023244,1465103798.110000
631,1465103792.282000,1465103792.965647,1465103797.966782,1465103798.037000
632,1465103792.282000,1465103793.049141,1465103798.050479,1465103798.126000
633,1465103792.282000,1465103793.099597,1465103798.101058,1465103798.184000
634,1465103792.282000,1465103792.950459,1465103797.952012,1465103798.019000
635,1465103792.282000,1465103792.943451,1465103797.944685,1465103798.032000
636,1465103792.282000,1465103792.964993,1465103797.966430,1465103798.054000
637,1465103792.282000,1465103792.907610,1465103797.908872,1465103798.001000
638,1465103792.283000,1465103792.892375,1465103797.900417,1465103797.975000
639,1465103792.283000,1465103792.941291,1465103797.942516,1465103798.030000
640,1465103792.283000,1465103793.008329,1465103798.009635,1465103798.089000
641,1465103792.283000,1465103792.956770,1465103797.957977,1465103798.039000
642,1465103792.283000,1465103792.971605,1465103797.972929,1465103798.060000
643,1465103792.283000,1465103793.053329,1465103798.055050,1465103798.142000
644,1465103792.283000,1465103792.936236,1465103797.938378,1465103798.032000
645,1465103792.283000,1465103792.939699,1465103797.941531,1465103798.024000
646,1465103792.283000,1465103792.971833,1465103797.973017,1465103798.053000
647,1465103792.283000,1465103792.949189,1465103797.951052,1465103798.031000
648,1465103792.283000,1465103793.087887,1465103798.089355,1465103798.167000
649,1465103792.283000,1465103792.887446,1465103797.888716,1465103797.976000
650,1465103792.283000,1465103792.994172,1465103797.995430,1465103798.072000
651,1465103792.283000,1465103792.927940,1465103797.929467,1465103798.009000
652,1465103792.283000,1465103793.095898,1465103798.097563,1465103798.174000
653,1465103792.283000,1465103792.913074,1465103797.914589,1465103798.000000
654,1465103792.283000,1465103792.928542,1465103797.929815,1465103798.027000
655,1465103792.283000,1465103792.951741,1465103797.952999,1465103798.034000
656,1465103792.284000,1465103792.938729,1465103797.939980,1465103798.006000
657,1465103792.284000,1465103792.947111,1465103797.949764,1465103798.030000
658,1465103792.284000,1465103792.941257,1465103797.942495,1465103798.020000
659,1465103792.284000,1465103792.946590,1465103797.948208,1465103798.029000
660,1465103792.284000,1465103792.937655,1465103797.938876,1465103797.999000
661,1465103792.284000,1465103792.943458,1465103797.947676,1465103798.028000
662,1465103792.284000,1465103792.958345,1465103797.959797,1465103798.047000
663,1465103792.284000,1465103792.960647,1465103797.961925,1465103798.043000
664,1465103792.284000,1465103792.948396,1465103797.949678,1465103798.037000
665,1465103792.284000,1465103792.940554,1465103797.942604,1465103798.029000
666,1465103792.284000,1465103792.928847,1465103797.930082,1465103797.996000
667,1465103792.284000,1465103793.014688,1465103798.016058,1465103798.089000
668,1465103792.284000,1465103792.968042,1465103797.969345,1465103798.035000
669,1465103792.284000,1465103792.923292,1465103797.924612,1465103797.991000
670,1465103792.284000,1465103792.935184,1465103797.936890,1465103798.018000
671,1465103792.284000,1465103792.940982,1465103797.942593,1465103798.028000
672,1465103792.284000,1465103792.946735,1465103797.948212,1465103798.030000
673,1465103792.284000,1465103792.947118,1465103797.948959,1465103798.015000
674,1465103792.284000,1465103792.936689,1465103797.937945,1465103798.024000
675,1465103792.284000,1465103792.931240,1465103797.932712,1465103798.025000
676,1465103792.284000,1465103792.936832,1465103797.938169,1465103798.026000
677,1465103792.284000,1465103792.945994,1465103797.948792,1465103798.036000
678,1465103792.284000,1465103792.929877,1465103797.931471,1465103798.027000
679,1465103792.284000,1465103792.931484,1465103797.932659,1465103798.012000
680,1465103792.284000,1465103792.936733,1465103797.939454,1465103798.006000
681,1465103792.284000,1465103792.947814,1465103797.949384,1465103798.030000
682,1465103792.284000,1465103792.950104,1465103797.951433,1465103798.036000
683,1465103792.285000,1465103793.007648,1465103798.009174,1465103798.087000
684,1465103792.285000,1465103793.001749,1465103798.003068,1465103798.079000
685,1465103792.285000,1465103792.993714,1465103797.995189,1465103798.083000
686,1465103792.285000,1465103793.093623,1465103798.094812,1465103798.180000
687,1465103792.285000,1465103792.965499,1465103797.966766,1465103798.044000
688,1465103792.285000,1465103792.940526,1465103797.947235,1465103798.029000
689,1465103792.285000,1465103793.038651,1465103798.039917,1465103798.127000
690,1465103792.285000,1465103792.969513,1465103797.970867,1465103798.058000
691,1465103792.285000,1465103793.044228,1465103798.045519,1465103798.133000
692,1465103792.285000,1465103792.933040,1465103797.934288,1465103798.022000
693,1465103792.285000,1465103792.939728,1465103797.940897,1465103798.007000
694,1465103792.285000,1465103793.015296,1465103798.016875,1465103798.099000
695,1465103792.285000,1465103792.991341,1465103797.992829,1465103798.075000
696,1465103792.285000,1465103793.025261,1465103798.026515,1465103798.107000
697,1465103792.285000,1465103793.348636,1465103798.349986,1465103798.435000
698,1465103792.285000,1465103792.946183,1465103797.948679,1465103798.036000
699,1465103792.285000,1465103793.024062,1465103798.025333,1465103798.113000
700,1465103792.285000,1465103792.962326,1465103797.963500,1465103798.045000
701,1465103792.285000,1465103792.951077,1465103797.952436,1465103798.038000
702,1465103792.285000,1465103792.974521,1465103797.975751,1465103798.041000
703,1465103792.286000,1465103793.046124,1465103798.047378,1465103798.117000
704,1465103792.285000,1465103792.955323,1465103797.957175,1465103798.033000
705,1465103792.285000,1465103792.949904,1465103797.951216,1465103798.039000
706,1465103792.286000,1465103792.925430,1465103797.927142,1465103798.015000
707,1465103792.286000,1465103793.007285,1465103798.008535,1465103798.094000
708,1465103792.286000,1465103793.001778,1465103798.002996,1465103798.097000
709,1465103792.286000,1465103793.046460,1465103798.047794,1465103798.133000
710,1465103792.286000,1465103793.091110,1465103798.098721,1465103798.185000
711,1465103792.286000,1465103792.894411,1465103797.895765,1465103797.982000
712,1465103792.286000,1465103792.931223,1465103797.932561,1465103798.020000
713,1465103792.286000,1465103792.961169,1465103797.962430,1465103798.043000
714,1465103792.286000,1465103793.338008,1465103798.339252,1465103798.428000
715,1465103792.286000,1465103792.921015,1465103797.922319,1465103797.993000
716,1465103792.286000,1465103792.954547,1465103797.955742,1465103798.042000
717,1465103792.286000,1465103792.963783,1465103797.965165,1465103798.062000
718,1465103792.286000,1465103792.980638,1465103797.981927,1465103798.070000
719,1465103792.286000,1465103792.910320,1465103797.911620,1465103797.978000
720,1465103792.286000,1465103793.087011,1465103798.088501,1465103798.176000
721,1465103792.286000,1465103793.025239,1465103798.026479,1465103798.093000
722,1465103792.286000,1465103793.038707,1465103798.039921,1465103798.106000
723,1465103792.286000,1465103793.096693,1465103798.097908,1465103798.168000
724,1465103792.286000,1465103793.336727,1465103798.338166,1465103798.415000
725,1465103792.286000,1465103792.911204,1465103797.912431,1465103797.984000
726,1465103792.286000,1465103792.905398,1465103797.907730,1465103797.996000
727,1465103792.286000,1465103793.093033,1465103798.094216,1465103798.161000
728,1465103792.286000,1465103793.400303,1465103798.401816,1465103798.477000
729,1465103792.286000,1465103792.946921,1465103797.948401,1465103798.036000
730,1465103792.286000,1465103792.943548,1465103797.958622,1465103798.045000
731,1465103792.287000,1465103793.006178,1465103798.007892,1465103798.087000
732,1465103792.287000,1465103792.944575,1465103797.945747,1465103798.040000
733,1465103792.287000,1465103793.053541,1465103798.054925,1465103798.137000
734,1465103792.287000,1465103792.925516,1465103797.926939,1465103798.005000
735,1465103792.287000,1465103792.931589,1465103797.932845,1465103798.028000
736,1465103792.287000,1465103793.081460,1465103798.082701,1465103798.161000
737,1465103792.287000,1465103792.964005,1465103797.965930,1465103798.032000
738,1465103792.287000,1465103793.096877,1465103798.098047,1465103798.183000
739,1465103792.287000,1465103792.986599,1465103797.987878,1465103798.073000
740,1465103792.287000,1465103792.938597,1465103797.952161,1465103798.039000
741,1465103792.287000,1465103793.078863,1465103798.080004,1465103798.168000
742,1465103792.287000,1465103793.387297,1465103798.388644,1465103798.470000
743,1465103792.287000,1465103793.042733,1465103798.044069,1465103798.120000
744,1465103792.287000,1465103793.070078,1465103798.071257,1465103798.142000
745,1465103792.287000,1465103793.331917,1465103798.341738,1465103798.425000
746,1465103792.287000,1465103793.361239,1465103798.362510,1465103798.439000
747,1465103792.287000,1465103793.220086,1465103798.221278,1465103798.299000
748,1465103792.287000,1465103792.954734,1465103797.955915,1465103798.037000
749,1465103792.287000,1465103792.934973,1465103797.936366,1465103798.025000
750,1465103792.287000,1465103792.997265,1465103797.998536,1465103798.065000
751,1465103792.287000,1465103792.946373,1465103797.948078,1465103798.033000
752,1465103792.289000,1465103793.094949,1465103798.096392,1465103798.175000
753,1465103792.292000,1465103793.027416,1465103798.028632,1465103798.114000
754,1465103792.292000,1465103793.085406,1465103798.089892,1465103798.157000
755,1465103792.299000,1465103792.970928,1465103797.972199,1465103798.060000
756,1465103792.306000,1465103793.305931,1465103798.307428,1465103798.408000
757,1465103792.311000,1465103793.049034,1465103798.067005,1465103798.145000
758,1465103792.311000,1465103793.068502,1465103798.069803,1465103798.147000
759,1465103792.332000,1465103793.066580,1465103798.068152,1465103798.145000
760,1465103792.340000,1465103793.034068,1465103798.048980,1465103798.115000
761,1465103792.340000,1465103793.112333,1465103798.113735,1465103798.190000
762,1465103792.340000,1465103793.054800,1465103798.056559,1465103798.166000
763,1465103792.340000,1465103793.057545,1465103798.058853,1465103798.168000
764,1465103792.345000,1465103793.085240,1465103798.086477,1465103798.176000
765,1465103792.346000,1465103793.094495,1465103798.095648,1465103798.184000
766,1465103792.346000,1465103792.959009,1465103797.960783,1465103798.048000
767,1465103792.346000,1465103793.029178,1465103798.030615,1465103798.117000
768,1465103792.346000,1465103792.948309,1465103797.949511,1465103798.038000
769,1465103792.346000,1465103793.061452,1465103798.062733,1465103798.124000
770,1465103792.347000,1465103793.067265,1465103798.068531,1465103798.141000
771,1465103792.347000,1465103793.025854,1465103798.027088,1465103798.098000
772,1465103792.347000,1465103793.010841,1465103798.012210,1465103798.099000
773,1465103792.347000,1465103793.007236,1465103798.009168,1465103798.087000
774,1465103792.347000,1465103793.012043,1465103798.025852,1465103798.114000
775,1465103792.347000,1465103793.098649,1465103798.100170,1465103798.187000
776,1465103792.347000,1465103792.985582,1465103797.987019,1465103798.072000
777,1465103792.348000,1465103792.999211,1465103798.000954,1465103798.074000
778,1465103792.348000,1465103793.008734,1465103798.010053,1465103798.081000
779,1465103792.348000,0.000000,0.000000,0.000000
780,1465103792.348000,1465103793.368799,1465103798.370200,1465103798.441000
781,1465103792.348000,1465103793.400205,1465103798.401748,1465103798.467000
782,1465103792.349000,1465103793.322739,1465103798.324187,1465103798.411000
783,1465103792.349000,1465103793.056741,1465103798.063257,1465103798.133000
784,1465103792.349000,0.000000,0.000000,0.000000
785,1465103792.349000,0.000000,0.000000,0.000000
786,1465103792.349000,1465103793.056134,1465103798.057539,1465103798.145000
787,1465103792.349000,1465103793.104942,1465103798.106179,1465103798.183000
788,1465103792.349000,1465103792.969501,1465103797.970719,1465103798.055000
789,1465103792.349000,1465103793.068264,1465103798.069567,1465103798.156000
790,1465103792.349000,1465103793.261000,1465103798.262286,1465103798.343000
791,1465103792.349000,1465103793.327121,1465103798.328510,1465103798.411000
792,1465103792.349000,1465103793.018071,1465103798.019291,1465103798.103000
793,1465103792.350000,1465103793.027029,1465103798.028264,1465103798.117000
794,1465103792.350000,1465103793.374757,1465103798.376223,1465103798.464000
795,1465103792.351000,1465103793.375585,1465103798.376797,1465103798.454000
796,1465103792.351000,1465103793.030477,1465103798.031731,1465103798.117000
797,1465103792.351000,1465103793.287863,1465103798.289394,1465103798.366000
798,1465103792.351000,1465103793.362191,1465103798.363459,1465103798.441000
799,1465103792.351000,1465103793.034344,1465103798.035633,1465103798.124000
800,1465103792.351000,1465103793.023919,1465103798.025145,1465103798.092000
801,1465103792.351000,1465103793.097286,1465103798.098614,1465103798.188000
802,1465103792.351000,1465103793.090356,1465103798.091858,1465103798.170000
803,1465103792.351000,1465103793.079090,1465103798.080377,1465103798.169000
804,1465103792.351000,1465103793.335229,1465103798.336636,1465103798.425000
805,1465103792.351000,1465103793.066047,1465103798.067405,1465103798.159000
806,1465103792.352000,1465103793.089184,1465103798.090487,1465103798.171000
807,1465103792.352000,1465103793.070499,1465103798.071726,1465103798.156000
808,1465103792.352000,1465103793.103304,1465103798.104546,1465103798.170000
809,1465103792.352000,1465103793.316197,1465103798.317950,1465103798.406000
810,1465103792.352000,1465103793.040183,1465103798.041395,1465103798.107000
811,1465103792.353000,1465103793.320302,1465103798.321871,1465103798.423000
812,1465103792.353000,1465103793.052764,1465103798.054062,1465103798.155000
813,1465103792.353000,1465103793.097618,1465103798.098992,1465103798.179000
814,1465103792.353000,1465103792.993966,1465103798.011612,1465103798.099000
815,1465103792.354000,1465103793.298800,1465103798.300086,1465103798.377000
816,1465103792.354000,1465103793.073109,1465103798.074562,1465103798.175000
817,1465103792.354000,1465103793.092429,1465103798.093946,1465103798.182000
818,1465103792.355000,1465103793.017080,1465103798.018338,1465103798.104000
819,1465103792.355000,1465103793.039342,1465103798.040599,1465103798.127000
820,1465103792.355000,1465103793.089536,1465103798.090734,1465103798.168000
821,1465103792.355000,1465103793.317251,1465103798.318670,1465103798.407000
822,1465103792.355000,1465103792.963985,1465103797.965653,1465103798.053000
823,1465103792.355000,1465103793.056251,1465103798.057605,1465103798.134000
824,1465103792.355000,0.000000,0.000000,0.000000
825,1465103792.355000,1465103793.286921,1465103798.288701,1465103798.364000
826,1465103792.355000,1465103792.995151,1465103797.996429,1465103798.084000
827,1465103792.355000,1465103793.309378,1465103798.310595,1465103798.388000
828,1465103792.355000,1465103793.010064,1465103798.011206,1465103798.096000
829,1465103792.356000,1465103792.989016,1465103797.990521,1465103798.066000
830,1465103792.357000,1465103793.053253,1465103798.054502,1465103798.125000
831,1465103792.357000,1465103793.094040,1465103798.095372,1465103798.168000
832,1465103792.358000,1465103793.064908,1465103798.066128,1465103798.151000
833,1465103792.358000,1465103793.395489,1465103798.396868,1465103798.469000
834,1465103792.358000,1465103793.056436,1465103798.057692,1465103798.137000
835,1465103792.358000,1465103793.078884,1465103798.080441,1465103798.173000
836,1465103792.358000,1465103793.075011,1465103798.076287,1465103798.162000
837,1465103792.358000,0.000000,0.000000,0.000000
838,1465103792.359000,1465103793.083519,1465103798.085052,1465103798.166000
839,1465103792.359000,1465103793.004085,1465103798.005547,1465103798.094000
840,1465103792.359000,1465103793.060655,1465103798.061812,1465103798.170000
841,1465103792.359000,1465103793.093116,1465103798.094501,1465103798.165000
842,1465103792.361000,1465103793.379800,1465103798.381126,1465103798.454000
843,1465103792.362000,1465103793.094665,1465103798.096413,1465103798.184000
844,1465103792.362000,1465103793.390654,1465103798.391868,1465103798.468000
845,1465103792.362000,1465103793.024422,1465103798.025657,1465103798.119000
846,1465103792.362000,1465103793.049924,1465103798.051206,1465103798.133000
847,1465103792.362000,1465103793.367628,1465103798.368863,1465103798.446000
848,1465103792.363000,0.000000,0.000000,0.000000
849,1465103792.363000,1465103793.059458,1465103798.060777,1465103798.152000
850,1465103792.363000,1465103793.043282,1465103798.044593,1465103798.123000
851,1465103792.364000,1465103793.041579,1465103798.042850,1465103798.121000
852,1465103792.364000,1465103793.319546,1465103798.320894,1465103798.397000
853,1465103792.364000,0.000000,0.000000,0.000000
854,1465103792.365000,1465103793.340558,1465103798.342030,1465103798.421000
855,1465103792.365000,1465103793.085004,1465103798.086160,1465103798.174000
856,1465103792.365000,1465103793.096492,1465103798.097779,1465103798.178000
857,1465103792.365000,1465103793.096485,1465103798.097795,1465103798.176000
858,1465103792.366000,1465103793.096650,1465103798.097826,1465103798.176000
859,1465103792.366000,1465103793.066781,1465103798.068143,1465103798.156000
860,1465103792.366000,1465103793.363611,1465103798.364810,1465103798.441000
861,1465103792.366000,1465103793.069032,1465103798.070439,1465103798.141000
862,1465103792.367000,1465103793.070536,1465103798.071969,1465103798.148000
863,1465103792.367000,1465103793.064625,1465103798.066113,1465103798.166000
864,1465103792.367000,1465103793.348520,1465103798.350083,1465103798.429000
865,1465103792.367000,1465103793.080809,1465103798.082068,1465103798.171000
866,1465103792.367000,1465103793.030394,1465103798.031695,1465103798.113000
867,1465103792.367000,1465103793.012217,1465103798.025450,1465103798.114000
868,1465103792.367000,1465103793.034112,1465103798.035336,1465103798.113000
869,1465103792.368000,1465103793.085526,1465103798.088059,1465103798.166000
870,1465103792.368000,1465103793.057452,1465103798.058849,1465103798.129000
871,1465103792.368000,1465103793.100862,1465103798.107907,1465103798.186000
872,1465103792.368000,1465103793.413768,1465103798.415176,1465103798.492000
873,1465103792.368000,1465103793.101936,1465103798.103320,1465103798.182000
874,1465103792.368000,1465103793.022106,1465103798.023735,1465103798.094000
875,1465103792.368000,1465103793.366549,1465103798.368024,1465103798.445000
876,1465103792.369000,1465103793.290412,1465103798.291803,1465103798.365000
877,1465103792.369000,1465103793.086354,1465103798.087688,1465103798.169000
878,1465103792.369000,1465103793.085690,1465103798.088204,1465103798.155000
879,1465103792.369000,1465103793.025407,1465103798.026694,1465103798.112000
880,1465103792.369000,1465103793.374515,1465103798.375760,1465103798.463000
881,1465103792.369000,1465103793.105577,1465103798.106834,1465103798.187000
882,1465103792.370000,1465103793.061147,1465103798.062338,1465103798.141000
883,1465103792.370000,1465103793.033630,1465103798.043428,1465103798.145000
884,1465103792.370000,1465103793.075969,1465103798.077296,1465103798.158000
885,1465103792.370000,1465103793.334822,1465103798.336376,1465103798.416000
886,1465103792.371000,1465103793.077978,1465103798.079165,1465103798.146000
887,1465103792.371000,1465103793.078222,1465103798.079652,1465103798.174000
888,1465103792.371000,1465103793.086239,1465103798.088061,1465103798.167000
889,1465103792.371000,1465103793.101143,1465103798.102324,1465103798.189000
890,1465103792.371000,1465103793.107409,1465103798.108580,1465103798.187000
891,1465103792.371000,1465103793.101872,1465103798.103202,1465103798.184000
892,1465103792.371000,1465103793.010634,1465103798.011848,1465103798.110000
893,1465103792.371000,1465103793.101232,1465103798.102527,1465103798.188000
894,1465103792.371000,1465103793.066488,1465103798.067698,1465103798.148000
895,1465103792.371000,1465103793.286640,1465103798.288248,1465103798.368000
896,1465103792.372000,1465103793.095823,1465103798.105261,1465103798.183000
897,1465103792.372000,1465103793.099425,1465103798.100627,1465103798.189000
898,1465103792.373000,1465103793.057615,1465103798.059048,1465103798.132000
899,1465103792.373000,1465103793.086149,1465103798.087408,1465103798.168000
900,1465103792.373000,1465103793.068078,1465103798.069391,1465103798.163000
901,1465103792.373000,1465103793.075738,1465103798.076989,1465103798.185000
902,1465103792.373000,1465103793.087219,1465103798.088554,1465103798.176000
903,1465103792.373000,1465103793.371914,1465103798.373446,1465103798.451000
904,1465103792.373000,1465103793.012295,1465103798.013519,1465103798.099000
905,1465103792.373000,1465103793.104305,1465103798.106988,1465103798.185000
906,1465103792.373000,1465103793.062628,1465103798.064140,1465103798.145000
907,1465103792.373000,1465103793.082320,1465103798.084396,1465103798.166000
908,1465103792.373000,1465103793.402321,1465103798.403490,1465103798.474000
909,1465103792.374000,1465103793.381475,1465103798.382700,1465103798.460000
910,1465103792.374000,1465103793.033971,1465103798.035691,1465103798.137000
911,1465103792.374000,1465103793.103291,1465103798.104570,1465103798.185000
912,1465103792.375000,1465103793.108256,1465103798.109481,1465103798.171000
913,1465103792.375000,1465103793.109879,1465103798.111266,1465103798.184000
914,1465103792.375000,0.000000,0.000000,0.000000
915,1465103792.375000,1465103793.081318,1465103798.082995,1465103798.164000
916,1465103792.375000,1465103793.309348,1465103798.310715,1465103798.411000
917,1465103792.375000,1465103793.059601,1465103798.060886,1465103798.161000
918,1465103792.375000,1465103793.381944,1465103798.383212,1465103798.453000
919,1465103792.375000,0.000000,0.000000,0.000000
920,1465103792.375000,1465103793.019100,1465103798.020395,1465103798.100000
921,1465103792.376000,1465103793.064703,1465103798.065939,1465103798.159000
922,1465103792.376000,1465103793.387017,1465103798.388172,1465103798.465000
923,1465103792.376000,1465103793.108417,1465103798.109815,1465103798.186000
924,1465103792.376000,1465103793.078004,1465103798.079339,1465103798.150000
925,1465103792.377000,1465103793.089064,1465103798.090381,1465103798.170000
926,1465103792.377000,1465103793.041229,1465103798.042679,1465103798.130000
927,1465103792.377000,1465103793.091741,1465103798.093175,1465103798.171000
928,1465103792.377000,1465103793.091599,1465103798.092925,1465103798.181000
929,1465103792.378000,1465103793.363119,1465103798.364422,1465103798.449000
930,1465103792.378000,1465103793.111628,1465103798.112789,1465103798.190000
931,1465103792.378000,1465103793.375542,1465103798.377029,1465103798.469000
932,1465103792.378000,1465103793.112490,1465103798.113709,1465103798.187000
933,1465103792.379000,1465103793.098558,1465103798.100947,1465103798.188000
934,1465103792.379000,1465103793.106547,1465103798.107715,1465103798.185000
935,1465103792.379000,1465103793.097962,1465103798.099312,1465103798.185000
936,1465103792.379000,1465103793.078312,1465103798.079604,1465103798.157000
937,1465103792.379000,1465103793.019403,1465103798.025470,1465103798.103000
938,1465103792.379000,1465103792.999995,1465103798.001264,1465103798.102000
939,1465103792.380000,1465103793.387076,1465103798.388286,1465103798.481000
940,1465103792.380000,1465103793.096318,1465103798.098431,1465103798.179000
941,1465103792.380000,1465103793.088004,1465103798.089199,1465103798.155000
942,1465103792.380000,1465103793.387794,1465103798.389317,1465103798.478000
943,1465103792.380000,1465103793.078802,1465103798.080118,1465103798.181000
944,1465103792.380000,1465103793.089718,1465103798.091154,1465103798.161000
945,1465103792.380000,1465103793.405789,1465103798.407265,1465103798.482000
946,1465103792.380000,1465103793.076391,1465103798.077626,1465103798.167000
947,1465103792.381000,1465103793.057230,1465103798.058565,1465103798.136000
948,1465103792.381000,1465103793.077203,1465103798.079646,1465103798.174000
949,1465103792.381000,1465103793.076883,1465103798.078739,1465103798.173000
950,1465103792.381000,1465103793.057198,1465103798.058444,1465103798.138000
951,1465103792.381000,1465103793.352067,1465103798.353491,1465103798.431000
952,1465103792.381000,1465103793.056930,1465103798.071940,1465103798.144000
953,1465103792.381000,1465103793.072177,1465103798.073451,1465103798.153000
954,1465103792.381000,1465103793.059298,1465103798.060561,1465103798.139000
955,1465103792.382000,1465103793.313006,1465103798.314219,1465103798.415000
956,1465103792.383000,1465103793.078091,1465103798.091324,1465103798.179000
957,1465103792.383000,1465103793.091516,1465103798.093630,1465103798.181000
958,1465103792.383000,1465103793.094916,1465103798.097143,1465103798.184000
959,1465103792.384000,1465103793.028707,1465103798.030017,1465103798.116000
960,1465103792.384000,1465103793.048609,1465103798.049844,1465103798.117000
961,1465103792.384000,1465103793.408123,1465103798.409404,1465103798.486000
962,1465103792.384000,1465103793.076782,1465103798.078050,1465103798.165000
963,1465103792.384000,1465103793.103884,1465103798.105040,1465103798.172000
964,1465103792.384000,1465103793.096745,1465103798.107292,1465103798.186000
965,1465103792.384000,1465103793.330209,1465103798.331535,1465103798.405000
966,1465103792.385000,1465103793.077144,1465103798.078539,1465103798.179000
967,1465103792.385000,1465103793.061521,1465103798.062689,1465103798.148000
968,1465103792.385000,1465103793.079155,1465103798.081191,1465103798.172000
969,1465103792.385000,1465103793.308138,1465103798.309589,1465103798.410000
970,1465103792.385000,1465103793.080995,1465103798.082235,1465103798.174000
971,1465103792.385000,1465103793.071455,1465103798.072658,1465103798.167000
972,1465103792.386000,1465103793.100904,1465103798.102113,1465103798.178000
973,1465103792.386000,1465103793.101307,1465103798.102537,1465103798.181000
974,1465103792.386000,1465103793.096016,1465103798.097751,1465103798.177000
975,1465103792.386000,1465103793.097738,1465103798.098913,1465103798.166000
976,1465103792.386000,1465103793.375602,1465103798.377474,1465103798.453000
977,1465103792.387000,1465103793.090804,1465103798.092046,1465103798.169000
978,1465103792.387000,1465103793.093955,1465103798.113854,1465103798.201000
979,1465103792.387000,1465103793.081792,1465103798.083132,1465103798.170000
980,1465103792.387000,1465103793.348153,1465103798.349380,1465103798.426000
981,1465103792.387000,1465103793.079497,1465103798.080728,1465103798.161000
982,1465103792.388000,1465103793.108331,1465103798.109694,1465103798.182000
983,1465103792.388000,1465103793.054387,1465103798.055642,1465103798.133000
984,1465103792.388000,1465103793.099341,1465103798.100598,1465103798.188000
985,1465103792.388000,1465103793.372804,1465103798.374128,1465103798.452000
986,1465103792.388000,1465103793.346045,1465103798.347315,1465103798.436000
987,1465103792.389000,1465103793.095516,1465103798.111659,1465103798.203000
988,1465103792.390000,1465103793.063453,1465103798.064626,1465103798.142000
989,1465103792.390000,1465103793.084131,1465103798.085413,1465103798.163000
990,1465103792.390000,1465103793.042238,1465103798.047108,1465103798.126000
991,1465103792.390000,1465103793.391807,1465103798.392994,1465103798.470000
992,1465103792.391000,0.000000,0.000000,0.000000
993,1465103792.392000,1465103793.088353,1465103798.089609,1465103798.181000
994,1465103792.392000,1465103793.091911,1465103798.093136,1465103798.170000
995,1465103792.392000,1465103793.047173,1465103798.067005,1465103798.146000
996,1465103792.392000,1465103793.106023,1465103798.107471,1465103798.185000
997,1465103792.392000,1465103793.401775,1465103798.402936,1465103798.480000
998,1465103792.394000,1465103793.071445,1465103798.072722,1465103798.155000
999,1465103792.395000,1465103793.343907,1465103798.345203,1465103798.426000
