0,1465104386.908000,1465104387.536389,1465104392.538023,1465104392.641000
1,1465104386.908000,1465104387.606849,1465104392.608094,1465104392.688000
2,1465104386.907000,1465104387.637326,1465104392.638543,1465104392.728000
3,1465104386.908000,1465104387.562309,1465104392.563637,1465104392.650000
4,1465104386.908000,1465104387.845999,1465104392.847139,1465104392.929000
5,1465104386.908000,1465104387.620403,1465104392.621947,1465104392.697000
6,1465104386.908000,1465104387.622118,1465104392.623761,1465104392.703000
7,1465104386.908000,1465104387.668807,1465104392.670177,1465104392.740000
8,1465104386.908000,1465104387.839058,1465104392.840281,1465104392.927000
9,1465104386.908000,1465104387.636521,1465104392.637745,1465104392.710000
10,1465104386.908000,1465104387.615377,1465104392.616673,1465104392.695000
11,1465104386.908000,1465104387.604529,1465104392.606249,1465104392.687000
12,1465104386.908000,1465104387.588007,1465104392.589280,1465104392.669000
13,1465104386.908000,1465104387.594453,1465104392.595593,1465104392.673000
14,1465104386.908000,1465104387.585971,1465104392.587438,1465104392.673000
15,1465104386.908000,1465104387.598541,1465104392.603502,1465104392.706000
16,1465104386.908000,1465104387.555892,1465104392.557126,1465104392.639000
17,1465104386.908000,1465104387.660198,1465104392.662026,1465104392.733000
18,1465104386.908000,1465104387.538881,1465104392.540338,1465104392.623000
19,1465104386.908000,1465104389.392920,1465104394.394572,1465104394.469000
20,1465104386.908000,1465104387.604091,1465104392.605383,1465104392.695000
21,1465104386.908000,1465104387.589030,1465104392.590527,1465104392.661000
22,1465104386.908000,1465104387.586077,1465104392.587307,1465104392.665000
23,1465104386.909000,1465104387.642230,1465104392.643527,1465104392.722000
24,1465104386.909000,1465104387.541164,1465104392.542710,1465104392.622000
25,1465104386.909000,1465104387.572095,1465104392.573410,1465104392.676000
26,1465104386.909000,1465104387.557007,1465104392.559172,1465104392.649000
27,1465104386.909000,1465104387.559079,1465104392.560385,1465104392.638000
28,1465104386.909000,1465104387.614707,1465104392.616663,1465104392.689000
29,1465104386.910000,1465104387.567496,1465104392.568726,1465104392.651000
30,1465104386.910000,1465104387.649322,1465104392.650600,1465104392.732000
31,1465104386.910000,1465104387.613057,1465104392.614790,1465104392.687000
32,1465104386.911000,1465104387.596182,1465104392.597743,1465104392.678000
33,1465104386.911000,1465104387.652501,1465104392.654259,1465104392.733000
34,1465104386.911000,1465104387.624609,1465104392.625782,1465104392.708000
35,1465104386.911000,1465104387.868555,1465104392.869781,1465104392.946000
36,1465104386.911000,1465104387.627882,1465104392.629392,1465104392.715000
37,1465104386.911000,1465104387.560758,1465104392.561929,1465104392.644000
38,1465104386.911000,1465104387.557972,1465104392.559357,1465104392.649000
39,1465104386.911000,1465104387.567966,1465104392.569283,1465104392.648000
40,1465104386.912000,1465104387.593013,1465104392.594292,1465104392.672000
41,1465104386.913000,1465104387.674961,1465104392.683519,1465104392.771000
42,1465104386.913000,1465104387.893954,1465104392.895137,1465104392.968000
43,1465104386.914000,1465104387.577335,1465104392.578932,1465104392.639000
44,1465104386.914000,1465104387.874798,1465104392.876811,1465104392.966000
45,1465104386.914000,1465104387.545193,1465104392.546740,1465104392.636000
46,1465104386.914000,1465104387.646863,1465104392.648232,1465104392.707000
47,1465104386.914000,1465104387.617081,1465104392.618316,1465104392.704000
48,1465104386.914000,1465104387.579127,1465104392.580322,1465104392.658000
49,1465104386.914000,1465104387.618792,1465104392.619995,1465104392.709000
50,1465104386.914000,1465104387.581517,1465104392.582988,1465104392.661000
51,1465104386.915000,1465104387.608773,1465104392.610071,1465104392.713000
52,1465104386.914000,1465104387.639230,1465104392.640422,1465104392.730000
53,1465104386.915000,1465104387.546405,1465104392.547637,1465104392.645000
54,1465104386.915000,1465104387.631925,1465104392.633089,1465104392.710000
55,1465104386.915000,1465104387.600913,1465104392.602201,1465104392.681000
56,1465104386.915000,1465104387.622770,1465104392.623974,1465104392.696000
57,1465104386.915000,1465104387.545297,1465104392.546948,1465104392.632000
58,1465104386.915000,1465104387.620392,1465104392.621676,1465104392.705000
59,1465104386.915000,1465104387.928559,1465104392.929839,1465104393.004000
60,1465104386.915000,1465104387.684841,1465104392.686211,1465104392.765000
61,1465104386.916000,1465104387.941717,1465104392.942927,1465104393.029000
62,1465104386.918000,1465104387.621415,1465104392.623019,1465104392.729000
63,1465104386.918000,1465104387.622484,1465104392.623751,1465104392.704000
64,1465104386.918000,1465104387.864490,1465104392.865642,1465104392.940000
65,1465104386.918000,1465104387.639512,1465104392.640723,1465104392.726000
66,1465104386.921000,1465104387.608622,1465104392.610703,1465104392.696000
67,1465104386.921000,1465104387.852907,1465104392.854130,1465104392.943000
68,1465104386.921000,1465104387.950546,1465104392.951900,1465104393.031000
69,1465104386.921000,1465104387.555081,1465104392.556624,1465104392.634000
70,1465104386.921000,1465104387.612019,1465104392.613623,1465104392.692000
71,1465104386.921000,1465104387.892182,1465104392.893430,1465104392.982000
72,1465104386.921000,1465104387.598197,1465104392.600179,1465104392.703000
73,1465104386.921000,1465104387.560310,1465104392.561942,1465104392.642000
74,1465104386.921000,1465104387.589102,1465104392.590416,1465104392.671000
75,1465104386.921000,1465104387.848094,1465104392.849323,1465104392.928000
76,1465104386.921000,0.000000,0.000000,0.000000
77,1465104386.921000,1465104387.600792,1465104392.602021,1465104392.699000
78,1465104386.921000,1465104387.618280,1465104392.619550,1465104392.692000
79,1465104386.921000,0.000000,0.000000,0.000000
80,1465104386.921000,1465104387.534056,1465104392.535590,1465104392.625000
81,1465104386.921000,1465104387.606990,1465104392.608301,1465104392.695000
82,1465104386.921000,0.000000,0.000000,0.000000
83,1465104386.922000,1465104387.648094,1465104392.657867,1465104392.739000
84,1465104386.922000,1465104387.578838,1465104392.580093,1465104392.640000
85,1465104386.922000,1465104387.580309,1465104392.581556,1465104392.679000
86,1465104386.922000,1465104387.635333,1465104392.643073,1465104392.731000
87,1465104386.922000,1465104387.883862,1465104392.885182,1465104392.959000
88,1465104386.922000,1465104387.599446,1465104392.600947,1465104392.685000
89,1465104386.922000,1465104389.397722,1465104394.399173,1465104394.476000
90,1465104386.922000,1465104387.660368,1465104392.661601,1465104392.742000
91,1465104386.922000,1465104387.925370,1465104392.926610,1465104393.014000
92,1465104386.922000,1465104387.590130,1465104392.591392,1465104392.672000
93,1465104386.922000,1465104387.600329,1465104392.601549,1465104392.678000
94,1465104386.922000,1465104387.647864,1465104392.649078,1465104392.736000
95,1465104386.922000,1465104387.875148,1465104392.876479,1465104392.947000
96,1465104386.922000,1465104387.662551,1465104392.663810,1465104392.744000
97,1465104386.922000,1465104387.649398,1465104392.650947,1465104392.729000
98,1465104386.922000,0.000000,0.000000,0.000000
99,1465104386.922000,0.000000,0.000000,0.000000
100,1465104386.923000,1465104387.885224,1465104392.886405,1465104392.971000
101,1465104386.923000,1465104387.912642,1465104392.913890,1465104392.994000
102,1465104386.923000,1465104387.889521,1465104392.890814,1465104392.972000
103,1465104386.923000,1465104387.891277,1465104392.892951,1465104392.968000
104,1465104386.923000,1465104387.591913,1465104392.593108,1465104392.676000
105,1465104386.923000,1465104387.593224,1465104392.594456,1465104392.683000
106,1465104386.923000,0.000000,0.000000,0.000000
107,1465104386.923000,1465104387.936262,1465104392.937489,1465104393.034000
108,1465104386.923000,1465104387.548750,1465104392.550185,1465104392.649000
109,1465104386.923000,1465104387.638319,1465104392.640000,1465104392.714000
110,1465104386.923000,1465104387.573577,1465104392.574753,1465104392.657000
111,1465104386.923000,1465104387.615639,1465104392.625285,1465104392.697000
112,1465104386.923000,1465104387.693479,1465104392.694732,1465104392.775000
113,1465104386.923000,1465104387.916274,1465104392.917481,1465104392.998000
114,1465104386.924000,1465104387.879307,1465104392.880494,1465104392.957000
115,1465104386.924000,1465104387.597641,1465104392.598800,1465104392.684000
116,1465104386.924000,1465104387.622675,1465104392.623938,1465104392.713000
117,1465104386.925000,1465104387.645806,1465104392.648925,1465104392.739000
118,1465104386.926000,1465104387.847622,1465104392.849321,1465104392.928000
119,1465104386.929000,1465104387.890263,1465104392.891514,1465104392.979000
120,1465104386.935000,1465104387.574994,1465104392.576486,1465104392.662000
121,1465104386.935000,1465104387.661543,1465104392.662886,1465104392.741000
122,1465104386.935000,1465104387.622717,1465104392.623903,1465104392.684000
123,1465104386.935000,1465104389.396411,1465104394.397941,1465104394.477000
124,1465104386.935000,1465104387.616395,1465104392.617585,1465104392.696000
125,1465104386.935000,1465104387.680835,1465104392.683816,1465104392.763000
126,1465104386.935000,1465104387.965116,1465104392.966722,1465104393.047000
127,1465104386.935000,1465104387.644212,1465104392.645459,1465104392.730000
128,1465104386.935000,1465104387.854674,1465104392.856136,1465104392.936000
129,1465104386.936000,1465104387.664405,1465104392.665713,1465104392.763000
130,1465104386.936000,1465104387.930718,1465104392.931929,1465104393.013000
131,1465104386.936000,1465104387.872619,1465104392.874110,1465104392.949000
132,1465104386.936000,1465104387.907345,1465104392.908507,1465104392.979000
133,1465104386.936000,1465104389.405159,1465104394.406654,1465104394.479000
134,1465104386.936000,1465104387.659380,1465104392.660706,1465104392.735000
135,1465104386.936000,1465104387.601206,1465104392.602431,1465104392.673000
136,1465104386.936000,1465104387.896049,1465104392.897244,1465104392.977000
137,1465104386.936000,1465104387.527940,1465104392.529414,1465104392.628000
138,1465104386.936000,1465104387.556244,1465104392.558046,1465104392.637000
139,1465104386.936000,1465104387.677972,1465104392.679258,1465104392.768000
140,1465104386.936000,1465104387.590394,1465104392.591652,1465104392.672000
141,1465104386.936000,1465104387.844194,1465104392.845502,1465104392.928000
142,1465104386.936000,1465104387.652547,1465104392.653716,1465104392.726000
143,1465104386.936000,1465104387.883930,1465104392.885246,1465104392.966000
144,1465104386.937000,0.000000,0.000000,0.000000
145,1465104386.937000,1465104389.407722,1465104394.409075,1465104394.483000
146,1465104386.937000,1465104387.679182,1465104392.681045,1465104392.769000
147,1465104386.937000,0.000000,0.000000,0.000000
148,1465104386.937000,1465104387.931643,1465104392.933062,1465104393.021000
149,1465104386.939000,1465104387.664859,1465104392.666085,1465104392.725000
150,1465104386.939000,1465104387.609096,1465104392.610484,1465104392.696000
151,1465104386.939000,1465104387.611872,1465104392.613172,1465104392.698000
152,1465104386.939000,1465104387.544146,1465104392.545464,1465104392.634000
153,1465104386.939000,0.000000,0.000000,0.000000
154,1465104386.940000,1465104387.598835,1465104392.601264,1465104392.671000
155,1465104386.940000,1465104387.875182,1465104392.876403,1465104392.964000
156,1465104386.940000,1465104387.656852,1465104392.658701,1465104392.737000
157,1465104386.940000,1465104387.629714,1465104392.630981,1465104392.711000
158,1465104386.940000,1465104387.649448,1465104392.650707,1465104392.729000
159,1465104386.940000,1465104387.673641,1465104392.674802,1465104392.764000
160,1465104386.940000,1465104387.899448,1465104392.900733,1465104392.998000
161,1465104386.940000,1465104387.671213,1465104392.672416,1465104392.744000
162,1465104386.940000,1465104387.610115,1465104392.614266,1465104392.694000
163,1465104386.940000,1465104387.845198,1465104392.846611,1465104392.926000
164,1465104386.940000,1465104389.401654,1465104394.403296,1465104394.484000
165,1465104386.940000,1465104387.898643,1465104392.899967,1465104392.975000
166,1465104386.941000,1465104387.921364,1465104392.922611,1465104393.008000
167,1465104386.941000,1465104387.653321,1465104392.668592,1465104392.749000
168,1465104386.941000,1465104387.690446,1465104392.693504,1465104392.772000
169,1465104386.941000,1465104387.689250,1465104392.690492,1465104392.772000
170,1465104386.941000,1465104387.614373,1465104392.616042,1465104392.719000
171,1465104386.941000,1465104387.606579,1465104392.610000,1465104392.695000
172,1465104386.942000,1465104387.939443,1465104392.940639,1465104393.000000
173,1465104386.942000,1465104387.578443,1465104392.579946,1465104392.667000
174,1465104386.942000,1465104387.846060,1465104392.847218,1465104392.932000
175,1465104386.942000,1465104387.638932,1465104392.641081,1465104392.738000
176,1465104386.942000,1465104387.866252,1465104392.883624,1465104392.963000
177,1465104386.942000,1465104387.882180,1465104392.883317,1465104392.971000
178,1465104386.942000,1465104387.865599,1465104392.866976,1465104392.954000
179,1465104386.942000,1465104387.871369,1465104392.872650,1465104392.961000
180,1465104386.942000,1465104387.646031,1465104392.658028,1465104392.747000
181,1465104386.942000,1465104387.610651,1465104392.612144,1465104392.697000
182,1465104386.942000,1465104387.552713,1465104392.554178,1465104392.637000
183,1465104386.942000,1465104387.608291,1465104392.609526,1465104392.708000
184,1465104386.942000,1465104387.696887,1465104392.699297,1465104392.769000
185,1465104386.942000,1465104387.926678,1465104392.927964,1465104393.016000
186,1465104386.942000,1465104387.618328,1465104392.619725,1465104392.705000
187,1465104386.942000,1465104387.655112,1465104392.656551,1465104392.735000
188,1465104386.942000,1465104387.887074,1465104392.888342,1465104392.966000
189,1465104386.942000,1465104387.599604,1465104392.601343,1465104392.681000
190,1465104386.942000,1465104387.609542,1465104392.611490,1465104392.687000
191,1465104386.942000,1465104387.857958,1465104392.859154,1465104392.939000
192,1465104386.942000,1465104387.679949,1465104392.681460,1465104392.767000
193,1465104386.942000,1465104387.875241,1465104392.876747,1465104392.966000
194,1465104386.942000,1465104387.561770,1465104392.562986,1465104392.661000
195,1465104386.942000,1465104387.646398,1465104392.647699,1465104392.737000
196,1465104386.942000,1465104387.921968,1465104392.923180,1465104393.012000
197,1465104386.942000,1465104387.863498,1465104392.864928,1465104392.945000
198,1465104386.942000,1465104387.661306,1465104392.665444,1465104392.737000
199,1465104386.942000,1465104387.898052,1465104392.909899,1465104392.980000
200,1465104386.942000,1465104387.916266,1465104392.917434,1465104393.005000
201,1465104386.942000,1465104387.964209,1465104392.965848,1465104393.047000
202,1465104386.942000,1465104387.914112,1465104392.915289,1465104392.992000
203,1465104386.942000,1465104389.406782,1465104394.408358,1465104394.489000
204,1465104386.942000,1465104387.593223,1465104392.594457,1465104392.682000
205,1465104386.942000,1465104387.580413,1465104392.581881,1465104392.678000
206,1465104386.942000,1465104387.642200,1465104392.651584,1465104392.736000
207,1465104386.942000,1465104387.679535,1465104392.685806,1465104392.771000
208,1465104386.943000,1465104387.897291,1465104392.898461,1465104392.986000
209,1465104386.943000,1465104387.881183,1465104392.882434,1465104392.985000
210,1465104386.943000,1465104387.852918,1465104392.854102,1465104392.928000
211,1465104386.943000,1465104387.861880,1465104392.863397,1465104392.943000
212,1465104386.943000,1465104387.932468,1465104392.934048,1465104393.037000
213,1465104386.943000,1465104387.881019,1465104392.882426,1465104392.963000
214,1465104386.943000,1465104387.640533,1465104392.641928,1465104392.713000
215,1465104386.943000,1465104387.892312,1465104392.893492,1465104392.979000
216,1465104386.943000,1465104387.963175,1465104392.964464,1465104393.038000
217,1465104386.943000,1465104387.929924,1465104392.931385,1465104393.019000
218,1465104386.943000,1465104387.892443,1465104392.893965,1465104392.968000
219,1465104386.943000,1465104387.931833,1465104392.933664,1465104393.038000
220,1465104386.943000,1465104387.578267,1465104392.579532,1465104392.669000
221,1465104386.943000,1465104387.682222,1465104392.683407,1465104392.781000
222,1465104386.943000,1465104387.640162,1465104392.641430,1465104392.701000
223,1465104386.943000,1465104387.613735,1465104392.614994,1465104392.674000
224,1465104386.943000,1465104387.894037,1465104392.895350,1465104392.970000
225,1465104386.943000,1465104387.643219,1465104392.644837,1465104392.730000
226,1465104386.943000,1465104387.558154,1465104392.559515,1465104392.638000
227,1465104386.943000,1465104387.633240,1465104392.634452,1465104392.733000
228,1465104386.943000,1465104387.920676,1465104392.922515,1465104393.002000
229,1465104386.943000,1465104387.908157,1465104392.909419,1465104392.987000
230,1465104386.943000,1465104387.617460,1465104392.618813,1465104392.699000
231,1465104386.943000,1465104387.923596,1465104392.924808,1465104393.002000
232,1465104386.943000,0.000000,0.000000,0.000000
233,1465104386.943000,1465104387.629052,1465104392.630338,1465104392.716000
234,1465104386.943000,1465104387.848563,1465104392.849804,1465104392.935000
235,1465104386.943000,1465104387.635917,1465104392.637181,1465104392.740000
236,1465104386.943000,1465104387.913438,1465104392.914971,1465104393.002000
237,1465104386.943000,1465104387.864372,1465104392.865543,1465104392.943000
238,1465104386.943000,1465104387.687256,1465104392.688568,1465104392.768000
239,1465104386.943000,1465104387.635565,1465104392.636863,1465104392.735000
240,1465104386.943000,1465104387.957217,1465104392.958477,1465104393.018000
241,1465104386.943000,1465104387.643273,1465104392.644428,1465104392.729000
242,1465104386.943000,1465104387.945668,1465104392.947087,1465104393.027000
243,1465104386.943000,1465104387.887564,1465104392.888795,1465104392.991000
244,1465104386.943000,1465104387.894932,1465104392.896231,1465104392.966000
245,1465104386.943000,1465104387.652598,1465104392.653921,1465104392.735000
246,1465104386.943000,1465104387.897924,1465104392.900294,1465104392.976000
247,1465104386.944000,1465104387.611678,1465104392.612911,1465104392.698000
248,1465104386.944000,1465104387.919433,1465104392.920609,1465104392.998000
249,1465104386.944000,1465104387.574937,1465104392.576487,1465104392.656000
250,1465104386.944000,1465104387.611289,1465104392.612789,1465104392.701000
251,1465104386.944000,1465104387.588965,1465104392.590234,1465104392.676000
252,1465104386.944000,1465104389.438032,1465104394.439396,1465104394.520000
253,1465104386.944000,1465104387.966060,1465104392.967432,1465104393.070000
254,1465104386.944000,1465104387.646651,1465104392.647891,1465104392.735000
255,1465104386.944000,1465104387.661346,1465104392.662949,1465104392.737000
256,1465104386.944000,1465104387.925531,1465104392.926781,1465104392.987000
257,1465104386.944000,1465104387.611351,1465104392.614923,1465104392.693000
258,1465104386.944000,1465104387.645075,1465104392.646253,1465104392.745000
259,1465104386.944000,1465104389.409469,1465104394.411113,1465104394.491000
260,1465104386.944000,1465104387.881446,1465104392.882992,1465104392.957000
261,1465104386.944000,1465104387.627915,1465104392.629140,1465104392.709000
262,1465104386.944000,1465104387.852163,1465104392.853403,1465104392.933000
263,1465104386.944000,1465104387.645094,1465104392.646621,1465104392.726000
264,1465104386.944000,1465104387.639982,1465104392.641216,1465104392.729000
265,1465104386.944000,1465104387.888158,1465104392.889463,1465104392.964000
266,1465104386.944000,1465104387.967450,1465104392.968735,1465104393.050000
267,1465104386.944000,1465104387.651093,1465104392.652338,1465104392.742000
268,1465104386.944000,1465104387.651439,1465104392.664113,1465104392.744000
269,1465104386.944000,1465104387.640957,1465104392.642467,1465104392.726000
270,1465104386.944000,1465104387.633682,1465104392.634905,1465104392.707000
271,1465104386.944000,1465104387.854583,1465104392.855889,1465104392.958000
272,1465104386.944000,1465104387.694254,1465104392.696330,1465104392.775000
273,1465104386.944000,1465104387.655900,1465104392.657167,1465104392.737000
274,1465104386.944000,1465104387.619959,1465104392.621125,1465104392.718000
275,1465104386.945000,1465104387.626309,1465104392.627625,1465104392.706000
276,1465104386.945000,1465104387.680569,1465104392.682967,1465104392.763000
277,1465104386.944000,1465104387.891417,1465104392.892639,1465104392.970000
278,1465104386.944000,1465104387.647719,1465104392.649347,1465104392.730000
279,1465104386.945000,1465104387.687393,1465104392.688744,1465104392.762000
280,1465104386.945000,0.000000,0.000000,0.000000
281,1465104386.945000,0.000000,0.000000,0.000000
282,1465104386.945000,1465104387.655132,1465104392.656431,1465104392.731000
283,1465104386.945000,1465104387.686813,1465104392.689513,1465104392.766000
284,1465104386.945000,1465104387.567979,1465104392.569599,1465104392.656000
285,1465104386.945000,1465104387.881806,1465104392.883090,1465104392.969000
286,1465104386.945000,1465104387.628402,1465104392.629695,1465104392.717000
287,1465104386.945000,1465104387.665058,1465104392.666290,1465104392.744000
288,1465104386.945000,1465104387.935910,1465104392.937149,1465104393.015000
289,1465104386.945000,1465104387.850835,1465104392.852307,1465104392.929000
290,1465104386.945000,1465104387.615391,1465104392.623580,1465104392.727000
291,1465104386.945000,1465104387.608444,1465104392.609961,1465104392.688000
292,1465104386.945000,1465104387.859036,1465104392.860248,1465104392.945000
293,1465104386.945000,1465104387.534781,1465104392.536232,1465104392.622000
294,1465104386.945000,1465104387.637497,1465104392.638734,1465104392.720000
295,1465104386.945000,1465104387.897746,1465104392.899582,1465104392.969000
296,1465104386.945000,1465104389.399461,1465104394.400918,1465104394.497000
297,1465104386.945000,1465104387.893170,1465104392.894782,1465104392.975000
298,1465104386.945000,1465104387.877554,1465104392.878858,1465104392.950000
299,1465104386.945000,1465104387.864006,1465104392.865186,1465104392.964000
300,1465104386.945000,1465104387.837311,1465104392.838717,1465104392.925000
301,1465104386.945000,1465104387.905675,1465104392.906981,1465104392.996000
302,1465104386.945000,1465104387.633912,1465104392.635202,1465104392.713000
303,1465104386.945000,1465104387.857714,1465104392.858905,1465104392.937000
304,1465104386.946000,1465104387.609075,1465104392.610649,1465104392.690000
305,1465104386.950000,1465104387.696460,1465104392.697650,1465104392.772000
306,1465104386.959000,1465104387.874660,1465104392.875917,1465104392.973000
307,1465104386.971000,1465104387.610318,1465104392.611649,1465104392.709000
308,1465104386.973000,1465104387.682221,1465104392.688603,1465104392.769000
309,1465104386.974000,1465104387.602581,1465104392.603738,1465104392.681000
310,1465104386.974000,1465104387.635704,1465104392.636886,1465104392.716000
311,1465104386.974000,1465104387.643516,1465104392.644709,1465104392.742000
312,1465104386.974000,1465104387.641127,1465104392.642278,1465104392.741000
313,1465104386.974000,1465104387.887553,1465104392.889002,1465104392.965000
314,1465104386.974000,1465104389.407866,1465104394.409354,1465104394.489000
315,1465104386.974000,1465104387.598730,1465104392.600461,1465104392.670000
316,1465104386.974000,0.000000,0.000000,0.000000
317,1465104386.974000,1465104387.617243,1465104392.618532,1465104392.708000
318,1465104386.974000,1465104387.662002,1465104392.663387,1465104392.744000
319,1465104386.974000,1465104387.644330,1465104392.657818,1465104392.747000
320,1465104386.974000,1465104387.920697,1465104392.922061,1465104392.982000
321,1465104386.974000,1465104387.626239,1465104392.627448,1465104392.701000
322,1465104386.974000,1465104387.646840,1465104392.648188,1465104392.732000
323,1465104386.974000,1465104387.640842,1465104392.642269,1465104392.723000
324,1465104386.974000,1465104387.583299,1465104392.584850,1465104392.665000
325,1465104386.974000,1465104387.685205,1465104392.686501,1465104392.771000
326,1465104386.974000,1465104387.906968,1465104392.908664,1465104392.988000
327,1465104386.975000,1465104387.639995,1465104392.641514,1465104392.717000
328,1465104386.975000,1465104387.645191,1465104392.646819,1465104392.724000
329,1465104386.976000,1465104387.910051,1465104392.911293,1465104392.985000
330,1465104386.976000,1465104387.641732,1465104392.643540,1465104392.740000
331,1465104386.976000,1465104387.887339,1465104392.888562,1465104392.970000
332,1465104386.977000,1465104387.647718,1465104392.650347,1465104392.731000
333,1465104386.977000,1465104387.631014,1465104392.632595,1465104392.729000
334,1465104386.977000,1465104387.689649,1465104392.691343,1465104392.771000
335,1465104386.977000,1465104387.647853,1465104392.649417,1465104392.738000
336,1465104386.977000,1465104387.647253,1465104392.648502,1465104392.734000
337,1465104386.977000,1465104387.678442,1465104392.680553,1465104392.764000
338,1465104386.977000,1465104387.947820,1465104392.949207,1465104393.030000
339,1465104386.977000,1465104387.638048,1465104392.639858,1465104392.715000
340,1465104386.978000,1465104387.670650,1465104392.686931,1465104392.784000
341,1465104386.978000,1465104387.637213,1465104392.638487,1465104392.718000
342,1465104386.978000,1465104387.663664,1465104392.665035,1465104392.735000
343,1465104386.978000,1465104387.653770,1465104392.654975,1465104392.744000
344,1465104386.978000,1465104387.651640,1465104392.652847,1465104392.738000
345,1465104386.978000,1465104387.922061,1465104392.923257,1465104392.983000
346,1465104386.978000,1465104387.621824,1465104392.623014,1465104392.712000
347,1465104386.978000,1465104387.866964,1465104392.868164,1465104392.955000
348,1465104386.978000,1465104387.883750,1465104392.884955,1465104392.965000
349,1465104386.978000,1465104387.960889,1465104392.962012,1465104393.044000
350,1465104386.978000,1465104387.684990,1465104392.686263,1465104392.773000
351,1465104386.979000,1465104387.615882,1465104392.617115,1465104392.698000
352,1465104386.979000,1465104387.647365,1465104392.649077,1465104392.734000
353,1465104386.979000,1465104387.619595,1465104392.620851,1465104392.706000
354,1465104386.979000,1465104387.682637,1465104392.684160,1465104392.771000
355,1465104386.979000,0.000000,0.000000,0.000000
356,1465104386.979000,1465104387.692572,1465104392.694261,1465104392.774000
357,1465104386.979000,1465104387.645929,1465104392.664107,1465104392.743000
358,1465104386.980000,1465104387.654553,1465104392.655767,1465104392.739000
359,1465104386.980000,1465104387.621052,1465104392.623800,1465104392.727000
360,1465104386.980000,1465104387.693345,1465104392.695843,1465104392.773000
361,1465104386.980000,1465104387.644902,1465104392.646394,1465104392.724000
362,1465104386.980000,1465104387.650068,1465104392.651532,1465104392.737000
363,1465104386.980000,1465104387.676485,1465104392.679445,1465104392.767000
364,1465104386.980000,1465104387.651493,1465104392.671017,1465104392.756000
365,1465104386.980000,1465104387.678560,1465104392.680468,1465104392.765000
366,1465104386.981000,1465104387.639096,1465104392.640424,1465104392.726000
367,1465104386.981000,1465104387.646393,1465104392.655028,1465104392.752000
368,1465104386.981000,1465104387.628133,1465104392.629512,1465104392.727000
369,1465104386.981000,1465104387.684828,1465104392.687210,1465104392.767000
370,1465104386.982000,1465104387.691124,1465104392.692864,1465104392.763000
371,1465104386.982000,1465104387.609612,1465104392.610857,1465104392.691000
372,1465104386.982000,1465104387.692319,1465104392.697772,1465104392.775000
373,1465104386.982000,1465104387.928437,1465104392.930135,1465104393.010000
374,1465104386.982000,1465104387.676266,1465104392.678232,1465104392.763000
375,1465104386.982000,1465104387.646254,1465104392.647512,1465104392.726000
376,1465104386.982000,1465104387.611739,1465104392.613710,1465104392.716000
377,1465104386.982000,1465104387.615828,1465104392.617165,1465104392.702000
378,1465104386.982000,1465104387.654939,1465104392.656240,1465104392.741000
379,1465104386.982000,1465104387.651250,1465104392.652647,1465104392.738000
380,1465104386.982000,1465104387.653439,1465104392.655399,1465104392.733000
381,1465104386.982000,1465104387.657096,1465104392.658343,1465104392.744000
382,1465104386.982000,1465104387.660747,1465104392.666859,1465104392.747000
383,1465104386.982000,1465104387.645900,1465104392.655071,1465104392.733000
384,1465104386.982000,1465104387.676957,1465104392.678184,1465104392.763000
385,1465104386.983000,1465104387.654913,1465104392.656080,1465104392.734000
386,1465104386.983000,1465104387.640952,1465104392.642241,1465104392.736000
387,1465104386.983000,1465104387.660802,1465104392.662217,1465104392.740000
388,1465104386.983000,1465104387.660943,1465104392.663242,1465104392.736000
389,1465104386.983000,1465104387.931050,1465104392.944263,1465104393.032000
390,1465104386.983000,1465104387.642941,1465104392.647457,1465104392.736000
391,1465104386.983000,1465104387.611758,1465104392.612920,1465104392.710000
392,1465104386.983000,1465104387.637765,1465104392.640262,1465104392.738000
393,1465104386.984000,1465104387.623907,1465104392.625096,1465104392.724000
394,1465104386.984000,1465104387.609678,1465104392.611417,1465104392.691000
395,1465104386.985000,1465104387.909179,1465104392.910351,1465104392.995000
396,1465104386.985000,1465104387.668178,1465104392.669403,1465104392.768000
397,1465104386.985000,1465104387.630832,1465104392.632048,1465104392.711000
398,1465104386.985000,1465104387.879599,1465104392.880717,1465104392.966000
399,1465104386.985000,1465104387.659615,1465104392.660816,1465104392.741000
400,1465104386.985000,1465104387.693448,1465104392.704198,1465104392.774000
401,1465104386.985000,1465104387.640092,1465104392.641318,1465104392.726000
402,1465104386.985000,1465104387.694870,1465104392.697796,1465104392.767000
403,1465104386.985000,1465104387.681170,1465104392.682373,1465104392.764000
404,1465104386.986000,1465104387.629924,1465104392.631313,1465104392.730000
405,1465104386.986000,1465104389.412794,1465104394.414071,1465104394.494000
406,1465104386.986000,1465104387.629678,1465104392.631054,1465104392.729000
407,1465104386.986000,1465104387.950785,1465104392.952325,1465104393.028000
408,1465104386.986000,1465104387.601742,1465104392.602981,1465104392.684000
409,1465104386.986000,1465104387.669840,1465104392.671024,1465104392.742000
410,1465104386.986000,1465104387.965466,1465104392.983720,1465104393.087000
411,1465104386.986000,1465104387.653520,1465104392.654873,1465104392.742000
412,1465104386.986000,1465104387.661847,1465104392.663093,1465104392.741000
413,1465104386.987000,1465104387.914215,1465104392.915472,1465104392.993000
414,1465104386.987000,1465104387.614890,1465104392.617367,1465104392.720000
415,1465104386.987000,1465104387.889374,1465104392.890685,1465104392.968000
416,1465104386.988000,1465104387.899399,1465104392.900605,1465104392.971000
417,1465104386.988000,1465104387.654697,1465104392.656248,1465104392.737000
418,1465104386.988000,1465104387.625940,1465104392.627160,1465104392.712000
419,1465104386.988000,1465104387.937162,1465104392.938549,1465104393.020000
420,1465104386.988000,1465104387.691907,1465104392.698468,1465104392.776000
421,1465104386.989000,1465104387.635526,1465104392.636748,1465104392.724000
422,1465104386.989000,1465104387.650680,1465104392.651953,1465104392.733000
423,1465104386.989000,1465104387.694020,1465104392.697000,1465104392.774000
424,1465104386.989000,1465104387.678358,1465104392.685371,1465104392.770000
425,1465104386.989000,1465104387.940493,1465104392.941680,1465104393.027000
426,1465104386.990000,1465104387.686114,1465104392.687546,1465104392.773000
427,1465104386.990000,1465104387.685811,1465104392.687349,1465104392.766000
428,1465104386.990000,1465104387.939634,1465104392.940775,1465104393.028000
429,1465104386.990000,1465104387.618158,1465104392.619378,1465104392.705000
430,1465104386.990000,1465104387.641731,1465104392.643004,1465104392.746000
431,1465104386.991000,1465104387.651093,1465104392.652304,1465104392.741000
432,1465104386.991000,1465104387.692006,1465104392.693205,1465104392.772000
433,1465104386.991000,1465104387.656914,1465104392.658120,1465104392.743000
434,1465104386.991000,1465104387.687522,1465104392.707023,1465104392.786000
435,1465104386.991000,1465104387.655249,1465104392.656628,1465104392.727000
436,1465104386.991000,1465104387.706427,1465104392.709563,1465104392.782000
437,1465104386.991000,1465104387.655435,1465104392.657113,1465104392.739000
438,1465104386.991000,1465104387.695375,1465104392.703484,1465104392.774000
439,1465104386.993000,1465104387.682752,1465104392.684734,1465104392.770000
440,1465104386.993000,1465104387.655088,1465104392.656414,1465104392.734000
441,1465104386.993000,1465104387.683540,1465104392.685594,1465104392.767000
442,1465104386.993000,1465104387.677050,1465104392.678270,1465104392.764000
443,1465104386.993000,1465104387.653505,1465104392.654816,1465104392.740000
444,1465104386.993000,1465104387.636364,1465104392.638622,1465104392.714000
445,1465104386.993000,1465104387.692012,1465104392.693203,1465104392.783000
446,1465104386.993000,1465104387.686782,1465104392.688484,1465104392.767000
447,1465104386.994000,1465104387.639374,1465104392.640629,1465104392.722000
448,1465104386.994000,1465104388.061745,1465104393.063117,1465104393.152000
449,1465104386.994000,1465104387.661038,1465104392.662720,1465104392.734000
450,1465104386.994000,1465104387.889058,1465104392.890510,1465104392.978000
451,1465104386.994000,1465104387.646512,1465104392.647810,1465104392.733000
452,1465104386.994000,1465104387.644915,1465104392.646292,1465104392.731000
453,1465104386.994000,1465104387.681650,1465104392.683977,1465104392.764000
454,1465104386.994000,1465104387.654784,1465104392.655995,1465104392.741000
455,1465104386.995000,1465104387.683113,1465104392.686469,1465104392.772000
456,1465104386.995000,1465104387.685768,1465104392.706305,1465104392.786000
457,1465104386.995000,1465104387.637702,1465104392.639101,1465104392.728000
458,1465104386.995000,1465104387.938273,1465104392.939526,1465104393.042000
459,1465104386.995000,1465104387.659520,1465104392.665911,1465104392.738000
460,1465104386.996000,1465104387.648209,1465104392.649517,1465104392.733000
461,1465104386.996000,1465104387.952257,1465104392.953408,1465104393.031000
462,1465104386.996000,1465104387.636439,1465104392.637836,1465104392.697000
463,1465104386.996000,1465104387.664236,1465104392.666407,1465104392.739000
464,1465104386.996000,1465104387.686999,1465104392.691596,1465104392.772000
465,1465104386.997000,1465104387.663926,1465104392.665116,1465104392.748000
466,1465104386.997000,1465104387.692888,1465104392.698600,1465104392.776000
467,1465104386.997000,1465104387.654239,1465104392.655433,1465104392.740000
468,1465104386.998000,1465104387.642277,1465104392.643819,1465104392.729000
469,1465104386.998000,1465104387.607345,1465104392.609428,1465104392.695000
470,1465104386.998000,1465104387.703011,1465104392.704230,1465104392.765000
471,1465104386.998000,1465104387.676975,1465104392.678620,1465104392.767000
472,1465104386.998000,1465104387.611637,1465104392.623572,1465104392.702000
473,1465104386.998000,1465104387.690456,1465104392.691660,1465104392.769000
474,1465104386.999000,1465104387.683680,1465104392.685236,1465104392.769000
475,1465104386.999000,1465104387.958614,1465104392.959990,1465104393.041000
476,1465104386.999000,1465104387.679819,1465104392.693857,1465104392.779000
477,1465104386.999000,1465104387.652608,1465104392.655124,1465104392.735000
478,1465104386.999000,1465104387.643230,1465104392.645093,1465104392.743000
479,1465104386.999000,1465104387.685683,1465104392.700771,1465104392.776000
480,1465104387.000000,1465104387.657952,1465104392.659747,1465104392.738000
481,1465104387.000000,1465104387.669545,1465104392.671196,1465104392.741000
482,1465104387.000000,1465104387.891239,1465104392.892606,1465104392.965000
483,1465104387.000000,1465104387.961663,1465104392.962866,1465104393.040000
484,1465104387.000000,1465104387.621204,1465104392.622678,1465104392.698000
485,1465104387.001000,1465104387.685033,1465104392.701419,1465104392.777000
486,1465104387.001000,1465104387.703123,1465104392.723660,1465104392.794000
487,1465104387.001000,1465104387.665542,1465104392.666742,1465104392.767000
488,1465104387.001000,1465104387.674377,1465104392.675526,1465104392.774000
489,1465104387.001000,1465104387.705266,1465104392.709384,1465104392.781000
490,1465104387.001000,1465104387.678904,1465104392.685730,1465104392.770000
491,1465104387.001000,1465104387.757640,1465104392.758863,1465104392.833000
492,1465104387.001000,1465104387.679481,1465104392.680939,1465104392.768000
493,1465104387.001000,1465104388.006664,1465104393.007850,1465104393.080000
494,1465104387.001000,1465104387.682890,1465104392.684108,1465104392.772000
495,1465104387.002000,1465104387.714632,1465104392.715847,1465104392.805000
496,1465104387.002000,1465104387.696096,1465104392.697791,1465104392.772000
497,1465104387.002000,1465104387.651526,1465104392.653161,1465104392.739000
498,1465104387.002000,1465104387.843340,1465104392.846261,1465104392.920000
499,1465104387.002000,1465104387.690174,1465104392.691772,1465104392.771000
500,1465104387.002000,1465104387.695700,1465104392.696944,1465104392.783000
501,1465104387.002000,1465104387.747642,1465104392.748798,1465104392.819000
502,1465104387.002000,1465104387.712651,1465104392.714004,1465104392.788000
503,1465104387.002000,1465104387.761683,1465104392.762990,1465104392.850000
504,1465104387.002000,1465104387.620574,1465104392.622251,1465104392.703000
505,1465104387.002000,1465104387.762563,1465104392.763857,1465104392.848000
506,1465104387.002000,1465104387.837530,1465104392.839450,1465104392.919000
507,1465104387.002000,1465104387.691241,1465104392.692384,1465104392.780000
508,1465104387.002000,1465104387.702824,1465104392.703991,1465104392.774000
509,1465104387.002000,1465104387.849409,1465104392.863584,1465104392.934000
510,1465104387.002000,1465104387.759446,1465104392.760625,1465104392.846000
511,1465104387.002000,1465104387.631148,1465104392.632411,1465104392.717000
512,1465104387.002000,1465104387.787035,1465104392.788273,1465104392.866000
513,1465104387.002000,1465104387.699342,1465104392.720775,1465104392.795000
514,1465104387.002000,1465104387.723569,1465104392.724739,1465104392.801000
515,1465104387.002000,1465104387.766230,1465104392.767519,1465104392.841000
516,1465104387.002000,1465104387.771562,1465104392.772767,1465104392.860000
517,1465104387.002000,1465104388.132579,1465104393.133839,1465104393.207000
518,1465104387.002000,1465104387.813234,1465104392.814589,1465104392.890000
519,1465104387.002000,1465104387.779294,1465104392.780504,1465104392.855000
520,1465104387.002000,1465104387.697401,1465104392.698752,1465104392.786000
521,1465104387.003000,1465104387.731602,1465104392.732787,1465104392.803000
522,1465104387.003000,1465104387.696285,1465104392.699385,1465104392.769000
523,1465104387.003000,1465104387.662748,1465104392.663995,1465104392.738000
524,1465104387.003000,1465104387.723603,1465104392.724853,1465104392.803000
525,1465104387.003000,1465104387.690202,1465104392.692408,1465104392.773000
526,1465104387.003000,1465104387.800419,1465104392.801632,1465104392.861000
527,1465104387.003000,1465104387.693574,1465104392.694777,1465104392.775000
528,1465104387.003000,1465104387.704437,1465104392.708466,1465104392.781000
529,1465104387.003000,1465104387.682337,1465104392.683536,1465104392.769000
530,1465104387.003000,1465104387.685728,1465104392.686910,1465104392.768000
531,1465104387.003000,1465104387.818068,1465104392.819327,1465104392.893000
532,1465104387.003000,1465104387.835323,1465104392.836675,1465104392.921000
533,1465104387.003000,1465104387.809309,1465104392.810510,1465104392.880000
534,1465104387.003000,1465104387.694957,1465104392.696488,1465104392.785000
535,1465104387.003000,1465104387.746657,1465104392.749483,1465104392.836000
536,1465104387.003000,1465104387.769170,1465104392.770356,1465104392.848000
537,1465104387.003000,1465104387.677758,1465104392.678906,1465104392.777000
538,1465104387.003000,1465104387.785893,1465104392.787159,1465104392.868000
539,1465104387.003000,1465104387.691554,1465104392.705348,1465104392.783000
540,1465104387.003000,1465104387.645703,1465104392.647192,1465104392.744000
541,1465104387.003000,1465104388.085529,1465104393.086781,1465104393.147000
542,1465104387.003000,1465104387.638811,1465104392.641081,1465104392.739000
543,1465104387.003000,1465104387.645166,1465104392.646522,1465104392.706000
544,1465104387.003000,1465104387.695992,1465104392.697655,1465104392.776000
545,1465104387.003000,1465104387.685634,1465104392.687469,1465104392.763000
546,1465104387.003000,1465104387.701354,1465104392.702626,1465104392.781000
547,1465104387.003000,1465104387.760357,1465104392.761536,1465104392.847000
548,1465104387.004000,1465104387.661798,1465104392.662964,1465104392.761000
549,1465104387.004000,1465104387.692463,1465104392.693894,1465104392.779000
550,1465104387.004000,1465104387.707812,1465104392.708915,1465104392.769000
551,1465104387.004000,1465104387.813662,1465104392.814851,1465104392.889000
552,1465104387.004000,1465104387.656829,1465104392.658440,1465104392.739000
553,1465104387.004000,1465104387.681652,1465104392.682881,1465104392.763000
554,1465104387.004000,1465104387.695105,1465104392.696364,1465104392.769000
555,1465104387.004000,1465104387.622747,1465104392.624600,1465104392.727000
556,1465104387.004000,1465104387.746592,1465104392.750289,1465104392.835000
557,1465104387.004000,1465104387.634737,1465104392.636002,1465104392.724000
558,1465104387.004000,1465104387.679280,1465104392.680532,1465104392.766000
559,1465104387.004000,1465104387.687655,1465104392.689149,1465104392.768000
560,1465104387.004000,1465104387.679754,1465104392.690920,1465104392.771000
561,1465104387.004000,1465104387.733610,1465104392.734837,1465104392.832000
562,1465104387.004000,1465104387.695503,1465104392.700343,1465104392.776000
563,1465104387.004000,1465104387.634219,1465104392.635554,1465104392.714000
564,1465104387.004000,1465104387.684140,1465104392.685404,1465104392.766000
565,1465104387.004000,1465104387.693504,1465104392.695651,1465104392.775000
566,1465104387.004000,1465104387.666240,1465104392.667693,1465104392.743000
567,1465104387.004000,1465104387.657125,1465104392.658310,1465104392.729000
568,1465104387.004000,1465104387.645531,1465104392.651780,1465104392.736000
569,1465104387.004000,1465104387.710038,1465104392.711204,1465104392.797000
570,1465104387.004000,1465104387.659853,1465104392.661295,1465104392.733000
571,1465104387.004000,1465104387.765806,1465104392.767010,1465104392.836000
572,1465104387.004000,1465104387.666940,1465104392.668229,1465104392.766000
573,1465104387.005000,1465104387.661582,1465104392.662904,1465104392.732000
574,1465104387.005000,1465104387.648280,1465104392.649501,1465104392.709000
575,1465104387.005000,1465104387.696933,1465104392.698750,1465104392.778000
576,1465104387.005000,1465104387.693038,1465104392.694261,1465104392.772000
577,1465104387.005000,1465104387.724172,1465104392.725342,1465104392.810000
578,1465104387.005000,1465104387.636981,1465104392.638383,1465104392.726000
579,1465104387.005000,1465104388.011167,1465104393.012382,1465104393.072000
580,1465104387.005000,1465104387.844798,1465104392.846012,1465104392.916000
581,1465104387.005000,1465104387.657509,1465104392.658920,1465104392.735000
582,1465104387.005000,1465104387.693563,1465104392.694835,1465104392.782000
583,1465104387.005000,1465104387.687599,1465104392.689691,1465104392.777000
584,1465104387.005000,1465104387.774210,1465104392.775694,1465104392.851000
585,1465104387.005000,1465104387.682133,1465104392.684385,1465104392.769000
586,1465104387.005000,1465104387.711261,1465104392.712565,1465104392.796000
587,1465104387.005000,1465104387.642972,1465104392.644209,1465104392.724000
588,1465104387.005000,1465104387.709110,1465104392.710276,1465104392.788000
589,1465104387.005000,1465104387.838238,1465104392.839613,1465104392.915000
590,1465104387.005000,1465104387.655671,1465104392.656890,1465104392.736000
591,1465104387.005000,1465104387.659151,1465104392.660814,1465104392.738000
592,1465104387.005000,1465104387.755414,1465104392.756681,1465104392.844000
593,1465104387.005000,1465104387.652543,1465104392.654183,1465104392.739000
594,1465104387.005000,1465104387.697843,1465104392.699212,1465104392.779000
595,1465104387.005000,1465104387.789726,1465104392.791796,1465104392.877000
596,1465104387.005000,1465104387.694196,1465104392.695512,1465104392.770000
597,1465104387.005000,1465104387.689530,1465104392.690867,1465104392.777000
598,1465104387.006000,1465104387.740028,1465104392.741228,1465104392.825000
599,1465104387.006000,1465104387.693646,1465104392.696619,1465104392.774000
600,1465104387.006000,1465104388.030919,1465104393.032298,1465104393.121000
601,1465104387.006000,1465104387.616071,1465104392.617235,1465104392.716000
602,1465104387.006000,1465104387.826938,1465104392.834019,1465104392.919000
603,1465104387.006000,1465104387.723642,1465104392.724950,1465104392.806000
604,1465104387.006000,1465104387.719094,1465104392.720276,1465104392.798000
605,1465104387.006000,1465104388.070312,1465104393.071680,1465104393.142000
606,1465104387.006000,1465104387.732329,1465104392.733572,1465104392.794000
607,1465104387.006000,1465104387.775523,1465104392.776722,1465104392.856000
608,1465104387.006000,1465104387.752248,1465104392.753745,1465104392.829000
609,1465104387.006000,1465104387.740590,1465104392.746175,1465104392.826000
610,1465104387.006000,1465104387.741708,1465104392.742887,1465104392.832000
611,1465104387.006000,1465104387.738527,1465104392.739716,1465104392.820000
612,1465104387.006000,1465104387.796470,1465104392.797668,1465104392.882000
613,1465104387.006000,1465104387.843071,1465104392.844458,1465104392.915000
614,1465104387.006000,1465104387.789351,1465104392.790518,1465104392.865000
615,1465104387.006000,1465104388.011630,1465104393.012903,1465104393.083000
616,1465104387.006000,1465104387.745768,1465104392.747090,1465104392.817000
617,1465104387.006000,1465104387.834037,1465104392.835302,1465104392.914000
618,1465104387.006000,1465104387.744534,1465104392.762126,1465104392.844000
619,1465104387.006000,1465104388.039778,1465104393.041107,1465104393.119000
620,1465104387.006000,1465104387.841121,1465104392.842368,1465104392.915000
621,1465104387.006000,1465104387.722383,1465104392.723541,1465104392.795000
622,1465104387.006000,1465104387.673049,1465104392.674411,1465104392.773000
623,1465104387.007000,1465104387.839327,1465104392.840715,1465104392.915000
624,1465104387.007000,1465104387.764382,1465104392.765738,1465104392.853000
625,1465104387.007000,1465104387.796290,1465104392.797792,1465104392.875000
626,1465104387.007000,1465104387.706460,1465104392.707726,1465104392.797000
627,1465104387.007000,1465104387.756630,1465104392.757892,1465104392.839000
628,1465104387.007000,1465104387.731109,1465104392.732498,1465104392.802000
629,1465104387.007000,1465104387.670584,1465104392.671727,1465104392.769000
630,1465104387.007000,1465104387.776943,1465104392.778209,1465104392.875000
631,1465104387.007000,1465104387.624760,1465104392.626135,1465104392.711000
632,1465104387.007000,1465104387.739748,1465104392.741033,1465104392.823000
633,1465104387.007000,1465104387.682788,1465104392.684860,1465104392.767000
634,1465104387.008000,1465104387.760733,1465104392.761957,1465104392.843000
635,1465104387.008000,1465104387.662397,1465104392.663612,1465104392.742000
636,1465104387.008000,1465104387.641812,1465104392.643025,1465104392.721000
637,1465104387.008000,1465104387.707596,1465104392.708790,1465104392.794000
638,1465104387.008000,1465104387.817843,1465104392.819081,1465104392.897000
639,1465104387.008000,1465104387.813490,1465104392.814835,1465104392.889000
640,1465104387.008000,1465104387.704518,1465104392.705722,1465104392.785000
641,1465104387.008000,1465104387.687008,1465104392.707249,1465104392.788000
642,1465104387.008000,1465104387.663272,1465104392.664503,1465104392.767000
643,1465104387.008000,1465104387.634322,1465104392.635525,1465104392.733000
644,1465104387.008000,1465104387.695686,1465104392.697452,1465104392.773000
645,1465104387.008000,1465104387.646129,1465104392.647313,1465104392.717000
646,1465104387.008000,1465104387.679895,1465104392.698360,1465104392.779000
647,1465104387.008000,1465104387.694189,1465104392.695592,1465104392.768000
648,1465104387.008000,1465104387.639164,1465104392.640436,1465104392.739000
649,1465104387.008000,1465104387.686961,1465104392.688371,1465104392.767000
650,1465104387.008000,1465104387.645315,1465104392.648550,1465104392.737000
651,1465104387.008000,1465104387.721702,1465104392.723056,1465104392.797000
652,1465104387.008000,1465104387.647159,1465104392.649629,1465104392.739000
653,1465104387.008000,1465104387.643842,1465104392.645050,1465104392.732000
654,1465104387.008000,1465104387.747623,1465104392.748820,1465104392.834000
655,1465104387.008000,1465104387.696325,1465104392.706061,1465104392.785000
656,1465104387.008000,1465104387.681150,1465104392.682942,1465104392.768000
657,1465104387.009000,1465104387.688147,1465104392.696216,1465104392.785000
658,1465104387.009000,1465104387.682891,1465104392.684528,1465104392.768000
659,1465104387.009000,1465104387.685002,1465104392.686716,1465104392.772000
660,1465104387.009000,1465104387.628678,1465104392.630198,1465104392.727000
661,1465104387.009000,1465104387.681432,1465104392.682966,1465104392.767000
662,1465104387.009000,1465104387.681159,1465104392.682663,1465104392.769000
663,1465104387.009000,1465104387.603385,1465104392.604621,1465104392.702000
664,1465104387.009000,1465104387.686288,1465104392.687519,1465104392.766000
665,1465104387.009000,1465104387.714008,1465104392.715400,1465104392.795000
666,1465104387.009000,1465104387.647912,1465104392.649348,1465104392.725000
667,1465104387.009000,1465104387.667701,1465104392.668978,1465104392.766000
668,1465104387.009000,1465104387.732999,1465104392.734275,1465104392.815000
669,1465104387.009000,1465104387.658623,1465104392.665429,1465104392.743000
670,1465104387.009000,1465104387.739299,1465104392.740552,1465104392.828000
671,1465104387.009000,1465104387.683945,1465104392.686380,1465104392.765000
672,1465104387.009000,1465104387.664215,1465104392.665855,1465104392.736000
673,1465104387.009000,1465104387.687839,1465104392.689065,1465104392.774000
674,1465104387.009000,1465104387.652468,1465104392.653861,1465104392.738000
675,1465104387.009000,1465104387.695345,1465104392.696984,1465104392.768000
676,1465104387.009000,1465104387.697447,1465104392.699128,1465104392.779000
677,1465104387.009000,1465104387.742436,1465104392.743670,1465104392.821000
678,1465104387.009000,1465104387.695933,1465104392.697589,1465104392.767000
679,1465104387.009000,1465104387.698484,1465104392.699690,1465104392.779000
680,1465104387.009000,1465104387.706774,1465104392.708712,1465104392.780000
681,1465104387.010000,1465104387.644398,1465104392.645759,1465104392.727000
682,1465104387.010000,1465104387.781130,1465104392.782397,1465104392.861000
683,1465104387.010000,1465104387.654975,1465104392.656199,1465104392.742000
684,1465104387.010000,1465104387.788674,1465104392.789944,1465104392.874000
685,1465104387.010000,1465104387.747715,1465104392.748951,1465104392.846000
686,1465104387.010000,1465104387.758531,1465104392.759734,1465104392.840000
687,1465104387.010000,1465104387.820772,1465104392.821974,1465104392.920000
688,1465104387.010000,1465104387.838687,1465104392.840895,1465104392.925000
689,1465104387.010000,1465104387.799134,1465104392.800361,1465104392.881000
690,1465104387.010000,1465104387.678308,1465104392.679616,1465104392.766000
691,1465104387.010000,1465104387.780062,1465104392.781270,1465104392.866000
692,1465104387.010000,1465104387.677285,1465104392.683258,1465104392.771000
693,1465104387.010000,1465104387.747037,1465104392.749729,1465104392.836000
694,1465104387.010000,1465104387.825092,1465104392.826407,1465104392.915000
695,1465104387.010000,1465104387.796142,1465104392.797549,1465104392.883000
696,1465104387.010000,1465104387.745410,1465104392.748877,1465104392.835000
697,1465104387.010000,1465104387.758219,1465104392.759374,1465104392.830000
698,1465104387.010000,1465104387.714543,1465104392.715727,1465104392.790000
699,1465104387.010000,1465104387.714124,1465104392.715418,1465104392.802000
700,1465104387.010000,1465104387.839574,1465104392.840971,1465104392.919000
701,1465104387.010000,0.000000,0.000000,0.000000
702,1465104387.010000,1465104387.720688,1465104392.721930,1465104392.821000
703,1465104387.011000,1465104387.670644,1465104392.672430,1465104392.769000
704,1465104387.011000,1465104388.094739,1465104393.095904,1465104393.174000
705,1465104387.011000,1465104387.771441,1465104392.772650,1465104392.860000
706,1465104387.011000,1465104387.836621,1465104392.838376,1465104392.920000
707,1465104387.011000,1465104387.715801,1465104392.717000,1465104392.803000
708,1465104387.011000,1465104387.708075,1465104392.709311,1465104392.789000
709,1465104387.011000,1465104387.795252,1465104392.811001,1465104392.895000
710,1465104387.011000,1465104387.801026,1465104392.802324,1465104392.890000
711,1465104387.011000,1465104387.834486,1465104392.835725,1465104392.916000
712,1465104387.011000,1465104387.828373,1465104392.829653,1465104392.914000
713,1465104387.011000,1465104387.758381,1465104392.759624,1465104392.839000
714,1465104387.011000,1465104387.770929,1465104392.772128,1465104392.852000
715,1465104387.011000,1465104387.720514,1465104392.733857,1465104392.819000
716,1465104387.011000,1465104387.728608,1465104392.729982,1465104392.815000
717,1465104387.011000,1465104387.787672,1465104392.800259,1465104392.876000
718,1465104387.011000,1465104387.659828,1465104392.661117,1465104392.739000
719,1465104387.011000,1465104387.828810,1465104392.830129,1465104392.920000
720,1465104387.011000,1465104387.840891,1465104392.842349,1465104392.922000
721,1465104387.011000,1465104387.808311,1465104392.809545,1465104392.889000
722,1465104387.011000,1465104387.704230,1465104392.705804,1465104392.791000
723,1465104387.011000,1465104387.739230,1465104392.754210,1465104392.834000
724,1465104387.011000,1465104387.806448,1465104392.808110,1465104392.883000
725,1465104387.011000,1465104387.634451,1465104392.635854,1465104392.716000
726,1465104387.011000,1465104387.641730,1465104392.643541,1465104392.740000
727,1465104387.011000,1465104387.646437,1465104392.647622,1465104392.733000
728,1465104387.011000,1465104387.777110,1465104392.778327,1465104392.866000
729,1465104387.012000,1465104388.091591,1465104393.092812,1465104393.173000
730,1465104387.012000,1465104387.699205,1465104392.700444,1465104392.771000
731,1465104387.012000,1465104387.782180,1465104392.783378,1465104392.854000
732,1465104387.012000,1465104387.723355,1465104392.724608,1465104392.808000
733,1465104387.012000,1465104388.039543,1465104393.041295,1465104393.116000
734,1465104387.012000,1465104387.692871,1465104392.694059,1465104392.779000
735,1465104387.012000,1465104387.834450,1465104392.836030,1465104392.925000
736,1465104387.012000,1465104387.705764,1465104392.707845,1465104392.779000
737,1465104387.012000,1465104387.715895,1465104392.717158,1465104392.792000
738,1465104387.012000,1465104387.745012,1465104392.746417,1465104392.829000
739,1465104387.012000,0.000000,0.000000,0.000000
740,1465104387.015000,1465104387.706047,1465104392.707242,1465104392.785000
741,1465104387.015000,1465104387.683115,1465104392.684720,1465104392.770000
742,1465104387.017000,1465104387.689170,1465104392.690591,1465104392.768000
743,1465104387.028000,1465104387.697249,1465104392.698537,1465104392.779000
744,1465104387.057000,1465104387.728103,1465104392.729482,1465104392.815000
745,1465104387.063000,1465104387.794076,1465104392.795246,1465104392.874000
746,1465104387.063000,1465104387.815151,1465104392.816368,1465104392.887000
747,1465104387.063000,1465104387.837852,1465104392.841539,1465104392.926000
748,1465104387.063000,1465104387.844912,1465104392.846120,1465104392.917000
749,1465104387.063000,1465104387.841873,1465104392.843120,1465104392.922000
750,1465104387.063000,1465104387.757209,1465104392.758677,1465104392.858000
751,1465104387.063000,1465104387.716333,1465104392.717518,1465104392.797000
752,1465104387.063000,1465104387.769798,1465104392.771221,1465104392.857000
753,1465104387.063000,1465104387.757849,1465104392.759214,1465104392.844000
754,1465104387.064000,1465104387.714921,1465104392.716175,1465104392.814000
755,1465104387.066000,1465104388.114982,1465104393.116203,1465104393.175000
756,1465104387.066000,1465104387.795379,1465104392.796772,1465104392.884000
757,1465104387.067000,1465104387.769331,1465104392.770984,1465104392.858000
758,1465104387.067000,1465104387.829862,1465104392.831120,1465104392.916000
759,1465104387.067000,1465104388.065379,1465104393.066670,1465104393.156000
760,1465104387.067000,1465104387.712150,1465104392.713412,1465104392.792000
761,1465104387.067000,1465104387.834328,1465104392.835605,1465104392.916000
762,1465104387.067000,1465104388.070636,1465104393.072078,1465104393.147000
763,1465104387.067000,1465104387.840425,1465104392.842284,1465104392.917000
764,1465104387.068000,1465104387.819376,1465104392.820743,1465104392.919000
765,1465104387.068000,1465104387.691849,1465104392.693444,1465104392.773000
766,1465104387.068000,1465104387.785656,1465104392.786847,1465104392.864000
767,1465104387.068000,1465104387.780283,1465104392.781496,1465104392.862000
768,1465104387.068000,0.000000,0.000000,0.000000
769,1465104387.068000,1465104387.849154,1465104392.850409,1465104392.922000
770,1465104387.069000,1465104387.804886,1465104392.806080,1465104392.896000
771,1465104387.069000,1465104387.789682,1465104392.805887,1465104392.891000
772,1465104387.069000,1465104387.691712,1465104392.705294,1465104392.783000
773,1465104387.069000,1465104387.749567,1465104392.750732,1465104392.821000
774,1465104387.069000,1465104387.712808,1465104392.714214,1465104392.788000
775,1465104387.069000,1465104387.757883,1465104392.759093,1465104392.856000
776,1465104387.069000,1465104387.737406,1465104392.738724,1465104392.809000
777,1465104387.070000,1465104388.095555,1465104393.113616,1465104393.193000
778,1465104387.070000,1465104387.843592,1465104392.848526,1465104392.928000
779,1465104387.070000,0.000000,0.000000,0.000000
780,1465104387.070000,1465104387.835324,1465104392.838688,1465104392.918000
781,1465104387.071000,1465104387.804890,1465104392.806042,1465104392.878000
782,1465104387.071000,1465104387.796428,1465104392.797911,1465104392.877000
783,1465104387.071000,1465104387.758797,1465104392.760060,1465104392.848000
784,1465104387.071000,1465104387.696782,1465104392.698074,1465104392.778000
785,1465104387.072000,1465104387.785008,1465104392.786367,1465104392.865000
786,1465104387.072000,1465104387.734073,1465104392.735287,1465104392.810000
787,1465104387.072000,1465104387.798337,1465104392.799482,1465104392.882000
788,1465104387.072000,1465104387.716967,1465104392.718213,1465104392.805000
789,1465104387.072000,1465104387.842780,1465104392.844154,1465104392.922000
790,1465104387.072000,1465104387.832098,1465104392.833381,1465104392.919000
791,1465104387.072000,1465104387.839240,1465104392.841431,1465104392.925000
792,1465104387.072000,1465104387.755483,1465104392.756724,1465104392.826000
793,1465104387.073000,1465104388.123562,1465104393.124745,1465104393.213000
794,1465104387.073000,1465104387.732537,1465104392.733734,1465104392.814000
795,1465104387.073000,1465104387.852172,1465104392.853469,1465104392.928000
796,1465104387.073000,1465104387.793155,1465104392.794445,1465104392.875000
797,1465104387.073000,1465104387.856019,1465104392.857201,1465104392.928000
798,1465104387.073000,1465104387.850538,1465104392.853415,1465104392.927000
799,1465104387.074000,1465104387.787211,1465104392.788394,1465104392.876000
800,1465104387.074000,1465104387.836892,1465104392.838897,1465104392.921000
801,1465104387.075000,1465104387.829438,1465104392.830707,1465104392.890000
802,1465104387.075000,1465104387.846325,1465104392.847618,1465104392.927000
803,1465104387.075000,1465104387.771889,1465104392.773210,1465104392.861000
804,1465104387.075000,1465104387.817335,1465104392.818538,1465104392.915000
805,1465104387.075000,1465104387.808781,1465104392.809995,1465104392.887000
806,1465104387.076000,1465104387.838733,1465104392.840262,1465104392.920000
807,1465104387.076000,1465104387.760448,1465104392.761751,1465104392.848000
808,1465104387.076000,1465104387.781948,1465104392.783197,1465104392.863000
809,1465104387.076000,1465104387.745733,1465104392.747089,1465104392.826000
810,1465104387.076000,1465104387.802846,1465104392.804018,1465104392.892000
811,1465104387.076000,1465104387.769385,1465104392.770610,1465104392.856000
812,1465104387.076000,1465104388.106991,1465104393.108402,1465104393.188000
813,1465104387.076000,1465104387.838991,1465104392.840392,1465104392.920000
814,1465104387.076000,1465104387.765801,1465104392.767004,1465104392.855000
815,1465104387.077000,1465104387.864460,1465104392.865705,1465104392.925000
816,1465104387.077000,1465104387.803688,1465104392.804875,1465104392.887000
817,1465104387.077000,1465104387.794938,1465104392.796321,1465104392.867000
818,1465104387.077000,1465104387.758907,1465104392.760108,1465104392.859000
819,1465104387.077000,1465104388.139667,1465104393.141064,1465104393.220000
820,1465104387.077000,1465104387.833652,1465104392.834871,1465104392.916000
821,1465104387.077000,1465104387.753680,1465104392.754999,1465104392.825000
822,1465104387.077000,1465104387.823845,1465104392.825045,1465104392.912000
823,1465104387.077000,1465104388.113884,1465104393.116164,1465104393.205000
824,1465104387.078000,1465104388.086761,1465104393.088209,1465104393.169000
825,1465104387.078000,1465104387.809244,1465104392.810494,1465104392.885000
826,1465104387.078000,1465104387.785185,1465104392.786615,1465104392.875000
827,1465104387.078000,1465104387.844740,1465104392.846568,1465104392.927000
828,1465104387.078000,1465104387.796733,1465104392.798014,1465104392.885000
829,1465104387.078000,1465104388.046943,1465104393.048181,1465104393.126000
830,1465104387.079000,1465104387.840389,1465104392.841888,1465104392.921000
831,1465104387.080000,1465104388.080693,1465104393.082313,1465104393.160000
832,1465104387.081000,1465104387.776241,1465104392.777423,1465104392.876000
833,1465104387.081000,1465104387.776767,1465104392.778057,1465104392.852000
834,1465104387.081000,1465104387.842873,1465104392.844356,1465104392.925000
835,1465104387.081000,1465104387.758182,1465104392.759403,1465104392.819000
836,1465104387.081000,1465104388.031572,1465104393.032803,1465104393.136000
837,1465104387.081000,1465104387.767321,1465104392.768705,1465104392.850000
838,1465104387.081000,1465104387.775238,1465104392.776516,1465104392.857000
839,1465104387.081000,1465104387.747568,1465104392.748854,1465104392.828000
840,1465104387.081000,1465104387.800973,1465104392.802255,1465104392.883000
841,1465104387.081000,1465104387.841275,1465104392.842471,1465104392.920000
842,1465104387.082000,1465104387.777885,1465104392.779147,1465104392.869000
843,1465104387.082000,1465104388.031920,1465104393.033548,1465104393.114000
844,1465104387.082000,1465104387.842355,1465104392.843620,1465104392.922000
845,1465104387.082000,1465104387.832349,1465104392.834250,1465104392.923000
846,1465104387.082000,1465104387.835603,1465104392.836784,1465104392.926000
847,1465104387.083000,1465104387.843581,1465104392.845885,1465104392.925000
848,1465104387.083000,1465104387.706155,1465104392.707385,1465104392.793000
849,1465104387.083000,1465104388.070364,1465104393.071904,1465104393.146000
850,1465104387.083000,1465104387.819561,1465104392.820901,1465104392.892000
851,1465104387.083000,1465104387.730048,1465104392.731285,1465104392.809000
852,1465104387.083000,1465104388.089057,1465104393.090420,1465104393.189000
853,1465104387.083000,1465104387.832097,1465104392.833305,1465104392.915000
854,1465104387.083000,1465104387.829284,1465104392.830886,1465104392.916000
855,1465104387.083000,1465104387.830004,1465104392.831236,1465104392.917000
856,1465104387.083000,1465104387.772300,1465104392.773505,1465104392.855000
857,1465104387.083000,1465104387.729759,1465104392.731224,1465104392.801000
858,1465104387.083000,1465104387.839708,1465104392.840950,1465104392.915000
859,1465104387.083000,0.000000,0.000000,0.000000
860,1465104387.083000,1465104387.836570,1465104392.839359,1465104392.927000
861,1465104387.084000,1465104387.826418,1465104392.834182,1465104392.919000
862,1465104387.084000,1465104387.733480,1465104392.734697,1465104392.822000
863,1465104387.084000,1465104388.085376,1465104393.086830,1465104393.167000
864,1465104387.085000,1465104387.789894,1465104392.791086,1465104392.861000
865,1465104387.085000,1465104387.778464,1465104392.779660,1465104392.865000
866,1465104387.085000,1465104388.105399,1465104393.107107,1465104393.187000
867,1465104387.085000,1465104387.832224,1465104392.833952,1465104392.914000
868,1465104387.085000,1465104387.783716,1465104392.785558,1465104392.874000
869,1465104387.085000,1465104388.107973,1465104393.109399,1465104393.188000
870,1465104387.086000,1465104387.843123,1465104392.844318,1465104392.929000
871,1465104387.086000,1465104387.833140,1465104392.834560,1465104392.915000
872,1465104387.086000,1465104387.842213,1465104392.857221,1465104392.932000
873,1465104387.086000,1465104387.843447,1465104392.857316,1465104392.932000
874,1465104387.086000,1465104387.833154,1465104392.834476,1465104392.920000
875,1465104387.086000,1465104387.797212,1465104392.798710,1465104392.878000
876,1465104387.087000,1465104387.804997,1465104392.806299,1465104392.879000
877,1465104387.087000,1465104387.840907,1465104392.842108,1465104392.927000
878,1465104387.087000,1465104388.039682,1465104393.040889,1465104393.137000
879,1465104387.087000,1465104387.764422,1465104392.765679,1465104392.846000
880,1465104387.087000,1465104387.749159,1465104392.750338,1465104392.836000
881,1465104387.087000,1465104387.832168,1465104392.833414,1465104392.920000
882,1465104387.087000,1465104388.104069,1465104393.107003,1465104393.204000
883,1465104387.088000,1465104387.804059,1465104392.805230,1465104392.879000
884,1465104387.088000,1465104388.091237,1465104393.092663,1465104393.167000
885,1465104387.088000,1465104387.837265,1465104392.838524,1465104392.916000
886,1465104387.089000,1465104387.785543,1465104392.786854,1465104392.876000
887,1465104387.090000,1465104387.844334,1465104392.845841,1465104392.926000
888,1465104387.090000,1465104387.830365,1465104392.831603,1465104392.921000
889,1465104387.090000,1465104387.846650,1465104392.848726,1465104392.924000
890,1465104387.090000,1465104387.751491,1465104392.753041,1465104392.841000
891,1465104387.091000,1465104387.762776,1465104392.763953,1465104392.839000
892,1465104387.091000,1465104387.840322,1465104392.842124,1465104392.922000
893,1465104387.092000,1465104387.786790,1465104392.788006,1465104392.858000
894,1465104387.092000,1465104388.131152,1465104393.132854,1465104393.213000
895,1465104387.093000,1465104387.765129,1465104392.766325,1465104392.846000
896,1465104387.093000,1465104387.830230,1465104392.831519,1465104392.917000
897,1465104387.093000,1465104388.080388,1465104393.082313,1465104393.159000
898,1465104387.093000,1465104387.848024,1465104392.849463,1465104392.924000
899,1465104387.093000,1465104387.791328,1465104392.792556,1465104392.875000
900,1465104387.093000,1465104387.850661,1465104392.852457,1465104392.930000
901,1465104387.093000,1465104387.758408,1465104392.759611,1465104392.847000
902,1465104387.094000,1465104387.844801,1465104392.858279,1465104392.934000
903,1465104387.094000,1465104387.751455,1465104392.752738,1465104392.842000
904,1465104387.094000,1465104387.792286,1465104392.793399,1465104392.883000
905,1465104387.095000,1465104387.792712,1465104392.793946,1465104392.874000
906,1465104387.095000,1465104388.104571,1465104393.105814,1465104393.186000
907,1465104387.095000,1465104387.794266,1465104392.795438,1465104392.878000
908,1465104387.096000,1465104388.054700,1465104393.055996,1465104393.115000
909,1465104387.096000,1465104387.842503,1465104392.843687,1465104392.922000
910,1465104387.096000,1465104388.071423,1465104393.072679,1465104393.152000
911,1465104387.096000,1465104388.096427,1465104393.097839,1465104393.173000
912,1465104387.096000,1465104387.829964,1465104392.831689,1465104392.920000
913,1465104387.096000,1465104388.108946,1465104393.110252,1465104393.184000
914,1465104387.096000,1465104387.845032,1465104392.847725,1465104392.928000
915,1465104387.096000,1465104387.788442,1465104392.789714,1465104392.892000
916,1465104387.096000,1465104387.774906,1465104392.776258,1465104392.855000
917,1465104387.097000,1465104388.094105,1465104393.095445,1465104393.170000
918,1465104387.097000,1465104387.842449,1465104392.854256,1465104392.932000
919,1465104387.097000,1465104387.753367,1465104392.754598,1465104392.843000
920,1465104387.097000,1465104387.840322,1465104392.842124,1465104392.921000
921,1465104387.098000,1465104388.048589,1465104393.049814,1465104393.135000
922,1465104387.098000,1465104387.849885,1465104392.852621,1465104392.927000
923,1465104387.098000,1465104387.835223,1465104392.836939,1465104392.925000
924,1465104387.098000,1465104387.834238,1465104392.835797,1465104392.923000
925,1465104387.098000,1465104387.808096,1465104392.809334,1465104392.887000
926,1465104387.098000,1465104388.130039,1465104393.131252,1465104393.211000
927,1465104387.098000,1465104387.804313,1465104392.805760,1465104392.893000
928,1465104387.098000,1465104388.063273,1465104393.064482,1465104393.136000
929,1465104387.099000,1465104387.837838,1465104392.839241,1465104392.919000
930,1465104387.099000,1465104387.844218,1465104392.847152,1465104392.927000
931,1465104387.099000,1465104387.803348,1465104392.805025,1465104392.880000
932,1465104387.099000,1465104387.839256,1465104392.840400,1465104392.926000
933,1465104387.100000,1465104387.791212,1465104392.792432,1465104392.863000
934,1465104387.100000,1465104388.090866,1465104393.092104,1465104393.180000
935,1465104387.100000,1465104388.067685,1465104393.069282,1465104393.150000
936,1465104387.100000,1465104387.832281,1465104392.833490,1465104392.919000
937,1465104387.100000,1465104387.812262,1465104392.813852,1465104392.888000
938,1465104387.100000,1465104387.844590,1465104392.852116,1465104392.927000
939,1465104387.101000,1465104387.812630,1465104392.813984,1465104392.893000
940,1465104387.101000,1465104387.822562,1465104392.828977,1465104392.900000
941,1465104387.101000,1465104387.824254,1465104392.825417,1465104392.923000
942,1465104387.101000,1465104387.836861,1465104392.838825,1465104392.927000
943,1465104387.101000,1465104387.753183,1465104392.761617,1465104392.843000
944,1465104387.101000,1465104387.700731,1465104392.701906,1465104392.789000
945,1465104387.101000,1465104387.842713,1465104392.847184,1465104392.928000
946,1465104387.101000,1465104387.774480,1465104392.775775,1465104392.855000
947,1465104387.102000,1465104388.096331,1465104393.097525,1465104393.185000
948,1465104387.102000,1465104387.843242,1465104392.845885,1465104392.925000
949,1465104387.102000,1465104387.804513,1465104392.805742,1465104392.891000
950,1465104387.102000,1465104387.810294,1465104392.811556,1465104392.890000
951,1465104387.102000,1465104387.837647,1465104392.838913,1465104392.924000
952,1465104387.102000,1465104387.823094,1465104392.824437,1465104392.896000
953,1465104387.102000,1465104387.832167,1465104392.833407,1465104392.915000
954,1465104387.102000,1465104387.818897,1465104392.820271,1465104392.917000
955,1465104387.102000,1465104387.835181,1465104392.837407,1465104392.916000
956,1465104387.103000,1465104387.834805,1465104392.836048,1465104392.915000
957,1465104387.103000,1465104387.841605,1465104392.843346,1465104392.924000
958,1465104387.103000,1465104387.837006,1465104392.838238,1465104392.928000
959,1465104387.103000,1465104387.790195,1465104392.791734,1465104392.877000
960,1465104387.103000,1465104388.099882,1465104393.101092,1465104393.178000
961,1465104387.103000,1465104387.818095,1465104392.819511,1465104392.917000
962,1465104387.104000,1465104387.849575,1465104392.852711,1465104392.927000
963,1465104387.105000,1465104387.776519,1465104392.777735,1465104392.863000
964,1465104387.105000,1465104387.778234,1465104392.779430,1465104392.864000
965,1465104387.105000,1465104387.778363,1465104392.779645,1465104392.861000
966,1465104387.105000,1465104388.117134,1465104393.118324,1465104393.207000
967,1465104387.105000,1465104387.792561,1465104392.793814,1465104392.882000
968,1465104387.105000,1465104387.836931,1465104392.838104,1465104392.925000
969,1465104387.105000,1465104387.798981,1465104392.800159,1465104392.877000
970,1465104387.105000,1465104387.818268,1465104392.819597,1465104392.922000
971,1465104387.105000,1465104387.845102,1465104392.846646,1465104392.921000
972,1465104387.105000,1465104387.806040,1465104392.807285,1465104392.880000
973,1465104387.105000,1465104387.768349,1465104392.769936,1465104392.846000
974,1465104387.105000,1465104387.828436,1465104392.829704,1465104392.927000
975,1465104387.106000,1465104387.806406,1465104392.807721,1465104392.888000
976,1465104387.106000,1465104387.839304,1465104392.840689,1465104392.920000
977,1465104387.106000,1465104387.845952,1465104392.847161,1465104392.924000
978,1465104387.106000,1465104387.841580,1465104392.842960,1465104392.925000
979,1465104387.107000,1465104388.110611,1465104393.111821,1465104393.211000
980,1465104387.107000,1465104387.744742,1465104392.746163,1465104392.825000
981,1465104387.107000,1465104388.114316,1465104393.116164,1465104393.204000
982,1465104387.107000,1465104388.067247,1465104393.068592,1465104393.156000
983,1465104387.107000,1465104387.801387,1465104392.808985,1465104392.880000
984,1465104387.107000,1465104388.081094,1465104393.082557,1465104393.163000
985,1465104387.107000,1465104387.824806,1465104392.826017,1465104392.896000
986,1465104387.107000,1465104387.757866,1465104392.773881,1465104392.859000
987,1465104387.107000,0.000000,0.000000,0.000000
988,1465104387.107000,1465104388.123629,1465104393.125108,1465104393.199000
989,1465104387.107000,1465104388.089417,1465104393.090730,1465104393.171000
990,1465104387.108000,1465104387.829405,1465104392.831020,1465104392.920000
991,1465104387.108000,1465104387.846475,1465104392.848538,1465104392.928000
992,1465104387.109000,1465104387.729629,1465104392.745390,1465104392.831000
993,1465104387.109000,1465104387.847081,1465104392.848636,1465104392.923000
994,1465104387.109000,1465104387.804683,1465104392.806181,1465104392.882000
995,1465104387.109000,1465104387.837923,1465104392.839965,1465104392.928000
996,1465104387.109000,1465104387.789869,1465104392.791062,1465104392.862000
997,1465104387.109000,1465104387.831790,1465104392.833440,1465104392.920000
998,1465104387.110000,1465104387.831674,1465104392.832854,1465104392.922000
999,1465104387.110000,1465104388.136070,1465104393.137676,1465104393.218000
