0,1465104186.940000,1465104187.593313,1465104192.594963,1465104192.676000
1,1465104186.940000,1465104187.639883,1465104192.641094,1465104192.709000
2,1465104186.940000,1465104187.593833,1465104192.595070,1465104192.665000
3,1465104186.940000,1465104187.626841,1465104192.628216,1465104192.714000
4,1465104186.940000,1465104187.557064,1465104192.558622,1465104192.638000
5,1465104186.940000,1465104187.599564,1465104192.600945,1465104192.698000
6,1465104186.940000,1465104187.908182,1465104192.910375,1465104192.991000
7,1465104186.940000,1465104187.586652,1465104192.588089,1465104192.659000
8,1465104186.941000,1465104187.674841,1465104192.676089,1465104192.756000
9,1465104186.941000,1465104187.579311,1465104192.580772,1465104192.666000
10,1465104186.941000,1465104187.578327,1465104192.579887,1465104192.660000
11,1465104186.941000,1465104187.873216,1465104192.874782,1465104192.953000
12,1465104186.941000,1465104187.882110,1465104192.883281,1465104192.951000
13,1465104186.941000,1465104187.614649,1465104192.616186,1465104192.702000
14,1465104186.941000,1465104189.412631,1465104194.424103,1465104194.510000
15,1465104186.941000,1465104187.693531,1465104192.695085,1465104192.774000
16,1465104186.941000,1465104189.416946,1465104194.418895,1465104194.496000
17,1465104186.941000,1465104187.592339,1465104192.593790,1465104192.672000
18,1465104186.941000,1465104187.634561,1465104192.635764,1465104192.724000
19,1465104186.941000,1465104187.588637,1465104192.590115,1465104192.691000
20,1465104186.941000,1465104187.634185,1465104192.635471,1465104192.727000
21,1465104186.941000,1465104187.922781,1465104192.924196,1465104193.004000
22,1465104186.941000,1465104189.447856,1465104194.449167,1465104194.528000
23,1465104186.941000,1465104187.655152,1465104192.656386,1465104192.737000
24,1465104186.941000,1465104187.671591,1465104192.672833,1465104192.750000
25,1465104186.941000,1465104187.625619,1465104192.627101,1465104192.712000
26,1465104186.943000,1465104187.598677,1465104192.600163,1465104192.680000
27,1465104186.943000,1465104187.673135,1465104192.675050,1465104192.751000
28,1465104186.943000,1465104187.589146,1465104192.590593,1465104192.668000
29,1465104186.943000,1465104189.442206,1465104194.448729,1465104194.529000
30,1465104186.943000,1465104187.867262,1465104192.868477,1465104192.948000
31,1465104186.944000,1465104187.580794,1465104192.582307,1465104192.671000
32,1465104186.944000,1465104187.874575,1465104192.875784,1465104192.953000
33,1465104186.944000,1465104187.656903,1465104192.658229,1465104192.743000
34,1465104186.944000,1465104187.672596,1465104192.673890,1465104192.761000
35,1465104186.944000,1465104187.598608,1465104192.599902,1465104192.686000
36,1465104186.944000,1465104187.652568,1465104192.654239,1465104192.710000
37,1465104186.945000,1465104187.926578,1465104192.927860,1465104193.010000
38,1465104186.945000,1465104187.911510,1465104192.912727,1465104192.997000
39,1465104186.946000,1465104187.902108,1465104192.903341,1465104192.988000
40,1465104186.946000,1465104187.597343,1465104192.598822,1465104192.686000
41,1465104186.947000,1465104187.689745,1465104192.691044,1465104192.776000
42,1465104186.947000,1465104187.650435,1465104192.651634,1465104192.743000
43,1465104186.947000,1465104187.651650,1465104192.652940,1465104192.750000
44,1465104186.947000,1465104187.611551,1465104192.612804,1465104192.690000
45,1465104186.947000,1465104187.628401,1465104192.629749,1465104192.734000
46,1465104186.947000,1465104187.624276,1465104192.625759,1465104192.682000
47,1465104186.948000,1465104187.633337,1465104192.634624,1465104192.722000
48,1465104186.948000,1465104187.959353,1465104192.960578,1465104193.045000
49,1465104186.948000,1465104187.604257,1465104192.605660,1465104192.676000
50,1465104186.948000,1465104187.588199,1465104192.602094,1465104192.680000
51,1465104186.948000,1465104187.938407,1465104192.940393,1465104193.019000
52,1465104186.948000,1465104187.881506,1465104192.882681,1465104192.953000
53,1465104186.948000,1465104187.660926,1465104192.662163,1465104192.742000
54,1465104186.948000,1465104187.648954,1465104192.650615,1465104192.731000
55,1465104186.948000,1465104187.585743,1465104192.587022,1465104192.692000
56,1465104186.948000,1465104187.621661,1465104192.622902,1465104192.709000
57,1465104186.948000,1465104187.624830,1465104192.626065,1465104192.712000
58,1465104186.950000,1465104187.910879,1465104192.912108,1465104193.003000
59,1465104186.949000,1465104187.886252,1465104192.904074,1465104192.991000
60,1465104186.950000,1465104187.641514,1465104192.643002,1465104192.723000
61,1465104186.950000,1465104187.612532,1465104192.613718,1465104192.715000
62,1465104186.951000,1465104187.640720,1465104192.655101,1465104192.733000
63,1465104186.951000,1465104187.915203,1465104192.916615,1465104192.996000
64,1465104186.951000,1465104187.847929,1465104192.849162,1465104192.953000
65,1465104186.954000,1465104187.645037,1465104192.646896,1465104192.717000
66,1465104186.955000,1465104187.645374,1465104192.646570,1465104192.715000
67,1465104186.956000,1465104187.927440,1465104192.929087,1465104193.005000
68,1465104186.955000,1465104187.885802,1465104192.887180,1465104192.968000
69,1465104186.956000,1465104187.951855,1465104192.953144,1465104193.039000
70,1465104186.956000,1465104187.643832,1465104192.645183,1465104192.750000
71,1465104186.956000,1465104187.969623,1465104192.970883,1465104193.041000
72,1465104186.956000,1465104187.676103,1465104192.677291,1465104192.755000
73,1465104186.956000,1465104187.608294,1465104192.609720,1465104192.699000
74,1465104186.956000,1465104187.937050,1465104192.938284,1465104193.028000
75,1465104186.956000,1465104187.962915,1465104192.964170,1465104193.037000
76,1465104186.956000,1465104187.616250,1465104192.617749,1465104192.698000
77,1465104186.956000,1465104187.550843,1465104192.552499,1465104192.656000
78,1465104186.956000,1465104187.656378,1465104192.657947,1465104192.715000
79,1465104186.956000,1465104187.622507,1465104192.624220,1465104192.699000
80,1465104186.956000,1465104187.653871,1465104192.655027,1465104192.752000
81,1465104186.956000,1465104187.988934,1465104192.990250,1465104193.071000
82,1465104186.956000,1465104187.892924,1465104192.894569,1465104192.975000
83,1465104186.957000,1465104187.582282,1465104192.587054,1465104192.683000
84,1465104186.957000,1465104187.690102,1465104192.691797,1465104192.761000
85,1465104186.957000,1465104187.683701,1465104192.684915,1465104192.741000
86,1465104186.957000,1465104187.636017,1465104192.637253,1465104192.717000
87,1465104186.957000,1465104187.926850,1465104192.928057,1465104193.008000
88,1465104186.957000,1465104187.638072,1465104192.639356,1465104192.707000
89,1465104186.957000,1465104187.923064,1465104192.924221,1465104193.010000
90,1465104186.957000,1465104187.667086,1465104192.668582,1465104192.755000
91,1465104186.957000,1465104187.634303,1465104192.635536,1465104192.732000
92,1465104186.957000,1465104187.681477,1465104192.682771,1465104192.751000
93,1465104186.957000,1465104187.978921,1465104192.980164,1465104193.037000
94,1465104186.957000,1465104187.893303,1465104192.894623,1465104192.981000
95,1465104186.957000,1465104189.398206,1465104194.399731,1465104194.496000
96,1465104186.957000,1465104187.646980,1465104192.648256,1465104192.752000
97,1465104186.957000,1465104187.979023,1465104192.980190,1465104193.050000
98,1465104186.957000,1465104187.582408,1465104192.584150,1465104192.673000
99,1465104186.957000,1465104187.917455,1465104192.918677,1465104193.004000
100,1465104186.957000,1465104187.630778,1465104192.631996,1465104192.712000
101,1465104186.957000,1465104187.690727,1465104192.692294,1465104192.771000
102,1465104186.957000,1465104187.957713,1465104192.959180,1465104193.035000
103,1465104186.957000,1465104187.882271,1465104192.883571,1465104192.953000
104,1465104186.957000,1465104187.630128,1465104192.631676,1465104192.700000
105,1465104186.957000,1465104187.615169,1465104192.616504,1465104192.696000
106,1465104186.957000,1465104187.864845,1465104192.866101,1465104192.957000
107,1465104186.957000,1465104187.623614,1465104192.641643,1465104192.698000
108,1465104186.958000,1465104187.635920,1465104192.646991,1465104192.728000
109,1465104186.958000,1465104187.916848,1465104192.918155,1465104192.999000
110,1465104186.958000,1465104187.631239,1465104192.632536,1465104192.710000
111,1465104186.958000,1465104187.627684,1465104192.629274,1465104192.710000
112,1465104186.960000,1465104187.612450,1465104192.613964,1465104192.701000
113,1465104186.962000,1465104187.887084,1465104192.888392,1465104192.967000
114,1465104186.964000,1465104187.879104,1465104192.880302,1465104192.959000
115,1465104186.966000,1465104187.623824,1465104192.625071,1465104192.715000
116,1465104186.967000,1465104187.687028,1465104192.688839,1465104192.777000
117,1465104186.967000,1465104187.916495,1465104192.917819,1465104193.007000
118,1465104186.968000,1465104187.664833,1465104192.666112,1465104192.743000
119,1465104186.968000,1465104187.658760,1465104192.660025,1465104192.716000
120,1465104186.968000,1465104187.947492,1465104192.948662,1465104193.019000
121,1465104186.968000,1465104187.633217,1465104192.634504,1465104192.720000
122,1465104186.968000,1465104187.657181,1465104192.658428,1465104192.726000
123,1465104186.968000,1465104187.651430,1465104192.652812,1465104192.738000
124,1465104186.968000,1465104187.921693,1465104192.922943,1465104193.010000
125,1465104186.968000,1465104187.607037,1465104192.608684,1465104192.695000
126,1465104186.968000,1465104187.972747,1465104192.973989,1465104193.045000
127,1465104186.969000,1465104187.932046,1465104192.933327,1465104193.013000
128,1465104186.970000,1465104187.962865,1465104192.964208,1465104193.060000
129,1465104186.970000,1465104187.937417,1465104192.938636,1465104193.008000
130,1465104186.970000,0.000000,0.000000,0.000000
131,1465104186.970000,1465104187.677537,1465104192.678997,1465104192.747000
132,1465104186.970000,1465104187.680769,1465104192.691200,1465104192.772000
133,1465104186.970000,1465104187.591950,1465104192.593205,1465104192.674000
134,1465104186.970000,1465104187.937957,1465104192.939197,1465104193.025000
135,1465104186.970000,1465104187.903159,1465104192.904357,1465104192.990000
136,1465104186.970000,1465104187.675247,1465104192.676706,1465104192.752000
137,1465104186.970000,1465104187.920591,1465104192.922463,1465104193.004000
138,1465104186.970000,1465104189.431000,1465104194.432662,1465104194.511000
139,1465104186.970000,1465104187.651660,1465104192.652874,1465104192.741000
140,1465104186.970000,0.000000,0.000000,0.000000
141,1465104186.971000,1465104187.900817,1465104192.902495,1465104192.983000
142,1465104186.971000,1465104187.946368,1465104192.947590,1465104193.038000
143,1465104186.971000,1465104187.604090,1465104192.605370,1465104192.686000
144,1465104186.972000,1465104187.642005,1465104192.643205,1465104192.724000
145,1465104186.972000,1465104187.947055,1465104192.948412,1465104193.029000
146,1465104186.972000,1465104187.649827,1465104192.651304,1465104192.732000
147,1465104186.972000,1465104187.625008,1465104192.626281,1465104192.715000
148,1465104186.972000,1465104187.915550,1465104192.917217,1465104192.998000
149,1465104186.972000,1465104187.702846,1465104192.704032,1465104192.774000
150,1465104186.972000,1465104187.624255,1465104192.625506,1465104192.715000
151,1465104186.972000,1465104187.915773,1465104192.916946,1465104193.013000
152,1465104186.972000,1465104187.618585,1465104192.619956,1465104192.708000
153,1465104186.972000,1465104187.923764,1465104192.925012,1465104193.011000
154,1465104186.973000,1465104187.578761,1465104192.580325,1465104192.666000
155,1465104186.973000,1465104187.615875,1465104192.617112,1465104192.695000
156,1465104186.973000,1465104187.689490,1465104192.690918,1465104192.764000
157,1465104186.973000,1465104189.465541,1465104194.467035,1465104194.540000
158,1465104186.973000,1465104187.673429,1465104192.674612,1465104192.731000
159,1465104186.974000,1465104187.645906,1465104192.647183,1465104192.732000
160,1465104186.974000,1465104187.972389,1465104192.973664,1465104193.059000
161,1465104186.974000,1465104189.440483,1465104194.441735,1465104194.520000
162,1465104186.974000,1465104187.889246,1465104192.890375,1465104192.986000
163,1465104186.974000,1465104187.711133,1465104192.712312,1465104192.769000
164,1465104186.974000,1465104187.909721,1465104192.911041,1465104192.996000
165,1465104186.974000,1465104187.629745,1465104192.631020,1465104192.720000
166,1465104186.974000,1465104187.619486,1465104192.620749,1465104192.717000
167,1465104186.975000,1465104187.884391,1465104192.885571,1465104192.971000
168,1465104186.975000,1465104187.660429,1465104192.661645,1465104192.739000
169,1465104186.975000,1465104187.656604,1465104192.657849,1465104192.745000
170,1465104186.975000,1465104187.628136,1465104192.629445,1465104192.707000
171,1465104186.975000,1465104187.676751,1465104192.678252,1465104192.749000
172,1465104186.975000,1465104187.978854,1465104192.992011,1465104193.066000
173,1465104186.975000,1465104187.643859,1465104192.645132,1465104192.725000
174,1465104186.975000,1465104187.984991,1465104192.986161,1465104193.057000
175,1465104186.975000,1465104187.915147,1465104192.918399,1465104192.994000
176,1465104186.975000,1465104187.936634,1465104192.937980,1465104193.025000
177,1465104186.975000,1465104187.702047,1465104192.703420,1465104192.780000
178,1465104186.975000,1465104187.701207,1465104192.702700,1465104192.782000
179,1465104186.975000,1465104187.889662,1465104192.890872,1465104192.970000
180,1465104186.975000,1465104187.629700,1465104192.630985,1465104192.716000
181,1465104186.975000,1465104187.942631,1465104192.943917,1465104193.029000
182,1465104186.975000,1465104187.921391,1465104192.922636,1465104193.009000
183,1465104186.975000,1465104187.938184,1465104192.939452,1465104193.028000
184,1465104186.975000,1465104187.974521,1465104192.976081,1465104193.051000
185,1465104186.975000,1465104187.973110,1465104192.975423,1465104193.051000
186,1465104186.975000,1465104187.962253,1465104192.969886,1465104193.038000
187,1465104186.975000,1465104187.680920,1465104192.682537,1465104192.762000
188,1465104186.975000,1465104187.995166,1465104192.996431,1465104193.075000
189,1465104186.975000,1465104187.931197,1465104192.932421,1465104192.989000
190,1465104186.975000,1465104187.896416,1465104192.897660,1465104193.002000
191,1465104186.975000,1465104187.875522,1465104192.876781,1465104192.957000
192,1465104186.976000,1465104187.693142,1465104192.694518,1465104192.776000
193,1465104186.976000,1465104187.638896,1465104192.640180,1465104192.728000
194,1465104186.976000,1465104187.682835,1465104192.684144,1465104192.759000
195,1465104186.976000,1465104187.911717,1465104192.912942,1465104192.992000
196,1465104186.976000,1465104187.673962,1465104192.675329,1465104192.759000
197,1465104186.976000,1465104187.700022,1465104192.701540,1465104192.788000
198,1465104186.976000,1465104187.890610,1465104192.891842,1465104192.974000
199,1465104186.976000,1465104187.677860,1465104192.694798,1465104192.774000
200,1465104186.976000,1465104187.932171,1465104192.933499,1465104193.013000
201,1465104186.976000,1465104187.945736,1465104192.947104,1465104193.030000
202,1465104186.976000,1465104187.626183,1465104192.627443,1465104192.708000
203,1465104186.976000,1465104187.668292,1465104192.669481,1465104192.747000
204,1465104186.976000,1465104187.668429,1465104192.686337,1465104192.767000
205,1465104186.976000,1465104187.623070,1465104192.624284,1465104192.725000
206,1465104186.976000,1465104187.648794,1465104192.650543,1465104192.732000
207,1465104186.976000,1465104187.939671,1465104192.940968,1465104193.022000
208,1465104186.976000,1465104187.880911,1465104192.882159,1465104192.968000
209,1465104186.976000,1465104187.934456,1465104192.936075,1465104193.025000
210,1465104186.976000,1465104187.634074,1465104192.635351,1465104192.724000
211,1465104186.976000,1465104187.668188,1465104192.670669,1465104192.751000
212,1465104186.976000,1465104189.448379,1465104194.449672,1465104194.536000
213,1465104186.976000,1465104187.941831,1465104192.943044,1465104193.039000
214,1465104186.976000,1465104187.955743,1465104192.957354,1465104193.037000
215,1465104186.976000,1465104187.954459,1465104192.956143,1465104193.027000
216,1465104186.976000,1465104187.924483,1465104192.925786,1465104193.005000
217,1465104186.976000,1465104187.647497,1465104192.648794,1465104192.726000
218,1465104186.976000,1465104187.671135,1465104192.673946,1465104192.754000
219,1465104186.976000,1465104187.918197,1465104192.919403,1465104193.008000
220,1465104186.976000,1465104187.912858,1465104192.914104,1465104192.995000
221,1465104186.976000,1465104187.929277,1465104192.930651,1465104193.008000
222,1465104186.976000,1465104187.636284,1465104192.637606,1465104192.695000
223,1465104186.977000,1465104187.894011,1465104192.895356,1465104192.991000
224,1465104186.977000,1465104187.577784,1465104192.579140,1465104192.683000
225,1465104186.977000,1465104187.893962,1465104192.895440,1465104192.981000
226,1465104186.977000,1465104187.916000,1465104192.917717,1465104192.993000
227,1465104186.977000,0.000000,0.000000,0.000000
228,1465104186.977000,1465104187.628721,1465104192.629933,1465104192.716000
229,1465104186.977000,1465104187.958894,1465104192.960177,1465104193.049000
230,1465104186.977000,1465104189.455818,1465104194.457011,1465104194.543000
231,1465104186.977000,1465104187.619928,1465104192.621192,1465104192.699000
232,1465104186.977000,1465104187.568446,1465104192.569933,1465104192.661000
233,1465104186.977000,1465104187.631550,1465104192.632912,1465104192.722000
234,1465104186.977000,1465104187.911468,1465104192.912950,1465104193.017000
235,1465104186.977000,1465104187.968603,1465104192.969889,1465104193.051000
236,1465104186.977000,1465104187.955489,1465104192.957085,1465104193.027000
237,1465104186.977000,1465104187.670363,1465104192.671703,1465104192.762000
238,1465104186.977000,1465104187.698118,1465104192.699630,1465104192.774000
239,1465104186.977000,1465104187.692326,1465104192.703297,1465104192.794000
240,1465104186.977000,1465104187.640789,1465104192.655130,1465104192.756000
241,1465104186.977000,1465104187.936008,1465104192.937486,1465104193.017000
242,1465104186.977000,1465104187.912503,1465104192.913906,1465104193.018000
243,1465104186.977000,1465104187.650168,1465104192.651679,1465104192.722000
244,1465104186.977000,1465104187.990165,1465104192.991452,1465104193.071000
245,1465104186.977000,1465104187.669595,1465104192.670752,1465104192.741000
246,1465104186.977000,1465104187.650361,1465104192.651992,1465104192.741000
247,1465104186.977000,1465104187.634561,1465104192.635727,1465104192.722000
248,1465104186.977000,1465104187.609714,1465104192.611000,1465104192.701000
249,1465104186.977000,1465104187.715912,1465104192.717162,1465104192.796000
250,1465104186.977000,1465104187.674113,1465104192.675345,1465104192.761000
251,1465104186.977000,1465104189.441366,1465104194.442831,1465104194.513000
252,1465104186.977000,1465104187.682517,1465104192.683950,1465104192.759000
253,1465104186.977000,1465104187.661118,1465104192.662590,1465104192.736000
254,1465104186.977000,1465104187.898160,1465104192.899382,1465104192.981000
255,1465104186.977000,1465104187.649935,1465104192.654156,1465104192.733000
256,1465104186.978000,1465104187.679288,1465104192.680895,1465104192.760000
257,1465104186.978000,1465104187.901618,1465104192.902784,1465104192.985000
258,1465104186.978000,1465104187.947396,1465104192.948648,1465104193.031000
259,1465104186.978000,1465104187.684668,1465104192.685906,1465104192.754000
260,1465104186.978000,0.000000,0.000000,0.000000
261,1465104186.978000,1465104187.908626,1465104192.909963,1465104192.980000
262,1465104186.978000,1465104187.675337,1465104192.676960,1465104192.766000
263,1465104186.978000,1465104187.873971,1465104192.875563,1465104192.955000
264,1465104186.978000,1465104187.656153,1465104192.657587,1465104192.725000
265,1465104186.978000,1465104187.660112,1465104192.662183,1465104192.767000
266,1465104186.978000,1465104187.901796,1465104192.903088,1465104192.981000
267,1465104186.978000,1465104187.926992,1465104192.932623,1465104193.017000
268,1465104186.978000,1465104187.633548,1465104192.640780,1465104192.716000
269,1465104186.978000,1465104187.893545,1465104192.894797,1465104192.982000
270,1465104186.978000,1465104187.634355,1465104192.635659,1465104192.740000
271,1465104186.978000,1465104187.911797,1465104192.913124,1465104192.998000
272,1465104186.978000,1465104187.628555,1465104192.629799,1465104192.716000
273,1465104186.978000,1465104187.655025,1465104192.656210,1465104192.736000
274,1465104186.979000,1465104187.951815,1465104192.952992,1465104193.044000
275,1465104186.979000,1465104187.687663,1465104192.689445,1465104192.778000
276,1465104186.979000,1465104187.644661,1465104192.645936,1465104192.727000
277,1465104186.979000,1465104187.656347,1465104192.657893,1465104192.747000
278,1465104186.979000,1465104187.654953,1465104192.656291,1465104192.774000
279,1465104186.981000,1465104187.939244,1465104192.940763,1465104193.037000
280,1465104186.983000,1465104187.647372,1465104192.648955,1465104192.719000
281,1465104187.000000,1465104187.638478,1465104192.640578,1465104192.742000
282,1465104187.003000,1465104187.684501,1465104192.685745,1465104192.771000
283,1465104187.003000,1465104187.676432,1465104192.677731,1465104192.766000
284,1465104187.003000,1465104187.732511,1465104192.733919,1465104192.819000
285,1465104187.003000,1465104187.687794,1465104192.688915,1465104192.745000
286,1465104187.003000,0.000000,0.000000,0.000000
287,1465104187.003000,0.000000,0.000000,0.000000
288,1465104187.004000,1465104187.646117,1465104192.647771,1465104192.718000
289,1465104187.004000,1465104187.692720,1465104192.708804,1465104192.795000
290,1465104187.004000,1465104187.899194,1465104192.900502,1465104192.975000
291,1465104187.004000,1465104187.965777,1465104192.967043,1465104193.036000
292,1465104187.004000,1465104187.937509,1465104192.938774,1465104193.008000
293,1465104187.004000,0.000000,0.000000,0.000000
294,1465104187.004000,1465104187.655720,1465104192.661245,1465104192.718000
295,1465104187.004000,1465104187.671808,1465104192.672992,1465104192.761000
296,1465104187.004000,1465104187.625238,1465104192.626757,1465104192.712000
297,1465104187.004000,1465104187.703504,1465104192.704663,1465104192.800000
298,1465104187.004000,1465104187.982869,1465104192.984094,1465104193.073000
299,1465104187.005000,1465104187.947242,1465104192.948839,1465104193.030000
300,1465104187.006000,1465104187.673642,1465104192.674967,1465104192.779000
301,1465104187.007000,1465104187.685541,1465104192.687237,1465104192.769000
302,1465104187.007000,1465104189.451270,1465104194.460757,1465104194.537000
303,1465104187.007000,1465104187.649450,1465104192.650715,1465104192.729000
304,1465104187.007000,1465104187.968960,1465104192.970182,1465104193.048000
305,1465104187.007000,1465104187.894397,1465104192.895638,1465104192.975000
306,1465104187.007000,1465104187.667577,1465104192.672282,1465104192.752000
307,1465104187.007000,1465104187.961143,1465104192.962457,1465104193.037000
308,1465104187.007000,1465104187.959687,1465104192.961235,1465104193.037000
309,1465104187.007000,1465104187.634439,1465104192.635684,1465104192.722000
310,1465104187.007000,1465104187.682031,1465104192.683344,1465104192.774000
311,1465104187.007000,0.000000,0.000000,0.000000
312,1465104187.007000,1465104189.473702,1465104194.474882,1465104194.544000
313,1465104187.007000,1465104187.699261,1465104192.700473,1465104192.788000
314,1465104187.007000,1465104187.696379,1465104192.697650,1465104192.770000
315,1465104187.007000,1465104187.687430,1465104192.688655,1465104192.769000
316,1465104187.007000,1465104187.599126,1465104192.600302,1465104192.686000
317,1465104187.007000,1465104187.680174,1465104192.682166,1465104192.762000
318,1465104187.007000,1465104187.692169,1465104192.693373,1465104192.772000
319,1465104187.008000,1465104187.667558,1465104192.668801,1465104192.747000
320,1465104187.008000,1465104187.928389,1465104192.929996,1465104193.006000
321,1465104187.009000,1465104187.935025,1465104192.936332,1465104193.010000
322,1465104187.009000,1465104187.916894,1465104192.918187,1465104193.005000
323,1465104187.009000,1465104187.712238,1465104192.713493,1465104192.799000
324,1465104187.009000,1465104187.642364,1465104192.643887,1465104192.720000
325,1465104187.009000,1465104187.962465,1465104192.963756,1465104193.044000
326,1465104187.009000,1465104187.683041,1465104192.687222,1465104192.768000
327,1465104187.009000,1465104187.704692,1465104192.706086,1465104192.774000
328,1465104187.009000,0.000000,0.000000,0.000000
329,1465104187.009000,1465104187.640790,1465104192.641927,1465104192.730000
330,1465104187.009000,1465104187.907564,1465104192.908784,1465104192.991000
331,1465104187.009000,1465104187.936549,1465104192.937836,1465104193.024000
332,1465104187.010000,1465104188.004527,1465104193.005801,1465104193.087000
333,1465104187.010000,1465104187.683419,1465104192.697901,1465104192.778000
334,1465104187.010000,1465104187.680542,1465104192.682001,1465104192.779000
335,1465104187.011000,1465104187.676575,1465104192.679835,1465104192.769000
336,1465104187.011000,1465104187.920551,1465104192.921960,1465104192.998000
337,1465104187.011000,1465104187.679884,1465104192.681314,1465104192.770000
338,1465104187.011000,1465104187.965642,1465104192.966863,1465104193.063000
339,1465104187.011000,1465104187.657222,1465104192.658624,1465104192.734000
340,1465104187.011000,1465104187.678891,1465104192.681539,1465104192.770000
341,1465104187.011000,1465104187.656610,1465104192.657999,1465104192.743000
342,1465104187.011000,1465104187.935867,1465104192.937139,1465104193.041000
343,1465104187.011000,1465104187.671926,1465104192.673249,1465104192.754000
344,1465104187.011000,1465104187.956498,1465104192.957899,1465104193.028000
345,1465104187.011000,1465104187.634888,1465104192.636093,1465104192.737000
346,1465104187.011000,1465104187.636322,1465104192.637560,1465104192.726000
347,1465104187.011000,1465104187.672678,1465104192.673953,1465104192.759000
348,1465104187.011000,1465104187.614990,1465104192.616246,1465104192.702000
349,1465104187.012000,1465104187.601056,1465104192.602629,1465104192.683000
350,1465104187.012000,1465104187.698863,1465104192.700448,1465104192.776000
351,1465104187.012000,1465104187.677124,1465104192.678833,1465104192.764000
352,1465104187.012000,1465104187.648871,1465104192.650142,1465104192.741000
353,1465104187.012000,1465104187.704184,1465104192.705598,1465104192.785000
354,1465104187.012000,1465104187.649190,1465104192.650447,1465104192.736000
355,1465104187.012000,1465104188.005858,1465104193.007110,1465104193.087000
356,1465104187.012000,0.000000,0.000000,0.000000
357,1465104187.013000,1465104187.820755,1465104192.822399,1465104192.910000
358,1465104187.014000,1465104187.921097,1465104192.922326,1465104193.003000
359,1465104187.014000,1465104187.645535,1465104192.646713,1465104192.733000
360,1465104187.014000,1465104187.641550,1465104192.643078,1465104192.720000
361,1465104187.014000,1465104187.914377,1465104192.915949,1465104192.996000
362,1465104187.014000,1465104187.690060,1465104192.695314,1465104192.796000
363,1465104187.014000,1465104187.909866,1465104192.911225,1465104193.000000
364,1465104187.014000,1465104187.670271,1465104192.671856,1465104192.752000
365,1465104187.014000,1465104187.681234,1465104192.701319,1465104192.758000
366,1465104187.014000,1465104187.694350,1465104192.695604,1465104192.776000
367,1465104187.014000,1465104187.668235,1465104192.678017,1465104192.758000
368,1465104187.014000,1465104187.995091,1465104192.996310,1465104193.074000
369,1465104187.014000,1465104187.937152,1465104192.938400,1465104193.017000
370,1465104187.015000,1465104187.635565,1465104192.636755,1465104192.714000
371,1465104187.015000,1465104187.626831,1465104192.628275,1465104192.715000
372,1465104187.015000,1465104187.672668,1465104192.674186,1465104192.755000
373,1465104187.015000,1465104187.667210,1465104192.668792,1465104192.758000
374,1465104187.015000,1465104187.720790,1465104192.721998,1465104192.802000
375,1465104187.015000,1465104187.696550,1465104192.697830,1465104192.786000
376,1465104187.015000,1465104187.964876,1465104192.966879,1465104193.048000
377,1465104187.015000,1465104187.694670,1465104192.697044,1465104192.782000
378,1465104187.015000,1465104187.689157,1465104192.690710,1465104192.771000
379,1465104187.015000,1465104187.928301,1465104192.934708,1465104193.012000
380,1465104187.015000,1465104187.938406,1465104192.954796,1465104193.034000
381,1465104187.015000,1465104187.612271,1465104192.613530,1465104192.705000
382,1465104187.015000,1465104187.654417,1465104192.655781,1465104192.742000
383,1465104187.015000,1465104187.679683,1465104192.685935,1465104192.766000
384,1465104187.016000,1465104188.000184,1465104193.001445,1465104193.090000
385,1465104187.016000,1465104187.661137,1465104192.662552,1465104192.743000
386,1465104187.016000,1465104187.669558,1465104192.670762,1465104192.744000
387,1465104187.016000,1465104187.676569,1465104192.691570,1465104192.777000
388,1465104187.017000,1465104187.906661,1465104192.908036,1465104192.988000
389,1465104187.017000,1465104187.930998,1465104192.932418,1465104193.017000
390,1465104187.017000,1465104187.685074,1465104192.686392,1465104192.767000
391,1465104187.017000,1465104187.950887,1465104192.952083,1465104193.034000
392,1465104187.017000,1465104187.658877,1465104192.660376,1465104192.745000
393,1465104187.018000,1465104187.662845,1465104192.664093,1465104192.752000
394,1465104187.018000,1465104187.686067,1465104192.687547,1465104192.766000
395,1465104187.018000,1465104187.670449,1465104192.671673,1465104192.767000
396,1465104187.018000,1465104189.461920,1465104194.463268,1465104194.560000
397,1465104187.019000,1465104187.672218,1465104192.673407,1465104192.741000
398,1465104187.019000,1465104187.695156,1465104192.705389,1465104192.791000
399,1465104187.019000,1465104187.619697,1465104192.621268,1465104192.710000
400,1465104187.019000,1465104187.711003,1465104192.712307,1465104192.790000
401,1465104187.019000,1465104188.007016,1465104193.008630,1465104193.089000
402,1465104187.019000,1465104187.707619,1465104192.708774,1465104192.777000
403,1465104187.019000,1465104187.654349,1465104192.655899,1465104192.713000
404,1465104187.020000,1465104187.781184,1465104192.782495,1465104192.862000
405,1465104187.020000,1465104189.477952,1465104194.479114,1465104194.550000
406,1465104187.020000,1465104187.718693,1465104192.723476,1465104192.793000
407,1465104187.020000,1465104187.684707,1465104192.686217,1465104192.774000
408,1465104187.020000,1465104187.669653,1465104192.670897,1465104192.757000
409,1465104187.020000,1465104187.688120,1465104192.689613,1465104192.770000
410,1465104187.020000,1465104187.673993,1465104192.675191,1465104192.756000
411,1465104187.021000,1465104187.634257,1465104192.635497,1465104192.716000
412,1465104187.021000,1465104187.650647,1465104192.652407,1465104192.722000
413,1465104187.021000,1465104187.641875,1465104192.643120,1465104192.728000
414,1465104187.021000,1465104187.706050,1465104192.707302,1465104192.794000
415,1465104187.021000,1465104187.690098,1465104192.692281,1465104192.771000
416,1465104187.021000,1465104187.688878,1465104192.690461,1465104192.777000
417,1465104187.022000,0.000000,0.000000,0.000000
418,1465104187.022000,1465104187.673007,1465104192.674873,1465104192.763000
419,1465104187.022000,1465104187.689248,1465104192.690742,1465104192.781000
420,1465104187.022000,1465104187.660317,1465104192.661934,1465104192.766000
421,1465104187.022000,1465104187.702323,1465104192.703888,1465104192.785000
422,1465104187.022000,1465104187.702115,1465104192.703595,1465104192.788000
423,1465104187.022000,1465104187.653999,1465104192.655278,1465104192.745000
424,1465104187.023000,1465104187.703367,1465104192.704547,1465104192.783000
425,1465104187.023000,1465104189.460059,1465104194.461288,1465104194.532000
426,1465104187.023000,1465104187.954025,1465104192.955447,1465104193.032000
427,1465104187.023000,1465104187.688373,1465104192.690140,1465104192.776000
428,1465104187.024000,1465104187.771064,1465104192.772251,1465104192.842000
429,1465104187.024000,1465104187.687142,1465104192.688604,1465104192.786000
430,1465104187.024000,1465104187.713279,1465104192.714665,1465104192.794000
431,1465104187.024000,1465104187.671449,1465104192.672756,1465104192.764000
432,1465104187.024000,1465104187.705034,1465104192.706410,1465104192.785000
433,1465104187.024000,1465104187.687893,1465104192.689230,1465104192.776000
434,1465104187.024000,1465104187.658409,1465104192.659960,1465104192.749000
435,1465104187.024000,1465104187.718242,1465104192.720848,1465104192.801000
436,1465104187.024000,1465104187.687470,1465104192.688924,1465104192.770000
437,1465104187.025000,1465104187.681769,1465104192.683050,1465104192.773000
438,1465104187.025000,1465104187.671670,1465104192.672965,1465104192.777000
439,1465104187.025000,1465104187.687919,1465104192.689124,1465104192.794000
440,1465104187.025000,1465104187.721725,1465104192.723041,1465104192.792000
441,1465104187.026000,1465104187.701747,1465104192.702997,1465104192.789000
442,1465104187.026000,1465104187.656725,1465104192.658040,1465104192.744000
443,1465104187.026000,1465104187.601411,1465104192.602671,1465104192.707000
444,1465104187.026000,1465104187.699694,1465104192.701739,1465104192.788000
445,1465104187.026000,1465104187.654837,1465104192.656011,1465104192.734000
446,1465104187.026000,1465104187.670032,1465104192.671400,1465104192.758000
447,1465104187.026000,1465104187.658699,1465104192.659978,1465104192.738000
448,1465104187.026000,1465104187.663229,1465104192.664411,1465104192.766000
449,1465104187.026000,1465104187.696915,1465104192.698176,1465104192.779000
450,1465104187.027000,1465104187.641884,1465104192.643627,1465104192.723000
451,1465104187.027000,1465104187.668455,1465104192.678017,1465104192.758000
452,1465104187.027000,1465104187.681006,1465104192.682538,1465104192.774000
453,1465104187.027000,1465104187.705035,1465104192.706339,1465104192.785000
454,1465104187.028000,1465104187.703090,1465104192.704305,1465104192.777000
455,1465104187.028000,1465104187.692290,1465104192.693589,1465104192.775000
456,1465104187.028000,1465104187.683425,1465104192.684866,1465104192.782000
457,1465104187.028000,1465104187.693724,1465104192.695128,1465104192.773000
458,1465104187.029000,1465104187.703385,1465104192.704617,1465104192.785000
459,1465104187.029000,1465104187.797438,1465104192.798586,1465104192.876000
460,1465104187.029000,1465104187.926259,1465104192.927495,1465104193.014000
461,1465104187.029000,1465104187.668376,1465104192.669582,1465104192.770000
462,1465104187.030000,1465104187.685830,1465104192.687533,1465104192.776000
463,1465104187.030000,1465104187.925053,1465104192.926352,1465104193.005000
464,1465104187.030000,1465104188.002913,1465104193.004166,1465104193.093000
465,1465104187.030000,1465104187.964544,1465104192.966874,1465104193.047000
466,1465104187.030000,1465104187.720409,1465104192.721952,1465104192.800000
467,1465104187.030000,1465104187.705305,1465104192.706510,1465104192.787000
468,1465104187.030000,1465104187.719958,1465104192.721245,1465104192.801000
469,1465104187.030000,1465104187.987887,1465104192.989190,1465104193.077000
470,1465104187.030000,1465104187.687328,1465104192.688647,1465104192.790000
471,1465104187.031000,1465104187.698158,1465104192.699438,1465104192.756000
472,1465104187.031000,1465104187.703964,1465104192.705370,1465104192.773000
473,1465104187.032000,1465104187.713486,1465104192.714761,1465104192.788000
474,1465104187.032000,1465104187.656290,1465104192.657826,1465104192.740000
475,1465104187.032000,1465104187.697670,1465104192.699076,1465104192.796000
476,1465104187.032000,1465104187.688102,1465104192.689622,1465104192.768000
477,1465104187.032000,1465104187.840541,1465104192.842190,1465104192.923000
478,1465104187.032000,1465104187.831185,1465104192.832706,1465104192.920000
479,1465104187.032000,1465104187.702820,1465104192.704060,1465104192.781000
480,1465104187.033000,1465104187.719961,1465104192.721611,1465104192.797000
481,1465104187.033000,1465104187.700838,1465104192.702697,1465104192.781000
482,1465104187.033000,1465104187.835765,1465104192.837208,1465104192.913000
483,1465104187.033000,1465104187.723432,1465104192.724618,1465104192.781000
484,1465104187.033000,1465104187.692837,1465104192.694073,1465104192.774000
485,1465104187.033000,1465104187.725826,1465104192.727117,1465104192.800000
486,1465104187.034000,1465104187.702919,1465104192.704219,1465104192.783000
487,1465104187.034000,1465104188.003913,1465104193.005216,1465104193.085000
488,1465104187.034000,1465104187.670115,1465104192.671718,1465104192.759000
489,1465104187.034000,1465104187.690913,1465104192.692109,1465104192.792000
490,1465104187.035000,1465104187.769121,1465104192.770443,1465104192.844000
491,1465104187.035000,1465104187.823004,1465104192.824325,1465104192.910000
492,1465104187.035000,1465104187.741172,1465104192.742484,1465104192.822000
493,1465104187.035000,1465104187.712143,1465104192.713354,1465104192.792000
494,1465104187.035000,1465104187.697609,1465104192.698948,1465104192.774000
495,1465104187.035000,1465104187.669132,1465104192.670732,1465104192.759000
496,1465104187.035000,1465104187.710888,1465104192.720620,1465104192.796000
497,1465104187.035000,1465104187.695752,1465104192.697115,1465104192.782000
498,1465104187.035000,1465104187.694467,1465104192.697677,1465104192.783000
499,1465104187.035000,1465104187.663686,1465104192.664968,1465104192.761000
500,1465104187.036000,1465104187.756278,1465104192.757497,1465104192.839000
501,1465104187.036000,1465104187.734953,1465104192.736211,1465104192.808000
502,1465104187.036000,1465104187.712754,1465104192.714277,1465104192.800000
503,1465104187.036000,1465104187.677272,1465104192.678459,1465104192.770000
504,1465104187.036000,1465104187.672634,1465104192.673806,1465104192.760000
505,1465104187.036000,1465104187.816690,1465104192.817897,1465104192.903000
506,1465104187.036000,1465104187.809982,1465104192.811176,1465104192.908000
507,1465104187.036000,1465104187.711376,1465104192.731218,1465104192.818000
508,1465104187.036000,1465104187.760837,1465104192.762141,1465104192.842000
509,1465104187.036000,1465104187.668865,1465104192.671022,1465104192.760000
510,1465104187.036000,1465104187.704293,1465104192.705638,1465104192.762000
511,1465104187.036000,1465104187.680286,1465104192.681463,1465104192.767000
512,1465104187.036000,1465104187.683467,1465104192.684687,1465104192.770000
513,1465104187.036000,1465104187.778221,1465104192.795696,1465104192.883000
514,1465104187.036000,1465104187.953919,1465104192.955225,1465104193.036000
515,1465104187.036000,1465104187.679608,1465104192.680975,1465104192.748000
516,1465104187.036000,1465104187.675027,1465104192.676334,1465104192.781000
517,1465104187.036000,1465104187.710128,1465104192.711310,1465104192.800000
518,1465104187.036000,1465104187.662619,1465104192.663859,1465104192.743000
519,1465104187.036000,1465104188.152482,1465104193.153802,1465104193.224000
520,1465104187.036000,1465104187.745838,1465104192.747100,1465104192.834000
521,1465104187.036000,1465104187.797636,1465104192.799289,1465104192.879000
522,1465104187.036000,1465104188.098871,1465104193.100151,1465104193.185000
523,1465104187.036000,1465104187.667494,1465104192.686601,1465104192.767000
524,1465104187.036000,1465104187.723144,1465104192.724861,1465104192.802000
525,1465104187.036000,1465104187.696780,1465104192.698133,1465104192.794000
526,1465104187.037000,1465104187.681972,1465104192.683483,1465104192.781000
527,1465104187.037000,1465104187.731132,1465104192.732302,1465104192.802000
528,1465104187.037000,1465104187.704684,1465104192.705995,1465104192.791000
529,1465104187.037000,1465104187.708209,1465104192.709377,1465104192.797000
530,1465104187.037000,1465104187.680769,1465104192.681970,1465104192.752000
531,1465104187.037000,1465104187.787556,1465104192.788797,1465104192.877000
532,1465104187.037000,1465104187.763578,1465104192.764887,1465104192.840000
533,1465104187.037000,1465104187.671105,1465104192.672496,1465104192.752000
534,1465104187.037000,1465104187.663994,1465104192.665344,1465104192.746000
535,1465104187.037000,1465104187.701172,1465104192.702567,1465104192.787000
536,1465104187.037000,1465104187.747711,1465104192.748983,1465104192.836000
537,1465104187.037000,1465104187.776236,1465104192.777432,1465104192.846000
538,1465104187.037000,1465104187.824754,1465104192.825926,1465104192.913000
539,1465104187.037000,1465104187.705896,1465104192.707071,1465104192.788000
540,1465104187.037000,1465104187.749812,1465104192.757212,1465104192.833000
541,1465104187.037000,1465104187.793844,1465104192.795079,1465104192.863000
542,1465104187.037000,1465104187.766869,1465104192.768309,1465104192.865000
543,1465104187.037000,1465104187.800413,1465104192.801787,1465104192.882000
544,1465104187.037000,1465104187.694738,1465104192.696265,1465104192.784000
545,1465104187.037000,1465104187.707376,1465104192.712575,1465104192.797000
546,1465104187.037000,1465104187.697371,1465104192.698881,1465104192.786000
547,1465104187.037000,1465104187.777009,1465104192.778610,1465104192.864000
548,1465104187.037000,1465104187.688795,1465104192.690708,1465104192.772000
549,1465104187.037000,1465104187.809120,1465104192.818112,1465104192.899000
550,1465104187.037000,1465104187.662645,1465104192.663943,1465104192.749000
551,1465104187.037000,1465104187.752337,1465104192.753570,1465104192.833000
552,1465104187.038000,1465104187.676170,1465104192.677402,1465104192.766000
553,1465104187.038000,1465104187.712443,1465104192.713848,1465104192.782000
554,1465104187.038000,1465104187.708896,1465104192.710169,1465104192.780000
555,1465104187.038000,1465104187.722776,1465104192.724070,1465104192.797000
556,1465104187.038000,1465104188.104648,1465104193.106157,1465104193.185000
557,1465104187.038000,1465104187.775125,1465104192.791675,1465104192.877000
558,1465104187.038000,1465104187.701420,1465104192.703027,1465104192.780000
559,1465104187.038000,1465104187.671547,1465104192.674096,1465104192.763000
560,1465104187.038000,1465104187.674245,1465104192.675624,1465104192.756000
561,1465104187.038000,1465104187.738516,1465104192.739801,1465104192.813000
562,1465104187.038000,1465104187.685083,1465104192.686427,1465104192.767000
563,1465104187.038000,1465104187.828759,1465104192.829957,1465104192.927000
564,1465104187.038000,1465104187.709010,1465104192.710176,1465104192.780000
565,1465104187.038000,1465104187.709257,1465104192.711058,1465104192.787000
566,1465104187.038000,1465104187.697588,1465104192.711987,1465104192.785000
567,1465104187.038000,1465104187.712120,1465104192.713390,1465104192.788000
568,1465104187.038000,1465104187.766315,1465104192.767955,1465104192.847000
569,1465104187.038000,1465104187.687892,1465104192.689049,1465104192.774000
570,1465104187.038000,1465104187.746154,1465104192.747397,1465104192.830000
571,1465104187.038000,1465104187.740986,1465104192.742183,1465104192.815000
572,1465104187.038000,1465104187.699413,1465104192.702680,1465104192.782000
573,1465104187.038000,1465104187.743211,1465104192.744535,1465104192.825000
574,1465104187.038000,1465104187.727835,1465104192.729108,1465104192.798000
575,1465104187.038000,1465104187.704909,1465104192.707306,1465104192.783000
576,1465104187.038000,1465104187.742308,1465104192.752209,1465104192.826000
577,1465104187.038000,1465104187.672301,1465104192.674857,1465104192.763000
578,1465104187.038000,1465104187.831164,1465104192.832410,1465104192.921000
579,1465104187.038000,1465104187.652553,1465104192.653790,1465104192.724000
580,1465104187.038000,1465104187.700447,1465104192.711736,1465104192.796000
581,1465104187.039000,1465104187.692957,1465104192.694563,1465104192.776000
582,1465104187.039000,1465104187.718014,1465104192.719347,1465104192.793000
583,1465104187.039000,1465104187.752342,1465104192.753576,1465104192.832000
584,1465104187.039000,1465104187.658083,1465104192.660210,1465104192.749000
585,1465104187.039000,1465104187.932002,1465104192.933224,1465104193.012000
586,1465104187.039000,1465104187.658560,1465104192.659917,1465104192.749000
587,1465104187.039000,1465104187.819410,1465104192.820928,1465104192.900000
588,1465104187.039000,1465104187.801246,1465104192.802405,1465104192.880000
589,1465104187.039000,1465104187.703436,1465104192.704847,1465104192.762000
590,1465104187.039000,1465104187.694452,1465104192.695718,1465104192.800000
591,1465104187.039000,1465104187.688656,1465104192.690136,1465104192.787000
592,1465104187.039000,1465104187.711640,1465104192.713866,1465104192.790000
593,1465104187.039000,1465104187.727332,1465104192.728575,1465104192.797000
594,1465104187.039000,1465104187.742446,1465104192.743673,1465104192.823000
595,1465104187.039000,1465104187.724978,1465104192.726760,1465104192.804000
596,1465104187.039000,1465104187.731490,1465104192.733049,1465104192.812000
597,1465104187.039000,1465104187.797001,1465104192.799021,1465104192.868000
598,1465104187.039000,1465104187.651167,1465104192.652441,1465104192.730000
599,1465104187.039000,1465104187.709630,1465104192.711102,1465104192.791000
600,1465104187.039000,1465104187.675909,1465104192.677204,1465104192.775000
601,1465104187.039000,1465104187.691171,1465104192.692360,1465104192.788000
602,1465104187.039000,1465104187.731932,1465104192.733181,1465104192.818000
603,1465104187.039000,1465104187.803556,1465104192.804780,1465104192.873000
604,1465104187.039000,1465104187.811073,1465104192.812359,1465104192.891000
605,1465104187.039000,1465104187.772410,1465104192.773775,1465104192.861000
606,1465104187.039000,1465104187.813982,1465104192.815482,1465104192.898000
607,1465104187.039000,1465104188.129927,1465104193.131184,1465104193.218000
608,1465104187.039000,1465104187.762716,1465104192.764108,1465104192.859000
609,1465104187.040000,1465104187.726722,1465104192.727851,1465104192.805000
610,1465104187.040000,1465104187.736648,1465104192.737845,1465104192.825000
611,1465104187.040000,1465104187.862310,1465104192.863468,1465104192.950000
612,1465104187.040000,1465104187.839957,1465104192.841108,1465104192.943000
613,1465104187.040000,1465104188.123373,1465104193.124668,1465104193.210000
614,1465104187.040000,1465104187.712162,1465104192.714553,1465104192.801000
615,1465104187.040000,1465104187.694510,1465104192.695728,1465104192.787000
616,1465104187.040000,1465104187.815997,1465104192.817273,1465104192.898000
617,1465104187.040000,1465104188.073497,1465104193.074730,1465104193.155000
618,1465104187.040000,1465104187.677044,1465104192.691352,1465104192.781000
619,1465104187.040000,1465104187.708213,1465104192.709442,1465104192.788000
620,1465104187.040000,1465104187.705263,1465104192.706488,1465104192.784000
621,1465104187.040000,1465104187.725746,1465104192.727017,1465104192.812000
622,1465104187.040000,1465104187.747476,1465104192.748688,1465104192.834000
623,1465104187.040000,1465104187.835313,1465104192.836517,1465104192.905000
624,1465104187.040000,1465104187.784324,1465104192.785525,1465104192.853000
625,1465104187.040000,1465104187.795644,1465104192.796936,1465104192.883000
626,1465104187.040000,1465104188.092928,1465104193.094419,1465104193.181000
627,1465104187.040000,1465104187.795080,1465104192.796355,1465104192.876000
628,1465104187.040000,1465104187.712349,1465104192.717233,1465104192.793000
629,1465104187.040000,1465104187.753051,1465104192.763557,1465104192.833000
630,1465104187.040000,1465104187.639135,1465104192.640872,1465104192.742000
631,1465104187.040000,1465104188.102843,1465104193.104020,1465104193.186000
632,1465104187.040000,1465104187.797323,1465104192.798593,1465104192.878000
633,1465104187.040000,1465104187.724087,1465104192.725381,1465104192.801000
634,1465104187.041000,1465104187.710535,1465104192.711709,1465104192.790000
635,1465104187.041000,1465104187.763767,1465104192.765041,1465104192.860000
636,1465104187.041000,1465104188.089946,1465104193.091234,1465104193.161000
637,1465104187.041000,1465104187.680683,1465104192.681847,1465104192.768000
638,1465104187.041000,1465104187.771684,1465104192.772903,1465104192.846000
639,1465104187.041000,1465104187.859726,1465104192.880296,1465104192.956000
640,1465104187.041000,1465104187.811405,1465104192.812615,1465104192.913000
641,1465104187.041000,1465104187.741429,1465104192.742698,1465104192.820000
642,1465104187.041000,1465104187.737369,1465104192.738671,1465104192.824000
643,1465104187.041000,1465104187.750401,1465104192.751735,1465104192.839000
644,1465104187.041000,1465104187.695392,1465104192.697535,1465104192.793000
645,1465104187.041000,1465104187.700311,1465104192.701509,1465104192.798000
646,1465104187.041000,1465104187.728067,1465104192.729288,1465104192.809000
647,1465104187.041000,1465104187.865178,1465104192.866679,1465104192.937000
648,1465104187.041000,1465104187.709511,1465104192.710753,1465104192.799000
649,1465104187.041000,1465104187.785388,1465104192.786686,1465104192.865000
650,1465104187.041000,1465104187.709420,1465104192.710686,1465104192.791000
651,1465104187.041000,1465104187.697873,1465104192.699108,1465104192.777000
652,1465104187.041000,1465104187.697760,1465104192.698978,1465104192.788000
653,1465104187.041000,1465104187.715217,1465104192.716393,1465104192.812000
654,1465104187.041000,1465104187.759851,1465104192.761191,1465104192.830000
655,1465104187.041000,1465104187.762681,1465104192.764346,1465104192.833000
656,1465104187.041000,1465104187.734378,1465104192.735712,1465104192.792000
657,1465104187.041000,1465104187.705442,1465104192.707306,1465104192.783000
658,1465104187.041000,1465104187.748626,1465104192.750054,1465104192.819000
659,1465104187.042000,1465104187.994202,1465104192.995529,1465104193.068000
660,1465104187.042000,1465104187.672874,1465104192.674265,1465104192.763000
661,1465104187.042000,1465104188.041567,1465104193.042796,1465104193.120000
662,1465104187.042000,1465104187.753137,1465104192.754591,1465104192.830000
663,1465104187.042000,1465104187.666702,1465104192.668582,1465104192.754000
664,1465104187.042000,1465104187.808063,1465104192.809986,1465104192.881000
665,1465104187.042000,1465104187.718625,1465104192.720114,1465104192.799000
666,1465104187.042000,1465104187.756570,1465104192.757918,1465104192.832000
667,1465104187.042000,1465104187.708123,1465104192.709409,1465104192.789000
668,1465104187.042000,1465104187.782162,1465104192.783438,1465104192.868000
669,1465104187.042000,1465104187.694001,1465104192.696376,1465104192.782000
670,1465104187.042000,1465104187.701764,1465104192.703068,1465104192.779000
671,1465104187.042000,1465104187.653891,1465104192.655218,1465104192.756000
672,1465104187.042000,1465104187.912056,1465104192.913351,1465104192.991000
673,1465104187.043000,1465104187.814445,1465104192.815652,1465104192.872000
674,1465104187.043000,1465104187.700340,1465104192.703413,1465104192.782000
675,1465104187.043000,1465104187.694861,1465104192.696167,1465104192.782000
676,1465104187.043000,1465104187.830685,1465104192.831878,1465104192.889000
677,1465104187.043000,1465104187.755176,1465104192.757113,1465104192.834000
678,1465104187.043000,1465104187.765763,1465104192.767033,1465104192.852000
679,1465104187.043000,1465104187.686333,1465104192.687591,1465104192.774000
680,1465104187.043000,1465104188.117132,1465104193.118403,1465104193.219000
681,1465104187.043000,1465104187.699518,1465104192.711814,1465104192.797000
682,1465104187.043000,1465104187.708923,1465104192.710386,1465104192.793000
683,1465104187.043000,1465104187.845382,1465104192.846663,1465104192.927000
684,1465104187.043000,1465104187.694634,1465104192.696057,1465104192.781000
685,1465104187.043000,1465104187.653691,1465104192.655261,1465104192.734000
686,1465104187.043000,1465104188.099129,1465104193.100538,1465104193.189000
687,1465104187.043000,1465104187.740993,1465104192.742242,1465104192.837000
688,1465104187.043000,1465104187.736086,1465104192.738073,1465104192.823000
689,1465104187.043000,1465104187.746466,1465104192.747718,1465104192.843000
690,1465104187.043000,1465104187.712478,1465104192.713598,1465104192.794000
691,1465104187.043000,1465104187.702134,1465104192.703388,1465104192.793000
692,1465104187.043000,1465104187.658589,1465104192.660124,1465104192.764000
693,1465104187.043000,1465104187.692263,1465104192.693759,1465104192.773000
694,1465104187.043000,1465104187.749835,1465104192.751106,1465104192.820000
695,1465104187.043000,1465104187.658355,1465104192.659584,1465104192.746000
696,1465104187.043000,1465104187.827339,1465104192.828645,1465104192.910000
697,1465104187.043000,1465104187.699969,1465104192.701343,1465104192.782000
698,1465104187.043000,1465104187.711178,1465104192.712509,1465104192.798000
699,1465104187.043000,1465104187.796774,1465104192.798700,1465104192.868000
700,1465104187.044000,1465104187.677956,1465104192.679645,1465104192.761000
701,1465104187.044000,1465104187.869128,1465104192.870635,1465104192.927000
702,1465104187.044000,1465104187.846747,1465104192.848012,1465104192.918000
703,1465104187.044000,1465104187.777612,1465104192.779269,1465104192.865000
704,1465104187.044000,1465104187.826567,1465104192.827757,1465104192.900000
705,1465104187.044000,1465104188.143002,1465104193.144349,1465104193.223000
706,1465104187.044000,1465104187.687705,1465104192.691857,1465104192.772000
707,1465104187.044000,1465104187.726516,1465104192.727728,1465104192.816000
708,1465104187.044000,1465104187.769022,1465104192.775602,1465104192.863000
709,1465104187.044000,1465104187.746658,1465104192.747920,1465104192.827000
710,1465104187.044000,1465104187.808862,1465104192.826884,1465104192.907000
711,1465104187.044000,1465104187.780276,1465104192.781649,1465104192.867000
712,1465104187.044000,1465104187.808084,1465104192.809328,1465104192.883000
713,1465104187.044000,1465104187.701765,1465104192.703105,1465104192.798000
714,1465104187.044000,1465104187.771950,1465104192.773508,1465104192.858000
715,1465104187.044000,1465104187.669505,1465104192.670907,1465104192.775000
716,1465104187.044000,1465104187.776839,1465104192.778065,1465104192.863000
717,1465104187.044000,1465104187.733145,1465104192.734407,1465104192.813000
718,1465104187.044000,1465104187.755031,1465104192.756299,1465104192.836000
719,1465104187.044000,1465104187.835783,1465104192.836932,1465104192.914000
720,1465104187.044000,1465104187.870948,1465104192.872214,1465104192.953000
721,1465104187.044000,1465104187.839018,1465104192.840329,1465104192.925000
722,1465104187.044000,1465104187.791413,1465104192.792703,1465104192.870000
723,1465104187.044000,1465104187.712040,1465104192.713359,1465104192.800000
724,1465104187.044000,1465104187.861468,1465104192.862796,1465104192.943000
725,1465104187.044000,1465104187.693834,1465104192.712381,1465104192.797000
726,1465104187.045000,1465104187.803983,1465104192.805251,1465104192.885000
727,1465104187.045000,1465104187.808213,1465104192.809986,1465104192.880000
728,1465104187.045000,1465104187.848974,1465104192.865873,1465104192.943000
729,1465104187.045000,1465104187.837264,1465104192.838526,1465104192.917000
730,1465104187.045000,1465104187.829732,1465104192.831019,1465104192.910000
731,1465104187.045000,1465104187.753106,1465104192.774362,1465104192.854000
732,1465104187.045000,1465104187.721002,1465104192.722607,1465104192.801000
733,1465104187.045000,1465104188.073718,1465104193.074947,1465104193.153000
734,1465104187.045000,1465104187.804534,1465104192.805745,1465104192.901000
735,1465104187.045000,1465104187.792888,1465104192.794050,1465104192.895000
736,1465104187.045000,1465104187.689093,1465104192.691093,1465104192.788000
737,1465104187.045000,1465104187.765340,1465104192.766596,1465104192.840000
738,1465104187.045000,1465104188.109194,1465104193.110472,1465104193.196000
739,1465104187.045000,1465104187.725308,1465104192.734720,1465104192.812000
740,1465104187.045000,1465104187.696298,1465104192.706908,1465104192.803000
741,1465104187.045000,1465104187.832407,1465104192.833622,1465104192.903000
742,1465104187.045000,1465104187.785912,1465104192.787250,1465104192.861000
743,1465104187.045000,1465104187.707827,1465104192.709201,1465104192.805000
744,1465104187.045000,1465104188.098874,1465104193.100250,1465104193.176000
745,1465104187.045000,1465104187.697323,1465104192.698881,1465104192.795000
746,1465104187.045000,1465104187.865914,1465104192.867207,1465104192.954000
747,1465104187.045000,1465104187.700121,1465104192.702094,1465104192.780000
748,1465104187.045000,1465104187.712432,1465104192.713589,1465104192.799000
749,1465104187.045000,1465104187.654624,1465104192.655906,1465104192.735000
750,1465104187.045000,1465104187.679513,1465104192.681282,1465104192.760000
751,1465104187.045000,1465104187.863035,1465104192.882211,1465104192.959000
752,1465104187.045000,1465104188.011025,1465104193.012191,1465104193.085000
753,1465104187.046000,1465104187.835821,1465104192.837145,1465104192.916000
754,1465104187.046000,1465104187.808490,1465104192.809730,1465104192.888000
755,1465104187.048000,1465104187.718205,1465104192.734208,1465104192.814000
756,1465104187.055000,1465104187.788020,1465104192.789277,1465104192.878000
757,1465104187.063000,1465104187.849273,1465104192.850463,1465104192.937000
758,1465104187.084000,1465104187.745113,1465104192.746295,1465104192.823000
759,1465104187.096000,1465104188.128442,1465104193.129708,1465104193.208000
760,1465104187.097000,1465104187.770835,1465104192.772162,1465104192.855000
761,1465104187.098000,1465104187.737548,1465104192.738768,1465104192.808000
762,1465104187.098000,1465104187.816717,1465104192.821684,1465104192.904000
763,1465104187.098000,1465104188.070198,1465104193.071565,1465104193.152000
764,1465104187.098000,1465104188.181476,1465104193.182987,1465104193.259000
765,1465104187.098000,1465104187.855435,1465104192.856798,1465104192.933000
766,1465104187.098000,1465104187.838152,1465104192.839419,1465104192.916000
767,1465104187.098000,1465104188.088539,1465104193.090003,1465104193.176000
768,1465104187.098000,1465104187.815543,1465104192.816807,1465104192.904000
769,1465104187.098000,1465104187.783935,1465104192.785165,1465104192.862000
770,1465104187.098000,1465104187.829242,1465104192.830584,1465104192.886000
771,1465104187.098000,1465104187.840034,1465104192.841254,1465104192.920000
772,1465104187.098000,1465104187.806704,1465104192.807926,1465104192.892000
773,1465104187.098000,1465104188.091531,1465104193.092905,1465104193.179000
774,1465104187.098000,1465104187.756933,1465104192.758113,1465104192.844000
775,1465104187.098000,1465104187.731048,1465104192.732579,1465104192.818000
776,1465104187.099000,1465104187.769773,1465104192.771174,1465104192.862000
777,1465104187.099000,1465104187.841753,1465104192.843090,1465104192.930000
778,1465104187.099000,1465104187.830619,1465104192.844338,1465104192.931000
779,1465104187.100000,1465104187.845388,1465104192.846782,1465104192.952000
780,1465104187.101000,1465104187.755928,1465104192.757435,1465104192.835000
781,1465104187.101000,1465104187.804958,1465104192.806425,1465104192.891000
782,1465104187.101000,1465104187.824428,1465104192.825743,1465104192.905000
783,1465104187.101000,1465104187.745390,1465104192.746633,1465104192.832000
784,1465104187.102000,1465104188.135708,1465104193.137222,1465104193.213000
785,1465104187.102000,1465104187.781565,1465104192.782811,1465104192.862000
786,1465104187.102000,1465104187.858549,1465104192.860502,1465104192.942000
787,1465104187.102000,1465104187.825749,1465104192.826968,1465104192.905000
788,1465104187.102000,1465104188.022789,1465104193.026816,1465104193.108000
789,1465104187.102000,1465104188.045662,1465104193.046992,1465104193.136000
790,1465104187.102000,1465104187.847772,1465104192.849082,1465104192.937000
791,1465104187.102000,1465104187.813520,1465104192.814862,1465104192.888000
792,1465104187.103000,1465104187.755891,1465104192.757151,1465104192.826000
793,1465104187.103000,1465104187.762110,1465104192.763367,1465104192.836000
794,1465104187.103000,1465104188.119643,1465104193.120936,1465104193.197000
795,1465104187.103000,1465104187.853414,1465104192.855030,1465104192.936000
796,1465104187.103000,1465104187.820571,1465104192.821911,1465104192.901000
797,1465104187.103000,1465104187.798665,1465104192.799959,1465104192.885000
798,1465104187.103000,1465104187.851541,1465104192.852733,1465104192.931000
799,1465104187.103000,1465104187.851179,1465104192.852423,1465104192.932000
800,1465104187.103000,1465104187.833103,1465104192.834276,1465104192.912000
801,1465104187.103000,1465104187.823734,1465104192.824925,1465104192.902000
802,1465104187.104000,1465104187.789226,1465104192.790470,1465104192.868000
803,1465104187.104000,1465104187.815616,1465104192.816750,1465104192.918000
804,1465104187.105000,1465104187.817461,1465104192.818697,1465104192.905000
805,1465104187.106000,1465104187.865763,1465104192.866934,1465104192.945000
806,1465104187.106000,1465104187.831889,1465104192.833136,1465104192.921000
807,1465104187.106000,1465104187.852332,1465104192.853918,1465104192.943000
808,1465104187.106000,1465104187.859544,1465104192.868764,1465104192.949000
809,1465104187.106000,1465104187.772184,1465104192.773483,1465104192.849000
810,1465104187.106000,1465104188.121091,1465104193.122303,1465104193.201000
811,1465104187.106000,1465104188.108144,1465104193.109341,1465104193.187000
812,1465104187.106000,1465104187.864912,1465104192.866464,1465104192.947000
813,1465104187.107000,1465104188.133552,1465104193.134870,1465104193.216000
814,1465104187.107000,1465104187.776903,1465104192.778216,1465104192.858000
815,1465104187.107000,1465104188.122645,1465104193.123859,1465104193.203000
816,1465104187.107000,1465104187.799326,1465104192.800561,1465104192.879000
817,1465104187.107000,1465104187.845588,1465104192.846820,1465104192.933000
818,1465104187.107000,1465104187.820281,1465104192.835604,1465104192.923000
819,1465104187.107000,1465104188.153354,1465104193.154735,1465104193.242000
820,1465104187.108000,1465104187.778573,1465104192.779773,1465104192.860000
821,1465104187.108000,1465104188.084100,1465104193.085394,1465104193.158000
822,1465104187.108000,1465104188.058906,1465104193.060130,1465104193.140000
823,1465104187.109000,1465104188.067676,1465104193.068998,1465104193.160000
824,1465104187.109000,1465104187.798964,1465104192.800186,1465104192.883000
825,1465104187.109000,1465104187.800803,1465104192.802141,1465104192.889000
826,1465104187.109000,1465104187.827997,1465104192.829372,1465104192.919000
827,1465104187.109000,1465104187.843543,1465104192.846941,1465104192.943000
828,1465104187.110000,1465104187.730538,1465104192.731782,1465104192.817000
829,1465104187.110000,1465104188.134299,1465104193.135531,1465104193.221000
830,1465104187.110000,1465104187.860202,1465104192.861680,1465104192.948000
831,1465104187.111000,1465104188.053649,1465104193.054861,1465104193.136000
832,1465104187.111000,1465104187.836653,1465104192.840391,1465104192.916000
833,1465104187.111000,1465104187.748375,1465104192.749505,1465104192.850000
834,1465104187.111000,1465104187.855061,1465104192.856293,1465104192.936000
835,1465104187.112000,1465104187.856560,1465104192.857855,1465104192.932000
836,1465104187.112000,1465104187.855410,1465104192.858112,1465104192.946000
837,1465104187.112000,1465104188.146972,1465104193.148417,1465104193.235000
838,1465104187.112000,1465104187.850862,1465104192.852604,1465104192.940000
839,1465104187.112000,1465104187.843552,1465104192.845202,1465104192.923000
840,1465104187.112000,1465104187.873553,1465104192.888977,1465104192.960000
841,1465104187.112000,1465104187.847010,1465104192.848586,1465104192.928000
842,1465104187.112000,1465104188.176659,1465104193.177958,1465104193.248000
843,1465104187.112000,1465104188.126455,1465104193.127879,1465104193.206000
844,1465104187.112000,1465104187.866046,1465104192.867418,1465104192.937000
845,1465104187.113000,1465104188.153380,1465104193.154720,1465104193.243000
846,1465104187.113000,1465104187.848120,1465104192.851786,1465104192.929000
847,1465104187.114000,1465104187.854955,1465104192.856215,1465104192.943000
848,1465104187.114000,1465104188.022245,1465104193.023828,1465104193.128000
849,1465104187.115000,1465104187.879222,1465104192.880493,1465104192.951000
850,1465104187.115000,1465104188.053164,1465104193.054377,1465104193.132000
851,1465104187.115000,1465104187.825646,1465104192.826822,1465104192.904000
852,1465104187.115000,1465104188.145000,1465104193.146367,1465104193.228000
853,1465104187.115000,1465104187.849858,1465104192.851119,1465104192.939000
854,1465104187.116000,1465104188.051419,1465104193.052805,1465104193.135000
855,1465104187.116000,1465104188.116936,1465104193.118136,1465104193.200000
856,1465104187.116000,1465104188.148696,1465104193.149861,1465104193.236000
857,1465104187.116000,1465104187.802315,1465104192.803596,1465104192.872000
858,1465104187.116000,1465104187.851219,1465104192.852629,1465104192.930000
859,1465104187.117000,1465104187.827716,1465104192.829054,1465104192.910000
860,1465104187.117000,1465104187.872492,1465104192.873803,1465104192.952000
861,1465104187.118000,1465104188.129268,1465104193.130489,1465104193.210000
862,1465104187.118000,1465104188.085189,1465104193.089346,1465104193.160000
863,1465104187.118000,0.000000,0.000000,0.000000
864,1465104187.118000,1465104187.866304,1465104192.867553,1465104192.945000
865,1465104187.119000,1465104188.126098,1465104193.127306,1465104193.197000
866,1465104187.118000,1465104187.772825,1465104192.774016,1465104192.856000
867,1465104187.118000,1465104187.862236,1465104192.882204,1465104192.960000
868,1465104187.119000,1465104187.836461,1465104192.837777,1465104192.915000
869,1465104187.119000,1465104187.817292,1465104192.818533,1465104192.910000
870,1465104187.119000,1465104187.801515,1465104192.802845,1465104192.888000
871,1465104187.120000,1465104188.157039,1465104193.158381,1465104193.228000
872,1465104187.120000,1465104187.853149,1465104192.854365,1465104192.923000
873,1465104187.121000,1465104188.139403,1465104193.140637,1465104193.218000
874,1465104187.121000,1465104187.859754,1465104192.861068,1465104192.936000
875,1465104187.121000,1465104188.078458,1465104193.079706,1465104193.171000
876,1465104187.121000,1465104187.781263,1465104192.782702,1465104192.867000
877,1465104187.121000,1465104187.721428,1465104192.722720,1465104192.809000
878,1465104187.122000,1465104188.103840,1465104193.105429,1465104193.186000
879,1465104187.123000,1465104187.865221,1465104192.866470,1465104192.948000
880,1465104187.123000,1465104187.871039,1465104192.872238,1465104192.929000
881,1465104187.123000,1465104187.805864,1465104192.807156,1465104192.880000
882,1465104187.124000,1465104187.809016,1465104192.810319,1465104192.888000
883,1465104187.124000,1465104187.807997,1465104192.809242,1465104192.898000
884,1465104187.124000,1465104187.856823,1465104192.858237,1465104192.947000
885,1465104187.124000,1465104187.842815,1465104192.844779,1465104192.940000
886,1465104187.124000,1465104187.854842,1465104192.856594,1465104192.937000
887,1465104187.124000,1465104187.871500,1465104192.872966,1465104192.949000
888,1465104187.125000,1465104187.838402,1465104192.839679,1465104192.916000
889,1465104187.125000,1465104187.831044,1465104192.852799,1465104192.926000
890,1465104187.127000,1465104188.104694,1465104193.106192,1465104193.192000
891,1465104187.126000,1465104187.850101,1465104192.851365,1465104192.942000
892,1465104187.126000,1465104187.842264,1465104192.843479,1465104192.930000
893,1465104187.126000,1465104188.150478,1465104193.151956,1465104193.221000
894,1465104187.127000,1465104188.078486,1465104193.079688,1465104193.161000
895,1465104187.127000,1465104187.835086,1465104192.836264,1465104192.934000
896,1465104187.128000,1465104187.745061,1465104192.746566,1465104192.826000
897,1465104187.128000,1465104188.106802,1465104193.107975,1465104193.178000
898,1465104187.129000,1465104188.154528,1465104193.155761,1465104193.241000
899,1465104187.129000,1465104187.848590,1465104192.850808,1465104192.929000
900,1465104187.129000,1465104187.821180,1465104192.822506,1465104192.902000
901,1465104187.130000,1465104187.805218,1465104192.806498,1465104192.895000
902,1465104187.130000,1465104187.851379,1465104192.852626,1465104192.929000
903,1465104187.131000,1465104187.812412,1465104192.813672,1465104192.905000
904,1465104187.131000,1465104188.080528,1465104193.081766,1465104193.164000
905,1465104187.131000,1465104187.865960,1465104192.867395,1465104192.947000
906,1465104187.131000,1465104187.837978,1465104192.839885,1465104192.941000
907,1465104187.131000,1465104187.746246,1465104192.747778,1465104192.849000
908,1465104187.131000,1465104187.832266,1465104192.833535,1465104192.929000
909,1465104187.131000,1465104187.830147,1465104192.832292,1465104192.906000
910,1465104187.131000,1465104188.106506,1465104193.107863,1465104193.165000
911,1465104187.132000,1465104187.831112,1465104192.832363,1465104192.911000
912,1465104187.132000,1465104187.857288,1465104192.858548,1465104192.950000
913,1465104187.132000,1465104188.154165,1465104193.155557,1465104193.242000
914,1465104187.132000,1465104187.871516,1465104192.873015,1465104192.943000
915,1465104187.132000,1465104187.855865,1465104192.857353,1465104192.937000
916,1465104187.133000,1465104188.093564,1465104193.094749,1465104193.177000
917,1465104187.133000,1465104188.105259,1465104193.106561,1465104193.177000
918,1465104187.133000,1465104188.177252,1465104193.178473,1465104193.251000
919,1465104187.133000,1465104187.829148,1465104192.830412,1465104192.909000
920,1465104187.134000,1465104188.130077,1465104193.131390,1465104193.220000
921,1465104187.134000,1465104187.846487,1465104192.847731,1465104192.925000
922,1465104187.134000,1465104188.138593,1465104193.139897,1465104193.222000
923,1465104187.134000,1465104187.819627,1465104192.820915,1465104192.897000
924,1465104187.134000,1465104187.843282,1465104192.844817,1465104192.925000
925,1465104187.134000,1465104188.135197,1465104193.144307,1465104193.231000
926,1465104187.135000,1465104187.815375,1465104192.816594,1465104192.896000
927,1465104187.135000,1465104187.847538,1465104192.864984,1465104192.942000
928,1465104187.135000,0.000000,0.000000,0.000000
929,1465104187.135000,1465104187.857368,1465104192.859616,1465104192.928000
930,1465104187.135000,1465104187.868241,1465104192.869545,1465104192.949000
931,1465104187.136000,1465104187.847103,1465104192.848361,1465104192.937000
932,1465104187.137000,1465104187.871686,1465104192.872950,1465104192.947000
933,1465104187.137000,1465104187.853440,1465104192.854633,1465104192.932000
934,1465104187.137000,1465104187.813082,1465104192.814263,1465104192.887000
935,1465104187.137000,1465104187.855687,1465104192.856966,1465104192.946000
936,1465104187.137000,1465104187.838138,1465104192.840195,1465104192.920000
937,1465104187.137000,1465104187.844560,1465104192.845919,1465104192.924000
938,1465104187.137000,1465104187.853075,1465104192.854277,1465104192.941000
939,1465104187.137000,1465104187.861705,1465104192.862896,1465104192.949000
940,1465104187.137000,1465104188.154178,1465104193.160450,1465104193.236000
941,1465104187.138000,1465104187.874182,1465104192.875333,1465104192.943000
942,1465104187.138000,1465104187.868897,1465104192.870596,1465104192.946000
943,1465104187.138000,1465104187.856830,1465104192.858195,1465104192.936000
944,1465104187.138000,1465104187.861564,1465104192.862733,1465104192.945000
945,1465104187.139000,1465104187.850504,1465104192.853222,1465104192.927000
946,1465104187.139000,1465104187.840101,1465104192.841416,1465104192.945000
947,1465104187.139000,1465104187.841308,1465104192.842964,1465104192.924000
948,1465104187.139000,1465104187.824374,1465104192.825624,1465104192.921000
949,1465104187.139000,1465104187.772461,1465104192.773921,1465104192.863000
950,1465104187.139000,1465104187.873331,1465104192.874513,1465104192.943000
951,1465104187.140000,1465104187.849337,1465104192.850659,1465104192.936000
952,1465104187.140000,1465104187.850652,1465104192.851869,1465104192.937000
953,1465104187.140000,1465104187.812559,1465104192.813809,1465104192.882000
954,1465104187.140000,1465104187.830809,1465104192.832008,1465104192.912000
955,1465104187.140000,1465104187.854170,1465104192.871070,1465104192.958000
956,1465104187.140000,1465104187.827325,1465104192.828560,1465104192.925000
957,1465104187.141000,1465104187.860171,1465104192.861684,1465104192.942000
958,1465104187.141000,1465104187.870382,1465104192.871547,1465104192.954000
959,1465104187.141000,1465104187.863758,1465104192.864960,1465104192.933000
960,1465104187.141000,1465104187.838543,1465104192.840360,1465104192.941000
961,1465104187.141000,1465104188.113012,1465104193.114460,1465104193.195000
962,1465104187.141000,0.000000,0.000000,0.000000
963,1465104187.141000,1465104187.765746,1465104192.767041,1465104192.847000
964,1465104187.142000,1465104187.850370,1465104192.851568,1465104192.919000
965,1465104187.142000,1465104187.838817,1465104192.839953,1465104192.918000
966,1465104187.142000,1465104187.820906,1465104192.822204,1465104192.901000
967,1465104187.142000,1465104188.124429,1465104193.125685,1465104193.212000
968,1465104187.142000,1465104187.880266,1465104192.881560,1465104192.950000
969,1465104187.142000,1465104187.850853,1465104192.852439,1465104192.926000
970,1465104187.142000,1465104187.852906,1465104192.854147,1465104192.936000
971,1465104187.143000,1465104187.781504,1465104192.782757,1465104192.861000
972,1465104187.143000,1465104187.835716,1465104192.836965,1465104192.911000
973,1465104187.143000,1465104187.857629,1465104192.858936,1465104192.927000
974,1465104187.143000,1465104187.859838,1465104192.861144,1465104192.947000
975,1465104187.143000,1465104187.846925,1465104192.855693,1465104192.943000
976,1465104187.143000,1465104187.841091,1465104192.842348,1465104192.929000
977,1465104187.143000,1465104187.853401,1465104192.854633,1465104192.933000
978,1465104187.144000,1465104187.809445,1465104192.811163,1465104192.891000
979,1465104187.144000,1465104188.125746,1465104193.126966,1465104193.200000
980,1465104187.144000,1465104187.850293,1465104192.851621,1465104192.932000
981,1465104187.144000,1465104187.838195,1465104192.839753,1465104192.920000
982,1465104187.144000,1465104188.067214,1465104193.068646,1465104193.173000
983,1465104187.145000,1465104187.857115,1465104192.858739,1465104192.944000
984,1465104187.145000,1465104187.874264,1465104192.875572,1465104192.946000
985,1465104187.145000,1465104187.841319,1465104192.842514,1465104192.921000
986,1465104187.145000,1465104187.853920,1465104192.855172,1465104192.935000
987,1465104187.145000,1465104187.816451,1465104192.817722,1465104192.922000
988,1465104187.146000,1465104187.860957,1465104192.862392,1465104192.943000
989,1465104187.146000,1465104187.843953,1465104192.845259,1465104192.946000
990,1465104187.146000,1465104187.850369,1465104192.851553,1465104192.929000
991,1465104187.146000,1465104187.848328,1465104192.849588,1465104192.929000
992,1465104187.146000,1465104188.131437,1465104193.132609,1465104193.207000
993,1465104187.146000,0.000000,0.000000,0.000000
994,1465104187.147000,1465104187.864475,1465104192.865804,1465104192.943000
995,1465104187.147000,0.000000,0.000000,0.000000
996,1465104187.147000,1465104187.789114,1465104192.790274,1465104192.891000
997,1465104187.147000,1465104187.849198,1465104192.864094,1465104192.950000
998,1465104187.147000,1465104187.850723,1465104192.855697,1465104192.943000
999,1465104187.147000,1465104187.867600,1465104192.868756,1465104192.947000
