0,1465103758.618000,1465103759.240331,1465103764.241790,1465103764.318000
1,1465103758.618000,1465103759.279645,1465103764.280903,1465103764.366000
2,1465103758.618000,1465103759.296094,1465103764.297360,1465103764.375000
3,1465103758.618000,1465103759.274605,1465103764.275903,1465103764.355000
4,1465103758.618000,1465103759.243559,1465103764.244929,1465103764.334000
5,1465103758.618000,1465103759.295655,1465103764.296794,1465103764.373000
6,1465103758.618000,1465103759.289792,1465103764.290955,1465103764.368000
7,1465103758.618000,1465103759.265881,1465103764.267162,1465103764.345000
8,1465103758.618000,1465103759.216129,1465103764.218003,1465103764.293000
9,1465103758.618000,1465103759.228417,1465103764.229901,1465103764.307000
10,1465103758.619000,1465103759.205761,1465103764.207338,1465103764.316000
11,1465103758.619000,1465103759.281240,1465103764.282469,1465103764.371000
12,1465103758.619000,1465103759.270509,1465103764.271714,1465103764.349000
13,1465103758.619000,1465103759.238644,1465103764.240009,1465103764.319000
14,1465103758.619000,1465103759.227477,1465103764.228772,1465103764.307000
15,1465103758.619000,1465103759.293041,1465103764.295161,1465103764.374000
16,1465103758.619000,1465103759.321904,1465103764.323104,1465103764.400000
17,1465103758.619000,1465103759.357340,1465103764.359041,1465103764.435000
18,1465103758.619000,1465103759.313326,1465103764.314554,1465103764.393000
19,1465103758.619000,1465103759.326706,1465103764.328084,1465103764.401000
20,1465103758.619000,1465103759.217269,1465103764.218764,1465103764.315000
21,1465103758.619000,1465103759.305897,1465103764.307101,1465103764.395000
22,1465103758.620000,1465103759.304045,1465103764.305359,1465103764.382000
23,1465103758.620000,1465103759.355388,1465103764.357287,1465103764.434000
24,1465103758.620000,1465103759.270199,1465103764.271519,1465103764.351000
25,1465103758.620000,1465103759.314953,1465103764.316203,1465103764.386000
26,1465103758.621000,1465103759.224061,1465103764.225540,1465103764.287000
27,1465103758.621000,1465103759.282379,1465103764.284053,1465103764.363000
28,1465103758.621000,1465103759.271742,1465103764.273864,1465103764.352000
29,1465103758.621000,1465103759.244256,1465103764.245721,1465103764.323000
30,1465103758.621000,1465103759.299266,1465103764.300670,1465103764.397000
31,1465103758.622000,1465103759.290632,1465103764.291832,1465103764.378000
32,1465103758.622000,1465103759.350921,1465103764.352168,1465103764.441000
33,1465103758.622000,1465103759.286751,1465103764.288554,1465103764.380000
34,1465103758.624000,1465103759.221833,1465103764.223408,1465103764.313000
35,1465103758.624000,1465103759.271810,1465103764.273260,1465103764.349000
36,1465103758.624000,1465103759.272925,1465103764.274655,1465103764.353000
37,1465103758.624000,1465103759.280781,1465103764.282377,1465103764.382000
38,1465103758.624000,1465103759.311420,1465103764.312907,1465103764.388000
39,1465103758.624000,1465103759.258676,1465103764.260170,1465103764.346000
40,1465103758.624000,1465103759.243064,1465103764.244725,1465103764.323000
41,1465103758.624000,1465103759.302960,1465103764.304398,1465103764.391000
42,1465103758.625000,1465103759.292310,1465103764.305247,1465103764.384000
43,1465103758.625000,1465103759.266698,1465103764.267969,1465103764.357000
44,1465103758.625000,1465103759.268282,1465103764.269636,1465103764.336000
45,1465103758.625000,1465103759.275391,1465103764.276708,1465103764.363000
46,1465103758.625000,0.000000,0.000000,0.000000
47,1465103758.625000,1465103759.297787,1465103764.299074,1465103764.371000
48,1465103758.625000,1465103759.362510,1465103764.377783,1465103764.454000
49,1465103758.625000,1465103759.327993,1465103764.329265,1465103764.407000
50,1465103758.625000,1465103759.282412,1465103764.283571,1465103764.361000
51,1465103758.625000,1465103759.275333,1465103764.277190,1465103764.353000
52,1465103758.628000,1465103759.256322,1465103764.258069,1465103764.346000
53,1465103758.629000,1465103759.284916,1465103764.286205,1465103764.362000
54,1465103758.628000,1465103759.264252,1465103764.265564,1465103764.345000
55,1465103758.628000,1465103759.309269,1465103764.310686,1465103764.393000
56,1465103758.628000,1465103759.239558,1465103764.241331,1465103764.318000
57,1465103758.628000,1465103759.222094,1465103764.223783,1465103764.302000
58,1465103758.631000,1465103759.285407,1465103764.286834,1465103764.357000
59,1465103758.631000,1465103759.302605,1465103764.304081,1465103764.383000
60,1465103758.631000,1465103759.308926,1465103764.310381,1465103764.392000
61,1465103758.631000,1465103759.250597,1465103764.251840,1465103764.342000
62,1465103758.631000,1465103759.306060,1465103764.307857,1465103764.395000
63,1465103758.632000,1465103759.281893,1465103764.283393,1465103764.360000
64,1465103758.632000,1465103759.301136,1465103764.302634,1465103764.392000
65,1465103758.632000,1465103759.321097,1465103764.322326,1465103764.410000
66,1465103758.632000,1465103759.310034,1465103764.311401,1465103764.378000
67,1465103758.632000,1465103759.389593,1465103764.390916,1465103764.479000
68,1465103758.632000,0.000000,0.000000,0.000000
69,1465103758.633000,0.000000,0.000000,0.000000
70,1465103758.633000,1465103759.343552,1465103764.344722,1465103764.426000
71,1465103758.633000,1465103759.305327,1465103764.306618,1465103764.403000
72,1465103758.633000,0.000000,0.000000,0.000000
73,1465103758.633000,1465103759.314522,1465103764.316355,1465103764.389000
74,1465103758.633000,1465103759.283830,1465103764.285145,1465103764.364000
75,1465103758.633000,0.000000,0.000000,0.000000
76,1465103758.633000,1465103759.321257,1465103764.322432,1465103764.410000
77,1465103758.633000,1465103759.262526,1465103764.263809,1465103764.373000
78,1465103758.633000,1465103759.303272,1465103764.306123,1465103764.386000
79,1465103758.633000,0.000000,0.000000,0.000000
80,1465103758.633000,1465103759.274675,1465103764.280302,1465103764.355000
81,1465103758.634000,1465103759.391140,1465103764.392356,1465103764.480000
82,1465103758.634000,1465103759.294660,1465103764.295965,1465103764.374000
83,1465103758.634000,1465103759.290050,1465103764.291296,1465103764.370000
84,1465103758.634000,0.000000,0.000000,0.000000
85,1465103758.634000,0.000000,0.000000,0.000000
86,1465103758.634000,0.000000,0.000000,0.000000
87,1465103758.634000,1465103759.349133,1465103764.350372,1465103764.447000
88,1465103758.634000,1465103759.319433,1465103764.320621,1465103764.391000
89,1465103758.634000,1465103759.337746,1465103764.339036,1465103764.436000
90,1465103758.634000,1465103759.279204,1465103764.280406,1465103764.357000
91,1465103758.634000,1465103759.259449,1465103764.260971,1465103764.361000
92,1465103758.634000,1465103759.278862,1465103764.280218,1465103764.357000
93,1465103758.634000,0.000000,0.000000,0.000000
94,1465103758.634000,0.000000,0.000000,0.000000
95,1465103758.634000,1465103759.341403,1465103764.342926,1465103764.437000
96,1465103758.634000,0.000000,0.000000,0.000000
97,1465103758.634000,0.000000,0.000000,0.000000
98,1465103758.634000,1465103759.310187,1465103764.311347,1465103764.389000
99,1465103758.634000,1465103759.326858,1465103764.334636,1465103764.413000
100,1465103758.634000,1465103759.357177,1465103764.358329,1465103764.446000
101,1465103758.634000,1465103759.347951,1465103764.349094,1465103764.427000
102,1465103758.634000,0.000000,0.000000,0.000000
103,1465103758.635000,1465103759.370335,1465103764.371680,1465103764.450000
104,1465103758.635000,1465103759.337405,1465103764.338717,1465103764.412000
105,1465103758.635000,0.000000,0.000000,0.000000
106,1465103758.635000,0.000000,0.000000,0.000000
107,1465103758.635000,0.000000,0.000000,0.000000
108,1465103758.635000,1465103759.299636,1465103764.300851,1465103764.379000
109,1465103758.635000,1465103759.333760,1465103764.335245,1465103764.432000
110,1465103758.636000,0.000000,0.000000,0.000000
111,1465103758.639000,1465103759.276850,1465103764.278485,1465103764.351000
112,1465103758.640000,1465103759.248780,1465103764.250445,1465103764.317000
113,1465103758.643000,0.000000,0.000000,0.000000
114,1465103758.644000,1465103759.312060,1465103764.313263,1465103764.391000
115,1465103758.644000,1465103759.282033,1465103764.283460,1465103764.392000
116,1465103758.644000,1465103759.286099,1465103764.288216,1465103764.380000
117,1465103758.644000,0.000000,0.000000,0.000000
118,1465103758.644000,0.000000,0.000000,0.000000
119,1465103758.644000,0.000000,0.000000,0.000000
120,1465103758.644000,0.000000,0.000000,0.000000
121,1465103758.644000,0.000000,0.000000,0.000000
122,1465103758.644000,1465103759.400678,1465103764.408031,1465103764.475000
123,1465103758.644000,0.000000,0.000000,0.000000
124,1465103758.644000,1465103759.301715,1465103764.302925,1465103764.373000
125,1465103758.644000,1465103759.386337,1465103764.390624,1465103764.477000
126,1465103758.645000,1465103759.268671,1465103764.269956,1465103764.358000
127,1465103758.645000,1465103759.251188,1465103764.252711,1465103764.328000
128,1465103758.645000,1465103759.358699,1465103764.360055,1465103764.445000
129,1465103758.645000,1465103759.272169,1465103764.273372,1465103764.359000
130,1465103758.646000,1465103759.383038,1465103764.398016,1465103764.484000
131,1465103758.646000,0.000000,0.000000,0.000000
132,1465103758.646000,1465103759.365142,1465103764.366585,1465103764.455000
133,1465103758.646000,1465103759.286551,1465103764.287912,1465103764.350000
134,1465103758.646000,1465103759.330375,1465103764.331622,1465103764.404000
135,1465103758.646000,1465103759.397637,1465103764.399055,1465103764.461000
136,1465103758.646000,1465103759.375310,1465103764.376532,1465103764.461000
137,1465103758.646000,1465103759.374091,1465103764.378100,1465103764.450000
138,1465103758.647000,1465103759.363186,1465103764.365141,1465103764.447000
139,1465103758.647000,0.000000,0.000000,0.000000
140,1465103758.647000,1465103759.286785,1465103764.288049,1465103764.376000
141,1465103758.647000,1465103759.348904,1465103764.350162,1465103764.417000
142,1465103758.648000,1465103759.331806,1465103764.333284,1465103764.412000
143,1465103758.648000,1465103759.335666,1465103764.337069,1465103764.413000
144,1465103758.648000,1465103759.317663,1465103764.318890,1465103764.416000
145,1465103758.648000,1465103759.363298,1465103764.364538,1465103764.456000
146,1465103758.648000,1465103759.363457,1465103764.364924,1465103764.447000
147,1465103758.648000,1465103759.306445,1465103764.307650,1465103764.416000
148,1465103758.648000,0.000000,0.000000,0.000000
149,1465103758.649000,0.000000,0.000000,0.000000
150,1465103758.649000,1465103759.360331,1465103764.361867,1465103764.433000
151,1465103758.649000,1465103759.301253,1465103764.302640,1465103764.402000
152,1465103758.649000,1465103759.309136,1465103764.310393,1465103764.411000
153,1465103758.649000,1465103759.322033,1465103764.323286,1465103764.416000
154,1465103758.649000,1465103759.371579,1465103764.372899,1465103764.452000
155,1465103758.649000,1465103759.382565,1465103764.384103,1465103764.461000
156,1465103758.649000,0.000000,0.000000,0.000000
157,1465103758.649000,1465103759.306856,1465103764.308139,1465103764.388000
158,1465103758.650000,1465103759.265631,1465103764.266980,1465103764.343000
159,1465103758.650000,0.000000,0.000000,0.000000
160,1465103758.650000,1465103759.401368,1465103764.403059,1465103764.470000
161,1465103758.650000,0.000000,0.000000,0.000000
162,1465103758.651000,1465103759.388548,1465103764.389819,1465103764.475000
163,1465103758.651000,0.000000,0.000000,0.000000
164,1465103758.651000,0.000000,0.000000,0.000000
165,1465103758.651000,1465103759.350450,1465103764.352954,1465103764.445000
166,1465103758.651000,0.000000,0.000000,0.000000
167,1465103758.651000,1465103759.314542,1465103764.316355,1465103764.389000
168,1465103758.651000,1465103759.342787,1465103764.344008,1465103764.432000
169,1465103758.651000,1465103759.267366,1465103764.268895,1465103764.354000
170,1465103758.651000,0.000000,0.000000,0.000000
171,1465103758.651000,1465103759.322370,1465103764.323638,1465103764.406000
172,1465103758.652000,1465103759.328366,1465103764.329690,1465103764.403000
173,1465103758.652000,1465103759.334576,1465103764.335943,1465103764.427000
174,1465103758.652000,0.000000,0.000000,0.000000
175,1465103758.652000,1465103759.299779,1465103764.301412,1465103764.383000
176,1465103758.652000,1465103759.372325,1465103764.373525,1465103764.451000
177,1465103758.652000,1465103759.352134,1465103764.353701,1465103764.432000
178,1465103758.652000,1465103759.396672,1465103764.399619,1465103764.462000
179,1465103758.652000,0.000000,0.000000,0.000000
180,1465103758.652000,1465103759.375778,1465103764.377533,1465103764.450000
181,1465103758.652000,1465103759.276571,1465103764.277779,1465103764.355000
182,1465103758.652000,1465103759.362876,1465103764.364170,1465103764.451000
183,1465103758.652000,1465103759.389595,1465103764.390808,1465103764.479000
184,1465103758.652000,1465103759.279783,1465103764.281288,1465103764.389000
185,1465103758.652000,1465103759.294433,1465103764.295873,1465103764.373000
186,1465103758.652000,1465103759.308523,1465103764.309852,1465103764.402000
187,1465103758.652000,1465103759.330912,1465103764.332055,1465103764.409000
188,1465103758.652000,0.000000,0.000000,0.000000
189,1465103758.652000,1465103759.366055,1465103764.368440,1465103764.446000
190,1465103758.652000,1465103759.336218,1465103764.338154,1465103764.435000
191,1465103758.652000,1465103759.417226,1465103764.418442,1465103764.490000
192,1465103758.652000,0.000000,0.000000,0.000000
193,1465103758.652000,1465103759.326737,1465103764.328069,1465103764.406000
194,1465103758.652000,0.000000,0.000000,0.000000
195,1465103758.652000,0.000000,0.000000,0.000000
196,1465103758.652000,1465103759.375238,1465103764.377271,1465103764.457000
197,1465103758.652000,0.000000,0.000000,0.000000
198,1465103758.652000,0.000000,0.000000,0.000000
199,1465103758.652000,0.000000,0.000000,0.000000
200,1465103758.652000,1465103759.263774,1465103764.265285,1465103764.354000
201,1465103758.652000,1465103759.397762,1465103764.406263,1465103764.486000
202,1465103758.652000,1465103759.371996,1465103764.373581,1465103764.462000
203,1465103758.652000,1465103759.328436,1465103764.330066,1465103764.409000
204,1465103758.652000,1465103759.399715,1465103764.402417,1465103764.468000
205,1465103758.652000,1465103759.334048,1465103764.335512,1465103764.409000
206,1465103758.653000,0.000000,0.000000,0.000000
207,1465103758.653000,1465103759.392321,1465103764.393697,1465103764.475000
208,1465103758.653000,0.000000,0.000000,0.000000
209,1465103758.653000,1465103759.352789,1465103764.367630,1465103764.446000
210,1465103758.653000,0.000000,0.000000,0.000000
211,1465103758.653000,0.000000,0.000000,0.000000
212,1465103758.653000,1465103759.304214,1465103764.305458,1465103764.405000
213,1465103758.653000,1465103759.374787,1465103764.377064,1465103764.457000
214,1465103758.653000,0.000000,0.000000,0.000000
215,1465103758.653000,0.000000,0.000000,0.000000
216,1465103758.653000,1465103759.327037,1465103764.334475,1465103764.413000
217,1465103758.653000,0.000000,0.000000,0.000000
218,1465103758.653000,1465103759.294336,1465103764.295567,1465103764.385000
219,1465103758.653000,1465103759.296383,1465103764.297607,1465103764.406000
220,1465103758.653000,1465103759.369123,1465103764.370578,1465103764.457000
221,1465103758.653000,1465103759.373093,1465103764.374442,1465103764.437000
222,1465103758.653000,0.000000,0.000000,0.000000
223,1465103758.653000,0.000000,0.000000,0.000000
224,1465103758.653000,1465103759.268387,1465103764.269613,1465103764.346000
225,1465103758.653000,1465103759.257542,1465103764.258977,1465103764.346000
226,1465103758.653000,1465103759.333833,1465103764.351728,1465103764.444000
227,1465103758.653000,1465103759.382899,1465103764.385920,1465103764.473000
228,1465103758.653000,1465103759.317488,1465103764.326864,1465103764.405000
229,1465103758.653000,1465103759.281500,1465103764.283084,1465103764.384000
230,1465103758.653000,1465103759.376858,1465103764.378071,1465103764.472000
231,1465103758.653000,1465103759.348354,1465103764.349796,1465103764.444000
232,1465103758.653000,0.000000,0.000000,0.000000
233,1465103758.653000,0.000000,0.000000,0.000000
234,1465103758.653000,1465103759.336084,1465103764.337516,1465103764.437000
235,1465103758.653000,1465103759.364267,1465103764.365452,1465103764.451000
236,1465103758.653000,1465103759.383026,1465103764.384409,1465103764.462000
237,1465103758.653000,1465103759.368105,1465103764.369496,1465103764.457000
238,1465103758.653000,1465103759.326854,1465103764.328043,1465103764.416000
239,1465103758.653000,1465103759.269136,1465103764.270355,1465103764.347000
240,1465103758.654000,1465103759.363575,1465103764.364854,1465103764.443000
241,1465103758.654000,0.000000,0.000000,0.000000
242,1465103758.654000,1465103759.399836,1465103764.407811,1465103764.474000
243,1465103758.654000,0.000000,0.000000,0.000000
244,1465103758.654000,1465103759.356452,1465103764.357698,1465103764.440000
245,1465103758.654000,0.000000,0.000000,0.000000
246,1465103758.654000,0.000000,0.000000,0.000000
247,1465103758.654000,1465103759.368180,1465103764.369769,1465103764.448000
248,1465103758.654000,1465103759.357566,1465103764.371208,1465103764.458000
249,1465103758.654000,1465103759.328671,1465103764.330391,1465103764.419000
250,1465103758.654000,1465103759.387289,1465103764.388546,1465103764.470000
251,1465103758.654000,1465103759.363043,1465103764.364265,1465103764.434000
252,1465103758.654000,1465103759.335234,1465103764.336526,1465103764.421000
253,1465103758.654000,1465103759.376586,1465103764.378951,1465103764.451000
254,1465103758.654000,0.000000,0.000000,0.000000
255,1465103758.654000,1465103759.331287,1465103764.332742,1465103764.414000
256,1465103758.654000,1465103759.360407,1465103764.362240,1465103764.440000
257,1465103758.654000,1465103759.258655,1465103764.260154,1465103764.368000
258,1465103758.654000,0.000000,0.000000,0.000000
259,1465103758.654000,1465103759.348153,1465103764.349896,1465103764.438000
260,1465103758.654000,0.000000,0.000000,0.000000
261,1465103758.654000,1465103759.281512,1465103764.283379,1465103764.361000
262,1465103758.654000,1465103759.381655,1465103764.389681,1465103764.470000
263,1465103758.654000,1465103759.384034,1465103764.394736,1465103764.473000
264,1465103758.654000,0.000000,0.000000,0.000000
265,1465103758.654000,1465103759.326683,1465103764.327973,1465103764.404000
266,1465103758.654000,0.000000,0.000000,0.000000
267,1465103758.654000,1465103759.331840,1465103764.333300,1465103764.418000
268,1465103758.654000,1465103759.322803,1465103764.324118,1465103764.424000
269,1465103758.654000,1465103759.337645,1465103764.338931,1465103764.440000
270,1465103758.654000,1465103759.304576,1465103764.305788,1465103764.385000
271,1465103758.654000,1465103759.302991,1465103764.304544,1465103764.397000
272,1465103758.654000,0.000000,0.000000,0.000000
273,1465103758.654000,1465103759.373314,1465103764.374590,1465103764.462000
274,1465103758.655000,1465103759.340140,1465103764.341313,1465103764.429000
275,1465103758.655000,1465103759.281679,1465103764.283256,1465103764.361000
276,1465103758.655000,1465103759.325726,1465103764.327032,1465103764.397000
277,1465103758.655000,0.000000,0.000000,0.000000
278,1465103758.655000,1465103759.357805,1465103764.359206,1465103764.436000
279,1465103758.655000,1465103759.327900,1465103764.331329,1465103764.418000
280,1465103758.656000,1465103759.359939,1465103764.361193,1465103764.443000
281,1465103758.658000,1465103759.307025,1465103764.308605,1465103764.396000
282,1465103758.662000,1465103759.373367,1465103764.375778,1465103764.449000
283,1465103758.665000,1465103759.354088,1465103764.358046,1465103764.451000
284,1465103758.665000,0.000000,0.000000,0.000000
285,1465103758.665000,0.000000,0.000000,0.000000
286,1465103758.671000,1465103759.265941,1465103764.267351,1465103764.364000
287,1465103758.671000,1465103759.365081,1465103764.366334,1465103764.454000
288,1465103758.671000,1465103759.388187,1465103764.389447,1465103764.461000
289,1465103758.671000,1465103759.360707,1465103764.362281,1465103764.447000
290,1465103758.678000,1465103759.360241,1465103764.361526,1465103764.454000
291,1465103758.678000,1465103759.328212,1465103764.329636,1465103764.429000
292,1465103758.678000,1465103759.344480,1465103764.345821,1465103764.422000
293,1465103758.678000,1465103759.380155,1465103764.381659,1465103764.466000
294,1465103758.678000,1465103759.376848,1465103764.378255,1465103764.457000
295,1465103758.678000,1465103759.319226,1465103764.320483,1465103764.409000
296,1465103758.678000,1465103759.374029,1465103764.375541,1465103764.460000
297,1465103758.678000,1465103759.378705,1465103764.382576,1465103764.467000
298,1465103758.678000,1465103759.337099,1465103764.346405,1465103764.428000
299,1465103758.678000,1465103759.356916,1465103764.359006,1465103764.435000
300,1465103758.678000,1465103759.349477,1465103764.350915,1465103764.438000
301,1465103758.678000,1465103759.380747,1465103764.384851,1465103764.458000
302,1465103758.678000,1465103759.381604,1465103764.383136,1465103764.471000
303,1465103758.679000,1465103759.316699,1465103764.326438,1465103764.409000
304,1465103758.679000,1465103759.327829,1465103764.329021,1465103764.411000
305,1465103758.679000,1465103759.365230,1465103764.378973,1465103764.457000
306,1465103758.679000,0.000000,0.000000,0.000000
307,1465103758.679000,1465103759.350952,1465103764.352308,1465103764.434000
308,1465103758.679000,1465103759.335769,1465103764.337412,1465103764.434000
309,1465103758.679000,1465103759.344276,1465103764.345482,1465103764.439000
310,1465103758.679000,1465103759.311660,1465103764.313007,1465103764.383000
311,1465103758.679000,1465103759.378387,1465103764.384670,1465103764.470000
312,1465103758.680000,1465103759.358776,1465103764.360258,1465103764.448000
313,1465103758.680000,1465103759.378103,1465103764.379583,1465103764.461000
314,1465103758.680000,1465103759.386036,1465103764.387332,1465103764.464000
315,1465103758.680000,1465103759.338781,1465103764.340126,1465103764.418000
316,1465103758.680000,1465103759.342973,1465103764.344448,1465103764.433000
317,1465103758.680000,1465103759.360292,1465103764.363179,1465103764.440000
318,1465103758.680000,1465103759.368348,1465103764.369865,1465103764.458000
319,1465103758.680000,1465103759.317572,1465103764.318874,1465103764.395000
320,1465103758.680000,0.000000,0.000000,0.000000
321,1465103758.680000,1465103759.363123,1465103764.364460,1465103764.441000
322,1465103758.681000,1465103759.373612,1465103764.375096,1465103764.453000
323,1465103758.681000,1465103759.358130,1465103764.359887,1465103764.446000
324,1465103758.681000,1465103759.311774,1465103764.313036,1465103764.395000
325,1465103758.681000,1465103759.390612,1465103764.398860,1465103764.486000
326,1465103758.682000,1465103759.345701,1465103764.347059,1465103764.426000
327,1465103758.682000,1465103759.293792,1465103764.295345,1465103764.373000
328,1465103758.682000,1465103759.380920,1465103764.386088,1465103764.466000
329,1465103758.682000,1465103759.381106,1465103764.382531,1465103764.460000
330,1465103758.682000,1465103759.334662,1465103764.336004,1465103764.418000
331,1465103758.682000,1465103759.336953,1465103764.338124,1465103764.430000
332,1465103758.682000,1465103759.354887,1465103764.357055,1465103764.457000
333,1465103758.682000,1465103759.375185,1465103764.376474,1465103764.455000
334,1465103758.682000,1465103759.364455,1465103764.365876,1465103764.454000
335,1465103758.682000,1465103759.316932,1465103764.319027,1465103764.398000
336,1465103758.682000,1465103759.362252,1465103764.364190,1465103764.442000
337,1465103758.683000,1465103759.365689,1465103764.369113,1465103764.447000
338,1465103758.683000,1465103759.341443,1465103764.342634,1465103764.435000
339,1465103758.683000,1465103759.293239,1465103764.294647,1465103764.403000
340,1465103758.683000,1465103759.359439,1465103764.361126,1465103764.449000
341,1465103758.684000,1465103759.339739,1465103764.340947,1465103764.419000
342,1465103758.684000,1465103759.365189,1465103764.367857,1465103764.448000
343,1465103758.684000,1465103759.335980,1465103764.345542,1465103764.433000
344,1465103758.684000,0.000000,0.000000,0.000000
345,1465103758.684000,1465103759.347147,1465103764.348387,1465103764.424000
346,1465103758.684000,1465103759.359200,1465103764.360812,1465103764.449000
347,1465103758.684000,1465103759.372981,1465103764.374533,1465103764.460000
348,1465103758.684000,1465103759.382793,1465103764.384189,1465103764.469000
349,1465103758.684000,1465103759.378442,1465103764.379778,1465103764.466000
350,1465103758.684000,1465103759.410850,1465103764.412892,1465103764.474000
351,1465103758.684000,1465103759.360633,1465103764.363785,1465103764.448000
352,1465103758.684000,1465103759.302317,1465103764.303747,1465103764.401000
353,1465103758.684000,1465103759.338321,1465103764.339567,1465103764.409000
354,1465103758.685000,1465103759.357999,1465103764.361238,1465103764.449000
355,1465103758.685000,1465103759.365909,1465103764.378959,1465103764.458000
356,1465103758.685000,1465103759.369828,1465103764.371075,1465103764.437000
357,1465103758.685000,1465103759.351907,1465103764.353105,1465103764.450000
358,1465103758.687000,1465103759.328650,1465103764.329919,1465103764.407000
359,1465103758.687000,1465103759.393781,1465103764.395449,1465103764.476000
360,1465103758.687000,1465103759.420605,1465103764.422243,1465103764.500000
361,1465103758.687000,1465103759.390118,1465103764.391390,1465103764.479000
362,1465103758.687000,1465103759.366421,1465103764.367731,1465103764.454000
363,1465103758.687000,1465103759.369401,1465103764.370650,1465103764.452000
364,1465103758.687000,1465103759.345573,1465103764.346738,1465103764.440000
365,1465103758.687000,1465103759.311321,1465103764.312620,1465103764.405000
366,1465103758.687000,1465103759.380231,1465103764.381511,1465103764.443000
367,1465103758.688000,1465103759.327140,1465103764.328323,1465103764.421000
368,1465103758.688000,1465103759.380943,1465103764.382770,1465103764.469000
369,1465103758.688000,1465103759.385410,1465103764.387449,1465103764.473000
370,1465103758.688000,1465103759.369934,1465103764.371091,1465103764.449000
371,1465103758.689000,1465103759.329262,1465103764.330540,1465103764.419000
372,1465103758.689000,1465103759.354760,1465103764.356334,1465103764.449000
373,1465103758.689000,1465103759.330548,1465103764.331815,1465103764.411000
374,1465103758.689000,1465103759.378687,1465103764.380482,1465103764.447000
375,1465103758.689000,1465103759.347478,1465103764.354727,1465103764.433000
376,1465103758.690000,1465103759.367483,1465103764.368844,1465103764.445000
377,1465103758.690000,1465103759.349506,1465103764.350825,1465103764.445000
378,1465103758.690000,1465103759.384790,1465103764.386217,1465103764.467000
379,1465103758.690000,1465103759.380562,1465103764.383049,1465103764.455000
380,1465103758.690000,1465103759.354242,1465103764.355493,1465103764.448000
381,1465103758.690000,1465103759.361515,1465103764.363046,1465103764.443000
382,1465103758.690000,1465103759.337336,1465103764.338620,1465103764.427000
383,1465103758.691000,1465103759.370017,1465103764.371690,1465103764.451000
384,1465103758.691000,1465103759.292512,1465103764.295022,1465103764.403000
385,1465103758.691000,1465103759.384381,1465103764.385588,1465103764.470000
386,1465103758.691000,1465103759.313849,1465103764.315075,1465103764.407000
387,1465103758.691000,1465103759.394114,1465103764.395466,1465103764.477000
388,1465103758.691000,1465103759.336747,1465103764.339183,1465103764.427000
389,1465103758.691000,1465103759.383453,1465103764.384823,1465103764.461000
390,1465103758.691000,1465103759.348628,1465103764.349789,1465103764.438000
391,1465103758.692000,1465103759.377520,1465103764.379019,1465103764.465000
392,1465103758.692000,1465103759.307318,1465103764.308688,1465103764.394000
393,1465103758.692000,1465103759.399613,1465103764.400788,1465103764.472000
394,1465103758.692000,1465103759.401335,1465103764.403211,1465103764.481000
395,1465103758.692000,1465103759.362380,1465103764.369134,1465103764.450000
396,1465103758.692000,1465103759.375340,1465103764.376663,1465103764.462000
397,1465103758.692000,1465103759.423458,1465103764.434342,1465103764.512000
398,1465103758.693000,1465103759.366717,1465103764.368016,1465103764.459000
399,1465103758.693000,0.000000,0.000000,0.000000
400,1465103758.693000,1465103759.344644,1465103764.345946,1465103764.419000
401,1465103758.693000,1465103759.355695,1465103764.357427,1465103764.435000
402,1465103758.693000,1465103759.361049,1465103764.362422,1465103764.447000
403,1465103758.694000,1465103759.319716,1465103764.321027,1465103764.413000
404,1465103758.694000,1465103759.353454,1465103764.354750,1465103764.436000
405,1465103758.694000,1465103759.385961,1465103764.387234,1465103764.460000
406,1465103758.694000,1465103759.378320,1465103764.379514,1465103764.457000
407,1465103758.694000,1465103759.340351,1465103764.342188,1465103764.432000
408,1465103758.694000,1465103759.404032,1465103764.410862,1465103764.478000
409,1465103758.694000,1465103759.370816,1465103764.372392,1465103764.454000
410,1465103758.694000,1465103759.372098,1465103764.388845,1465103764.470000
411,1465103758.695000,1465103759.370177,1465103764.371815,1465103764.457000
412,1465103758.695000,1465103759.383451,1465103764.385051,1465103764.484000
413,1465103758.695000,1465103759.377214,1465103764.397259,1465103764.474000
414,1465103758.695000,1465103759.376350,1465103764.378015,1465103764.456000
415,1465103758.695000,1465103759.393377,1465103764.395355,1465103764.473000
416,1465103758.695000,1465103759.388983,1465103764.406000,1465103764.486000
417,1465103758.695000,1465103759.377582,1465103764.379642,1465103764.446000
418,1465103758.695000,1465103759.400506,1465103764.402375,1465103764.464000
419,1465103758.696000,1465103759.370690,1465103764.372392,1465103764.445000
420,1465103758.696000,1465103759.331202,1465103764.332380,1465103764.424000
421,1465103758.696000,1465103759.387664,1465103764.405428,1465103764.493000
422,1465103758.696000,1465103759.281277,1465103764.282705,1465103764.391000
423,1465103758.697000,1465103759.401261,1465103764.410784,1465103764.478000
424,1465103758.697000,1465103759.340147,1465103764.341486,1465103764.418000
425,1465103758.697000,1465103759.385098,1465103764.386462,1465103764.467000
426,1465103758.697000,1465103759.363454,1465103764.364715,1465103764.443000
427,1465103758.697000,1465103759.356875,1465103764.358206,1465103764.452000
428,1465103758.697000,1465103759.402387,1465103764.404682,1465103764.470000
429,1465103758.698000,1465103759.369682,1465103764.372123,1465103764.445000
430,1465103758.698000,1465103759.393523,1465103764.397592,1465103764.478000
431,1465103758.698000,1465103759.379566,1465103764.381338,1465103764.467000
432,1465103758.698000,1465103759.335706,1465103764.339189,1465103764.428000
433,1465103758.698000,1465103759.383783,1465103764.385849,1465103764.459000
434,1465103758.698000,1465103759.366539,1465103764.368932,1465103764.454000
435,1465103758.698000,1465103759.362518,1465103764.363865,1465103764.451000
436,1465103758.698000,1465103759.366289,1465103764.367634,1465103764.444000
437,1465103758.698000,1465103759.364032,1465103764.365305,1465103764.451000
438,1465103758.699000,1465103759.341849,1465103764.343119,1465103764.425000
439,1465103758.699000,1465103759.360388,1465103764.368221,1465103764.446000
440,1465103758.699000,1465103759.357968,1465103764.359783,1465103764.447000
441,1465103758.699000,1465103759.368302,1465103764.369524,1465103764.448000
442,1465103758.699000,1465103759.401811,1465103764.403004,1465103764.485000
443,1465103758.699000,1465103759.383627,1465103764.386605,1465103764.475000
444,1465103758.700000,1465103759.314387,1465103764.315660,1465103764.403000
445,1465103758.700000,1465103759.380841,1465103764.382333,1465103764.449000
446,1465103758.700000,1465103759.405587,1465103764.409015,1465103764.474000
447,1465103758.700000,1465103759.364925,1465103764.366606,1465103764.458000
448,1465103758.700000,1465103759.391187,1465103764.392395,1465103764.463000
449,1465103758.701000,1465103759.330321,1465103764.331762,1465103764.429000
450,1465103758.701000,1465103759.361621,1465103764.365168,1465103764.442000
451,1465103758.701000,1465103759.401875,1465103764.418815,1465103764.497000
452,1465103758.701000,1465103759.386975,1465103764.389630,1465103764.476000
453,1465103758.702000,1465103759.351813,1465103764.354347,1465103764.433000
454,1465103758.702000,1465103759.368172,1465103764.369617,1465103764.455000
455,1465103758.702000,1465103759.374067,1465103764.375594,1465103764.469000
456,1465103758.702000,1465103759.352856,1465103764.354100,1465103764.424000
457,1465103758.702000,1465103759.366532,1465103764.368251,1465103764.446000
458,1465103758.702000,1465103759.388384,1465103764.389882,1465103764.463000
459,1465103758.702000,1465103759.330290,1465103764.331540,1465103764.419000
460,1465103758.702000,1465103759.374177,1465103764.375604,1465103764.460000
461,1465103758.702000,1465103759.375175,1465103764.376420,1465103764.448000
462,1465103758.703000,1465103759.379700,1465103764.382602,1465103764.470000
463,1465103758.703000,1465103759.382587,1465103764.385794,1465103764.473000
464,1465103758.703000,1465103759.366902,1465103764.368309,1465103764.445000
465,1465103758.703000,1465103759.388870,1465103764.391400,1465103764.473000
466,1465103758.703000,1465103759.368590,1465103764.369801,1465103764.457000
467,1465103758.704000,1465103759.352592,1465103764.353901,1465103764.447000
468,1465103758.704000,1465103759.384042,1465103764.385251,1465103764.464000
469,1465103758.704000,1465103759.398859,1465103764.401742,1465103764.481000
470,1465103758.704000,1465103759.320410,1465103764.321598,1465103764.418000
471,1465103758.704000,1465103759.397991,1465103764.401099,1465103764.480000
472,1465103758.704000,1465103759.363574,1465103764.365109,1465103764.445000
473,1465103758.704000,1465103759.366669,1465103764.368239,1465103764.448000
474,1465103758.705000,1465103759.347256,1465103764.348513,1465103764.430000
475,1465103758.705000,1465103759.351406,1465103764.352764,1465103764.428000
476,1465103758.705000,1465103759.354022,1465103764.355366,1465103764.433000
477,1465103758.705000,1465103759.386273,1465103764.391643,1465103764.479000
478,1465103758.705000,1465103759.327039,1465103764.331595,1465103764.424000
479,1465103758.705000,1465103759.387456,1465103764.404122,1465103764.488000
480,1465103758.705000,1465103759.370892,1465103764.372095,1465103764.460000
481,1465103758.705000,1465103759.375065,1465103764.376396,1465103764.461000
482,1465103758.706000,1465103759.437810,1465103764.439055,1465103764.502000
483,1465103758.706000,1465103759.309094,1465103764.310269,1465103764.407000
484,1465103758.706000,1465103759.381337,1465103764.383192,1465103764.470000
485,1465103758.706000,1465103759.384698,1465103764.386005,1465103764.474000
486,1465103758.706000,1465103759.361906,1465103764.363015,1465103764.456000
487,1465103758.706000,1465103759.368339,1465103764.369565,1465103764.455000
488,1465103758.706000,1465103759.384287,1465103764.389687,1465103764.471000
489,1465103758.706000,1465103759.397495,1465103764.398778,1465103764.480000
490,1465103758.706000,1465103759.300269,1465103764.301401,1465103764.410000
491,1465103758.707000,1465103759.554352,1465103764.555561,1465103764.620000
492,1465103758.707000,1465103759.388303,1465103764.389604,1465103764.470000
493,1465103758.707000,1465103759.388049,1465103764.391322,1465103764.477000
494,1465103758.707000,1465103759.478466,1465103764.479880,1465103764.561000
495,1465103758.707000,1465103759.472023,1465103764.473954,1465103764.559000
496,1465103758.707000,1465103759.467079,1465103764.468276,1465103764.553000
497,1465103758.707000,1465103759.454153,1465103764.474830,1465103764.553000
498,1465103758.707000,1465103759.384683,1465103764.386401,1465103764.463000
499,1465103758.707000,1465103759.424554,1465103764.425801,1465103764.507000
500,1465103758.707000,1465103759.388743,1465103764.390807,1465103764.475000
501,1465103758.707000,1465103759.392162,1465103764.394934,1465103764.475000
502,1465103758.707000,1465103759.493637,1465103764.495227,1465103764.587000
503,1465103758.707000,1465103759.405453,1465103764.406697,1465103764.495000
504,1465103758.707000,1465103759.400609,1465103764.411718,1465103764.479000
505,1465103758.707000,1465103759.386287,1465103764.387554,1465103764.475000
506,1465103758.707000,1465103759.383790,1465103764.385332,1465103764.465000
507,1465103758.708000,1465103759.369562,1465103764.370976,1465103764.456000
508,1465103758.708000,1465103759.418475,1465103764.419657,1465103764.481000
509,1465103758.708000,1465103759.370793,1465103764.372194,1465103764.465000
510,1465103758.708000,1465103759.379816,1465103764.381119,1465103764.468000
511,1465103758.708000,1465103759.443982,1465103764.445276,1465103764.525000
512,1465103758.708000,1465103759.377159,1465103764.384415,1465103764.485000
513,1465103758.708000,1465103759.349614,1465103764.350809,1465103764.429000
514,1465103758.708000,1465103759.393700,1465103764.396423,1465103764.476000
515,1465103758.708000,1465103759.441971,1465103764.455575,1465103764.545000
516,1465103758.708000,1465103759.373194,1465103764.374717,1465103764.455000
517,1465103758.708000,1465103759.410025,1465103764.411271,1465103764.492000
518,1465103758.708000,1465103759.347237,1465103764.348991,1465103764.428000
519,1465103758.708000,1465103759.534560,1465103764.536086,1465103764.624000
520,1465103758.708000,1465103759.522975,1465103764.525546,1465103764.605000
521,1465103758.708000,1465103759.405682,1465103764.408576,1465103764.489000
522,1465103758.708000,1465103759.479285,1465103764.481978,1465103764.559000
523,1465103758.708000,1465103759.468578,1465103764.469864,1465103764.559000
524,1465103758.708000,1465103759.438446,1465103764.439929,1465103764.515000
525,1465103758.708000,1465103759.355325,1465103764.356787,1465103764.457000
526,1465103758.708000,1465103759.383185,1465103764.385469,1465103764.458000
527,1465103758.708000,1465103759.497626,1465103764.498961,1465103764.607000
528,1465103758.708000,1465103759.336071,1465103764.339587,1465103764.427000
529,1465103758.708000,1465103759.369690,1465103764.390703,1465103764.472000
530,1465103758.708000,1465103759.404203,1465103764.405803,1465103764.472000
531,1465103758.708000,1465103759.411928,1465103764.413109,1465103764.501000
532,1465103758.708000,1465103759.361621,1465103764.364321,1465103764.441000
533,1465103758.708000,1465103759.362275,1465103764.372193,1465103764.457000
534,1465103758.708000,1465103759.440107,1465103764.441357,1465103764.527000
535,1465103758.709000,1465103759.524652,1465103764.525895,1465103764.606000
536,1465103758.709000,1465103759.359252,1465103764.360449,1465103764.441000
537,1465103758.709000,1465103759.389927,1465103764.399320,1465103764.486000
538,1465103758.709000,1465103759.389321,1465103764.390538,1465103764.476000
539,1465103758.709000,1465103759.492389,1465103764.493610,1465103764.565000
540,1465103758.709000,1465103759.468766,1465103764.470267,1465103764.548000
541,1465103758.709000,1465103759.518938,1465103764.520140,1465103764.629000
542,1465103758.709000,1465103759.455771,1465103764.456980,1465103764.541000
543,1465103758.709000,1465103759.534101,1465103764.536989,1465103764.619000
544,1465103758.709000,1465103759.505819,1465103764.506995,1465103764.601000
545,1465103758.709000,1465103759.472832,1465103764.474061,1465103764.582000
546,1465103758.709000,1465103759.358427,1465103764.373238,1465103764.446000
547,1465103758.709000,1465103759.505948,1465103764.507416,1465103764.597000
548,1465103758.709000,1465103759.854760,1465103764.856272,1465103764.944000
549,1465103758.709000,1465103759.410053,1465103764.421205,1465103764.483000
550,1465103758.709000,1465103759.424503,1465103764.425652,1465103764.512000
551,1465103758.709000,1465103759.447585,1465103764.449200,1465103764.536000
552,1465103758.709000,1465103759.419007,1465103764.420337,1465103764.504000
553,1465103758.709000,1465103759.366366,1465103764.368201,1465103764.446000
554,1465103758.709000,1465103759.511586,1465103764.513040,1465103764.589000
555,1465103758.709000,1465103759.387724,1465103764.392137,1465103764.473000
556,1465103758.709000,1465103759.355417,1465103764.356714,1465103764.423000
557,1465103758.709000,1465103759.316281,1465103764.326441,1465103764.408000
558,1465103758.709000,1465103759.374894,1465103764.376474,1465103764.469000
559,1465103758.709000,1465103759.392540,1465103764.401517,1465103764.464000
560,1465103758.709000,1465103759.396729,1465103764.401779,1465103764.463000
561,1465103758.709000,1465103759.485392,1465103764.486696,1465103764.563000
562,1465103758.709000,1465103759.389997,1465103764.391266,1465103764.472000
563,1465103758.710000,1465103759.396764,1465103764.398006,1465103764.479000
564,1465103758.710000,1465103759.478666,1465103764.479894,1465103764.546000
565,1465103758.710000,1465103759.381305,1465103764.385180,1465103764.473000
566,1465103758.710000,1465103759.401380,1465103764.402586,1465103764.490000
567,1465103758.710000,1465103759.331155,1465103764.332434,1465103764.433000
568,1465103758.710000,1465103759.557781,1465103764.565471,1465103764.636000
569,1465103758.710000,1465103759.355288,1465103764.356456,1465103764.435000
570,1465103758.710000,1465103759.401154,1465103764.409060,1465103764.474000
571,1465103758.710000,1465103759.384728,1465103764.405516,1465103764.493000
572,1465103758.710000,1465103759.520803,1465103764.522020,1465103764.610000
573,1465103758.710000,1465103759.383709,1465103764.384930,1465103764.470000
574,1465103758.710000,1465103759.387000,1465103764.388338,1465103764.468000
575,1465103758.710000,1465103759.357910,1465103764.359518,1465103764.432000
576,1465103758.710000,1465103759.506771,1465103764.507907,1465103764.616000
577,1465103758.710000,1465103759.359881,1465103764.361145,1465103764.447000
578,1465103758.710000,1465103759.373110,1465103764.374577,1465103764.459000
579,1465103758.710000,1465103759.406422,1465103764.407971,1465103764.473000
580,1465103758.710000,1465103759.344047,1465103764.345316,1465103764.412000
581,1465103758.710000,1465103759.473199,1465103764.488698,1465103764.575000
582,1465103758.710000,1465103759.311631,1465103764.312826,1465103764.401000
583,1465103758.710000,1465103759.381377,1465103764.383401,1465103764.470000
584,1465103758.710000,1465103759.380049,1465103764.391958,1465103764.465000
585,1465103758.710000,1465103759.394193,1465103764.395406,1465103764.480000
586,1465103758.710000,1465103759.513909,1465103764.515118,1465103764.607000
587,1465103758.710000,1465103759.494430,1465103764.495802,1465103764.558000
588,1465103758.710000,1465103759.378848,1465103764.386099,1465103764.465000
589,1465103758.710000,1465103759.347182,1465103764.348436,1465103764.440000
590,1465103758.711000,1465103759.477733,1465103764.497973,1465103764.585000
591,1465103758.710000,1465103759.378700,1465103764.380809,1465103764.461000
592,1465103758.710000,1465103759.383621,1465103764.394496,1465103764.473000
593,1465103758.711000,1465103759.375550,1465103764.376907,1465103764.476000
594,1465103758.711000,1465103759.395950,1465103764.397103,1465103764.474000
595,1465103758.711000,1465103759.334590,1465103764.343944,1465103764.444000
596,1465103758.711000,1465103759.468299,1465103764.469472,1465103764.547000
597,1465103758.711000,1465103759.342869,1465103764.354228,1465103764.443000
598,1465103758.711000,1465103759.393267,1465103764.394688,1465103764.457000
599,1465103758.711000,1465103759.389916,1465103764.404179,1465103764.489000
600,1465103758.711000,1465103759.430155,1465103764.431357,1465103764.497000
601,1465103758.711000,1465103759.438068,1465103764.439265,1465103764.519000
602,1465103758.711000,1465103759.483301,1465103764.484543,1465103764.565000
603,1465103758.711000,1465103759.329303,1465103764.331032,1465103764.419000
604,1465103758.711000,1465103759.499548,1465103764.501182,1465103764.580000
605,1465103758.711000,1465103759.382396,1465103764.383767,1465103764.470000
606,1465103758.711000,1465103759.488888,1465103764.508538,1465103764.594000
607,1465103758.711000,1465103759.377350,1465103764.378597,1465103764.460000
608,1465103758.711000,1465103759.399420,1465103764.400856,1465103764.481000
609,1465103758.711000,1465103759.364290,1465103764.365531,1465103764.463000
610,1465103758.711000,1465103759.370957,1465103764.372104,1465103764.454000
611,1465103758.711000,1465103759.470673,1465103764.471912,1465103764.534000
612,1465103758.711000,1465103759.434381,1465103764.435685,1465103764.517000
613,1465103758.711000,1465103759.383757,1465103764.398016,1465103764.485000
614,1465103758.711000,1465103759.516053,1465103764.517362,1465103764.597000
615,1465103758.711000,1465103759.432102,1465103764.433421,1465103764.514000
616,1465103758.711000,1465103759.443631,1465103764.444848,1465103764.526000
617,1465103758.711000,1465103759.332831,1465103764.334261,1465103764.413000
618,1465103758.711000,1465103759.392701,1465103764.397966,1465103764.479000
619,1465103758.712000,1465103759.512924,1465103764.514156,1465103764.595000
620,1465103758.712000,1465103759.431621,1465103764.434354,1465103764.522000
621,1465103758.712000,1465103759.443360,1465103764.444656,1465103764.526000
622,1465103758.712000,1465103759.483282,1465103764.484427,1465103764.577000
623,1465103758.712000,1465103759.432156,1465103764.433425,1465103764.514000
624,1465103758.712000,1465103759.408024,1465103764.409269,1465103764.490000
625,1465103758.712000,1465103759.403296,1465103764.404531,1465103764.485000
626,1465103758.712000,1465103759.389969,1465103764.391182,1465103764.469000
627,1465103758.712000,1465103759.414101,1465103764.415367,1465103764.503000
628,1465103758.712000,1465103759.379803,1465103764.381088,1465103764.481000
629,1465103758.712000,1465103759.348938,1465103764.350193,1465103764.429000
630,1465103758.712000,1465103759.439412,1465103764.440772,1465103764.528000
631,1465103758.712000,1465103759.441445,1465103764.443681,1465103764.533000
632,1465103758.712000,1465103759.460705,1465103764.461978,1465103764.544000
633,1465103758.713000,1465103759.461570,1465103764.462727,1465103764.527000
634,1465103758.713000,1465103759.404436,1465103764.405968,1465103764.473000
635,1465103758.713000,1465103759.459612,1465103764.460854,1465103764.539000
636,1465103758.713000,1465103759.389086,1465103764.390963,1465103764.471000
637,1465103758.713000,1465103759.455262,1465103764.456727,1465103764.532000
638,1465103758.713000,1465103759.496032,1465103764.497428,1465103764.594000
639,1465103758.713000,1465103759.375853,1465103764.377388,1465103764.455000
640,1465103758.713000,1465103759.367063,1465103764.368190,1465103764.461000
641,1465103758.713000,1465103759.404342,1465103764.405620,1465103764.468000
642,1465103758.713000,1465103759.406178,1465103764.408497,1465103764.474000
643,1465103758.713000,1465103759.379548,1465103764.382168,1465103764.466000
644,1465103758.713000,1465103759.495815,1465103764.497381,1465103764.578000
645,1465103758.713000,1465103759.548530,1465103764.549659,1465103764.620000
646,1465103758.713000,1465103759.462935,1465103764.464197,1465103764.550000
647,1465103758.713000,1465103759.366264,1465103764.367716,1465103764.468000
648,1465103758.713000,1465103759.369868,1465103764.371070,1465103764.448000
649,1465103758.713000,1465103759.337834,1465103764.339106,1465103764.426000
650,1465103758.713000,1465103759.350178,1465103764.351762,1465103764.430000
651,1465103758.713000,1465103759.386208,1465103764.387746,1465103764.470000
652,1465103758.713000,1465103759.443514,1465103764.444741,1465103764.512000
653,1465103758.713000,1465103759.381828,1465103764.394926,1465103764.472000
654,1465103758.713000,1465103759.330324,1465103764.331629,1465103764.408000
655,1465103758.713000,1465103759.359089,1465103764.360432,1465103764.455000
656,1465103758.713000,1465103759.369329,1465103764.370593,1465103764.458000
657,1465103758.713000,1465103759.414989,1465103764.421415,1465103764.483000
658,1465103758.713000,1465103759.485108,1465103764.486365,1465103764.565000
659,1465103758.714000,1465103759.385742,1465103764.387323,1465103764.476000
660,1465103758.714000,1465103759.394848,1465103764.396135,1465103764.476000
661,1465103758.714000,1465103759.316627,1465103764.317912,1465103764.418000
662,1465103758.714000,1465103759.494073,1465103764.495349,1465103764.576000
663,1465103758.714000,1465103759.389468,1465103764.390768,1465103764.464000
664,1465103758.714000,1465103759.350149,1465103764.351763,1465103764.452000
665,1465103758.714000,1465103759.328228,1465103764.329785,1465103764.409000
666,1465103758.714000,1465103759.353781,1465103764.355065,1465103764.440000
667,1465103758.714000,1465103759.391919,1465103764.393102,1465103764.470000
668,1465103758.714000,1465103759.534185,1465103764.542257,1465103764.625000
669,1465103758.714000,1465103759.370054,1465103764.371385,1465103764.465000
670,1465103758.714000,1465103759.471877,1465103764.473143,1465103764.550000
671,1465103758.714000,1465103759.379485,1465103764.398635,1465103764.476000
672,1465103758.714000,1465103759.364813,1465103764.366613,1465103764.466000
673,1465103758.714000,1465103759.440687,1465103764.442012,1465103764.529000
674,1465103758.714000,1465103759.414828,1465103764.416926,1465103764.479000
675,1465103758.714000,1465103759.358770,1465103764.359944,1465103764.456000
676,1465103758.714000,1465103759.372454,1465103764.388843,1465103764.470000
677,1465103758.714000,1465103759.471078,1465103764.472250,1465103764.553000
678,1465103758.714000,1465103759.532399,1465103764.533792,1465103764.599000
679,1465103758.714000,1465103759.347592,1465103764.348967,1465103764.415000
680,1465103758.714000,1465103759.382449,1465103764.383626,1465103764.449000
681,1465103758.714000,1465103759.513437,1465103764.514811,1465103764.597000
682,1465103758.714000,1465103759.471825,1465103764.473174,1465103764.554000
683,1465103758.714000,1465103759.502389,1465103764.503623,1465103764.596000
684,1465103758.714000,1465103759.445671,1465103764.446811,1465103764.536000
685,1465103758.714000,1465103759.500585,1465103764.502171,1465103764.577000
686,1465103758.715000,1465103759.397032,1465103764.398895,1465103764.485000
687,1465103758.715000,1465103759.469036,1465103764.470283,1465103764.556000
688,1465103758.715000,1465103759.499426,1465103764.500582,1465103764.609000
689,1465103758.715000,1465103759.453117,1465103764.454588,1465103764.563000
690,1465103758.715000,1465103759.441804,1465103764.443165,1465103764.531000
691,1465103758.715000,1465103759.494291,1465103764.495445,1465103764.562000
692,1465103758.715000,1465103759.418776,1465103764.419999,1465103764.507000
693,1465103758.715000,1465103759.404332,1465103764.410068,1465103764.476000
694,1465103758.715000,1465103759.398659,1465103764.400066,1465103764.481000
695,1465103758.715000,1465103759.398168,1465103764.410019,1465103764.477000
696,1465103758.715000,1465103759.484754,1465103764.486061,1465103764.552000
697,1465103758.715000,1465103759.391816,1465103764.393004,1465103764.473000
698,1465103758.715000,1465103759.494515,1465103764.495848,1465103764.577000
699,1465103758.715000,1465103759.503335,1465103764.504806,1465103764.580000
700,1465103758.715000,1465103759.409545,1465103764.410756,1465103764.495000
701,1465103758.715000,1465103759.402918,1465103764.404346,1465103764.485000
702,1465103758.715000,1465103759.479863,1465103764.481173,1465103764.568000
703,1465103758.715000,1465103759.372654,1465103764.383666,1465103764.483000
704,1465103758.715000,1465103759.529314,1465103764.545739,1465103764.628000
705,1465103758.715000,1465103759.430541,1465103764.432018,1465103764.507000
706,1465103758.715000,1465103759.523984,1465103764.525226,1465103764.607000
707,1465103758.715000,1465103759.409732,1465103764.411335,1465103764.473000
708,1465103758.715000,1465103759.540224,1465103764.541465,1465103764.611000
709,1465103758.715000,1465103759.450890,1465103764.452182,1465103764.537000
710,1465103758.715000,1465103759.452473,1465103764.453646,1465103764.534000
711,1465103758.715000,1465103759.433448,1465103764.434662,1465103764.518000
712,1465103758.716000,1465103759.463075,1465103764.464445,1465103764.557000
713,1465103758.716000,1465103759.397277,1465103764.398440,1465103764.487000
714,1465103758.716000,1465103759.450005,1465103764.451173,1465103764.517000
715,1465103758.716000,1465103759.373184,1465103764.374379,1465103764.461000
716,1465103758.716000,1465103759.383766,1465103764.386076,1465103764.463000
717,1465103758.716000,1465103759.423662,1465103764.424868,1465103764.504000
718,1465103758.716000,1465103759.507424,1465103764.508692,1465103764.597000
719,1465103758.716000,1465103759.482763,1465103764.484248,1465103764.574000
720,1465103758.716000,1465103759.365885,1465103764.367218,1465103764.461000
721,1465103758.716000,1465103759.457937,1465103764.459133,1465103764.525000
722,1465103758.716000,1465103759.379198,1465103764.380539,1465103764.461000
723,1465103758.716000,1465103759.385202,1465103764.388084,1465103764.475000
724,1465103758.716000,1465103759.436483,1465103764.437796,1465103764.509000
725,1465103758.716000,1465103759.449591,1465103764.450848,1465103764.517000
726,1465103758.716000,1465103759.547973,1465103764.549385,1465103764.632000
727,1465103758.716000,1465103759.495391,1465103764.496553,1465103764.575000
728,1465103758.716000,1465103759.553465,1465103764.554633,1465103764.625000
729,1465103758.716000,1465103759.460310,1465103764.462336,1465103764.548000
730,1465103758.716000,1465103759.448673,1465103764.449884,1465103764.535000
731,1465103758.716000,1465103759.412804,1465103764.413952,1465103764.492000
732,1465103758.716000,1465103759.516940,1465103764.518221,1465103764.597000
733,1465103758.716000,1465103759.412508,1465103764.413749,1465103764.501000
734,1465103758.716000,1465103759.388812,1465103764.392385,1465103764.479000
735,1465103758.716000,1465103759.374153,1465103764.375381,1465103764.463000
736,1465103758.716000,1465103759.380031,1465103764.381278,1465103764.469000
737,1465103758.716000,1465103759.451505,1465103764.452700,1465103764.534000
738,1465103758.716000,1465103759.350547,1465103764.352958,1465103764.445000
739,1465103758.717000,1465103759.450024,1465103764.451818,1465103764.539000
740,1465103758.717000,1465103759.367303,1465103764.368644,1465103764.468000
741,1465103758.717000,1465103759.437725,1465103764.439001,1465103764.510000
742,1465103758.722000,1465103759.474424,1465103764.475568,1465103764.565000
743,1465103758.721000,1465103759.504739,1465103764.505912,1465103764.584000
744,1465103758.731000,1465103759.369067,1465103764.370306,1465103764.458000
745,1465103758.751000,1465103759.351463,1465103764.354195,1465103764.454000
746,1465103758.770000,1465103759.486623,1465103764.488986,1465103764.569000
747,1465103758.778000,1465103759.398045,1465103764.399282,1465103764.480000
748,1465103758.779000,1465103759.492832,1465103764.494497,1465103764.587000
749,1465103758.779000,1465103759.541006,1465103764.545232,1465103764.627000
750,1465103758.779000,1465103759.514146,1465103764.528543,1465103764.610000
751,1465103758.779000,1465103759.495560,1465103764.496828,1465103764.558000
752,1465103758.779000,1465103759.467261,1465103764.468491,1465103764.550000
753,1465103758.779000,1465103759.474945,1465103764.476226,1465103764.566000
754,1465103758.779000,1465103759.503700,1465103764.504858,1465103764.571000
755,1465103758.779000,1465103759.489185,1465103764.490367,1465103764.580000
756,1465103758.779000,1465103759.511263,1465103764.512691,1465103764.578000
757,1465103758.779000,1465103759.464290,1465103764.465542,1465103764.574000
758,1465103758.779000,1465103759.541686,1465103764.543000,1465103764.624000
759,1465103758.779000,1465103759.434078,1465103764.435414,1465103764.516000
760,1465103758.780000,1465103759.484152,1465103764.485485,1465103764.564000
761,1465103758.780000,1465103759.402409,1465103764.404422,1465103764.485000
762,1465103758.780000,1465103759.473541,1465103764.474718,1465103764.540000
763,1465103758.780000,1465103759.501703,1465103764.502824,1465103764.597000
764,1465103758.781000,1465103759.462058,1465103764.466002,1465103764.546000
765,1465103758.781000,1465103759.492056,1465103764.493284,1465103764.581000
766,1465103758.781000,1465103759.518958,1465103764.520204,1465103764.601000
767,1465103758.781000,1465103759.486923,1465103764.488174,1465103764.567000
768,1465103758.781000,1465103759.532136,1465103764.534427,1465103764.626000
769,1465103758.782000,1465103759.431084,1465103764.432286,1465103764.517000
770,1465103758.782000,1465103759.467042,1465103764.473682,1465103764.554000
771,1465103758.782000,1465103759.451269,1465103764.454086,1465103764.534000
772,1465103758.783000,1465103759.413237,1465103764.414439,1465103764.485000
773,1465103758.783000,1465103759.489911,1465103764.491155,1465103764.572000
774,1465103758.784000,1465103759.486308,1465103764.488089,1465103764.569000
775,1465103758.784000,1465103759.539118,1465103764.540314,1465103764.621000
776,1465103758.784000,1465103759.482448,1465103764.484028,1465103764.561000
777,1465103758.784000,1465103759.468059,1465103764.482738,1465103764.560000
778,1465103758.784000,1465103759.416150,1465103764.417329,1465103764.502000
779,1465103758.784000,1465103759.519046,1465103764.520277,1465103764.585000
780,1465103758.784000,1465103759.424666,1465103764.426080,1465103764.523000
781,1465103758.785000,1465103759.503876,1465103764.505152,1465103764.576000
782,1465103758.785000,1465103759.541536,1465103764.542749,1465103764.632000
783,1465103758.785000,1465103759.403351,1465103764.404641,1465103764.490000
784,1465103758.785000,1465103759.457198,1465103764.458447,1465103764.529000
785,1465103758.786000,1465103759.475686,1465103764.476841,1465103764.555000
786,1465103758.786000,1465103759.501525,1465103764.502861,1465103764.581000
787,1465103758.786000,1465103759.539666,1465103764.540912,1465103764.630000
788,1465103758.786000,1465103759.351921,1465103764.353583,1465103764.454000
789,1465103758.787000,1465103759.429831,1465103764.431176,1465103764.498000
790,1465103758.787000,1465103759.467825,1465103764.469270,1465103764.551000
791,1465103758.787000,1465103759.472584,1465103764.473813,1465103764.563000
792,1465103758.787000,1465103759.486251,1465103764.487460,1465103764.595000
793,1465103758.788000,1465103759.511795,1465103764.517956,1465103764.598000
794,1465103758.788000,1465103759.533136,1465103764.534436,1465103764.614000
795,1465103758.788000,1465103759.481838,1465103764.483318,1465103764.561000
796,1465103758.788000,1465103759.505468,1465103764.506837,1465103764.585000
797,1465103758.788000,1465103759.454671,1465103764.456024,1465103764.541000
798,1465103758.789000,1465103759.497000,1465103764.498566,1465103764.579000
799,1465103758.789000,1465103759.396339,1465103764.397510,1465103764.485000
800,1465103758.789000,1465103759.481053,1465103764.482249,1465103764.574000
801,1465103758.789000,1465103759.482881,1465103764.484301,1465103764.572000
802,1465103758.789000,1465103759.534226,1465103764.535405,1465103764.616000
803,1465103758.789000,1465103759.527922,1465103764.529468,1465103764.612000
804,1465103758.789000,1465103759.462248,1465103764.466211,1465103764.546000
805,1465103758.790000,1465103759.482213,1465103764.484826,1465103764.562000
806,1465103758.790000,1465103759.431180,1465103764.432474,1465103764.520000
807,1465103758.790000,1465103759.500945,1465103764.502556,1465103764.599000
808,1465103758.790000,1465103759.546976,1465103764.563304,1465103764.633000
809,1465103758.791000,1465103759.525986,1465103764.527421,1465103764.624000
810,1465103758.791000,1465103759.522406,1465103764.524537,1465103764.604000
811,1465103758.791000,1465103759.464723,1465103764.466011,1465103764.548000
812,1465103758.791000,1465103759.463372,1465103764.464548,1465103764.531000
813,1465103758.791000,1465103759.470011,1465103764.471196,1465103764.542000
814,1465103758.792000,1465103759.535291,1465103764.536502,1465103764.626000
815,1465103758.792000,1465103759.492131,1465103764.493331,1465103764.571000
816,1465103758.792000,1465103759.516327,1465103764.517583,1465103764.609000
817,1465103758.792000,1465103759.514539,1465103764.515801,1465103764.581000
818,1465103758.792000,1465103759.464142,1465103764.465567,1465103764.544000
819,1465103758.792000,1465103759.542887,1465103764.544436,1465103764.626000
820,1465103758.793000,1465103759.399020,1465103764.400804,1465103764.476000
821,1465103758.793000,1465103759.465587,1465103764.466863,1465103764.575000
822,1465103758.794000,1465103759.491338,1465103764.492484,1465103764.582000
823,1465103758.794000,1465103759.521970,1465103764.523220,1465103764.594000
824,1465103758.794000,1465103759.484691,1465103764.485933,1465103764.574000
825,1465103758.795000,1465103759.500867,1465103764.502090,1465103764.580000
826,1465103758.795000,1465103759.451116,1465103764.452778,1465103764.541000
827,1465103758.796000,1465103759.511021,1465103764.512186,1465103764.609000
828,1465103758.796000,1465103759.498539,1465103764.499736,1465103764.586000
829,1465103758.796000,1465103759.520103,1465103764.526304,1465103764.609000
830,1465103758.796000,1465103759.478087,1465103764.479623,1465103764.566000
831,1465103758.796000,1465103759.536660,1465103764.538089,1465103764.600000
832,1465103758.796000,1465103759.449413,1465103764.453044,1465103764.541000
833,1465103758.796000,1465103759.474525,1465103764.475722,1465103764.542000
834,1465103758.796000,1465103759.532490,1465103764.533705,1465103764.601000
835,1465103758.796000,1465103759.517195,1465103764.518553,1465103764.599000
836,1465103758.796000,1465103759.455434,1465103764.456681,1465103764.542000
837,1465103758.797000,1465103759.508310,1465103764.509637,1465103764.581000
838,1465103758.797000,1465103759.478873,1465103764.480030,1465103764.588000
839,1465103758.797000,1465103759.510756,1465103764.512695,1465103764.602000
840,1465103758.797000,1465103759.507075,1465103764.508241,1465103764.601000
841,1465103758.798000,1465103759.551349,1465103764.552866,1465103764.633000
842,1465103758.798000,1465103759.477536,1465103764.478694,1465103764.565000
843,1465103758.799000,1465103759.531333,1465103764.532716,1465103764.611000
844,1465103758.800000,1465103759.520865,1465103764.522065,1465103764.630000
845,1465103758.800000,1465103759.523427,1465103764.525024,1465103764.614000
846,1465103758.801000,1465103759.468754,1465103764.470158,1465103764.547000
847,1465103758.801000,1465103759.545865,1465103764.547004,1465103764.618000
848,1465103758.802000,1465103759.499078,1465103764.514254,1465103764.592000
849,1465103758.802000,1465103759.489768,1465103764.491051,1465103764.578000
850,1465103758.802000,1465103759.550536,1465103764.551822,1465103764.619000
851,1465103758.803000,1465103759.499328,1465103764.500506,1465103764.571000
852,1465103758.803000,1465103759.498040,1465103764.499511,1465103764.580000
853,1465103758.803000,1465103759.452899,1465103764.454335,1465103764.535000
854,1465103758.803000,1465103759.506727,1465103764.508037,1465103764.586000
855,1465103758.803000,1465103759.460318,1465103764.468890,1465103764.554000
856,1465103758.803000,1465103759.492142,1465103764.493481,1465103764.555000
857,1465103758.803000,1465103759.516335,1465103764.517717,1465103764.593000
858,1465103758.803000,1465103759.523835,1465103764.524959,1465103764.596000
859,1465103758.804000,1465103759.474920,1465103764.476098,1465103764.555000
860,1465103758.804000,1465103759.482753,1465103764.484024,1465103764.565000
861,1465103758.804000,1465103759.496287,1465103764.497575,1465103764.586000
862,1465103758.805000,1465103759.481971,1465103764.483486,1465103764.572000
863,1465103758.805000,1465103759.534459,1465103764.539648,1465103764.622000
864,1465103758.805000,1465103759.549619,1465103764.550957,1465103764.618000
865,1465103758.806000,1465103759.562902,1465103764.564528,1465103764.630000
866,1465103758.806000,1465103759.541058,1465103764.542449,1465103764.614000
867,1465103758.807000,1465103759.512441,1465103764.513892,1465103764.622000
868,1465103758.808000,1465103759.537385,1465103764.539430,1465103764.632000
869,1465103758.808000,1465103759.484144,1465103764.485318,1465103764.572000
870,1465103758.808000,1465103759.549166,1465103764.550318,1465103764.632000
871,1465103758.808000,1465103759.538150,1465103764.539571,1465103764.619000
872,1465103758.808000,1465103759.541485,1465103764.542840,1465103764.609000
873,1465103758.808000,1465103759.511682,1465103764.512843,1465103764.580000
874,1465103758.808000,1465103759.523182,1465103764.524556,1465103764.621000
875,1465103758.808000,1465103759.542803,1465103764.544549,1465103764.620000
876,1465103758.808000,1465103759.554307,1465103764.555615,1465103764.633000
877,1465103758.808000,1465103759.494872,1465103764.496056,1465103764.573000
878,1465103758.808000,1465103759.441905,1465103764.443340,1465103764.524000
879,1465103758.808000,1465103759.479029,1465103764.480562,1465103764.562000
880,1465103758.809000,1465103759.540939,1465103764.543491,1465103764.609000
881,1465103758.809000,1465103759.457262,1465103764.458496,1465103764.546000
882,1465103758.809000,1465103759.525877,1465103764.527227,1465103764.620000
883,1465103758.809000,1465103759.485593,1465103764.487486,1465103764.573000
884,1465103758.809000,1465103759.542445,1465103764.543602,1465103764.614000
885,1465103758.810000,1465103759.526673,1465103764.528193,1465103764.624000
886,1465103758.810000,1465103759.460584,1465103764.461768,1465103764.540000
887,1465103758.810000,1465103759.468456,1465103764.469775,1465103764.551000
888,1465103758.811000,1465103759.479704,1465103764.480843,1465103764.575000
889,1465103758.811000,1465103759.560104,1465103764.561265,1465103764.631000
890,1465103758.811000,1465103759.551825,1465103764.553523,1465103764.625000
891,1465103758.811000,1465103759.491567,1465103764.492754,1465103764.574000
892,1465103758.811000,1465103759.529887,1465103764.531108,1465103764.598000
893,1465103758.811000,1465103759.536747,1465103764.540217,1465103764.621000
894,1465103758.811000,1465103759.546578,1465103764.548442,1465103764.619000
895,1465103758.812000,1465103759.485064,1465103764.486264,1465103764.563000
896,1465103758.812000,1465103759.547222,1465103764.548668,1465103764.624000
897,1465103758.812000,1465103759.525362,1465103764.526644,1465103764.605000
898,1465103758.812000,1465103759.506402,1465103764.507603,1465103764.588000
899,1465103758.812000,1465103759.556507,1465103764.557967,1465103764.634000
900,1465103758.812000,1465103759.523469,1465103764.524899,1465103764.604000
901,1465103758.812000,1465103759.516209,1465103764.517392,1465103764.600000
902,1465103758.812000,1465103759.483898,1465103764.485334,1465103764.561000
903,1465103758.812000,1465103759.516189,1465103764.517532,1465103764.598000
904,1465103758.813000,1465103759.515944,1465103764.517185,1465103764.584000
905,1465103758.813000,1465103759.542624,1465103764.543778,1465103764.621000
906,1465103758.813000,1465103759.463673,1465103764.464909,1465103764.551000
907,1465103758.813000,1465103759.488978,1465103764.490842,1465103764.576000
908,1465103758.814000,1465103759.480797,1465103764.482137,1465103764.570000
909,1465103758.814000,1465103759.503879,1465103764.523739,1465103764.603000
910,1465103758.814000,1465103759.478191,1465103764.479598,1465103764.558000
911,1465103758.814000,1465103759.441593,1465103764.442885,1465103764.529000
912,1465103758.814000,1465103759.550582,1465103764.552160,1465103764.633000
913,1465103758.815000,1465103759.532328,1465103764.539125,1465103764.621000
914,1465103758.815000,1465103759.401283,1465103764.402515,1465103764.483000
915,1465103758.815000,1465103759.488294,1465103764.489484,1465103764.571000
916,1465103758.816000,1465103759.462772,1465103764.464006,1465103764.551000
917,1465103758.816000,1465103759.497970,1465103764.499207,1465103764.585000
918,1465103758.816000,1465103759.536668,1465103764.537906,1465103764.608000
919,1465103758.816000,1465103759.560067,1465103764.561252,1465103764.632000
920,1465103758.816000,1465103759.556017,1465103764.557255,1465103764.624000
921,1465103758.816000,1465103759.512227,1465103764.514996,1465103764.624000
922,1465103758.816000,1465103759.547855,1465103764.548951,1465103764.627000
923,1465103758.816000,1465103759.473473,1465103764.474619,1465103764.568000
924,1465103758.817000,1465103759.472239,1465103764.473464,1465103764.552000
925,1465103758.817000,1465103759.470974,1465103764.472410,1465103764.551000
926,1465103758.817000,1465103759.537981,1465103764.539366,1465103764.614000
927,1465103758.817000,1465103759.537510,1465103764.543067,1465103764.635000
928,1465103758.817000,1465103759.531248,1465103764.532694,1465103764.622000
929,1465103758.817000,1465103759.507518,1465103764.508850,1465103764.580000
930,1465103758.818000,1465103759.443722,1465103764.444951,1465103764.533000
931,1465103758.818000,1465103759.509241,1465103764.510447,1465103764.591000
932,1465103758.818000,1465103759.547033,1465103764.548328,1465103764.628000
933,1465103758.818000,1465103759.533226,1465103764.534444,1465103764.627000
934,1465103758.818000,1465103759.486432,1465103764.487646,1465103764.555000
935,1465103758.818000,1465103759.520429,1465103764.521813,1465103764.597000
936,1465103758.819000,1465103759.500297,1465103764.501517,1465103764.595000
937,1465103758.819000,1465103759.522435,1465103764.523612,1465103764.604000
938,1465103758.819000,1465103759.480603,1465103764.482191,1465103764.559000
939,1465103758.819000,1465103759.523171,1465103764.525016,1465103764.615000
940,1465103758.819000,1465103759.488556,1465103764.489730,1465103764.566000
941,1465103758.820000,1465103759.533970,1465103764.540593,1465103764.622000
942,1465103758.821000,1465103759.515323,1465103764.516534,1465103764.597000
943,1465103758.821000,1465103759.499576,1465103764.500980,1465103764.579000
944,1465103758.821000,1465103759.563003,1465103764.569035,1465103764.635000
945,1465103758.821000,1465103759.505587,1465103764.507546,1465103764.597000
946,1465103758.822000,1465103759.516775,1465103764.517949,1465103764.585000
947,1465103758.822000,1465103759.534505,1465103764.543610,1465103764.610000
948,1465103758.822000,1465103759.533771,1465103764.535294,1465103764.623000
949,1465103758.822000,1465103759.532130,1465103764.533419,1465103764.613000
950,1465103758.822000,1465103759.563996,1465103764.565163,1465103764.635000
951,1465103758.822000,1465103759.542887,1465103764.544999,1465103764.627000
952,1465103758.823000,1465103759.464038,1465103764.474053,1465103764.555000
953,1465103758.823000,1465103759.496770,1465103764.498070,1465103764.583000
954,1465103758.824000,1465103759.503513,1465103764.505211,1465103764.584000
955,1465103758.824000,1465103759.534296,1465103764.543542,1465103764.613000
956,1465103758.825000,1465103759.530464,1465103764.536358,1465103764.618000
957,1465103758.825000,1465103759.500224,1465103764.501300,1465103764.582000
958,1465103758.825000,1465103759.505298,1465103764.507061,1465103764.588000
959,1465103758.825000,1465103759.504314,1465103764.508823,1465103764.589000
960,1465103758.825000,1465103759.527578,1465103764.528698,1465103764.594000
961,1465103758.825000,1465103759.534186,1465103764.535377,1465103764.600000
962,1465103758.825000,1465103759.536792,1465103764.538016,1465103764.626000
963,1465103758.825000,1465103759.547517,1465103764.548681,1465103764.628000
964,1465103758.826000,1465103759.510993,1465103764.512345,1465103764.594000
965,1465103758.826000,1465103759.521888,1465103764.524192,1465103764.603000
966,1465103758.826000,1465103759.548584,1465103764.549911,1465103764.614000
967,1465103758.827000,1465103759.526425,1465103764.527731,1465103764.593000
968,1465103758.827000,1465103759.533458,1465103764.534777,1465103764.616000
969,1465103758.827000,1465103759.538821,1465103764.540189,1465103764.632000
970,1465103758.828000,1465103759.542419,1465103764.543731,1465103764.623000
971,1465103758.828000,1465103759.508798,1465103764.509945,1465103764.600000
972,1465103758.829000,1465103759.510408,1465103764.511601,1465103764.573000
973,1465103758.829000,1465103759.507846,1465103764.509467,1465103764.591000
974,1465103758.829000,1465103759.507018,1465103764.508322,1465103764.590000
975,1465103758.829000,1465103759.535297,1465103764.536604,1465103764.603000
976,1465103758.829000,1465103759.511390,1465103764.513261,1465103764.602000
977,1465103758.830000,1465103759.477788,1465103764.480223,1465103764.557000
978,1465103758.831000,1465103759.516771,1465103764.518004,1465103764.614000
979,1465103758.833000,1465103759.459831,1465103764.461175,1465103764.551000
980,1465103758.833000,1465103759.444766,1465103764.446026,1465103764.533000
981,1465103758.833000,1465103759.561931,1465103764.563307,1465103764.630000
982,1465103758.835000,1465103759.552754,1465103764.554112,1465103764.633000
983,1465103758.835000,1465103759.513387,1465103764.514719,1465103764.593000
984,1465103758.835000,1465103759.535844,1465103764.541530,1465103764.603000
985,1465103758.836000,1465103759.554602,1465103764.555801,1465103764.626000
986,1465103758.836000,1465103759.532044,1465103764.533522,1465103764.612000
987,1465103758.836000,1465103759.448948,1465103764.451074,1465103764.539000
988,1465103758.838000,1465103759.522030,1465103764.523282,1465103764.615000
989,1465103758.838000,1465103759.561222,1465103764.562576,1465103764.629000
990,1465103758.838000,1465103759.543917,1465103764.545476,1465103764.620000
991,1465103758.838000,1465103759.534004,1465103764.535472,1465103764.627000
992,1465103758.839000,1465103759.559414,1465103764.560638,1465103764.625000
993,1465103758.839000,1465103759.508757,1465103764.509922,1465103764.588000
994,1465103758.839000,1465103759.501674,1465103764.503284,1465103764.600000
995,1465103758.840000,1465103759.474208,1465103764.475503,1465103764.560000
996,1465103758.840000,1465103759.541540,1465103764.542774,1465103764.631000
997,1465103758.841000,1465103759.535125,1465103764.538433,1465103764.621000
998,1465103758.842000,1465103759.542429,1465103764.543665,1465103764.606000
999,1465103758.842000,1465103759.528856,1465103764.530050,1465103764.622000
