0,1465103799.003000,1465103799.687950,1465103804.689444,1465103804.765000
1,1465103799.003000,1465103799.689701,1465103804.691040,1465103804.778000
2,1465103799.003000,1465103799.709284,1465103804.710503,1465103804.796000
3,1465103799.003000,1465103799.644005,1465103804.645316,1465103804.736000
4,1465103799.003000,1465103799.676342,1465103804.677683,1465103804.755000
5,1465103799.003000,1465103799.652290,1465103804.653659,1465103804.745000
6,1465103799.003000,1465103799.649142,1465103804.650675,1465103804.728000
7,1465103799.003000,1465103799.652411,1465103804.654038,1465103804.733000
8,1465103799.003000,1465103799.638379,1465103804.639844,1465103804.710000
9,1465103799.003000,1465103799.677469,1465103804.679055,1465103804.759000
10,1465103799.003000,1465103799.679596,1465103804.680891,1465103804.754000
11,1465103799.003000,1465103799.658236,1465103804.659876,1465103804.742000
12,1465103799.003000,1465103799.689124,1465103804.690836,1465103804.768000
13,1465103799.004000,1465103799.632279,1465103804.633861,1465103804.721000
14,1465103799.004000,1465103799.736089,1465103804.737624,1465103804.812000
15,1465103799.004000,1465103799.682729,1465103804.683965,1465103804.761000
16,1465103799.004000,0.000000,0.000000,0.000000
17,1465103799.004000,1465103799.676505,1465103804.677780,1465103804.759000
18,1465103799.004000,1465103799.692324,1465103804.693590,1465103804.785000
19,1465103799.004000,1465103799.718887,1465103804.720284,1465103804.798000
20,1465103799.005000,1465103799.645253,1465103804.646477,1465103804.723000
21,1465103799.006000,1465103799.659259,1465103804.660471,1465103804.747000
22,1465103799.006000,1465103799.649120,1465103804.651040,1465103804.727000
23,1465103799.006000,1465103799.674984,1465103804.676574,1465103804.742000
24,1465103799.006000,1465103799.688250,1465103804.689521,1465103804.770000
25,1465103799.006000,1465103799.687615,1465103804.688907,1465103804.765000
26,1465103799.006000,1465103800.006767,1465103805.008108,1465103805.100000
27,1465103799.006000,1465103799.685095,1465103804.686445,1465103804.769000
28,1465103799.006000,1465103799.640375,1465103804.641881,1465103804.751000
29,1465103799.006000,1465103799.644318,1465103804.645932,1465103804.724000
30,1465103799.006000,1465103799.717698,1465103804.719149,1465103804.797000
31,1465103799.009000,1465103799.684078,1465103804.685688,1465103804.764000
32,1465103799.009000,1465103799.626501,1465103804.628045,1465103804.716000
33,1465103799.009000,1465103799.692992,1465103804.694307,1465103804.782000
34,1465103799.009000,1465103799.667141,1465103804.668557,1465103804.749000
35,1465103799.009000,1465103799.687627,1465103804.688911,1465103804.778000
36,1465103799.009000,1465103799.738983,1465103804.743574,1465103804.823000
37,1465103799.009000,1465103799.666904,1465103804.668128,1465103804.756000
38,1465103799.009000,1465103799.639761,1465103804.641299,1465103804.726000
39,1465103799.009000,1465103799.622339,1465103804.623933,1465103804.716000
40,1465103799.009000,1465103799.661217,1465103804.662449,1465103804.744000
41,1465103799.009000,1465103799.621734,1465103804.623421,1465103804.715000
42,1465103799.009000,0.000000,0.000000,0.000000
43,1465103799.009000,1465103799.636190,1465103804.637691,1465103804.715000
44,1465103799.010000,1465103799.702201,1465103804.703640,1465103804.782000
45,1465103799.010000,1465103799.723010,1465103804.724536,1465103804.811000
46,1465103799.010000,1465103799.698282,1465103804.699477,1465103804.777000
47,1465103799.010000,1465103799.703378,1465103804.704763,1465103804.771000
48,1465103799.010000,1465103799.674786,1465103804.676366,1465103804.755000
49,1465103799.010000,0.000000,0.000000,0.000000
50,1465103799.010000,1465103800.032294,1465103805.033523,1465103805.114000
51,1465103799.010000,1465103799.645491,1465103804.646732,1465103804.736000
52,1465103799.011000,1465103799.674761,1465103804.675968,1465103804.764000
53,1465103799.012000,1465103799.711083,1465103804.712477,1465103804.789000
54,1465103799.012000,1465103799.652132,1465103804.653694,1465103804.733000
55,1465103799.012000,1465103799.643809,1465103804.645323,1465103804.733000
56,1465103799.013000,1465103799.698480,1465103804.700047,1465103804.809000
57,1465103799.013000,1465103799.702157,1465103804.703707,1465103804.769000
58,1465103799.016000,1465103799.677741,1465103804.679639,1465103804.758000
59,1465103799.016000,1465103799.676748,1465103804.678366,1465103804.758000
60,1465103799.016000,1465103799.939722,1465103804.940941,1465103805.008000
61,1465103799.016000,1465103799.954967,1465103804.971555,1465103805.060000
62,1465103799.016000,1465103799.651727,1465103804.652923,1465103804.741000
63,1465103799.016000,1465103799.696470,1465103804.697987,1465103804.768000
64,1465103799.016000,1465103799.746288,1465103804.747776,1465103804.830000
65,1465103799.016000,1465103799.727077,1465103804.730331,1465103804.816000
66,1465103799.016000,1465103799.684159,1465103804.685532,1465103804.758000
67,1465103799.016000,1465103799.698047,1465103804.699569,1465103804.770000
68,1465103799.017000,1465103799.612399,1465103804.623933,1465103804.716000
69,1465103799.017000,1465103799.917780,1465103804.918968,1465103805.006000
70,1465103799.017000,1465103799.645070,1465103804.646842,1465103804.726000
71,1465103799.017000,1465103799.932852,1465103804.934044,1465103805.030000
72,1465103799.017000,1465103799.753373,1465103804.755739,1465103804.833000
73,1465103799.017000,1465103799.637057,1465103804.638655,1465103804.740000
74,1465103799.017000,1465103799.918648,1465103804.919869,1465103805.007000
75,1465103799.017000,1465103799.696557,1465103804.699386,1465103804.770000
76,1465103799.017000,1465103799.738581,1465103804.739863,1465103804.818000
77,1465103799.017000,1465103799.701190,1465103804.703995,1465103804.792000
78,1465103799.017000,1465103799.692891,1465103804.694099,1465103804.786000
79,1465103799.017000,1465103799.679591,1465103804.680978,1465103804.773000
80,1465103799.017000,1465103799.661815,1465103804.663538,1465103804.737000
81,1465103799.017000,1465103799.696932,1465103804.698216,1465103804.785000
82,1465103799.017000,0.000000,0.000000,0.000000
83,1465103799.017000,1465103799.712547,1465103804.714804,1465103804.791000
84,1465103799.017000,0.000000,0.000000,0.000000
85,1465103799.017000,1465103799.654571,1465103804.656045,1465103804.726000
86,1465103799.017000,1465103799.626344,1465103804.628105,1465103804.709000
87,1465103799.018000,1465103799.966163,1465103804.967390,1465103805.035000
88,1465103799.018000,1465103799.680988,1465103804.682670,1465103804.775000
89,1465103799.018000,1465103799.660770,1465103804.662304,1465103804.741000
90,1465103799.018000,1465103799.685096,1465103804.691605,1465103804.784000
91,1465103799.018000,1465103799.658131,1465103804.659415,1465103804.730000
92,1465103799.018000,1465103799.711667,1465103804.717457,1465103804.794000
93,1465103799.018000,1465103799.680335,1465103804.681755,1465103804.758000
94,1465103799.018000,0.000000,0.000000,0.000000
95,1465103799.018000,1465103799.678771,1465103804.680326,1465103804.758000
96,1465103799.018000,1465103799.716062,1465103804.717186,1465103804.794000
97,1465103799.018000,1465103799.689767,1465103804.691328,1465103804.772000
98,1465103799.018000,1465103799.983174,1465103804.984389,1465103805.072000
99,1465103799.018000,1465103799.646454,1465103804.647785,1465103804.748000
100,1465103799.018000,1465103799.675600,1465103804.677533,1465103804.744000
101,1465103799.018000,1465103799.677995,1465103804.679407,1465103804.756000
102,1465103799.018000,1465103799.967003,1465103804.968436,1465103805.065000
103,1465103799.018000,1465103799.709324,1465103804.710595,1465103804.789000
104,1465103799.018000,1465103800.020325,1465103805.021581,1465103805.102000
105,1465103799.018000,1465103799.693755,1465103804.694933,1465103804.765000
106,1465103799.019000,0.000000,0.000000,0.000000
107,1465103799.019000,0.000000,0.000000,0.000000
108,1465103799.019000,1465103799.747899,1465103804.768824,1465103804.849000
109,1465103799.019000,1465103799.668085,1465103804.669390,1465103804.742000
110,1465103799.020000,1465103799.676961,1465103804.678369,1465103804.744000
111,1465103799.022000,1465103799.717524,1465103804.727262,1465103804.806000
112,1465103799.024000,1465103799.671176,1465103804.672393,1465103804.760000
113,1465103799.026000,1465103799.690578,1465103804.691962,1465103804.768000
114,1465103799.026000,1465103799.699328,1465103804.700456,1465103804.777000
115,1465103799.026000,0.000000,0.000000,0.000000
116,1465103799.026000,1465103799.632455,1465103804.633771,1465103804.715000
117,1465103799.026000,1465103799.655767,1465103804.657060,1465103804.744000
118,1465103799.026000,0.000000,0.000000,0.000000
119,1465103799.026000,1465103799.930292,1465103804.931616,1465103805.027000
120,1465103799.027000,0.000000,0.000000,0.000000
121,1465103799.027000,1465103799.665032,1465103804.666734,1465103804.743000
122,1465103799.027000,1465103799.739679,1465103804.742900,1465103804.823000
123,1465103799.027000,1465103799.755743,1465103804.757410,1465103804.835000
124,1465103799.027000,1465103799.693295,1465103804.694562,1465103804.783000
125,1465103799.028000,1465103799.948399,1465103804.949676,1465103805.035000
126,1465103799.028000,1465103799.996573,1465103804.997988,1465103805.076000
127,1465103799.028000,1465103799.979206,1465103804.980479,1465103805.041000
128,1465103799.029000,1465103799.702867,1465103804.704366,1465103804.783000
129,1465103799.029000,1465103799.736864,1465103804.738414,1465103804.816000
130,1465103799.029000,1465103799.669390,1465103804.670778,1465103804.756000
131,1465103799.029000,1465103799.978635,1465103804.980089,1465103805.068000
132,1465103799.029000,1465103799.671467,1465103804.672702,1465103804.750000
133,1465103799.029000,1465103800.009412,1465103805.010681,1465103805.092000
134,1465103799.029000,1465103800.054084,1465103805.055312,1465103805.136000
135,1465103799.029000,1465103799.741005,1465103804.751282,1465103804.839000
136,1465103799.029000,1465103799.924552,1465103804.941485,1465103805.024000
137,1465103799.029000,1465103799.959101,1465103804.963889,1465103805.043000
138,1465103799.029000,1465103800.003472,1465103805.004890,1465103805.071000
139,1465103799.029000,1465103799.706490,1465103804.707973,1465103804.783000
140,1465103799.029000,1465103800.003764,1465103805.005177,1465103805.073000
141,1465103799.029000,1465103799.935376,1465103804.936629,1465103805.029000
142,1465103799.029000,1465103799.657580,1465103804.658838,1465103804.759000
143,1465103799.029000,0.000000,0.000000,0.000000
144,1465103799.029000,1465103799.973508,1465103804.974685,1465103805.057000
145,1465103799.029000,1465103799.666299,1465103804.667814,1465103804.755000
146,1465103799.030000,1465103799.987092,1465103804.988820,1465103805.067000
147,1465103799.031000,1465103799.951333,1465103804.952504,1465103805.023000
148,1465103799.031000,1465103799.957302,1465103804.958629,1465103805.029000
149,1465103799.031000,1465103799.948875,1465103804.950370,1465103805.047000
150,1465103799.031000,1465103799.964168,1465103804.965380,1465103805.045000
151,1465103799.031000,1465103799.981466,1465103804.982754,1465103805.075000
152,1465103799.031000,1465103799.673605,1465103804.675427,1465103804.754000
153,1465103799.031000,1465103799.974979,1465103804.976161,1465103805.072000
154,1465103799.031000,1465103799.954100,1465103804.955412,1465103805.036000
155,1465103799.032000,1465103799.988432,1465103804.989653,1465103805.082000
156,1465103799.032000,1465103799.726493,1465103804.727733,1465103804.814000
157,1465103799.032000,1465103799.713533,1465103804.714900,1465103804.794000
158,1465103799.032000,1465103800.017967,1465103805.019185,1465103805.101000
159,1465103799.032000,1465103799.967629,1465103804.968961,1465103805.049000
160,1465103799.032000,1465103799.779485,1465103804.780844,1465103804.847000
161,1465103799.032000,1465103799.713678,1465103804.715553,1465103804.791000
162,1465103799.032000,1465103799.973841,1465103804.975358,1465103805.056000
163,1465103799.032000,1465103799.746905,1465103804.748044,1465103804.825000
164,1465103799.032000,1465103799.951403,1465103804.952828,1465103805.034000
165,1465103799.032000,1465103800.017847,1465103805.028568,1465103805.109000
166,1465103799.033000,0.000000,0.000000,0.000000
167,1465103799.033000,1465103799.942081,1465103804.943341,1465103805.024000
168,1465103799.034000,1465103799.954265,1465103804.955826,1465103805.035000
169,1465103799.034000,1465103799.677471,1465103804.678996,1465103804.751000
170,1465103799.034000,1465103799.719627,1465103804.735181,1465103804.845000
171,1465103799.034000,1465103799.678458,1465103804.680277,1465103804.759000
172,1465103799.034000,1465103799.731679,1465103804.733256,1465103804.813000
173,1465103799.034000,1465103799.997275,1465103804.998910,1465103805.079000
174,1465103799.034000,1465103799.763630,1465103804.764881,1465103804.846000
175,1465103799.034000,1465103799.965493,1465103804.966843,1465103805.055000
176,1465103799.034000,1465103800.055583,1465103805.056787,1465103805.142000
177,1465103799.034000,1465103799.772452,1465103804.773622,1465103804.851000
178,1465103799.034000,1465103799.719593,1465103804.720889,1465103804.800000
179,1465103799.034000,1465103799.735188,1465103804.736407,1465103804.816000
180,1465103799.034000,1465103799.686754,1465103804.688320,1465103804.776000
181,1465103799.034000,1465103799.711293,1465103804.712648,1465103804.800000
182,1465103799.034000,1465103799.716418,1465103804.717730,1465103804.798000
183,1465103799.035000,1465103799.666111,1465103804.667339,1465103804.745000
184,1465103799.035000,1465103799.724733,1465103804.729364,1465103804.815000
185,1465103799.035000,1465103799.761978,1465103804.777499,1465103804.854000
186,1465103799.035000,1465103799.665342,1465103804.666606,1465103804.745000
187,1465103799.035000,1465103799.693381,1465103804.694650,1465103804.781000
188,1465103799.035000,1465103799.730316,1465103804.732091,1465103804.820000
189,1465103799.035000,1465103800.005129,1465103805.006515,1465103805.088000
190,1465103799.035000,1465103799.690478,1465103804.691965,1465103804.770000
191,1465103799.035000,1465103799.706989,1465103804.708321,1465103804.787000
192,1465103799.035000,1465103799.934403,1465103804.935740,1465103805.028000
193,1465103799.035000,1465103800.071719,1465103805.072925,1465103805.134000
194,1465103799.035000,1465103799.759372,1465103804.760576,1465103804.845000
195,1465103799.035000,1465103799.707964,1465103804.709551,1465103804.792000
196,1465103799.035000,1465103799.954797,1465103804.955996,1465103805.041000
197,1465103799.035000,1465103799.987899,1465103804.989107,1465103805.085000
198,1465103799.035000,1465103800.005584,1465103805.006769,1465103805.067000
199,1465103799.035000,1465103799.772051,1465103804.792060,1465103804.865000
200,1465103799.035000,1465103800.024446,1465103805.025746,1465103805.117000
201,1465103799.035000,1465103799.747544,1465103804.748771,1465103804.835000
202,1465103799.035000,1465103799.647944,1465103804.649458,1465103804.731000
203,1465103799.035000,1465103799.690892,1465103804.692130,1465103804.768000
204,1465103799.035000,1465103799.662350,1465103804.663628,1465103804.749000
205,1465103799.035000,1465103799.974100,1465103804.975499,1465103805.056000
206,1465103799.035000,1465103799.639435,1465103804.640980,1465103804.729000
207,1465103799.035000,1465103799.748040,1465103804.749492,1465103804.841000
208,1465103799.035000,1465103799.710998,1465103804.712198,1465103804.790000
209,1465103799.035000,1465103799.718515,1465103804.726214,1465103804.806000
210,1465103799.035000,1465103799.681846,1465103804.683359,1465103804.776000
211,1465103799.035000,1465103799.695707,1465103804.697255,1465103804.783000
212,1465103799.035000,1465103799.681068,1465103804.682574,1465103804.759000
213,1465103799.035000,1465103799.972309,1465103804.973495,1465103805.040000
214,1465103799.036000,1465103799.970238,1465103804.971493,1465103805.059000
215,1465103799.036000,1465103799.986624,1465103804.987889,1465103805.072000
216,1465103799.036000,1465103800.030962,1465103805.032537,1465103805.111000
217,1465103799.036000,1465103799.763809,1465103804.773646,1465103804.854000
218,1465103799.036000,1465103800.004994,1465103805.006487,1465103805.085000
219,1465103799.036000,1465103799.703678,1465103804.705231,1465103804.801000
220,1465103799.036000,1465103800.014278,1465103805.015598,1465103805.101000
221,1465103799.036000,1465103799.703114,1465103804.704397,1465103804.783000
222,1465103799.036000,1465103799.705208,1465103804.706377,1465103804.776000
223,1465103799.036000,1465103799.754090,1465103804.772042,1465103804.845000
224,1465103799.036000,1465103799.829019,1465103804.830300,1465103804.916000
225,1465103799.036000,1465103799.726428,1465103804.727674,1465103804.804000
226,1465103799.036000,1465103799.711333,1465103804.712564,1465103804.800000
227,1465103799.036000,1465103799.698133,1465103804.699420,1465103804.766000
228,1465103799.036000,1465103799.990928,1465103804.992190,1465103805.053000
229,1465103799.036000,1465103799.690914,1465103804.692363,1465103804.784000
230,1465103799.036000,1465103799.703169,1465103804.704382,1465103804.774000
231,1465103799.036000,1465103799.961441,1465103804.962712,1465103805.043000
232,1465103799.036000,1465103800.060857,1465103805.062194,1465103805.133000
233,1465103799.036000,1465103799.708063,1465103804.709317,1465103804.785000
234,1465103799.036000,1465103799.989919,1465103804.991219,1465103805.083000
235,1465103799.036000,1465103800.017326,1465103805.035774,1465103805.125000
236,1465103799.036000,1465103800.006636,1465103805.007912,1465103805.088000
237,1465103799.036000,1465103799.721110,1465103804.722349,1465103804.823000
238,1465103799.036000,1465103799.999443,1465103805.000802,1465103805.067000
239,1465103799.036000,1465103800.005921,1465103805.007137,1465103805.088000
240,1465103799.036000,1465103799.968342,1465103804.969679,1465103805.046000
241,1465103799.036000,1465103799.756484,1465103804.757700,1465103804.847000
242,1465103799.036000,1465103799.766898,1465103804.768417,1465103804.840000
243,1465103799.036000,1465103799.721805,1465103804.723344,1465103804.809000
244,1465103799.036000,1465103799.970671,1465103804.972816,1465103805.065000
245,1465103799.036000,1465103799.950691,1465103804.951989,1465103805.031000
246,1465103799.036000,1465103799.990921,1465103804.992090,1465103805.062000
247,1465103799.036000,1465103799.997469,1465103804.998719,1465103805.086000
248,1465103799.037000,1465103799.701914,1465103804.703171,1465103804.780000
249,1465103799.037000,1465103799.667412,1465103804.668852,1465103804.744000
250,1465103799.037000,1465103799.933168,1465103804.934383,1465103805.016000
251,1465103799.037000,1465103799.694678,1465103804.704266,1465103804.804000
252,1465103799.037000,1465103799.681694,1465103804.697234,1465103804.773000
253,1465103799.037000,1465103799.684483,1465103804.691539,1465103804.783000
254,1465103799.037000,1465103799.710849,1465103804.712163,1465103804.792000
255,1465103799.037000,1465103799.701054,1465103804.703033,1465103804.790000
256,1465103799.037000,1465103799.971002,1465103804.972816,1465103805.065000
257,1465103799.037000,1465103799.744985,1465103804.746637,1465103804.826000
258,1465103799.037000,1465103799.704510,1465103804.706343,1465103804.816000
259,1465103799.037000,1465103799.952366,1465103804.953614,1465103805.035000
260,1465103799.037000,1465103799.953436,1465103804.954677,1465103805.041000
261,1465103799.037000,1465103799.966209,1465103804.967739,1465103805.048000
262,1465103799.037000,0.000000,0.000000,0.000000
263,1465103799.037000,1465103800.029819,1465103805.031016,1465103805.116000
264,1465103799.037000,1465103799.707568,1465103804.709097,1465103804.795000
265,1465103799.037000,1465103799.731510,1465103804.732854,1465103804.812000
266,1465103799.037000,1465103799.963438,1465103804.964594,1465103805.061000
267,1465103799.037000,1465103799.703395,1465103804.704568,1465103804.794000
268,1465103799.037000,1465103799.988219,1465103804.989667,1465103805.078000
269,1465103799.037000,1465103800.022953,1465103805.024483,1465103805.116000
270,1465103799.037000,0.000000,0.000000,0.000000
271,1465103799.037000,1465103799.722531,1465103804.723959,1465103804.801000
272,1465103799.037000,1465103799.962407,1465103804.963603,1465103805.051000
273,1465103799.037000,1465103799.717774,1465103804.718937,1465103804.790000
274,1465103799.037000,1465103799.692024,1465103804.693333,1465103804.782000
275,1465103799.037000,1465103799.971019,1465103804.972262,1465103805.054000
276,1465103799.037000,1465103799.754548,1465103804.755797,1465103804.841000
277,1465103799.037000,1465103799.730833,1465103804.732299,1465103804.833000
278,1465103799.037000,0.000000,0.000000,0.000000
279,1465103799.037000,1465103800.021728,1465103805.031247,1465103805.123000
280,1465103799.038000,1465103800.023109,1465103805.024283,1465103805.085000
281,1465103799.038000,1465103799.984678,1465103804.988506,1465103805.069000
282,1465103799.038000,1465103799.986416,1465103804.988814,1465103805.067000
283,1465103799.038000,1465103799.736724,1465103804.738005,1465103804.810000
284,1465103799.038000,1465103799.964458,1465103804.965939,1465103805.055000
285,1465103799.038000,1465103799.717126,1465103804.718736,1465103804.798000
286,1465103799.038000,1465103799.694771,1465103804.696026,1465103804.805000
287,1465103799.038000,1465103799.690050,1465103804.691408,1465103804.793000
288,1465103799.039000,1465103799.693091,1465103804.694404,1465103804.772000
289,1465103799.039000,1465103799.709985,1465103804.711319,1465103804.820000
290,1465103799.039000,1465103799.991226,1465103804.992379,1465103805.074000
291,1465103799.041000,1465103799.974668,1465103804.976117,1465103805.057000
292,1465103799.041000,1465103799.699609,1465103804.701021,1465103804.810000
293,1465103799.044000,1465103799.746779,1465103804.748286,1465103804.815000
294,1465103799.053000,1465103799.756118,1465103804.758982,1465103804.837000
295,1465103799.061000,0.000000,0.000000,0.000000
296,1465103799.061000,1465103799.722992,1465103804.724220,1465103804.804000
297,1465103799.061000,1465103799.724958,1465103804.726375,1465103804.813000
298,1465103799.061000,1465103799.750569,1465103804.751938,1465103804.834000
299,1465103799.061000,1465103799.980354,1465103804.981575,1465103805.071000
300,1465103799.067000,1465103799.695696,1465103804.696998,1465103804.775000
301,1465103799.068000,1465103800.019464,1465103805.020769,1465103805.109000
302,1465103799.068000,1465103800.023536,1465103805.025213,1465103805.114000
303,1465103799.068000,1465103799.721198,1465103804.722586,1465103804.800000
304,1465103799.068000,1465103799.966422,1465103804.967673,1465103805.049000
305,1465103799.068000,1465103799.754180,1465103804.772181,1465103804.845000
306,1465103799.068000,1465103799.757414,1465103804.758896,1465103804.845000
307,1465103799.068000,1465103799.707238,1465103804.709513,1465103804.795000
308,1465103799.068000,1465103799.732277,1465103804.733685,1465103804.806000
309,1465103799.068000,1465103799.708006,1465103804.723475,1465103804.816000
310,1465103799.068000,1465103800.026570,1465103805.027865,1465103805.109000
311,1465103799.068000,1465103799.948324,1465103804.949672,1465103805.046000
312,1465103799.068000,1465103800.064569,1465103805.065823,1465103805.147000
313,1465103799.068000,1465103799.770518,1465103804.773525,1465103804.852000
314,1465103799.070000,1465103799.720753,1465103804.722032,1465103804.795000
315,1465103799.070000,1465103799.738384,1465103804.742184,1465103804.821000
316,1465103799.070000,1465103800.001198,1465103805.002496,1465103805.090000
317,1465103799.070000,1465103799.723483,1465103804.724991,1465103804.800000
318,1465103799.070000,1465103799.738029,1465103804.754809,1465103804.832000
319,1465103799.070000,1465103799.749958,1465103804.751712,1465103804.833000
320,1465103799.070000,1465103799.730161,1465103804.731361,1465103804.808000
321,1465103799.071000,0.000000,0.000000,0.000000
322,1465103799.071000,1465103800.018327,1465103805.019584,1465103805.108000
323,1465103799.071000,1465103799.704540,1465103804.705970,1465103804.807000
324,1465103799.071000,1465103799.699420,1465103804.701027,1465103804.779000
325,1465103799.071000,1465103799.764058,1465103804.765278,1465103804.836000
326,1465103799.071000,1465103800.014225,1465103805.015443,1465103805.096000
327,1465103799.071000,1465103799.721159,1465103804.722494,1465103804.807000
328,1465103799.071000,1465103799.730834,1465103804.745510,1465103804.846000
329,1465103799.072000,1465103799.720752,1465103804.721952,1465103804.800000
330,1465103799.072000,1465103799.761911,1465103804.769488,1465103804.847000
331,1465103799.073000,1465103799.965730,1465103804.966990,1465103805.033000
332,1465103799.073000,0.000000,0.000000,0.000000
333,1465103799.073000,1465103800.004240,1465103805.005754,1465103805.088000
334,1465103799.073000,1465103799.710608,1465103804.718119,1465103804.805000
335,1465103799.073000,1465103799.715058,1465103804.716494,1465103804.790000
336,1465103799.073000,1465103800.011356,1465103805.012723,1465103805.102000
337,1465103799.073000,1465103799.748188,1465103804.752398,1465103804.838000
338,1465103799.073000,1465103799.724979,1465103804.726284,1465103804.803000
339,1465103799.073000,1465103799.701474,1465103804.713846,1465103804.802000
340,1465103799.074000,1465103800.053284,1465103805.054602,1465103805.134000
341,1465103799.074000,1465103799.750675,1465103804.753032,1465103804.834000
342,1465103799.074000,1465103799.961840,1465103804.963143,1465103805.041000
343,1465103799.074000,1465103799.767913,1465103804.769368,1465103804.847000
344,1465103799.074000,1465103799.720316,1465103804.728801,1465103804.814000
345,1465103799.074000,1465103800.008128,1465103805.009595,1465103805.090000
346,1465103799.074000,1465103799.960018,1465103804.961685,1465103805.043000
347,1465103799.075000,1465103799.685851,1465103804.687179,1465103804.769000
348,1465103799.075000,1465103800.005198,1465103805.006408,1465103805.072000
349,1465103799.075000,1465103799.773917,1465103804.776559,1465103804.850000
350,1465103799.075000,1465103799.685900,1465103804.687201,1465103804.797000
351,1465103799.075000,0.000000,0.000000,0.000000
352,1465103799.075000,1465103800.016024,1465103805.017358,1465103805.084000
353,1465103799.076000,1465103799.705863,1465103804.707439,1465103804.788000
354,1465103799.076000,1465103799.745546,1465103804.767471,1465103804.849000
355,1465103799.076000,1465103799.723857,1465103804.725151,1465103804.805000
356,1465103799.077000,1465103799.711107,1465103804.712448,1465103804.791000
357,1465103799.077000,1465103799.768469,1465103804.769731,1465103804.855000
358,1465103799.077000,0.000000,0.000000,0.000000
359,1465103799.077000,1465103799.952124,1465103804.953557,1465103805.040000
360,1465103799.077000,1465103800.021499,1465103805.022776,1465103805.084000
361,1465103799.077000,1465103799.698604,1465103804.699954,1465103804.785000
362,1465103799.077000,1465103799.984275,1465103804.986224,1465103805.067000
363,1465103799.077000,1465103799.710188,1465103804.711612,1465103804.789000
364,1465103799.077000,1465103799.709603,1465103804.711270,1465103804.803000
365,1465103799.077000,1465103799.759014,1465103804.765561,1465103804.843000
366,1465103799.078000,1465103799.700621,1465103804.701971,1465103804.780000
367,1465103799.078000,1465103799.731141,1465103804.732440,1465103804.819000
368,1465103799.079000,1465103799.762374,1465103804.763646,1465103804.842000
369,1465103799.079000,1465103799.758299,1465103804.759471,1465103804.826000
370,1465103799.079000,1465103799.729493,1465103804.730783,1465103804.811000
371,1465103799.079000,1465103799.719583,1465103804.732709,1465103804.818000
372,1465103799.079000,1465103799.987781,1465103804.989189,1465103805.081000
373,1465103799.079000,1465103800.043054,1465103805.044460,1465103805.126000
374,1465103799.079000,1465103799.770669,1465103804.775388,1465103804.852000
375,1465103799.079000,1465103799.744616,1465103804.757710,1465103804.834000
376,1465103799.079000,1465103799.727551,1465103804.731173,1465103804.817000
377,1465103799.080000,1465103799.779860,1465103804.781162,1465103804.847000
378,1465103799.080000,1465103799.699107,1465103804.700447,1465103804.788000
379,1465103799.080000,1465103800.001908,1465103805.003414,1465103805.069000
380,1465103799.080000,1465103799.751924,1465103804.753064,1465103804.841000
381,1465103799.081000,1465103799.747349,1465103804.748965,1465103804.829000
382,1465103799.081000,1465103800.029909,1465103805.031324,1465103805.119000
383,1465103799.081000,1465103799.732561,1465103804.733906,1465103804.810000
384,1465103799.081000,1465103799.758028,1465103804.759292,1465103804.846000
385,1465103799.081000,1465103799.735732,1465103804.737250,1465103804.815000
386,1465103799.081000,1465103799.759935,1465103804.767862,1465103804.846000
387,1465103799.081000,1465103799.993408,1465103804.994656,1465103805.075000
388,1465103799.081000,1465103800.024744,1465103805.026281,1465103805.119000
389,1465103799.081000,1465103799.755706,1465103804.770047,1465103804.836000
390,1465103799.081000,1465103799.705492,1465103804.707005,1465103804.807000
391,1465103799.082000,1465103799.766091,1465103804.767677,1465103804.849000
392,1465103799.082000,1465103799.719790,1465103804.721250,1465103804.830000
393,1465103799.082000,1465103799.737290,1465103804.739284,1465103804.816000
394,1465103799.083000,1465103799.756477,1465103804.758009,1465103804.824000
395,1465103799.083000,1465103799.760158,1465103804.761670,1465103804.843000
396,1465103799.083000,1465103800.037028,1465103805.038350,1465103805.119000
397,1465103799.083000,1465103799.728739,1465103804.731157,1465103804.816000
398,1465103799.083000,1465103799.741654,1465103804.745976,1465103804.825000
399,1465103799.083000,1465103800.016983,1465103805.019265,1465103805.108000
400,1465103799.083000,1465103799.724058,1465103804.742151,1465103804.819000
401,1465103799.083000,1465103799.711108,1465103804.712445,1465103804.791000
402,1465103799.083000,1465103799.738701,1465103804.766073,1465103804.843000
403,1465103799.083000,1465103799.729176,1465103804.746480,1465103804.828000
404,1465103799.084000,1465103799.751176,1465103804.753004,1465103804.833000
405,1465103799.084000,1465103799.739126,1465103804.740449,1465103804.818000
406,1465103799.084000,1465103800.066743,1465103805.068319,1465103805.146000
407,1465103799.084000,1465103799.719153,1465103804.733653,1465103804.814000
408,1465103799.084000,1465103799.767144,1465103804.768452,1465103804.868000
409,1465103799.084000,1465103799.730580,1465103804.732245,1465103804.841000
410,1465103799.085000,1465103799.726935,1465103804.728210,1465103804.816000
411,1465103799.085000,1465103799.740407,1465103804.742292,1465103804.822000
412,1465103799.085000,1465103799.728241,1465103804.729606,1465103804.809000
413,1465103799.085000,1465103799.756659,1465103804.757942,1465103804.835000
414,1465103799.085000,1465103800.044525,1465103805.045843,1465103805.112000
415,1465103799.085000,1465103799.746195,1465103804.747576,1465103804.832000
416,1465103799.085000,1465103799.750275,1465103804.751518,1465103804.832000
417,1465103799.085000,1465103800.013321,1465103805.014541,1465103805.095000
418,1465103799.085000,1465103799.709138,1465103804.723535,1465103804.825000
419,1465103799.086000,1465103799.732075,1465103804.733282,1465103804.826000
420,1465103799.086000,1465103799.741661,1465103804.742901,1465103804.821000
421,1465103799.087000,1465103799.998056,1465103804.999241,1465103805.081000
422,1465103799.087000,1465103799.708818,1465103804.710979,1465103804.804000
423,1465103799.087000,1465103800.062491,1465103805.063922,1465103805.130000
424,1465103799.087000,1465103800.034086,1465103805.035279,1465103805.106000
425,1465103799.087000,1465103799.968236,1465103804.969420,1465103805.065000
426,1465103799.087000,1465103799.752327,1465103804.753835,1465103804.815000
427,1465103799.088000,1465103799.748650,1465103804.750074,1465103804.830000
428,1465103799.088000,1465103799.768183,1465103804.773239,1465103804.845000
429,1465103799.088000,1465103800.023976,1465103805.025895,1465103805.115000
430,1465103799.088000,1465103799.726857,1465103804.728170,1465103804.808000
431,1465103799.088000,1465103800.022369,1465103805.023594,1465103805.105000
432,1465103799.088000,1465103799.752370,1465103804.753617,1465103804.840000
433,1465103799.089000,1465103799.712637,1465103804.713993,1465103804.794000
434,1465103799.089000,1465103800.057580,1465103805.058855,1465103805.144000
435,1465103799.089000,1465103799.753782,1465103804.755114,1465103804.843000
436,1465103799.089000,1465103799.739418,1465103804.740694,1465103804.827000
437,1465103799.089000,1465103799.729723,1465103804.731020,1465103804.809000
438,1465103799.090000,1465103799.756264,1465103804.757588,1465103804.845000
439,1465103799.090000,1465103799.727685,1465103804.728924,1465103804.805000
440,1465103799.090000,1465103799.708277,1465103804.709510,1465103804.797000
441,1465103799.090000,1465103799.730229,1465103804.731879,1465103804.805000
442,1465103799.090000,1465103799.736361,1465103804.737732,1465103804.839000
443,1465103799.090000,1465103799.767453,1465103804.768697,1465103804.839000
444,1465103799.090000,1465103799.739483,1465103804.740626,1465103804.817000
445,1465103799.090000,1465103799.748948,1465103804.750164,1465103804.828000
446,1465103799.090000,1465103799.735706,1465103804.747080,1465103804.828000
447,1465103799.091000,1465103799.737264,1465103804.738861,1465103804.816000
448,1465103799.091000,1465103799.758320,1465103804.766393,1465103804.848000
449,1465103799.091000,1465103799.749383,1465103804.750598,1465103804.829000
450,1465103799.091000,1465103799.731194,1465103804.733211,1465103804.808000
451,1465103799.091000,1465103799.693634,1465103804.695050,1465103804.804000
452,1465103799.092000,1465103799.734479,1465103804.735662,1465103804.806000
453,1465103799.092000,1465103799.754587,1465103804.755743,1465103804.844000
454,1465103799.092000,1465103799.890296,1465103804.891574,1465103804.962000
455,1465103799.092000,1465103799.770091,1465103804.771472,1465103804.849000
456,1465103799.092000,1465103799.751922,1465103804.753091,1465103804.840000
457,1465103799.092000,1465103800.002373,1465103805.003857,1465103805.093000
458,1465103799.092000,1465103799.772564,1465103804.773736,1465103804.852000
459,1465103799.093000,1465103799.712810,1465103804.714077,1465103804.801000
460,1465103799.093000,1465103799.734964,1465103804.736408,1465103804.809000
461,1465103799.093000,1465103800.009709,1465103805.010946,1465103805.096000
462,1465103799.093000,1465103799.749987,1465103804.751328,1465103804.832000
463,1465103799.094000,1465103799.764501,1465103804.765585,1465103804.833000
464,1465103799.094000,1465103799.743877,1465103804.746077,1465103804.846000
465,1465103799.094000,1465103799.764177,1465103804.765507,1465103804.851000
466,1465103799.094000,1465103799.759360,1465103804.760878,1465103804.839000
467,1465103799.094000,1465103799.772436,1465103804.785842,1465103804.865000
468,1465103799.094000,1465103799.734627,1465103804.736306,1465103804.812000
469,1465103799.094000,1465103800.019256,1465103805.020435,1465103805.088000
470,1465103799.094000,1465103799.779230,1465103804.790173,1465103804.857000
471,1465103799.094000,1465103799.740262,1465103804.741474,1465103804.818000
472,1465103799.094000,1465103799.737477,1465103804.738679,1465103804.824000
473,1465103799.095000,1465103799.715009,1465103804.716311,1465103804.797000
474,1465103799.095000,1465103799.745866,1465103804.747055,1465103804.835000
475,1465103799.095000,1465103799.796543,1465103804.798287,1465103804.886000
476,1465103799.095000,1465103799.743621,1465103804.747916,1465103804.848000
477,1465103799.095000,1465103799.821160,1465103804.822529,1465103804.904000
478,1465103799.096000,1465103799.736570,1465103804.737881,1465103804.819000
479,1465103799.096000,1465103799.767393,1465103804.768816,1465103804.846000
480,1465103799.096000,1465103799.768474,1465103804.769828,1465103804.846000
481,1465103799.097000,1465103799.728733,1465103804.730068,1465103804.808000
482,1465103799.097000,1465103799.732691,1465103804.733966,1465103804.821000
483,1465103799.097000,1465103799.770937,1465103804.772324,1465103804.848000
484,1465103799.097000,1465103799.815063,1465103804.816309,1465103804.882000
485,1465103799.097000,1465103799.764327,1465103804.766359,1465103804.844000
486,1465103799.097000,1465103799.853614,1465103804.866548,1465103804.949000
487,1465103799.097000,1465103799.770546,1465103804.771709,1465103804.838000
488,1465103799.097000,1465103799.761492,1465103804.762751,1465103804.844000
489,1465103799.098000,1465103799.753481,1465103804.754775,1465103804.821000
490,1465103799.098000,1465103799.760260,1465103804.761505,1465103804.849000
491,1465103799.098000,1465103799.749309,1465103804.757770,1465103804.852000
492,1465103799.098000,1465103799.744933,1465103804.751795,1465103804.836000
493,1465103799.098000,1465103799.737532,1465103804.739082,1465103804.816000
494,1465103799.098000,1465103799.795950,1465103804.798037,1465103804.886000
495,1465103799.098000,1465103799.763202,1465103804.771597,1465103804.858000
496,1465103799.098000,1465103800.084478,1465103805.085676,1465103805.157000
497,1465103799.098000,1465103800.190325,1465103805.191795,1465103805.280000
498,1465103799.098000,1465103799.882056,1465103804.883699,1465103804.977000
499,1465103799.098000,1465103799.812451,1465103804.813634,1465103804.898000
500,1465103799.098000,1465103799.735205,1465103804.745786,1465103804.846000
501,1465103799.098000,1465103799.869275,1465103804.870981,1465103804.951000
502,1465103799.098000,1465103799.925697,1465103804.929707,1465103804.995000
503,1465103799.098000,1465103799.745759,1465103804.747217,1465103804.847000
504,1465103799.098000,1465103799.764445,1465103804.765875,1465103804.843000
505,1465103799.098000,1465103799.821143,1465103804.822437,1465103804.910000
506,1465103799.099000,1465103799.761104,1465103804.762346,1465103804.849000
507,1465103799.099000,1465103799.758692,1465103804.759897,1465103804.845000
508,1465103799.099000,1465103799.770478,1465103804.771771,1465103804.850000
509,1465103799.099000,1465103799.738603,1465103804.749188,1465103804.830000
510,1465103799.099000,1465103799.861343,1465103804.862541,1465103804.942000
511,1465103799.099000,1465103800.182093,1465103805.183601,1465103805.259000
512,1465103799.099000,1465103799.763306,1465103804.765758,1465103804.844000
513,1465103799.099000,1465103799.766494,1465103804.768508,1465103804.847000
514,1465103799.099000,1465103799.809741,1465103804.811068,1465103804.899000
515,1465103799.099000,1465103799.730699,1465103804.751039,1465103804.839000
516,1465103799.099000,1465103799.771467,1465103804.773799,1465103804.852000
517,1465103799.099000,1465103799.758957,1465103804.760523,1465103804.848000
518,1465103799.099000,1465103800.121893,1465103805.123973,1465103805.233000
519,1465103799.099000,1465103799.779041,1465103804.780528,1465103804.851000
520,1465103799.099000,1465103799.761913,1465103804.775388,1465103804.852000
521,1465103799.099000,1465103799.744499,1465103804.746327,1465103804.822000
522,1465103799.099000,1465103799.712519,1465103804.713637,1465103804.822000
523,1465103799.099000,1465103799.768820,1465103804.770519,1465103804.848000
524,1465103799.099000,1465103799.832332,1465103804.833602,1465103804.930000
525,1465103799.099000,1465103799.771154,1465103804.772872,1465103804.851000
526,1465103799.099000,1465103799.819602,1465103804.820855,1465103804.907000
527,1465103799.099000,1465103799.763664,1465103804.765211,1465103804.852000
528,1465103799.099000,1465103799.809391,1465103804.810596,1465103804.898000
529,1465103799.100000,1465103799.831474,1465103804.832869,1465103804.903000
530,1465103799.100000,1465103799.772114,1465103804.773323,1465103804.851000
531,1465103799.100000,1465103799.778919,1465103804.780280,1465103804.859000
532,1465103799.100000,1465103799.763917,1465103804.765314,1465103804.843000
533,1465103799.100000,1465103799.911393,1465103804.912597,1465103804.984000
534,1465103799.100000,1465103799.779449,1465103804.780683,1465103804.868000
535,1465103799.100000,1465103799.900496,1465103804.901677,1465103804.996000
536,1465103799.100000,1465103799.755101,1465103804.756711,1465103804.833000
537,1465103799.100000,1465103799.717266,1465103804.718505,1465103804.819000
538,1465103799.100000,1465103799.843010,1465103804.844191,1465103804.940000
539,1465103799.100000,1465103799.765069,1465103804.766758,1465103804.839000
540,1465103799.100000,1465103799.729600,1465103804.731978,1465103804.805000
541,1465103799.100000,1465103799.852673,1465103804.853912,1465103804.942000
542,1465103799.100000,1465103799.841574,1465103804.843084,1465103804.923000
543,1465103799.100000,1465103800.216057,1465103805.217783,1465103805.306000
544,1465103799.100000,1465103799.836104,1465103804.837458,1465103804.914000
545,1465103799.100000,1465103799.783538,1465103804.784809,1465103804.857000
546,1465103799.100000,1465103799.734648,1465103804.735826,1465103804.825000
547,1465103799.100000,1465103799.823908,1465103804.825242,1465103804.907000
548,1465103799.100000,1465103799.796901,1465103804.798104,1465103804.883000
549,1465103799.100000,1465103799.852416,1465103804.853683,1465103804.942000
550,1465103799.100000,1465103799.772030,1465103804.773515,1465103804.860000
551,1465103799.100000,1465103799.798446,1465103804.799628,1465103804.876000
552,1465103799.100000,1465103799.763827,1465103804.764965,1465103804.843000
553,1465103799.100000,1465103799.749182,1465103804.763544,1465103804.865000
554,1465103799.101000,1465103800.175148,1465103805.176367,1465103805.247000
555,1465103799.101000,1465103799.772024,1465103804.792355,1465103804.865000
556,1465103799.101000,1465103799.794289,1465103804.795631,1465103804.868000
557,1465103799.101000,1465103799.708753,1465103804.710188,1465103804.789000
558,1465103799.101000,1465103799.771149,1465103804.772543,1465103804.850000
559,1465103799.101000,1465103799.704903,1465103804.706248,1465103804.815000
560,1465103799.101000,1465103799.733127,1465103804.734299,1465103804.812000
561,1465103799.101000,1465103799.761493,1465103804.763913,1465103804.842000
562,1465103799.101000,1465103799.775289,1465103804.776457,1465103804.865000
563,1465103799.101000,1465103799.825854,1465103804.827164,1465103804.905000
564,1465103799.101000,1465103799.741876,1465103804.743159,1465103804.832000
565,1465103799.101000,1465103799.762456,1465103804.764301,1465103804.851000
566,1465103799.101000,1465103799.761420,1465103804.763603,1465103804.840000
567,1465103799.101000,1465103800.037658,1465103805.038951,1465103805.117000
568,1465103799.101000,1465103799.731095,1465103804.734148,1465103804.810000
569,1465103799.101000,1465103799.735437,1465103804.736997,1465103804.814000
570,1465103799.101000,1465103799.765970,1465103804.767271,1465103804.838000
571,1465103799.101000,1465103799.754159,1465103804.755722,1465103804.832000
572,1465103799.101000,1465103799.731386,1465103804.732676,1465103804.822000
573,1465103799.101000,1465103799.731179,1465103804.732836,1465103804.842000
574,1465103799.101000,1465103799.807148,1465103804.808349,1465103804.893000
575,1465103799.101000,1465103799.762697,1465103804.764309,1465103804.851000
576,1465103799.101000,1465103799.785334,1465103804.786690,1465103804.864000
577,1465103799.101000,1465103799.756450,1465103804.757971,1465103804.838000
578,1465103799.101000,1465103799.842511,1465103804.843763,1465103804.926000
579,1465103799.101000,1465103799.767308,1465103804.768906,1465103804.847000
580,1465103799.102000,1465103799.878863,1465103804.880041,1465103804.976000
581,1465103799.102000,1465103799.715221,1465103804.716425,1465103804.804000
582,1465103799.102000,1465103799.784861,1465103804.786082,1465103804.853000
583,1465103799.102000,1465103799.739085,1465103804.740354,1465103804.823000
584,1465103799.102000,0.000000,0.000000,0.000000
585,1465103799.102000,1465103799.819275,1465103804.821382,1465103804.909000
586,1465103799.102000,1465103799.755352,1465103804.756691,1465103804.846000
587,1465103799.102000,1465103799.768570,1465103804.769843,1465103804.857000
588,1465103799.102000,1465103799.779895,1465103804.781095,1465103804.869000
589,1465103799.102000,1465103800.122639,1465103805.124082,1465103805.233000
590,1465103799.102000,1465103799.850965,1465103804.853467,1465103804.934000
591,1465103799.102000,1465103799.877196,1465103804.878518,1465103804.961000
592,1465103799.102000,1465103799.773718,1465103804.775022,1465103804.862000
593,1465103799.102000,1465103799.899632,1465103804.900834,1465103804.988000
594,1465103799.102000,1465103799.811804,1465103804.813343,1465103804.891000
595,1465103799.102000,1465103799.777012,1465103804.778376,1465103804.857000
596,1465103799.102000,1465103800.080526,1465103805.081822,1465103805.163000
597,1465103799.102000,1465103799.849669,1465103804.851243,1465103804.936000
598,1465103799.102000,1465103799.822414,1465103804.823930,1465103804.905000
599,1465103799.102000,1465103799.905046,1465103804.906325,1465103804.973000
600,1465103799.102000,1465103800.194551,1465103805.195839,1465103805.256000
601,1465103799.102000,1465103799.723272,1465103804.734307,1465103804.813000
602,1465103799.102000,1465103799.799211,1465103804.800529,1465103804.888000
603,1465103799.102000,1465103799.837106,1465103804.838341,1465103804.904000
604,1465103799.102000,1465103800.201307,1465103805.202859,1465103805.284000
605,1465103799.102000,1465103799.783621,1465103804.784793,1465103804.870000
606,1465103799.102000,1465103799.756422,1465103804.757988,1465103804.834000
607,1465103799.103000,1465103800.099319,1465103805.100584,1465103805.171000
608,1465103799.102000,1465103799.780248,1465103804.781509,1465103804.852000
609,1465103799.102000,1465103800.141766,1465103805.143014,1465103805.228000
610,1465103799.103000,1465103800.137754,1465103805.139119,1465103805.240000
611,1465103799.103000,1465103799.711860,1465103804.713056,1465103804.805000
612,1465103799.103000,1465103800.117125,1465103805.118355,1465103805.185000
613,1465103799.103000,1465103799.773262,1465103804.774738,1465103804.848000
614,1465103799.103000,1465103799.836186,1465103804.850401,1465103804.931000
615,1465103799.103000,1465103799.801524,1465103804.802728,1465103804.896000
616,1465103799.103000,1465103799.863162,1465103804.864441,1465103804.947000
617,1465103799.103000,1465103799.742922,1465103804.744154,1465103804.831000
618,1465103799.103000,1465103799.868783,1465103804.870313,1465103804.948000
619,1465103799.103000,1465103800.200044,1465103805.201649,1465103805.282000
620,1465103799.103000,1465103799.836775,1465103804.838326,1465103804.919000
621,1465103799.103000,1465103799.873988,1465103804.875384,1465103804.963000
622,1465103799.103000,1465103799.808618,1465103804.809876,1465103804.896000
623,1465103799.103000,0.000000,0.000000,0.000000
624,1465103799.103000,1465103799.841718,1465103804.842961,1465103804.931000
625,1465103799.103000,1465103800.081899,1465103805.083535,1465103805.174000
626,1465103799.103000,1465103799.873928,1465103804.875187,1465103804.961000
627,1465103799.103000,1465103800.056020,1465103805.057386,1465103805.138000
628,1465103799.103000,1465103799.889246,1465103804.890606,1465103804.971000
629,1465103799.103000,1465103800.060657,1465103805.061948,1465103805.159000
630,1465103799.103000,1465103799.766580,1465103804.767798,1465103804.855000
631,1465103799.104000,1465103799.832016,1465103804.833360,1465103804.934000
632,1465103799.104000,1465103799.924846,1465103804.926440,1465103804.988000
633,1465103799.104000,1465103799.829845,1465103804.831449,1465103804.923000
634,1465103799.104000,1465103799.798292,1465103804.799601,1465103804.901000
635,1465103799.104000,1465103800.114468,1465103805.115788,1465103805.207000
636,1465103799.104000,1465103799.722727,1465103804.723949,1465103804.833000
637,1465103799.104000,1465103799.788266,1465103804.789950,1465103804.868000
638,1465103799.104000,1465103799.896029,1465103804.897369,1465103804.967000
639,1465103799.104000,1465103799.778709,1465103804.783515,1465103804.854000
640,1465103799.104000,1465103799.775387,1465103804.776597,1465103804.855000
641,1465103799.104000,1465103799.742355,1465103804.743633,1465103804.824000
642,1465103799.104000,1465103800.121320,1465103805.122533,1465103805.189000
643,1465103799.104000,1465103799.781410,1465103804.782934,1465103804.863000
644,1465103799.104000,1465103799.803204,1465103804.804487,1465103804.891000
645,1465103799.104000,0.000000,0.000000,0.000000
646,1465103799.104000,1465103799.868817,1465103804.869956,1465103804.954000
647,1465103799.104000,1465103799.746503,1465103804.748498,1465103804.842000
648,1465103799.104000,1465103799.767673,1465103804.768871,1465103804.854000
649,1465103799.104000,1465103799.876302,1465103804.877818,1465103804.959000
650,1465103799.105000,1465103799.752775,1465103804.754056,1465103804.832000
651,1465103799.105000,1465103799.892640,1465103804.894002,1465103804.982000
652,1465103799.105000,1465103799.698852,1465103804.701661,1465103804.810000
653,1465103799.105000,1465103799.771154,1465103804.772598,1465103804.849000
654,1465103799.105000,1465103799.804203,1465103804.805432,1465103804.893000
655,1465103799.105000,1465103799.739595,1465103804.741009,1465103804.828000
656,1465103799.105000,1465103799.738557,1465103804.740307,1465103804.819000
657,1465103799.105000,1465103800.160315,1465103805.161678,1465103805.234000
658,1465103799.105000,1465103799.735195,1465103804.736402,1465103804.823000
659,1465103799.105000,1465103800.145256,1465103805.146545,1465103805.234000
660,1465103799.105000,1465103799.730050,1465103804.731561,1465103804.819000
661,1465103799.105000,1465103799.763097,1465103804.771597,1465103804.859000
662,1465103799.105000,1465103799.749118,1465103804.750321,1465103804.827000
663,1465103799.105000,1465103799.749497,1465103804.750671,1465103804.836000
664,1465103799.105000,1465103799.819275,1465103804.821382,1465103804.909000
665,1465103799.105000,1465103799.762383,1465103804.763602,1465103804.857000
666,1465103799.105000,1465103799.999328,1465103805.000734,1465103805.082000
667,1465103799.105000,1465103799.749405,1465103804.751152,1465103804.845000
668,1465103799.105000,1465103799.811327,1465103804.812521,1465103804.890000
669,1465103799.105000,1465103799.767184,1465103804.768470,1465103804.853000
670,1465103799.105000,1465103799.810685,1465103804.812023,1465103804.888000
671,1465103799.105000,1465103799.769700,1465103804.770928,1465103804.832000
672,1465103799.105000,1465103799.768861,1465103804.770088,1465103804.856000
673,1465103799.105000,1465103799.762655,1465103804.764005,1465103804.844000
674,1465103799.105000,1465103799.733379,1465103804.735062,1465103804.814000
675,1465103799.105000,1465103799.755597,1465103804.774349,1465103804.852000
676,1465103799.106000,1465103799.810308,1465103804.811440,1465103804.897000
677,1465103799.106000,1465103799.740716,1465103804.742196,1465103804.831000
678,1465103799.106000,1465103799.718286,1465103804.732105,1465103804.817000
679,1465103799.106000,1465103799.741232,1465103804.742981,1465103804.831000
680,1465103799.106000,1465103799.756037,1465103804.757803,1465103804.843000
681,1465103799.106000,1465103800.041602,1465103805.043280,1465103805.123000
682,1465103799.106000,1465103800.178854,1465103805.180141,1465103805.247000
683,1465103799.106000,1465103799.769916,1465103804.771189,1465103804.853000
684,1465103799.106000,1465103799.762160,1465103804.764065,1465103804.842000
685,1465103799.106000,1465103799.891774,1465103804.892971,1465103804.978000
686,1465103799.106000,1465103799.911133,1465103804.912371,1465103804.993000
687,1465103799.106000,1465103799.763537,1465103804.764835,1465103804.845000
688,1465103799.106000,1465103800.156338,1465103805.157794,1465103805.267000
689,1465103799.106000,1465103799.777897,1465103804.779263,1465103804.856000
690,1465103799.106000,1465103799.746936,1465103804.748184,1465103804.834000
691,1465103799.106000,1465103799.818198,1465103804.819513,1465103804.890000
692,1465103799.106000,1465103799.820643,1465103804.821840,1465103804.888000
693,1465103799.106000,1465103800.098137,1465103805.099618,1465103805.193000
694,1465103799.106000,1465103799.740005,1465103804.741696,1465103804.820000
695,1465103799.106000,1465103799.862340,1465103804.863604,1465103804.934000
696,1465103799.106000,1465103799.773674,1465103804.774954,1465103804.861000
697,1465103799.106000,1465103799.815591,1465103804.816849,1465103804.877000
698,1465103799.106000,1465103799.747848,1465103804.749418,1465103804.849000
699,1465103799.106000,1465103799.729617,1465103804.732348,1465103804.817000
700,1465103799.106000,1465103799.851682,1465103804.870319,1465103804.952000
701,1465103799.106000,1465103799.930914,1465103804.932087,1465103804.993000
702,1465103799.106000,1465103799.853102,1465103804.854378,1465103804.939000
703,1465103799.106000,1465103799.799781,1465103804.800985,1465103804.867000
704,1465103799.107000,1465103799.867328,1465103804.868533,1465103804.956000
705,1465103799.107000,1465103799.749460,1465103804.750726,1465103804.839000
706,1465103799.107000,1465103799.760629,1465103804.761970,1465103804.839000
707,1465103799.107000,1465103799.880737,1465103804.882024,1465103804.961000
708,1465103799.107000,1465103799.752320,1465103804.753641,1465103804.835000
709,1465103799.107000,1465103799.887146,1465103804.888513,1465103804.964000
710,1465103799.107000,1465103799.821189,1465103804.822564,1465103804.905000
711,1465103799.107000,1465103799.732556,1465103804.733662,1465103804.842000
712,1465103799.107000,1465103799.782004,1465103804.783285,1465103804.862000
713,1465103799.107000,1465103799.756817,1465103804.758523,1465103804.844000
714,1465103799.107000,1465103799.773510,1465103804.774990,1465103804.854000
715,1465103799.107000,1465103799.826259,1465103804.827497,1465103804.915000
716,1465103799.107000,1465103799.831770,1465103804.832914,1465103804.927000
717,1465103799.107000,1465103799.858376,1465103804.859662,1465103804.944000
718,1465103799.107000,1465103799.879591,1465103804.880780,1465103804.962000
719,1465103799.107000,1465103799.756911,1465103804.775010,1465103804.852000
720,1465103799.107000,1465103799.793677,1465103804.794909,1465103804.874000
721,1465103799.107000,1465103799.883355,1465103804.884730,1465103804.972000
722,1465103799.107000,1465103799.775760,1465103804.776961,1465103804.859000
723,1465103799.107000,1465103799.731069,1465103804.732695,1465103804.820000
724,1465103799.107000,1465103800.212705,1465103805.214377,1465103805.290000
725,1465103799.107000,1465103800.150797,1465103805.151968,1465103805.224000
726,1465103799.107000,1465103799.880940,1465103804.882314,1465103804.969000
727,1465103799.107000,1465103799.759018,1465103804.760481,1465103804.841000
728,1465103799.107000,1465103799.821950,1465103804.823190,1465103804.902000
729,1465103799.107000,1465103799.913118,1465103804.914280,1465103804.997000
730,1465103799.108000,1465103800.062147,1465103805.063291,1465103805.135000
731,1465103799.108000,1465103799.829455,1465103804.830627,1465103804.918000
732,1465103799.108000,1465103799.774831,1465103804.776834,1465103804.850000
733,1465103799.108000,1465103800.202060,1465103805.203462,1465103805.297000
734,1465103799.108000,1465103799.758912,1465103804.760625,1465103804.839000
735,1465103799.108000,1465103799.777679,1465103804.779037,1465103804.867000
736,1465103799.108000,1465103799.795310,1465103804.796584,1465103804.858000
737,1465103799.108000,1465103799.737607,1465103804.754466,1465103804.833000
738,1465103799.108000,1465103799.773821,1465103804.794256,1465103804.872000
739,1465103799.108000,1465103799.731222,1465103804.732515,1465103804.815000
740,1465103799.108000,1465103800.228170,1465103805.229755,1465103805.311000
741,1465103799.108000,1465103800.139869,1465103805.141095,1465103805.202000
742,1465103799.110000,1465103799.879790,1465103804.881014,1465103804.970000
743,1465103799.113000,1465103799.788444,1465103804.789651,1465103804.867000
744,1465103799.113000,1465103800.155347,1465103805.156794,1465103805.265000
745,1465103799.116000,1465103800.140284,1465103805.141751,1465103805.230000
746,1465103799.115000,1465103799.854773,1465103804.856006,1465103804.943000
747,1465103799.121000,1465103800.175570,1465103805.176808,1465103805.274000
748,1465103799.146000,1465103799.800374,1465103804.801645,1465103804.890000
749,1465103799.146000,1465103799.807854,1465103804.809048,1465103804.875000
750,1465103799.146000,1465103799.845157,1465103804.846444,1465103804.932000
751,1465103799.146000,1465103799.903814,1465103804.924055,1465103805.003000
752,1465103799.146000,1465103800.087696,1465103805.088879,1465103805.160000
753,1465103799.146000,1465103799.924959,1465103804.926152,1465103804.992000
754,1465103799.153000,1465103799.914370,1465103804.915925,1465103805.008000
755,1465103799.155000,1465103799.848113,1465103804.849375,1465103804.928000
756,1465103799.156000,1465103799.824762,1465103804.825948,1465103804.911000
757,1465103799.156000,1465103800.148997,1465103805.150310,1465103805.246000
758,1465103799.156000,1465103800.191992,1465103805.193229,1465103805.281000
759,1465103799.156000,1465103799.847548,1465103804.848900,1465103804.937000
760,1465103799.156000,1465103799.829100,1465103804.830606,1465103804.918000
761,1465103799.157000,1465103799.898712,1465103804.899909,1465103804.981000
762,1465103799.157000,1465103799.842475,1465103804.843732,1465103804.909000
763,1465103799.157000,1465103799.822317,1465103804.823636,1465103804.911000
764,1465103799.157000,1465103800.156685,1465103805.169993,1465103805.236000
765,1465103799.157000,1465103799.887627,1465103804.888794,1465103804.983000
766,1465103799.157000,1465103800.045914,1465103805.047179,1465103805.127000
767,1465103799.157000,1465103799.804848,1465103804.806060,1465103804.891000
768,1465103799.157000,1465103800.158114,1465103805.159524,1465103805.238000
769,1465103799.157000,1465103800.074041,1465103805.075227,1465103805.160000
770,1465103799.158000,1465103799.868161,1465103804.869410,1465103804.936000
771,1465103799.158000,1465103799.757977,1465103804.759333,1465103804.839000
772,1465103799.158000,1465103799.790692,1465103804.791904,1465103804.859000
773,1465103799.158000,1465103799.847062,1465103804.848300,1465103804.944000
774,1465103799.158000,1465103799.817872,1465103804.819202,1465103804.919000
775,1465103799.158000,0.000000,0.000000,0.000000
776,1465103799.159000,1465103799.848753,1465103804.850135,1465103804.932000
777,1465103799.159000,1465103799.827411,1465103804.828589,1465103804.915000
778,1465103799.159000,1465103799.906861,1465103804.908280,1465103804.989000
779,1465103799.159000,1465103800.222406,1465103805.223578,1465103805.285000
780,1465103799.160000,1465103799.891280,1465103804.893783,1465103804.964000
781,1465103799.160000,1465103799.861034,1465103804.862240,1465103804.949000
782,1465103799.160000,1465103799.819798,1465103804.821446,1465103804.907000
783,1465103799.160000,1465103799.902629,1465103804.903822,1465103805.000000
784,1465103799.160000,1465103799.792560,1465103804.793853,1465103804.881000
785,1465103799.160000,1465103799.869017,1465103804.878200,1465103804.965000
786,1465103799.160000,1465103799.813178,1465103804.814471,1465103804.902000
787,1465103799.161000,1465103799.897372,1465103804.898699,1465103804.965000
788,1465103799.161000,1465103799.859010,1465103804.860411,1465103804.953000
789,1465103799.161000,1465103800.084300,1465103805.085487,1465103805.170000
790,1465103799.162000,1465103799.828680,1465103804.829988,1465103804.903000
791,1465103799.163000,1465103800.099817,1465103805.101038,1465103805.195000
792,1465103799.163000,1465103799.795787,1465103804.797102,1465103804.893000
793,1465103799.163000,1465103799.833380,1465103804.834661,1465103804.935000
794,1465103799.163000,1465103799.926557,1465103804.928415,1465103805.000000
795,1465103799.163000,1465103799.856409,1465103804.857642,1465103804.936000
796,1465103799.163000,1465103800.106161,1465103805.107396,1465103805.192000
797,1465103799.163000,1465103799.918258,1465103804.919653,1465103804.996000
798,1465103799.164000,1465103799.896018,1465103804.897215,1465103804.985000
799,1465103799.164000,1465103799.901823,1465103804.903610,1465103804.969000
800,1465103799.164000,1465103799.916645,1465103804.917919,1465103804.983000
801,1465103799.164000,1465103799.890534,1465103804.891751,1465103804.973000
802,1465103799.164000,1465103799.887664,1465103804.888868,1465103804.971000
803,1465103799.164000,1465103799.907903,1465103804.909223,1465103804.976000
804,1465103799.165000,1465103800.098207,1465103805.099428,1465103805.181000
805,1465103799.165000,1465103799.840290,1465103804.841560,1465103804.920000
806,1465103799.165000,1465103799.832444,1465103804.833783,1465103804.910000
807,1465103799.165000,1465103799.871935,1465103804.873258,1465103804.960000
808,1465103799.165000,1465103800.206648,1465103805.207935,1465103805.288000
809,1465103799.166000,1465103799.920241,1465103804.921462,1465103805.007000
810,1465103799.166000,1465103799.883560,1465103804.884881,1465103804.970000
811,1465103799.167000,1465103799.914105,1465103804.915927,1465103805.008000
812,1465103799.167000,1465103799.889648,1465103804.890816,1465103804.969000
813,1465103799.167000,1465103799.888001,1465103804.889213,1465103804.973000
814,1465103799.167000,1465103799.894132,1465103804.895357,1465103804.983000
815,1465103799.167000,1465103799.831043,1465103804.832398,1465103804.929000
816,1465103799.167000,1465103800.145310,1465103805.147300,1465103805.223000
817,1465103799.167000,1465103799.868328,1465103804.869505,1465103804.963000
818,1465103799.168000,1465103800.178496,1465103805.180011,1465103805.267000
819,1465103799.168000,1465103800.209556,1465103805.210760,1465103805.272000
820,1465103799.168000,1465103799.907602,1465103804.908851,1465103804.987000
821,1465103799.168000,1465103799.916775,1465103804.918149,1465103805.006000
822,1465103799.168000,0.000000,0.000000,0.000000
823,1465103799.169000,1465103800.202607,1465103805.203870,1465103805.284000
824,1465103799.169000,1465103799.909529,1465103804.911372,1465103804.993000
825,1465103799.169000,1465103799.914071,1465103804.915334,1465103804.977000
826,1465103799.170000,1465103799.883910,1465103804.885143,1465103804.967000
827,1465103799.170000,1465103800.173272,1465103805.174866,1465103805.254000
828,1465103799.170000,1465103799.846662,1465103804.848055,1465103804.935000
829,1465103799.171000,1465103799.913897,1465103804.926096,1465103805.006000
830,1465103799.171000,1465103799.815456,1465103804.816629,1465103804.895000
831,1465103799.171000,1465103799.791442,1465103804.792634,1465103804.870000
832,1465103799.171000,1465103800.101033,1465103805.102429,1465103805.190000
833,1465103799.172000,1465103799.798510,1465103804.799666,1465103804.894000
834,1465103799.172000,1465103799.870191,1465103804.871494,1465103804.939000
835,1465103799.172000,1465103799.873283,1465103804.874625,1465103804.962000
836,1465103799.172000,1465103799.894413,1465103804.906937,1465103804.989000
837,1465103799.172000,1465103799.847127,1465103804.848417,1465103804.949000
838,1465103799.172000,0.000000,0.000000,0.000000
839,1465103799.172000,1465103800.193010,1465103805.194388,1465103805.282000
840,1465103799.173000,1465103799.931772,1465103804.945395,1465103805.017000
841,1465103799.173000,1465103799.914427,1465103804.915673,1465103805.003000
842,1465103799.173000,1465103799.934625,1465103804.936093,1465103805.002000
843,1465103799.173000,1465103799.941129,1465103804.942483,1465103805.004000
844,1465103799.173000,1465103799.796683,1465103804.797942,1465103804.891000
845,1465103799.173000,1465103799.911042,1465103804.921032,1465103804.996000
846,1465103799.173000,1465103799.915220,1465103804.916626,1465103805.004000
847,1465103799.173000,1465103800.162487,1465103805.163669,1465103805.234000
848,1465103799.173000,1465103800.188259,1465103805.189818,1465103805.268000
849,1465103799.174000,1465103799.890478,1465103804.891832,1465103804.958000
850,1465103799.174000,1465103799.895254,1465103804.896494,1465103804.989000
851,1465103799.174000,1465103800.097952,1465103805.099200,1465103805.160000
852,1465103799.174000,1465103799.904982,1465103804.906506,1465103804.973000
853,1465103799.174000,1465103799.881677,1465103804.882828,1465103804.949000
854,1465103799.174000,1465103799.881461,1465103804.882703,1465103804.968000
855,1465103799.174000,1465103799.844312,1465103804.845552,1465103804.927000
856,1465103799.175000,1465103800.096121,1465103805.097397,1465103805.189000
857,1465103799.176000,1465103800.184151,1465103805.185394,1465103805.251000
858,1465103799.177000,1465103799.866651,1465103804.867871,1465103804.933000
859,1465103799.176000,1465103800.161730,1465103805.163215,1465103805.244000
860,1465103799.176000,0.000000,0.000000,0.000000
861,1465103799.176000,1465103799.893505,1465103804.895081,1465103804.987000
862,1465103799.177000,1465103799.851699,1465103804.852909,1465103804.947000
863,1465103799.177000,1465103800.139098,1465103805.140331,1465103805.222000
864,1465103799.177000,1465103799.909610,1465103804.910922,1465103804.999000
865,1465103799.177000,1465103799.901417,1465103804.902948,1465103804.984000
866,1465103799.177000,1465103799.921127,1465103804.924529,1465103804.990000
867,1465103799.177000,1465103800.121295,1465103805.122631,1465103805.215000
868,1465103799.177000,1465103799.855805,1465103804.857163,1465103804.949000
869,1465103799.178000,1465103799.896340,1465103804.897605,1465103804.976000
870,1465103799.178000,1465103800.161375,1465103805.162640,1465103805.244000
871,1465103799.178000,1465103799.906372,1465103804.907594,1465103805.000000
872,1465103799.178000,1465103800.129980,1465103805.131186,1465103805.211000
873,1465103799.178000,1465103800.203157,1465103805.204352,1465103805.299000
874,1465103799.179000,1465103799.843124,1465103804.844762,1465103804.932000
875,1465103799.179000,1465103799.915793,1465103804.917052,1465103804.994000
876,1465103799.180000,1465103800.132829,1465103805.134165,1465103805.226000
877,1465103799.180000,1465103799.905991,1465103804.907232,1465103804.999000
878,1465103799.181000,1465103800.221753,1465103805.223045,1465103805.302000
879,1465103799.181000,1465103799.910075,1465103804.911557,1465103804.993000
880,1465103799.181000,1465103799.886939,1465103804.890124,1465103804.957000
881,1465103799.181000,1465103800.211174,1465103805.212738,1465103805.292000
882,1465103799.181000,1465103799.877149,1465103804.878304,1465103804.971000
883,1465103799.182000,1465103799.896763,1465103804.898212,1465103804.980000
884,1465103799.182000,1465103800.115995,1465103805.117529,1465103805.206000
885,1465103799.182000,1465103799.904174,1465103804.905743,1465103804.972000
886,1465103799.182000,1465103799.911325,1465103804.912675,1465103804.998000
887,1465103799.184000,1465103799.863537,1465103804.864933,1465103804.941000
888,1465103799.183000,1465103799.914337,1465103804.915526,1465103804.981000
889,1465103799.183000,1465103799.892713,1465103804.903739,1465103804.974000
890,1465103799.183000,1465103799.896807,1465103804.898087,1465103804.991000
891,1465103799.183000,1465103799.904506,1465103804.905899,1465103804.998000
892,1465103799.184000,1465103799.912323,1465103804.913798,1465103805.003000
893,1465103799.184000,1465103799.869544,1465103804.870884,1465103804.967000
894,1465103799.184000,1465103800.137150,1465103805.138413,1465103805.220000
895,1465103799.185000,1465103799.905868,1465103804.907159,1465103804.984000
896,1465103799.186000,1465103799.907037,1465103804.918013,1465103804.998000
897,1465103799.186000,1465103799.891960,1465103804.903456,1465103804.974000
898,1465103799.186000,0.000000,0.000000,0.000000
899,1465103799.186000,1465103799.911341,1465103804.912545,1465103804.994000
900,1465103799.187000,1465103799.891803,1465103804.892980,1465103804.981000
901,1465103799.187000,1465103800.189863,1465103805.191048,1465103805.257000
902,1465103799.188000,1465103799.782481,1465103804.784040,1465103804.861000
903,1465103799.189000,1465103799.868383,1465103804.869926,1465103804.952000
904,1465103799.189000,1465103799.922038,1465103804.923631,1465103804.989000
905,1465103799.190000,1465103800.182151,1465103805.183575,1465103805.262000
906,1465103799.189000,1465103799.904966,1465103804.906173,1465103804.988000
907,1465103799.190000,1465103799.820041,1465103804.824314,1465103804.909000
908,1465103799.190000,1465103799.896604,1465103804.897838,1465103804.983000
909,1465103799.190000,1465103799.918572,1465103804.919901,1465103805.000000
910,1465103799.190000,1465103799.889427,1465103804.890811,1465103804.979000
911,1465103799.191000,1465103800.200891,1465103805.202399,1465103805.283000
912,1465103799.191000,1465103799.897145,1465103804.898402,1465103804.995000
913,1465103799.191000,0.000000,0.000000,0.000000
914,1465103799.192000,1465103800.153730,1465103805.155097,1465103805.249000
915,1465103799.192000,1465103799.885192,1465103804.886481,1465103804.980000
916,1465103799.192000,1465103799.909136,1465103804.910347,1465103805.007000
917,1465103799.193000,1465103799.884396,1465103804.885604,1465103804.967000
918,1465103799.193000,1465103799.920828,1465103804.929018,1465103804.995000
919,1465103799.193000,1465103799.903112,1465103804.904428,1465103804.966000
920,1465103799.193000,1465103799.927208,1465103804.928402,1465103804.995000
921,1465103799.193000,1465103799.936844,1465103804.943414,1465103805.010000
922,1465103799.193000,1465103799.942992,1465103804.944325,1465103805.005000
923,1465103799.193000,1465103799.896795,1465103804.898033,1465103804.979000
924,1465103799.193000,1465103799.889430,1465103804.890780,1465103804.957000
925,1465103799.193000,1465103799.889294,1465103804.890460,1465103804.976000
926,1465103799.193000,1465103799.849108,1465103804.850465,1465103804.936000
927,1465103799.193000,1465103799.900930,1465103804.902226,1465103804.978000
928,1465103799.194000,1465103799.919268,1465103804.920432,1465103804.991000
929,1465103799.194000,1465103799.847807,1465103804.849027,1465103804.943000
930,1465103799.195000,1465103800.186534,1465103805.187865,1465103805.266000
931,1465103799.195000,1465103799.853998,1465103804.855251,1465103804.936000
932,1465103799.195000,1465103799.899093,1465103804.900255,1465103804.971000
933,1465103799.195000,1465103799.867139,1465103804.868364,1465103804.957000
934,1465103799.195000,0.000000,0.000000,0.000000
935,1465103799.195000,1465103799.878720,1465103804.880229,1465103804.968000
936,1465103799.195000,1465103799.913550,1465103804.926096,1465103805.006000
937,1465103799.196000,0.000000,0.000000,0.000000
938,1465103799.196000,1465103800.173598,1465103805.174844,1465103805.269000
939,1465103799.196000,1465103799.830692,1465103804.831968,1465103804.920000
940,1465103799.196000,1465103799.922868,1465103804.939031,1465103805.017000
941,1465103799.196000,1465103800.158152,1465103805.159330,1465103805.269000
942,1465103799.196000,1465103800.124803,1465103805.138133,1465103805.219000
943,1465103799.196000,1465103799.914770,1465103804.916057,1465103805.005000
944,1465103799.196000,1465103799.915431,1465103804.916774,1465103804.983000
945,1465103799.196000,1465103799.889171,1465103804.890341,1465103804.986000
946,1465103799.196000,1465103800.189591,1465103805.190865,1465103805.261000
947,1465103799.196000,1465103799.922985,1465103804.929546,1465103804.995000
948,1465103799.196000,1465103799.936361,1465103804.943494,1465103805.010000
949,1465103799.197000,1465103799.923776,1465103804.926250,1465103805.004000
950,1465103799.197000,1465103799.907964,1465103804.909229,1465103804.979000
951,1465103799.197000,1465103799.905063,1465103804.906500,1465103804.986000
952,1465103799.197000,1465103799.912605,1465103804.913931,1465103805.001000
953,1465103799.197000,1465103799.842556,1465103804.844758,1465103804.933000
954,1465103799.197000,1465103799.929009,1465103804.930249,1465103804.997000
955,1465103799.197000,1465103799.926524,1465103804.939851,1465103805.018000
956,1465103799.198000,1465103799.909191,1465103804.910339,1465103804.981000
957,1465103799.199000,1465103800.215550,1465103805.217342,1465103805.307000
958,1465103799.199000,1465103799.892587,1465103804.894106,1465103804.986000
959,1465103799.199000,0.000000,0.000000,0.000000
960,1465103799.199000,1465103799.896475,1465103804.897714,1465103804.985000
961,1465103799.199000,1465103800.171862,1465103805.173019,1465103805.282000
962,1465103799.199000,1465103799.865157,1465103804.866350,1465103804.951000
963,1465103799.199000,1465103800.190094,1465103805.191451,1465103805.270000
964,1465103799.200000,1465103799.925296,1465103804.928643,1465103804.999000
965,1465103799.200000,1465103799.873638,1465103804.875062,1465103804.957000
966,1465103799.200000,1465103800.190409,1465103805.191945,1465103805.270000
967,1465103799.200000,1465103800.158790,1465103805.160018,1465103805.241000
968,1465103799.200000,0.000000,0.000000,0.000000
969,1465103799.200000,1465103799.867721,1465103804.869196,1465103804.952000
970,1465103799.200000,1465103799.918557,1465103804.919903,1465103805.006000
971,1465103799.201000,1465103799.903153,1465103804.904399,1465103804.998000
972,1465103799.201000,1465103799.930157,1465103804.948868,1465103805.014000
973,1465103799.202000,1465103800.205937,1465103805.207206,1465103805.286000
974,1465103799.202000,1465103799.928172,1465103804.945396,1465103805.016000
975,1465103799.202000,1465103799.883285,1465103804.884772,1465103804.978000
976,1465103799.202000,1465103799.870442,1465103804.871703,1465103804.958000
977,1465103799.202000,1465103799.908528,1465103804.909799,1465103804.992000
978,1465103799.202000,1465103799.903033,1465103804.904259,1465103804.991000
979,1465103799.202000,1465103799.884169,1465103804.885499,1465103804.973000
980,1465103799.202000,1465103799.906730,1465103804.918011,1465103804.999000
981,1465103799.203000,1465103799.910097,1465103804.911453,1465103804.990000
982,1465103799.203000,1465103799.926107,1465103804.927690,1465103804.994000
983,1465103799.204000,1465103800.150587,1465103805.151754,1465103805.260000
984,1465103799.204000,1465103800.216116,1465103805.220510,1465103805.296000
985,1465103799.204000,1465103800.216544,1465103805.217764,1465103805.279000
986,1465103799.204000,1465103799.900759,1465103804.902030,1465103804.984000
987,1465103799.204000,1465103799.902447,1465103804.904210,1465103804.975000
988,1465103799.204000,1465103799.930191,1465103804.931791,1465103804.998000
989,1465103799.204000,1465103800.123888,1465103805.125307,1465103805.206000
990,1465103799.204000,1465103799.926855,1465103804.929497,1465103805.000000
991,1465103799.205000,1465103799.880771,1465103804.882096,1465103804.958000
992,1465103799.205000,1465103799.905562,1465103804.906685,1465103805.000000
993,1465103799.205000,1465103799.858629,1465103804.859868,1465103804.926000
994,1465103799.205000,1465103799.912917,1465103804.914544,1465103805.003000
995,1465103799.205000,1465103799.924309,1465103804.926358,1465103804.988000
996,1465103799.206000,1465103799.932541,1465103804.933808,1465103805.005000
997,1465103799.206000,1465103799.922983,1465103804.939293,1465103805.018000
998,1465103799.206000,1465103799.844284,1465103804.845503,1465103804.931000
999,1465103799.206000,1465103799.881912,1465103804.883298,1465103804.970000
