0,1465103944.582000,1465103945.253453,1465103950.254570,1465103950.336000
1,1465103944.582000,1465103945.295774,1465103950.297007,1465103950.377000
2,1465103944.582000,1465103945.547911,1465103950.549186,1465103950.615000
3,1465103944.582000,1465103945.339644,1465103950.341858,1465103950.418000
4,1465103944.582000,1465103945.284269,1465103950.285756,1465103950.364000
5,1465103944.582000,1465103945.269752,1465103950.271081,1465103950.338000
6,1465103944.582000,1465103945.217153,1465103950.218810,1465103950.310000
7,1465103944.582000,1465103945.219132,1465103950.220389,1465103950.316000
8,1465103944.582000,1465103945.319519,1465103950.326541,1465103950.408000
9,1465103944.582000,1465103945.217383,1465103950.218957,1465103950.314000
10,1465103944.582000,1465103945.316494,1465103950.317685,1465103950.395000
11,1465103944.582000,1465103945.266233,1465103950.283383,1465103950.351000
12,1465103944.582000,1465103945.225176,1465103950.227114,1465103950.303000
13,1465103944.582000,1465103945.235752,1465103950.237332,1465103950.323000
14,1465103944.582000,1465103945.306071,1465103950.307455,1465103950.375000
15,1465103944.582000,1465103945.273653,1465103950.275070,1465103950.361000
16,1465103944.582000,1465103945.244233,1465103950.245426,1465103950.322000
17,1465103944.582000,1465103945.241611,1465103950.242994,1465103950.337000
18,1465103944.582000,1465103945.273139,1465103950.292025,1465103950.365000
19,1465103944.583000,1465103945.276055,1465103950.277303,1465103950.363000
20,1465103944.583000,1465103945.285531,1465103950.286735,1465103950.379000
21,1465103944.583000,1465103945.235986,1465103950.237482,1465103950.307000
22,1465103944.583000,1465103945.272099,1465103950.273470,1465103950.362000
23,1465103944.583000,1465103945.585901,1465103950.587088,1465103950.664000
24,1465103944.583000,1465103945.277317,1465103950.293689,1465103950.374000
25,1465103944.583000,1465103945.258803,1465103950.259971,1465103950.342000
26,1465103944.583000,1465103945.243663,1465103950.245149,1465103950.333000
27,1465103944.585000,1465103945.247213,1465103950.248465,1465103950.336000
28,1465103944.585000,1465103945.261100,1465103950.280375,1465103950.356000
29,1465103944.585000,1465103945.245648,1465103950.246851,1465103950.353000
30,1465103944.585000,1465103945.276665,1465103950.278916,1465103950.359000
31,1465103944.585000,1465103945.280736,1465103950.282162,1465103950.385000
32,1465103944.585000,1465103945.306980,1465103950.310514,1465103950.398000
33,1465103944.585000,1465103945.305623,1465103950.308930,1465103950.395000
34,1465103944.586000,1465103945.223575,1465103950.224797,1465103950.331000
35,1465103944.586000,1465103945.206696,1465103950.208167,1465103950.291000
36,1465103944.587000,1465103945.557271,1465103950.558595,1465103950.650000
37,1465103944.587000,1465103945.266936,1465103950.268171,1465103950.350000
38,1465103944.588000,1465103945.287726,1465103950.289220,1465103950.362000
39,1465103944.588000,1465103945.580686,1465103950.581857,1465103950.652000
40,1465103944.588000,1465103945.233487,1465103950.234967,1465103950.306000
41,1465103944.588000,1465103945.342982,1465103950.344715,1465103950.422000
42,1465103944.588000,1465103945.266472,1465103950.274087,1465103950.360000
43,1465103944.588000,1465103945.231348,1465103950.232814,1465103950.310000
44,1465103944.588000,1465103945.304963,1465103950.323402,1465103950.390000
45,1465103944.588000,1465103945.258558,1465103950.259855,1465103950.344000
46,1465103944.588000,1465103945.518249,1465103950.519454,1465103950.600000
47,1465103944.588000,1465103945.530301,1465103950.531552,1465103950.601000
48,1465103944.589000,1465103945.254229,1465103950.255732,1465103950.331000
49,1465103944.589000,1465103945.538137,1465103950.539365,1465103950.605000
50,1465103944.589000,1465103945.251010,1465103950.252386,1465103950.334000
51,1465103944.589000,1465103945.517409,1465103950.518670,1465103950.598000
52,1465103944.589000,1465103945.271355,1465103950.272751,1465103950.352000
53,1465103944.589000,1465103945.302987,1465103950.304214,1465103950.386000
54,1465103944.589000,1465103945.559164,1465103950.560484,1465103950.634000
55,1465103944.589000,1465103945.280523,1465103950.281704,1465103950.353000
56,1465103944.591000,1465103945.552878,1465103950.554133,1465103950.641000
57,1465103944.591000,1465103945.284866,1465103950.286669,1465103950.363000
58,1465103944.591000,1465103945.280107,1465103950.283642,1465103950.386000
59,1465103944.591000,1465103945.551817,1465103950.563377,1465103950.630000
60,1465103944.595000,1465103945.504347,1465103950.505526,1465103950.587000
61,1465103944.597000,1465103945.307121,1465103950.309580,1465103950.395000
62,1465103944.597000,1465103945.292112,1465103950.293339,1465103950.372000
63,1465103944.597000,1465103945.513765,1465103950.515053,1465103950.602000
64,1465103944.597000,1465103945.280320,1465103950.281886,1465103950.358000
65,1465103944.597000,1465103945.275142,1465103950.276338,1465103950.355000
66,1465103944.597000,1465103945.521557,1465103950.537827,1465103950.632000
67,1465103944.597000,1465103947.085030,1465103952.086612,1465103952.168000
68,1465103944.597000,1465103945.221391,1465103950.222671,1465103950.325000
69,1465103944.597000,1465103945.289431,1465103950.292238,1465103950.381000
70,1465103944.597000,1465103945.264569,1465103950.265793,1465103950.336000
71,1465103944.597000,1465103945.279345,1465103950.280821,1465103950.360000
72,1465103944.597000,1465103947.101798,1465103952.103483,1465103952.176000
73,1465103944.597000,1465103945.250251,1465103950.252022,1465103950.331000
74,1465103944.597000,1465103945.343545,1465103950.344937,1465103950.429000
75,1465103944.597000,1465103945.508959,1465103950.518633,1465103950.598000
76,1465103944.597000,1465103945.551587,1465103950.553377,1465103950.612000
77,1465103944.597000,1465103945.529651,1465103950.530904,1465103950.609000
78,1465103944.598000,1465103945.260470,1465103950.262012,1465103950.341000
79,1465103944.598000,0.000000,0.000000,0.000000
80,1465103944.598000,1465103945.568074,1465103950.569296,1465103950.656000
81,1465103944.598000,1465103945.622659,1465103950.624016,1465103950.719000
82,1465103944.598000,1465103945.566684,1465103950.568267,1465103950.646000
83,1465103944.598000,1465103945.287440,1465103950.289097,1465103950.356000
84,1465103944.598000,1465103945.293239,1465103950.295175,1465103950.371000
85,1465103944.598000,1465103945.613758,1465103950.614967,1465103950.698000
86,1465103944.598000,1465103945.236618,1465103950.238920,1465103950.318000
87,1465103944.598000,1465103945.325638,1465103950.327031,1465103950.412000
88,1465103944.598000,1465103945.279413,1465103950.280646,1465103950.348000
89,1465103944.598000,1465103945.250227,1465103950.251552,1465103950.330000
90,1465103944.598000,1465103945.259263,1465103950.260875,1465103950.328000
91,1465103944.598000,1465103945.556832,1465103950.558096,1465103950.637000
92,1465103944.598000,1465103945.289891,1465103950.291406,1465103950.367000
93,1465103944.598000,0.000000,0.000000,0.000000
94,1465103944.598000,1465103945.289485,1465103950.290753,1465103950.397000
95,1465103944.598000,1465103945.500768,1465103950.501984,1465103950.589000
96,1465103944.599000,1465103945.311677,1465103950.313090,1465103950.380000
97,1465103944.599000,1465103945.319737,1465103950.321334,1465103950.400000
98,1465103944.599000,1465103945.265022,1465103950.281492,1465103950.363000
99,1465103944.599000,1465103945.548788,1465103950.550326,1465103950.618000
100,1465103944.600000,1465103945.210216,1465103950.211922,1465103950.315000
101,1465103944.600000,0.000000,0.000000,0.000000
102,1465103944.602000,1465103945.258434,1465103950.259962,1465103950.338000
103,1465103944.602000,1465103945.546881,1465103950.548340,1465103950.615000
104,1465103944.602000,1465103945.565223,1465103950.566426,1465103950.634000
105,1465103944.603000,1465103945.293369,1465103950.297702,1465103950.374000
106,1465103944.607000,1465103945.203914,1465103950.205423,1465103950.312000
107,1465103944.607000,1465103945.603298,1465103950.604642,1465103950.671000
108,1465103944.607000,1465103945.504969,1465103950.506986,1465103950.603000
109,1465103944.607000,1465103945.565318,1465103950.566519,1465103950.633000
110,1465103944.608000,1465103945.310858,1465103950.313158,1465103950.394000
111,1465103944.608000,1465103945.261727,1465103950.263026,1465103950.355000
112,1465103944.608000,1465103945.323352,1465103950.324707,1465103950.403000
113,1465103944.608000,0.000000,0.000000,0.000000
114,1465103944.608000,1465103945.278295,1465103950.279903,1465103950.373000
115,1465103944.608000,1465103945.559054,1465103950.560248,1465103950.647000
116,1465103944.608000,1465103945.292738,1465103950.294056,1465103950.380000
117,1465103944.608000,1465103945.323206,1465103950.334318,1465103950.415000
118,1465103944.608000,1465103945.584787,1465103950.586025,1465103950.667000
119,1465103944.608000,1465103947.058855,1465103952.060530,1465103952.151000
120,1465103944.608000,1465103945.607287,1465103950.608564,1465103950.689000
121,1465103944.609000,1465103947.078185,1465103952.087018,1465103952.166000
122,1465103944.609000,1465103945.281074,1465103950.282394,1465103950.362000
123,1465103944.609000,1465103945.308538,1465103950.313966,1465103950.400000
124,1465103944.609000,1465103945.229780,1465103950.231101,1465103950.334000
125,1465103944.609000,1465103945.551548,1465103950.553201,1465103950.633000
126,1465103944.609000,1465103945.567487,1465103950.568717,1465103950.664000
127,1465103944.610000,1465103945.225400,1465103950.226954,1465103950.308000
128,1465103944.610000,1465103947.087561,1465103952.090308,1465103952.172000
129,1465103944.610000,1465103945.559178,1465103950.560388,1465103950.648000
130,1465103944.610000,1465103945.573394,1465103950.574657,1465103950.644000
131,1465103944.610000,1465103945.250593,1465103950.251828,1465103950.358000
132,1465103944.610000,1465103945.245152,1465103950.246639,1465103950.339000
133,1465103944.610000,1465103945.313064,1465103950.314501,1465103950.387000
134,1465103944.611000,1465103945.308191,1465103950.319049,1465103950.406000
135,1465103944.611000,1465103945.589363,1465103950.590638,1465103950.676000
136,1465103944.611000,0.000000,0.000000,0.000000
137,1465103944.611000,1465103945.343031,1465103950.344592,1465103950.416000
138,1465103944.611000,1465103945.269502,1465103950.271065,1465103950.360000
139,1465103944.611000,1465103945.633510,1465103950.634796,1465103950.715000
140,1465103944.611000,1465103945.248199,1465103950.249557,1465103950.340000
141,1465103944.612000,0.000000,0.000000,0.000000
142,1465103944.612000,1465103945.322741,1465103950.324069,1465103950.411000
143,1465103944.612000,1465103945.301427,1465103950.302916,1465103950.382000
144,1465103944.612000,1465103945.272729,1465103950.273941,1465103950.353000
145,1465103944.612000,1465103945.570578,1465103950.591653,1465103950.682000
146,1465103944.612000,1465103945.314779,1465103950.316034,1465103950.382000
147,1465103944.612000,1465103947.089958,1465103952.091474,1465103952.169000
148,1465103944.612000,1465103945.322747,1465103950.325295,1465103950.407000
149,1465103944.613000,1465103945.540948,1465103950.542235,1465103950.649000
150,1465103944.613000,1465103945.523642,1465103950.524771,1465103950.620000
151,1465103944.613000,1465103945.589666,1465103950.591293,1465103950.672000
152,1465103944.613000,1465103945.275909,1465103950.277117,1465103950.348000
153,1465103944.613000,1465103945.311563,1465103950.312808,1465103950.390000
154,1465103944.613000,1465103945.314640,1465103950.315935,1465103950.389000
155,1465103944.613000,1465103945.591254,1465103950.592457,1465103950.670000
156,1465103944.614000,1465103945.566294,1465103950.578830,1465103950.657000
157,1465103944.614000,1465103945.283316,1465103950.284956,1465103950.361000
158,1465103944.614000,1465103945.596648,1465103950.597985,1465103950.679000
159,1465103944.614000,1465103945.285283,1465103950.297374,1465103950.374000
160,1465103944.614000,1465103945.232168,1465103950.233713,1465103950.310000
161,1465103944.615000,1465103945.270451,1465103950.271951,1465103950.351000
162,1465103944.615000,1465103945.237499,1465103950.239020,1465103950.324000
163,1465103944.615000,1465103945.506392,1465103950.507609,1465103950.600000
164,1465103944.616000,1465103945.344563,1465103950.347140,1465103950.425000
165,1465103944.616000,1465103945.543228,1465103950.544391,1465103950.650000
166,1465103944.616000,1465103945.277016,1465103950.278352,1465103950.345000
167,1465103944.616000,1465103945.302248,1465103950.303458,1465103950.396000
168,1465103944.616000,1465103945.341569,1465103950.343501,1465103950.422000
169,1465103944.616000,1465103945.309690,1465103950.311437,1465103950.388000
170,1465103944.616000,1465103945.270833,1465103950.272493,1465103950.361000
171,1465103944.616000,1465103945.218728,1465103950.220352,1465103950.324000
172,1465103944.616000,1465103945.253766,1465103950.255027,1465103950.334000
173,1465103944.616000,1465103945.536605,1465103950.543273,1465103950.635000
174,1465103944.616000,1465103945.301080,1465103950.302662,1465103950.378000
175,1465103944.616000,1465103945.560174,1465103950.561411,1465103950.620000
176,1465103944.616000,1465103945.368578,1465103950.369791,1465103950.429000
177,1465103944.616000,1465103945.623878,1465103950.625074,1465103950.706000
178,1465103944.616000,1465103945.500385,1465103950.501619,1465103950.589000
179,1465103944.616000,0.000000,0.000000,0.000000
180,1465103944.616000,1465103945.309600,1465103950.310874,1465103950.387000
181,1465103944.616000,1465103945.625242,1465103950.626438,1465103950.722000
182,1465103944.616000,1465103945.538473,1465103950.539697,1465103950.599000
183,1465103944.616000,1465103945.264875,1465103950.266107,1465103950.344000
184,1465103944.616000,1465103945.623167,1465103950.624398,1465103950.702000
185,1465103944.616000,1465103945.256570,1465103950.257860,1465103950.343000
186,1465103944.616000,1465103947.101763,1465103952.102938,1465103952.180000
187,1465103944.616000,1465103945.316480,1465103950.318939,1465103950.395000
188,1465103944.616000,1465103945.249603,1465103950.251124,1465103950.330000
189,1465103944.617000,1465103945.603366,1465103950.610334,1465103950.691000
190,1465103944.617000,0.000000,0.000000,0.000000
191,1465103944.617000,1465103945.551877,1465103950.561740,1465103950.621000
192,1465103944.617000,1465103945.525166,1465103950.526375,1465103950.605000
193,1465103944.617000,0.000000,0.000000,0.000000
194,1465103944.617000,1465103945.550622,1465103950.551756,1465103950.638000
195,1465103944.617000,1465103945.323118,1465103950.324553,1465103950.398000
196,1465103944.617000,1465103945.333250,1465103950.334455,1465103950.421000
197,1465103944.617000,1465103945.291163,1465103950.292602,1465103950.396000
198,1465103944.617000,1465103945.250761,1465103950.252309,1465103950.332000
199,1465103944.617000,1465103945.311027,1465103950.312205,1465103950.383000
200,1465103944.617000,1465103945.575437,1465103950.590637,1465103950.671000
201,1465103944.617000,1465103947.090169,1465103952.091671,1465103952.172000
202,1465103944.617000,1465103945.318851,1465103950.321875,1465103950.403000
203,1465103944.617000,1465103945.262526,1465103950.263855,1465103950.346000
204,1465103944.617000,1465103945.297993,1465103950.299261,1465103950.381000
205,1465103944.617000,1465103945.275738,1465103950.276929,1465103950.354000
206,1465103944.617000,1465103945.276420,1465103950.277657,1465103950.363000
207,1465103944.617000,1465103945.240049,1465103950.241804,1465103950.336000
208,1465103944.617000,1465103945.319609,1465103950.321739,1465103950.403000
209,1465103944.617000,1465103945.320941,1465103950.322400,1465103950.403000
210,1465103944.617000,1465103945.324324,1465103950.325672,1465103950.413000
211,1465103944.617000,1465103945.538062,1465103950.539452,1465103950.643000
212,1465103944.617000,1465103945.247544,1465103950.248843,1465103950.330000
213,1465103944.617000,1465103945.559820,1465103950.561093,1465103950.642000
214,1465103944.617000,1465103945.280107,1465103950.287400,1465103950.368000
215,1465103944.617000,1465103945.326685,1465103950.329154,1465103950.405000
216,1465103944.617000,1465103945.249931,1465103950.251225,1465103950.354000
217,1465103944.617000,1465103945.549709,1465103950.551022,1465103950.639000
218,1465103944.617000,1465103945.273353,1465103950.288529,1465103950.370000
219,1465103944.617000,1465103945.284740,1465103950.285953,1465103950.364000
220,1465103944.618000,1465103945.520926,1465103950.522106,1465103950.600000
221,1465103944.618000,1465103945.552873,1465103950.554255,1465103950.635000
222,1465103944.618000,1465103945.304260,1465103950.306912,1465103950.393000
223,1465103944.618000,1465103945.290994,1465103950.292535,1465103950.372000
224,1465103944.618000,1465103945.308518,1465103950.310415,1465103950.391000
225,1465103944.618000,1465103945.307042,1465103950.312138,1465103950.385000
226,1465103944.618000,1465103945.322706,1465103950.325019,1465103950.401000
227,1465103944.618000,1465103945.286293,1465103950.287499,1465103950.368000
228,1465103944.618000,1465103945.550551,1465103950.551821,1465103950.622000
229,1465103944.618000,1465103945.591863,1465103950.593223,1465103950.680000
230,1465103944.618000,1465103945.263783,1465103950.264974,1465103950.342000
231,1465103944.618000,1465103945.239904,1465103950.241498,1465103950.322000
232,1465103944.618000,1465103945.310089,1465103950.313081,1465103950.395000
233,1465103944.618000,1465103945.586528,1465103950.587757,1465103950.668000
234,1465103944.618000,1465103945.554952,1465103950.556176,1465103950.635000
235,1465103944.618000,1465103945.325577,1465103950.329281,1465103950.405000
236,1465103944.618000,1465103945.534524,1465103950.535730,1465103950.615000
237,1465103944.618000,1465103945.319216,1465103950.320563,1465103950.398000
238,1465103944.618000,0.000000,0.000000,0.000000
239,1465103944.618000,1465103945.273136,1465103950.292301,1465103950.365000
240,1465103944.618000,1465103945.524032,1465103950.525314,1465103950.612000
241,1465103944.618000,1465103945.302773,1465103950.309242,1465103950.395000
242,1465103944.618000,1465103945.578495,1465103950.579677,1465103950.687000
243,1465103944.618000,1465103945.573637,1465103950.574885,1465103950.662000
244,1465103944.618000,1465103945.531156,1465103950.532441,1465103950.621000
245,1465103944.618000,1465103945.623630,1465103950.624874,1465103950.710000
246,1465103944.618000,1465103945.242465,1465103950.243767,1465103950.338000
247,1465103944.618000,1465103945.285175,1465103950.286330,1465103950.363000
248,1465103944.618000,1465103945.324108,1465103950.326722,1465103950.406000
249,1465103944.618000,1465103945.567783,1465103950.569256,1465103950.655000
250,1465103944.618000,1465103945.320610,1465103950.322617,1465103950.400000
251,1465103944.618000,1465103945.271363,1465103950.273126,1465103950.349000
252,1465103944.619000,1465103945.306565,1465103950.307814,1465103950.396000
253,1465103944.619000,1465103945.568980,1465103950.570212,1465103950.659000
254,1465103944.619000,1465103945.498028,1465103950.515052,1465103950.622000
255,1465103944.619000,1465103945.582715,1465103950.584143,1465103950.661000
256,1465103944.619000,1465103945.341587,1465103950.354309,1465103950.433000
257,1465103944.619000,1465103945.316071,1465103950.317558,1465103950.403000
258,1465103944.619000,1465103945.323743,1465103950.324963,1465103950.394000
259,1465103944.619000,1465103945.306275,1465103950.308004,1465103950.394000
260,1465103944.619000,1465103945.346196,1465103950.347496,1465103950.418000
261,1465103944.619000,1465103945.530301,1465103950.531581,1465103950.611000
262,1465103944.619000,1465103945.546368,1465103950.547627,1465103950.635000
263,1465103944.619000,1465103945.612835,1465103950.614003,1465103950.697000
264,1465103944.619000,1465103945.299446,1465103950.301328,1465103950.383000
265,1465103944.619000,1465103945.320489,1465103950.321736,1465103950.389000
266,1465103944.619000,1465103945.239592,1465103950.247010,1465103950.326000
267,1465103944.619000,1465103947.082303,1465103952.083640,1465103952.174000
268,1465103944.619000,1465103945.539980,1465103950.541161,1465103950.627000
269,1465103944.619000,1465103945.552995,1465103950.554314,1465103950.634000
270,1465103944.619000,1465103945.579706,1465103950.580958,1465103950.654000
271,1465103944.619000,1465103945.571186,1465103950.572668,1465103950.653000
272,1465103944.619000,1465103945.309276,1465103950.310538,1465103950.384000
273,1465103944.619000,1465103945.601919,1465103950.603225,1465103950.688000
274,1465103944.619000,1465103945.315964,1465103950.317226,1465103950.405000
275,1465103944.619000,1465103945.339430,1465103950.340640,1465103950.408000
276,1465103944.619000,1465103945.547159,1465103950.548437,1465103950.628000
277,1465103944.619000,1465103947.098079,1465103952.099474,1465103952.177000
278,1465103944.619000,1465103945.526855,1465103950.528507,1465103950.607000
279,1465103944.619000,1465103945.556303,1465103950.571495,1465103950.658000
280,1465103944.619000,1465103945.270542,1465103950.271733,1465103950.350000
281,1465103944.620000,1465103945.316698,1465103950.317970,1465103950.398000
282,1465103944.621000,1465103945.332149,1465103950.335059,1465103950.414000
283,1465103944.621000,1465103945.296433,1465103950.310033,1465103950.376000
284,1465103944.621000,1465103945.270511,1465103950.271695,1465103950.378000
285,1465103944.622000,1465103945.292027,1465103950.293346,1465103950.384000
286,1465103944.625000,1465103945.595780,1465103950.596999,1465103950.664000
287,1465103944.644000,1465103945.345172,1465103950.346506,1465103950.426000
288,1465103944.647000,1465103945.344850,1465103950.354064,1465103950.440000
289,1465103944.647000,1465103945.293413,1465103950.294787,1465103950.362000
290,1465103944.647000,1465103945.598122,1465103950.599340,1465103950.680000
291,1465103944.647000,1465103945.548862,1465103950.550180,1465103950.636000
292,1465103944.647000,1465103945.294605,1465103950.296104,1465103950.372000
293,1465103944.647000,1465103945.321962,1465103950.340304,1465103950.416000
294,1465103944.647000,1465103945.307943,1465103950.310065,1465103950.391000
295,1465103944.647000,1465103945.554129,1465103950.555448,1465103950.643000
296,1465103944.647000,1465103945.284444,1465103950.285778,1465103950.364000
297,1465103944.647000,1465103947.092588,1465103952.093884,1465103952.174000
298,1465103944.648000,1465103945.606188,1465103950.607455,1465103950.688000
299,1465103944.648000,1465103945.574423,1465103950.575629,1465103950.648000
300,1465103944.649000,1465103945.334803,1465103950.336005,1465103950.424000
301,1465103944.649000,1465103945.580250,1465103950.591293,1465103950.672000
302,1465103944.649000,1465103945.253941,1465103950.255554,1465103950.337000
303,1465103944.649000,1465103945.284486,1465103950.303771,1465103950.406000
304,1465103944.649000,1465103945.272386,1465103950.287109,1465103950.369000
305,1465103944.649000,1465103945.629410,1465103950.630711,1465103950.711000
306,1465103944.649000,1465103945.276023,1465103950.277543,1465103950.354000
307,1465103944.649000,1465103945.286900,1465103950.288191,1465103950.374000
308,1465103944.649000,1465103945.324343,1465103950.325772,1465103950.404000
309,1465103944.649000,1465103945.297051,1465103950.298255,1465103950.383000
310,1465103944.650000,1465103945.299381,1465103950.300847,1465103950.389000
311,1465103944.650000,1465103945.585473,1465103950.586644,1465103950.664000
312,1465103944.650000,1465103945.546136,1465103950.547431,1465103950.628000
313,1465103944.650000,1465103945.317897,1465103950.319346,1465103950.405000
314,1465103944.650000,1465103945.305155,1465103950.318373,1465103950.405000
315,1465103944.650000,1465103945.335697,1465103950.336848,1465103950.422000
316,1465103944.650000,1465103945.313336,1465103950.314615,1465103950.381000
317,1465103944.650000,1465103945.319713,1465103950.320952,1465103950.416000
318,1465103944.650000,1465103945.286031,1465103950.288392,1465103950.370000
319,1465103944.651000,1465103945.257159,1465103950.258399,1465103950.351000
320,1465103944.651000,1465103945.280150,1465103950.281388,1465103950.374000
321,1465103944.651000,1465103945.611750,1465103950.613025,1465103950.690000
322,1465103944.651000,1465103945.598814,1465103950.600103,1465103950.667000
323,1465103944.651000,1465103945.310194,1465103950.311807,1465103950.389000
324,1465103944.651000,1465103945.249921,1465103950.251135,1465103950.346000
325,1465103944.652000,1465103945.273640,1465103950.274861,1465103950.363000
326,1465103944.652000,1465103945.548613,1465103950.550075,1465103950.636000
327,1465103944.652000,1465103945.329180,1465103950.336509,1465103950.416000
328,1465103944.652000,1465103945.315970,1465103950.317318,1465103950.395000
329,1465103944.652000,1465103945.337915,1465103950.339176,1465103950.398000
330,1465103944.652000,1465103945.332053,1465103950.333540,1465103950.392000
331,1465103944.652000,1465103945.272937,1465103950.274177,1465103950.360000
332,1465103944.652000,1465103945.284566,1465103950.289067,1465103950.371000
333,1465103944.652000,1465103945.345479,1465103950.346693,1465103950.425000
334,1465103944.652000,1465103945.604933,1465103950.606295,1465103950.684000
335,1465103944.652000,1465103945.574779,1465103950.576027,1465103950.654000
336,1465103944.652000,1465103945.284423,1465103950.289303,1465103950.356000
337,1465103944.652000,1465103945.627357,1465103950.628682,1465103950.716000
338,1465103944.653000,1465103945.548020,1465103950.549268,1465103950.656000
339,1465103944.653000,1465103945.588440,1465103950.589652,1465103950.677000
340,1465103944.653000,1465103945.558627,1465103950.559838,1465103950.648000
341,1465103944.653000,1465103945.568521,1465103950.569722,1465103950.648000
342,1465103944.654000,1465103945.306113,1465103950.307579,1465103950.394000
343,1465103944.654000,1465103945.302344,1465103950.303625,1465103950.383000
344,1465103944.654000,1465103945.621734,1465103950.623143,1465103950.710000
345,1465103944.654000,1465103945.573808,1465103950.588925,1465103950.669000
346,1465103944.654000,1465103945.252275,1465103950.253868,1465103950.334000
347,1465103944.654000,1465103945.546335,1465103950.547755,1465103950.635000
348,1465103944.654000,1465103945.545895,1465103950.547115,1465103950.653000
349,1465103944.654000,1465103945.575746,1465103950.577208,1465103950.658000
350,1465103944.654000,1465103945.339202,1465103950.340695,1465103950.413000
351,1465103944.654000,1465103945.362715,1465103950.363931,1465103950.423000
352,1465103944.654000,1465103945.346961,1465103950.354761,1465103950.432000
353,1465103944.655000,1465103945.299642,1465103950.301307,1465103950.389000
354,1465103944.655000,1465103945.288563,1465103950.289809,1465103950.396000
355,1465103944.655000,1465103945.318089,1465103950.319455,1465103950.406000
356,1465103944.655000,1465103945.556916,1465103950.558175,1465103950.639000
357,1465103944.655000,1465103945.331579,1465103950.333083,1465103950.413000
358,1465103944.655000,1465103945.577025,1465103950.578332,1465103950.659000
359,1465103944.655000,1465103945.301781,1465103950.303042,1465103950.383000
360,1465103944.656000,1465103945.342912,1465103950.353895,1465103950.439000
361,1465103944.656000,1465103945.332084,1465103950.333363,1465103950.413000
362,1465103944.657000,1465103945.577210,1465103950.578420,1465103950.666000
363,1465103944.657000,1465103945.272831,1465103950.274311,1465103950.352000
364,1465103944.657000,1465103945.320566,1465103950.322433,1465103950.408000
365,1465103944.657000,1465103945.318022,1465103950.320696,1465103950.396000
366,1465103944.657000,1465103945.585754,1465103950.586975,1465103950.674000
367,1465103944.657000,1465103945.565888,1465103950.575910,1465103950.663000
368,1465103944.657000,1465103945.292922,1465103950.294545,1465103950.375000
369,1465103944.657000,1465103945.540407,1465103950.541510,1465103950.636000
370,1465103944.657000,1465103945.541577,1465103950.542902,1465103950.623000
371,1465103944.657000,1465103945.260053,1465103950.261302,1465103950.342000
372,1465103944.657000,1465103945.263956,1465103950.266683,1465103950.348000
373,1465103944.658000,1465103945.315011,1465103950.316435,1465103950.402000
374,1465103944.658000,1465103945.321834,1465103950.325950,1465103950.405000
375,1465103944.658000,1465103945.314819,1465103950.316114,1465103950.401000
376,1465103944.658000,1465103945.327691,1465103950.328892,1465103950.417000
377,1465103944.658000,1465103945.264790,1465103950.266447,1465103950.348000
378,1465103944.658000,1465103945.330191,1465103950.338097,1465103950.417000
379,1465103944.658000,1465103945.348706,1465103950.350586,1465103950.430000
380,1465103944.658000,1465103945.331868,1465103950.333100,1465103950.411000
381,1465103944.659000,1465103945.301963,1465103950.303317,1465103950.390000
382,1465103944.659000,1465103945.579620,1465103950.580784,1465103950.661000
383,1465103944.659000,1465103945.309950,1465103950.311220,1465103950.404000
384,1465103944.659000,1465103945.291585,1465103950.292803,1465103950.378000
385,1465103944.659000,1465103945.539907,1465103950.541401,1465103950.629000
386,1465103944.660000,1465103945.283359,1465103950.285266,1465103950.353000
387,1465103944.660000,0.000000,0.000000,0.000000
388,1465103944.660000,1465103945.325062,1465103950.341479,1465103950.417000
389,1465103944.660000,1465103945.293796,1465103950.295233,1465103950.381000
390,1465103944.660000,1465103945.327936,1465103950.329298,1465103950.415000
391,1465103944.660000,1465103945.595719,1465103950.597064,1465103950.677000
392,1465103944.660000,1465103945.313290,1465103950.314651,1465103950.396000
393,1465103944.660000,1465103945.327392,1465103950.328724,1465103950.401000
394,1465103944.661000,1465103945.317890,1465103950.319095,1465103950.405000
395,1465103944.661000,1465103945.311726,1465103950.313114,1465103950.398000
396,1465103944.662000,1465103945.305967,1465103950.307375,1465103950.378000
397,1465103944.662000,1465103945.285802,1465103950.300379,1465103950.376000
398,1465103944.662000,1465103945.285492,1465103950.286705,1465103950.375000
399,1465103944.662000,1465103945.341418,1465103950.343009,1465103950.419000
400,1465103944.662000,1465103945.264136,1465103950.265393,1465103950.372000
401,1465103944.662000,1465103945.334492,1465103950.335666,1465103950.422000
402,1465103944.662000,1465103945.283625,1465103950.284865,1465103950.370000
403,1465103944.662000,1465103945.319209,1465103950.320679,1465103950.403000
404,1465103944.662000,1465103945.311757,1465103950.312981,1465103950.391000
405,1465103944.662000,1465103945.601676,1465103950.602938,1465103950.680000
406,1465103944.662000,1465103945.581265,1465103950.582434,1465103950.641000
407,1465103944.662000,1465103945.269434,1465103950.270630,1465103950.366000
408,1465103944.663000,1465103945.598406,1465103950.599573,1465103950.694000
409,1465103944.663000,1465103945.291584,1465103950.308715,1465103950.394000
410,1465103944.663000,1465103945.539605,1465103950.540882,1465103950.632000
411,1465103944.663000,1465103945.324655,1465103950.327191,1465103950.408000
412,1465103944.663000,1465103945.344744,1465103950.346087,1465103950.417000
413,1465103944.663000,1465103945.316287,1465103950.317537,1465103950.395000
414,1465103944.663000,1465103945.307946,1465103950.309909,1465103950.395000
415,1465103944.663000,1465103945.300825,1465103950.302414,1465103950.382000
416,1465103944.663000,1465103945.273889,1465103950.275169,1465103950.354000
417,1465103944.663000,1465103945.340823,1465103950.341950,1465103950.420000
418,1465103944.664000,1465103945.290680,1465103950.292750,1465103950.381000
419,1465103944.664000,1465103945.276836,1465103950.278109,1465103950.359000
420,1465103944.664000,1465103945.336126,1465103950.337984,1465103950.414000
421,1465103944.664000,1465103945.295757,1465103950.296957,1465103950.364000
422,1465103944.664000,1465103945.572697,1465103950.573958,1465103950.653000
423,1465103944.665000,1465103945.295069,1465103950.296621,1465103950.399000
424,1465103944.665000,1465103945.635496,1465103950.636704,1465103950.704000
425,1465103944.665000,1465103945.329604,1465103950.330897,1465103950.409000
426,1465103944.665000,1465103945.616750,1465103950.618088,1465103950.685000
427,1465103944.665000,1465103945.309481,1465103950.311882,1465103950.390000
428,1465103944.665000,1465103945.329207,1465103950.331241,1465103950.410000
429,1465103944.666000,1465103945.570451,1465103950.571873,1465103950.653000
430,1465103944.666000,1465103945.268074,1465103950.269472,1465103950.356000
431,1465103944.666000,1465103945.353602,1465103950.363731,1465103950.435000
432,1465103944.666000,1465103945.330573,1465103950.331763,1465103950.410000
433,1465103944.666000,1465103945.322558,1465103950.324039,1465103950.401000
434,1465103944.666000,1465103945.328135,1465103950.342343,1465103950.419000
435,1465103944.666000,1465103945.256190,1465103950.257418,1465103950.364000
436,1465103944.666000,1465103945.291166,1465103950.292390,1465103950.371000
437,1465103944.666000,1465103945.310472,1465103950.325352,1465103950.404000
438,1465103944.667000,1465103945.229862,1465103950.231140,1465103950.338000
439,1465103944.667000,1465103945.295082,1465103950.312833,1465103950.386000
440,1465103944.667000,1465103945.355443,1465103950.356832,1465103950.452000
441,1465103944.667000,1465103945.289565,1465103950.290993,1465103950.394000
442,1465103944.667000,1465103945.294904,1465103950.296059,1465103950.373000
443,1465103944.667000,1465103945.311086,1465103950.312330,1465103950.392000
444,1465103944.667000,1465103945.640216,1465103950.641422,1465103950.720000
445,1465103944.668000,1465103945.327456,1465103950.328863,1465103950.407000
446,1465103944.668000,1465103945.280711,1465103950.282070,1465103950.361000
447,1465103944.668000,1465103945.290103,1465103950.291642,1465103950.373000
448,1465103944.668000,1465103945.349442,1465103950.366997,1465103950.449000
449,1465103944.668000,1465103945.307439,1465103950.308673,1465103950.387000
450,1465103944.668000,1465103945.604159,1465103950.605564,1465103950.684000
451,1465103944.668000,1465103945.316699,1465103950.318656,1465103950.405000
452,1465103944.668000,1465103945.312402,1465103950.313693,1465103950.394000
453,1465103944.668000,1465103945.589045,1465103950.590220,1465103950.649000
454,1465103944.669000,1465103945.331277,1465103950.332512,1465103950.410000
455,1465103944.669000,1465103945.613910,1465103950.615229,1465103950.682000
456,1465103944.669000,1465103945.574606,1465103950.576034,1465103950.656000
457,1465103944.670000,1465103945.332486,1465103950.334307,1465103950.413000
458,1465103944.670000,1465103945.337633,1465103950.338819,1465103950.423000
459,1465103944.670000,1465103945.279540,1465103950.283363,1465103950.376000
460,1465103944.671000,1465103945.289912,1465103950.292738,1465103950.381000
461,1465103944.671000,1465103945.285404,1465103950.286761,1465103950.390000
462,1465103944.671000,1465103945.528580,1465103950.529826,1465103950.636000
463,1465103944.671000,1465103945.317274,1465103950.318720,1465103950.414000
464,1465103944.672000,1465103945.300363,1465103950.301727,1465103950.394000
465,1465103944.672000,1465103945.329193,1465103950.331293,1465103950.422000
466,1465103944.672000,1465103945.263046,1465103950.264371,1465103950.368000
467,1465103944.672000,1465103945.342271,1465103950.343574,1465103950.423000
468,1465103944.672000,1465103945.322412,1465103950.323539,1465103950.418000
469,1465103944.672000,1465103945.325887,1465103950.327365,1465103950.403000
470,1465103944.672000,1465103945.328498,1465103950.329724,1465103950.410000
471,1465103944.672000,1465103945.334091,1465103950.335302,1465103950.406000
472,1465103944.672000,1465103945.335535,1465103950.338237,1465103950.414000
473,1465103944.673000,1465103945.348801,1465103950.350100,1465103950.419000
474,1465103944.673000,1465103945.341458,1465103950.343801,1465103950.415000
475,1465103944.673000,1465103945.336507,1465103950.357248,1465103950.433000
476,1465103944.673000,1465103945.354373,1465103950.355757,1465103950.426000
477,1465103944.674000,1465103945.332210,1465103950.333425,1465103950.401000
478,1465103944.674000,1465103945.336164,1465103950.337360,1465103950.415000
479,1465103944.674000,1465103945.311808,1465103950.313046,1465103950.400000
480,1465103944.674000,1465103945.334866,1465103950.336015,1465103950.431000
481,1465103944.674000,1465103945.328774,1465103950.330200,1465103950.425000
482,1465103944.674000,1465103945.325483,1465103950.326755,1465103950.414000
483,1465103944.674000,1465103945.324766,1465103950.326169,1465103950.411000
484,1465103944.675000,1465103945.302716,1465103950.304118,1465103950.407000
485,1465103944.675000,1465103945.312583,1465103950.313907,1465103950.382000
486,1465103944.675000,1465103945.332144,1465103950.333369,1465103950.419000
487,1465103944.675000,1465103945.300404,1465103950.301866,1465103950.388000
488,1465103944.675000,1465103945.331626,1465103950.338682,1465103950.417000
489,1465103944.675000,1465103945.290249,1465103950.291798,1465103950.371000
490,1465103944.676000,1465103945.412046,1465103950.413640,1465103950.500000
491,1465103944.676000,1465103945.320149,1465103950.321477,1465103950.398000
492,1465103944.676000,1465103945.332212,1465103950.334326,1465103950.422000
493,1465103944.676000,1465103945.298543,1465103950.299745,1465103950.386000
494,1465103944.676000,1465103945.507159,1465103950.509015,1465103950.586000
495,1465103944.677000,1465103945.330430,1465103950.331611,1465103950.427000
496,1465103944.677000,1465103945.320104,1465103950.324761,1465103950.406000
497,1465103944.677000,1465103945.471706,1465103950.473247,1465103950.580000
498,1465103944.677000,1465103945.322288,1465103950.323471,1465103950.402000
499,1465103944.677000,1465103945.319850,1465103950.321157,1465103950.406000
500,1465103944.677000,1465103945.361533,1465103950.362715,1465103950.430000
501,1465103944.677000,1465103945.329913,1465103950.331055,1465103950.417000
502,1465103944.677000,1465103945.346779,1465103950.347988,1465103950.435000
503,1465103944.677000,1465103945.351046,1465103950.352460,1465103950.431000
504,1465103944.677000,1465103945.406266,1465103950.411296,1465103950.499000
505,1465103944.677000,1465103945.357019,1465103950.358218,1465103950.429000
506,1465103944.677000,1465103945.326389,1465103950.330252,1465103950.426000
507,1465103944.677000,1465103945.347303,1465103950.348580,1465103950.421000
508,1465103944.677000,1465103945.471612,1465103950.472918,1465103950.560000
509,1465103944.677000,1465103945.316923,1465103950.318225,1465103950.409000
510,1465103944.677000,1465103945.454153,1465103950.456329,1465103950.551000
511,1465103944.677000,1465103945.447678,1465103950.448808,1465103950.544000
512,1465103944.677000,1465103945.345589,1465103950.346820,1465103950.435000
513,1465103944.677000,1465103945.357272,1465103950.359209,1465103950.438000
514,1465103944.677000,1465103945.309367,1465103950.310823,1465103950.386000
515,1465103944.677000,1465103945.351395,1465103950.353068,1465103950.434000
516,1465103944.677000,1465103945.348839,1465103950.357910,1465103950.445000
517,1465103944.677000,1465103945.345216,1465103950.346446,1465103950.431000
518,1465103944.677000,1465103945.349207,1465103950.350420,1465103950.429000
519,1465103944.677000,1465103945.398136,1465103950.399578,1465103950.487000
520,1465103944.677000,1465103945.361646,1465103950.362894,1465103950.429000
521,1465103944.678000,1465103945.410923,1465103950.412127,1465103950.490000
522,1465103944.678000,1465103945.332893,1465103950.353688,1465103950.434000
523,1465103944.678000,1465103945.338809,1465103950.340067,1465103950.417000
524,1465103944.678000,1465103945.396894,1465103950.398084,1465103950.457000
525,1465103944.678000,1465103945.356482,1465103950.357896,1465103950.435000
526,1465103944.678000,1465103945.331495,1465103950.332678,1465103950.417000
527,1465103944.678000,1465103945.411202,1465103950.413421,1465103950.492000
528,1465103944.678000,1465103945.342999,1465103950.344300,1465103950.435000
529,1465103944.678000,1465103945.475713,1465103950.476885,1465103950.564000
530,1465103944.678000,1465103945.768813,1465103950.770013,1465103950.851000
531,1465103944.678000,1465103945.381691,1465103950.382945,1465103950.478000
532,1465103944.678000,1465103945.401716,1465103950.415574,1465103950.502000
533,1465103944.678000,1465103945.381980,1465103950.383269,1465103950.472000
534,1465103944.678000,1465103945.342094,1465103950.343293,1465103950.423000
535,1465103944.678000,1465103945.484441,1465103950.485672,1465103950.574000
536,1465103944.678000,1465103945.451526,1465103950.454242,1465103950.541000
537,1465103944.678000,1465103945.296626,1465103950.297933,1465103950.401000
538,1465103944.678000,1465103945.460891,1465103950.462120,1465103950.555000
539,1465103944.678000,1465103945.315434,1465103950.316827,1465103950.407000
540,1465103944.678000,1465103945.355179,1465103950.358608,1465103950.437000
541,1465103944.678000,1465103945.383391,1465103950.384627,1465103950.470000
542,1465103944.678000,1465103945.673820,1465103950.675182,1465103950.766000
543,1465103944.678000,1465103945.363612,1465103950.364774,1465103950.443000
544,1465103944.678000,1465103945.364621,1465103950.365786,1465103950.437000
545,1465103944.678000,1465103945.393860,1465103950.395518,1465103950.487000
546,1465103944.679000,1465103945.360294,1465103950.361644,1465103950.448000
547,1465103944.679000,1465103945.692810,1465103950.694230,1465103950.774000
548,1465103944.679000,1465103945.319771,1465103950.321004,1465103950.400000
549,1465103944.679000,1465103945.345064,1465103950.346534,1465103950.424000
550,1465103944.679000,1465103945.344946,1465103950.346188,1465103950.431000
551,1465103944.679000,1465103945.579215,1465103950.580545,1465103950.650000
552,1465103944.679000,1465103945.370862,1465103950.372454,1465103950.459000
553,1465103944.679000,1465103945.321757,1465103950.323199,1465103950.408000
554,1465103944.679000,1465103945.300479,1465103950.301930,1465103950.390000
555,1465103944.679000,1465103945.454946,1465103950.456106,1465103950.522000
556,1465103944.679000,1465103945.297618,1465103950.298904,1465103950.372000
557,1465103944.679000,1465103945.332212,1465103950.335595,1465103950.423000
558,1465103944.679000,1465103945.625102,1465103950.626336,1465103950.733000
559,1465103944.679000,1465103945.302831,1465103950.304431,1465103950.386000
560,1465103944.679000,1465103945.414589,1465103950.415790,1465103950.475000
561,1465103944.679000,1465103945.398047,1465103950.399491,1465103950.479000
562,1465103944.679000,1465103945.321089,1465103950.326541,1465103950.408000
563,1465103944.679000,1465103945.329839,1465103950.331085,1465103950.410000
564,1465103944.679000,1465103945.350755,1465103950.357481,1465103950.435000
565,1465103944.679000,1465103945.465105,1465103950.466570,1465103950.554000
566,1465103944.679000,1465103945.412784,1465103950.414202,1465103950.493000
567,1465103944.679000,1465103945.430158,1465103950.431415,1465103950.511000
568,1465103944.679000,1465103945.335188,1465103950.336499,1465103950.421000
569,1465103944.679000,1465103945.285652,1465103950.287362,1465103950.363000
570,1465103944.680000,1465103945.349594,1465103950.352774,1465103950.437000
571,1465103944.680000,1465103945.354926,1465103950.356518,1465103950.434000
572,1465103944.680000,1465103945.356949,1465103950.358119,1465103950.434000
573,1465103944.680000,1465103945.267986,1465103950.269428,1465103950.348000
574,1465103944.680000,1465103945.378379,1465103950.379570,1465103950.438000
575,1465103944.680000,1465103945.310822,1465103950.312240,1465103950.400000
576,1465103944.680000,1465103945.316933,1465103950.319055,1465103950.395000
577,1465103944.680000,1465103945.299066,1465103950.300338,1465103950.376000
578,1465103944.680000,1465103945.299291,1465103950.300694,1465103950.386000
579,1465103944.680000,1465103945.563999,1465103950.565506,1465103950.654000
580,1465103944.680000,1465103945.392914,1465103950.394086,1465103950.471000
581,1465103944.680000,1465103945.303418,1465103950.304589,1465103950.393000
582,1465103944.680000,1465103945.313480,1465103950.314881,1465103950.400000
583,1465103944.680000,1465103945.457881,1465103950.459258,1465103950.538000
584,1465103944.680000,1465103945.351917,1465103950.353477,1465103950.438000
585,1465103944.680000,1465103945.428624,1465103950.431057,1465103950.519000
586,1465103944.680000,1465103945.337449,1465103950.339710,1465103950.419000
587,1465103944.680000,1465103945.324146,1465103950.327244,1465103950.407000
588,1465103944.680000,1465103945.357925,1465103950.359166,1465103950.443000
589,1465103944.680000,1465103945.321730,1465103950.331967,1465103950.404000
590,1465103944.680000,1465103945.309562,1465103950.310873,1465103950.413000
591,1465103944.680000,1465103945.335413,1465103950.338386,1465103950.414000
592,1465103944.680000,1465103945.378685,1465103950.386857,1465103950.468000
593,1465103944.680000,1465103945.392729,1465103950.393991,1465103950.481000
594,1465103944.680000,1465103945.328355,1465103950.329934,1465103950.409000
595,1465103944.681000,1465103945.350718,1465103950.352126,1465103950.419000
596,1465103944.681000,1465103945.309652,1465103950.310918,1465103950.396000
597,1465103944.681000,1465103945.756526,1465103950.757848,1465103950.828000
598,1465103944.681000,1465103945.490640,1465103950.491900,1465103950.570000
599,1465103944.681000,1465103945.676126,1465103950.677498,1465103950.781000
600,1465103944.681000,1465103945.355539,1465103950.356719,1465103950.435000
601,1465103944.681000,1465103945.742996,1465103950.744394,1465103950.830000
602,1465103944.681000,1465103945.397043,1465103950.398293,1465103950.483000
603,1465103944.681000,1465103945.489788,1465103950.491036,1465103950.578000
604,1465103944.681000,1465103945.442446,1465103950.443663,1465103950.536000
605,1465103944.681000,1465103945.474978,1465103950.476172,1465103950.572000
606,1465103944.681000,1465103945.327351,1465103950.337257,1465103950.413000
607,1465103944.681000,1465103945.327313,1465103950.328705,1465103950.424000
608,1465103944.681000,1465103945.347022,1465103950.348787,1465103950.427000
609,1465103944.681000,1465103945.329535,1465103950.330778,1465103950.417000
610,1465103944.681000,1465103945.341866,1465103950.343617,1465103950.430000
611,1465103944.681000,1465103945.472487,1465103950.473749,1465103950.562000
612,1465103944.681000,1465103945.349805,1465103950.351494,1465103950.422000
613,1465103944.681000,1465103945.450923,1465103950.452138,1465103950.522000
614,1465103944.681000,1465103945.393106,1465103950.394359,1465103950.487000
615,1465103944.681000,1465103945.416749,1465103950.418018,1465103950.491000
616,1465103944.681000,1465103945.337319,1465103950.338618,1465103950.427000
617,1465103944.681000,1465103945.498899,1465103950.500297,1465103950.579000
618,1465103944.681000,1465103945.292627,1465103950.293947,1465103950.382000
619,1465103944.681000,1465103945.378251,1465103950.379952,1465103950.459000
620,1465103944.681000,1465103945.497902,1465103950.499130,1465103950.578000
621,1465103944.681000,1465103945.417291,1465103950.418764,1465103950.503000
622,1465103944.682000,1465103945.435927,1465103950.437147,1465103950.516000
623,1465103944.682000,1465103945.408135,1465103950.409303,1465103950.495000
624,1465103944.682000,1465103945.336462,1465103950.354877,1465103950.434000
625,1465103944.682000,1465103945.462841,1465103950.464059,1465103950.550000
626,1465103944.682000,1465103945.427309,1465103950.428761,1465103950.515000
627,1465103944.682000,1465103945.360779,1465103950.362030,1465103950.443000
628,1465103944.682000,1465103945.411486,1465103950.423629,1465103950.503000
629,1465103944.682000,1465103945.284140,1465103950.285329,1465103950.374000
630,1465103944.682000,1465103945.351550,1465103950.352725,1465103950.438000
631,1465103944.682000,1465103945.686624,1465103950.687833,1465103950.765000
632,1465103944.682000,1465103945.332323,1465103950.334093,1465103950.416000
633,1465103944.682000,1465103945.425639,1465103950.426878,1465103950.512000
634,1465103944.682000,1465103945.445119,1465103950.446303,1465103950.513000
635,1465103944.682000,1465103945.457306,1465103950.458409,1465103950.553000
636,1465103944.683000,1465103945.311592,1465103950.312879,1465103950.392000
637,1465103944.683000,1465103945.364695,1465103950.365894,1465103950.453000
638,1465103944.683000,1465103945.350303,1465103950.351569,1465103950.432000
639,1465103944.683000,1465103945.349647,1465103950.350990,1465103950.429000
640,1465103944.683000,1465103945.320042,1465103950.321461,1465103950.407000
641,1465103944.683000,1465103945.442032,1465103950.443192,1465103950.528000
642,1465103944.683000,1465103945.351586,1465103950.353274,1465103950.432000
643,1465103944.683000,1465103945.369616,1465103950.370867,1465103950.448000
644,1465103944.683000,1465103945.322016,1465103950.323208,1465103950.412000
645,1465103944.683000,1465103945.455116,1465103950.456558,1465103950.551000
646,1465103944.683000,1465103945.418737,1465103950.419918,1465103950.497000
647,1465103944.683000,1465103945.318382,1465103950.320169,1465103950.405000
648,1465103944.683000,1465103945.335571,1465103950.337175,1465103950.425000
649,1465103944.683000,1465103945.315645,1465103950.316884,1465103950.401000
650,1465103944.683000,1465103945.337079,1465103950.338365,1465103950.405000
651,1465103944.683000,1465103945.323185,1465103950.324374,1465103950.395000
652,1465103944.683000,1465103945.401387,1465103950.402602,1465103950.497000
653,1465103944.683000,1465103945.313584,1465103950.314936,1465103950.393000
654,1465103944.683000,1465103945.340515,1465103950.341660,1465103950.437000
655,1465103944.683000,1465103945.307550,1465103950.318132,1465103950.405000
656,1465103944.683000,1465103945.304887,1465103950.306088,1465103950.376000
657,1465103944.683000,1465103945.377120,1465103950.378351,1465103950.456000
658,1465103944.683000,1465103945.365637,1465103950.366810,1465103950.433000
659,1465103944.684000,1465103945.364274,1465103950.365532,1465103950.444000
660,1465103944.684000,1465103945.349776,1465103950.351274,1465103950.419000
661,1465103944.684000,1465103945.475950,1465103950.477190,1465103950.559000
662,1465103944.684000,1465103945.347673,1465103950.348874,1465103950.434000
663,1465103944.684000,1465103945.361832,1465103950.363049,1465103950.442000
664,1465103944.684000,1465103945.356792,1465103950.358222,1465103950.433000
665,1465103944.684000,1465103945.315909,1465103950.317327,1465103950.421000
666,1465103944.684000,1465103945.393827,1465103950.395100,1465103950.476000
667,1465103944.684000,1465103945.362779,1465103950.364046,1465103950.450000
668,1465103944.684000,1465103945.350828,1465103950.352130,1465103950.431000
669,1465103944.684000,1465103945.351579,1465103950.353913,1465103950.433000
670,1465103944.684000,1465103945.326502,1465103950.328011,1465103950.405000
671,1465103944.684000,1465103945.333911,1465103950.335258,1465103950.413000
672,1465103944.684000,1465103945.339718,1465103950.341111,1465103950.420000
673,1465103944.684000,1465103945.354330,1465103950.355499,1465103950.423000
674,1465103944.684000,1465103945.348352,1465103950.349877,1465103950.437000
675,1465103944.684000,1465103945.409070,1465103950.410304,1465103950.480000
676,1465103944.684000,1465103945.372706,1465103950.373948,1465103950.460000
677,1465103944.684000,1465103945.307121,1465103950.308289,1465103950.403000
678,1465103944.684000,1465103945.425222,1465103950.426434,1465103950.514000
679,1465103944.684000,1465103945.357686,1465103950.359522,1465103950.438000
680,1465103944.684000,1465103945.315268,1465103950.316550,1465103950.395000
681,1465103944.684000,1465103945.381373,1465103950.382588,1465103950.461000
682,1465103944.684000,1465103945.348421,1465103950.351261,1465103950.436000
683,1465103944.685000,1465103945.495634,1465103950.496833,1465103950.555000
684,1465103944.685000,1465103945.353931,1465103950.363593,1465103950.442000
685,1465103944.685000,1465103945.342606,1465103950.344051,1465103950.421000
686,1465103944.685000,1465103945.362790,1465103950.364080,1465103950.451000
687,1465103944.685000,1465103945.357384,1465103950.359042,1465103950.440000
688,1465103944.685000,1465103945.304840,1465103950.306364,1465103950.392000
689,1465103944.685000,1465103945.355747,1465103950.357026,1465103950.436000
690,1465103944.685000,1465103945.318411,1465103950.319596,1465103950.396000
691,1465103944.685000,1465103945.309391,1465103950.310778,1465103950.397000
692,1465103944.685000,1465103945.401128,1465103950.402340,1465103950.480000
693,1465103944.685000,1465103945.355662,1465103950.357003,1465103950.445000
694,1465103944.685000,1465103945.723958,1465103950.725219,1465103950.805000
695,1465103944.685000,1465103945.362415,1465103950.364030,1465103950.434000
696,1465103944.685000,1465103945.471191,1465103950.472417,1465103950.558000
697,1465103944.685000,1465103945.596879,1465103950.598182,1465103950.678000
698,1465103944.685000,1465103945.413906,1465103950.415385,1465103950.504000
699,1465103944.685000,1465103945.501041,1465103950.511662,1465103950.596000
700,1465103944.685000,1465103945.410062,1465103950.411280,1465103950.506000
701,1465103944.685000,1465103945.359625,1465103950.360959,1465103950.449000
702,1465103944.685000,1465103945.333487,1465103950.334642,1465103950.429000
703,1465103944.685000,1465103945.349999,1465103950.351261,1465103950.438000
704,1465103944.685000,1465103945.417646,1465103950.418817,1465103950.485000
705,1465103944.685000,1465103945.362584,1465103950.363922,1465103950.455000
706,1465103944.685000,1465103945.329265,1465103950.330887,1465103950.421000
707,1465103944.685000,1465103945.493038,1465103950.494282,1465103950.553000
708,1465103944.686000,1465103945.773854,1465103950.780673,1465103950.857000
709,1465103944.686000,1465103945.340513,1465103950.341864,1465103950.427000
710,1465103944.686000,1465103945.352407,1465103950.353889,1465103950.424000
711,1465103944.686000,1465103945.389776,1465103950.391061,1465103950.450000
712,1465103944.686000,1465103945.762094,1465103950.763589,1465103950.843000
713,1465103944.686000,1465103945.370530,1465103950.371825,1465103950.475000
714,1465103944.686000,1465103945.344151,1465103950.345550,1465103950.431000
715,1465103944.686000,1465103945.422368,1465103950.423643,1465103950.504000
716,1465103944.686000,1465103945.356137,1465103950.357592,1465103950.453000
717,1465103944.686000,1465103945.464294,1465103950.465472,1465103950.542000
718,1465103944.686000,1465103945.373559,1465103950.374733,1465103950.460000
719,1465103944.686000,1465103945.394536,1465103950.395687,1465103950.490000
720,1465103944.686000,1465103945.455654,1465103950.456799,1465103950.544000
721,1465103944.686000,0.000000,0.000000,0.000000
722,1465103944.686000,1465103945.316884,1465103950.318254,1465103950.397000
723,1465103944.686000,1465103945.692245,1465103950.693486,1465103950.800000
724,1465103944.686000,1465103945.445641,1465103950.446811,1465103950.542000
725,1465103944.686000,1465103945.447487,1465103950.448698,1465103950.536000
726,1465103944.686000,1465103945.353368,1465103950.354670,1465103950.433000
727,1465103944.686000,1465103945.324481,1465103950.325754,1465103950.399000
728,1465103944.686000,1465103945.394870,1465103950.396445,1465103950.475000
729,1465103944.686000,1465103945.373009,1465103950.374228,1465103950.453000
730,1465103944.686000,1465103945.336737,1465103950.338023,1465103950.418000
731,1465103944.686000,1465103945.378731,1465103950.379942,1465103950.458000
732,1465103944.687000,1465103945.435184,1465103950.436359,1465103950.528000
733,1465103944.687000,1465103945.742009,1465103950.751397,1465103950.842000
734,1465103944.687000,1465103945.342894,1465103950.344135,1465103950.429000
735,1465103944.687000,1465103945.718751,1465103950.719951,1465103950.826000
736,1465103944.687000,0.000000,0.000000,0.000000
737,1465103944.687000,1465103945.320218,1465103950.321557,1465103950.409000
738,1465103944.687000,1465103945.293888,1465103950.295627,1465103950.399000
739,1465103944.687000,1465103945.320242,1465103950.321533,1465103950.408000
740,1465103944.687000,1465103945.323448,1465103950.324786,1465103950.405000
741,1465103944.687000,1465103945.385974,1465103950.387189,1465103950.472000
742,1465103944.687000,1465103945.325413,1465103950.327482,1465103950.403000
743,1465103944.689000,1465103945.385488,1465103950.386760,1465103950.464000
744,1465103944.692000,1465103945.468138,1465103950.469539,1465103950.528000
745,1465103944.704000,1465103945.445150,1465103950.446439,1465103950.533000
746,1465103944.722000,1465103945.475231,1465103950.476388,1465103950.543000
747,1465103944.729000,1465103945.371924,1465103950.385630,1465103950.472000
748,1465103944.735000,1465103945.457924,1465103950.459592,1465103950.552000
749,1465103944.737000,1465103945.450526,1465103950.451724,1465103950.522000
750,1465103944.737000,1465103945.419143,1465103950.420444,1465103950.504000
751,1465103944.737000,1465103945.481249,1465103950.482432,1465103950.549000
752,1465103944.738000,1465103945.687028,1465103950.688488,1465103950.769000
753,1465103944.738000,1465103945.351042,1465103950.352644,1465103950.437000
754,1465103944.738000,1465103945.364961,1465103950.366193,1465103950.436000
755,1465103944.738000,1465103945.472439,1465103950.481763,1465103950.563000
756,1465103944.738000,1465103945.411982,1465103950.413661,1465103950.492000
757,1465103944.738000,1465103945.496852,1465103950.498756,1465103950.579000
758,1465103944.738000,1465103945.391415,1465103950.392603,1465103950.471000
759,1465103944.738000,1465103945.400481,1465103950.401761,1465103950.471000
760,1465103944.738000,1465103945.469207,1465103950.470424,1465103950.557000
761,1465103944.738000,1465103945.496057,1465103950.497489,1465103950.576000
762,1465103944.738000,1465103945.385473,1465103950.386770,1465103950.466000
763,1465103944.738000,1465103945.423252,1465103950.424412,1465103950.501000
764,1465103944.739000,1465103945.392094,1465103950.393271,1465103950.459000
765,1465103944.739000,1465103945.774721,1465103950.776004,1465103950.867000
766,1465103944.739000,1465103945.407101,1465103950.408297,1465103950.495000
767,1465103944.739000,1465103945.392117,1465103950.393315,1465103950.480000
768,1465103944.739000,1465103945.784577,1465103950.785860,1465103950.866000
769,1465103944.739000,1465103945.397158,1465103950.398474,1465103950.471000
770,1465103944.739000,0.000000,0.000000,0.000000
771,1465103944.739000,1465103945.743840,1465103950.745283,1465103950.822000
772,1465103944.739000,1465103945.370007,1465103950.371151,1465103950.448000
773,1465103944.739000,1465103945.427868,1465103950.431885,1465103950.520000
774,1465103944.739000,1465103945.500193,1465103950.501459,1465103950.560000
775,1465103944.740000,1465103945.350328,1465103950.353545,1465103950.432000
776,1465103944.740000,0.000000,0.000000,0.000000
777,1465103944.740000,1465103945.398152,1465103950.399353,1465103950.466000
778,1465103944.740000,1465103945.467876,1465103950.469081,1465103950.564000
779,1465103944.742000,1465103945.335202,1465103950.336452,1465103950.427000
780,1465103944.742000,1465103945.485343,1465103950.486541,1465103950.565000
781,1465103944.742000,1465103945.668702,1465103950.669986,1465103950.757000
782,1465103944.742000,1465103945.442209,1465103950.443484,1465103950.529000
783,1465103944.742000,1465103945.428054,1465103950.429265,1465103950.514000
784,1465103944.743000,1465103945.386432,1465103950.387882,1465103950.466000
785,1465103944.743000,1465103945.489523,1465103950.490774,1465103950.577000
786,1465103944.743000,1465103945.437979,1465103950.439143,1465103950.506000
787,1465103944.743000,1465103945.444557,1465103950.445967,1465103950.516000
788,1465103944.743000,1465103945.352033,1465103950.353365,1465103950.456000
789,1465103944.743000,1465103945.700692,1465103950.709974,1465103950.776000
790,1465103944.743000,1465103945.420823,1465103950.422261,1465103950.515000
791,1465103944.744000,1465103945.755888,1465103950.757180,1465103950.837000
792,1465103944.744000,1465103945.459114,1465103950.460325,1465103950.547000
793,1465103944.744000,1465103945.720985,1465103950.722256,1465103950.802000
794,1465103944.744000,1465103945.380177,1465103950.381471,1465103950.448000
795,1465103944.744000,1465103945.472540,1465103950.473932,1465103950.562000
796,1465103944.744000,1465103945.394260,1465103950.395529,1465103950.467000
797,1465103944.744000,1465103945.765721,1465103950.767215,1465103950.854000
798,1465103944.745000,1465103945.420541,1465103950.423045,1465103950.515000
799,1465103944.745000,1465103945.448201,1465103950.449429,1465103950.530000
800,1465103944.745000,1465103945.485385,1465103950.486618,1465103950.563000
801,1465103944.745000,1465103945.405175,1465103950.406446,1465103950.489000
802,1465103944.745000,1465103945.492175,1465103950.493414,1465103950.578000
803,1465103944.745000,1465103945.442410,1465103950.443608,1465103950.521000
804,1465103944.745000,1465103945.452266,1465103950.453714,1465103950.541000
805,1465103944.746000,1465103945.471319,1465103950.472554,1465103950.558000
806,1465103944.746000,1465103945.430599,1465103950.431798,1465103950.513000
807,1465103944.746000,1465103945.733827,1465103950.735252,1465103950.822000
808,1465103944.747000,1465103945.411387,1465103950.431165,1465103950.520000
809,1465103944.747000,1465103945.459541,1465103950.460837,1465103950.549000
810,1465103944.747000,1465103945.650623,1465103950.652077,1465103950.740000
811,1465103944.747000,1465103945.454935,1465103950.456348,1465103950.537000
812,1465103944.748000,1465103945.806013,1465103950.807237,1465103950.875000
813,1465103944.749000,1465103945.784841,1465103950.786093,1465103950.853000
814,1465103944.749000,1465103945.456449,1465103950.457673,1465103950.537000
815,1465103944.749000,1465103945.674170,1465103950.675448,1465103950.782000
816,1465103944.749000,1465103945.490239,1465103950.491404,1465103950.577000
817,1465103944.749000,1465103945.495406,1465103950.496739,1465103950.588000
818,1465103944.749000,1465103945.400322,1465103950.401598,1465103950.480000
819,1465103944.749000,1465103945.760513,1465103950.761699,1465103950.828000
820,1465103944.750000,1465103945.456314,1465103950.457478,1465103950.553000
821,1465103944.750000,1465103945.759998,1465103950.761356,1465103950.842000
822,1465103944.750000,1465103945.399363,1465103950.400543,1465103950.493000
823,1465103944.750000,1465103945.789480,1465103950.790834,1465103950.867000
824,1465103944.750000,1465103945.445801,1465103950.447098,1465103950.543000
825,1465103944.751000,1465103945.427838,1465103950.430000,1465103950.518000
826,1465103944.751000,1465103945.483831,1465103950.492394,1465103950.579000
827,1465103944.752000,1465103945.427670,1465103950.443660,1465103950.522000
828,1465103944.752000,1465103945.659420,1465103950.661403,1465103950.737000
829,1465103944.752000,1465103945.479902,1465103950.481861,1465103950.577000
830,1465103944.752000,1465103945.486336,1465103950.501529,1465103950.584000
831,1465103944.753000,1465103945.458475,1465103950.460188,1465103950.552000
832,1465103944.753000,1465103945.684254,1465103950.685497,1465103950.792000
833,1465103944.753000,1465103945.732713,1465103950.734470,1465103950.810000
834,1465103944.753000,1465103945.791042,1465103950.792209,1465103950.878000
835,1465103944.753000,1465103945.500791,1465103950.502614,1465103950.588000
836,1465103944.753000,1465103945.447002,1465103950.448231,1465103950.519000
837,1465103944.753000,1465103945.480886,1465103950.491942,1465103950.579000
838,1465103944.753000,1465103945.782366,1465103950.783667,1465103950.864000
839,1465103944.754000,1465103945.444027,1465103950.445328,1465103950.504000
840,1465103944.754000,1465103945.426824,1465103950.428247,1465103950.507000
841,1465103944.755000,1465103945.485907,1465103950.487183,1465103950.575000
842,1465103944.755000,1465103945.466345,1465103950.467695,1465103950.555000
843,1465103944.755000,1465103945.451439,1465103950.453088,1465103950.535000
844,1465103944.755000,1465103945.488711,1465103950.489978,1465103950.570000
845,1465103944.755000,1465103945.503486,1465103950.512788,1465103950.586000
846,1465103944.756000,1465103945.783715,1465103950.784925,1465103950.866000
847,1465103944.756000,1465103945.494489,1465103950.496180,1465103950.575000
848,1465103944.756000,1465103945.808283,1465103950.809708,1465103950.886000
849,1465103944.756000,1465103945.496678,1465103950.512416,1465103950.585000
850,1465103944.756000,1465103945.432217,1465103950.433485,1465103950.519000
851,1465103944.756000,1465103945.403906,1465103950.405631,1465103950.494000
852,1465103944.756000,1465103945.395264,1465103950.396540,1465103950.476000
853,1465103944.757000,1465103945.471601,1465103950.472758,1465103950.565000
854,1465103944.757000,1465103945.492948,1465103950.494122,1465103950.579000
855,1465103944.757000,1465103945.497187,1465103950.498493,1465103950.580000
856,1465103944.757000,1465103945.710502,1465103950.731594,1465103950.819000
857,1465103944.757000,1465103945.472229,1465103950.474321,1465103950.556000
858,1465103944.758000,1465103945.468658,1465103950.470086,1465103950.555000
859,1465103944.758000,1465103945.748659,1465103950.763366,1465103950.831000
860,1465103944.759000,1465103945.720511,1465103950.722070,1465103950.801000
861,1465103944.758000,1465103945.391616,1465103950.392860,1465103950.480000
862,1465103944.758000,0.000000,0.000000,0.000000
863,1465103944.759000,1465103945.355651,1465103950.356887,1465103950.460000
864,1465103944.759000,1465103945.470053,1465103950.471237,1465103950.566000
865,1465103944.759000,1465103945.399682,1465103950.400918,1465103950.485000
866,1465103944.759000,1465103945.496630,1465103950.497911,1465103950.564000
867,1465103944.759000,1465103945.726120,1465103950.727571,1465103950.797000
868,1465103944.759000,1465103945.494245,1465103950.495474,1465103950.575000
869,1465103944.760000,1465103945.447758,1465103950.449155,1465103950.522000
870,1465103944.760000,1465103945.747391,1465103950.748635,1465103950.828000
871,1465103944.760000,1465103945.749574,1465103950.750830,1465103950.818000
872,1465103944.760000,1465103945.453011,1465103950.454301,1465103950.546000
873,1465103944.760000,1465103945.411873,1465103950.413690,1465103950.501000
874,1465103944.760000,1465103945.431706,1465103950.433044,1465103950.536000
875,1465103944.760000,1465103945.393681,1465103950.395513,1465103950.486000
876,1465103944.761000,1465103945.744093,1465103950.745742,1465103950.822000
877,1465103944.761000,1465103945.474570,1465103950.475968,1465103950.557000
878,1465103944.761000,1465103945.484362,1465103950.485639,1465103950.564000
879,1465103944.761000,1465103945.456653,1465103950.457865,1465103950.536000
880,1465103944.761000,1465103945.452237,1465103950.453479,1465103950.541000
881,1465103944.762000,1465103945.455491,1465103950.456907,1465103950.549000
882,1465103944.762000,0.000000,0.000000,0.000000
883,1465103944.762000,1465103945.414733,1465103950.416230,1465103950.505000
884,1465103944.762000,1465103945.794146,1465103950.795818,1465103950.872000
885,1465103944.763000,1465103945.512637,1465103950.513889,1465103950.581000
886,1465103944.763000,1465103945.501888,1465103950.503084,1465103950.583000
887,1465103944.763000,1465103945.504391,1465103950.505586,1465103950.572000
888,1465103944.763000,1465103945.507304,1465103950.508826,1465103950.586000
889,1465103944.763000,1465103945.483818,1465103950.485050,1465103950.564000
890,1465103944.764000,1465103945.491974,1465103950.493166,1465103950.574000
891,1465103944.764000,1465103945.478668,1465103950.480569,1465103950.558000
892,1465103944.764000,1465103945.447394,1465103950.448687,1465103950.516000
893,1465103944.764000,1465103945.435870,1465103950.445976,1465103950.525000
894,1465103944.764000,1465103945.460662,1465103950.462108,1465103950.540000
895,1465103944.764000,1465103945.714496,1465103950.715750,1465103950.783000
896,1465103944.765000,1465103945.483803,1465103950.485326,1465103950.573000
897,1465103944.765000,1465103945.729320,1465103950.730538,1465103950.800000
898,1465103944.765000,1465103945.471644,1465103950.473110,1465103950.560000
899,1465103944.765000,1465103945.451690,1465103950.455010,1465103950.542000
900,1465103944.765000,1465103945.479836,1465103950.480978,1465103950.567000
901,1465103944.766000,1465103945.512330,1465103950.513711,1465103950.587000
902,1465103944.767000,1465103945.465734,1465103950.467014,1465103950.549000
903,1465103944.767000,1465103945.439673,1465103950.440861,1465103950.519000
904,1465103944.768000,1465103945.518302,1465103950.521432,1465103950.580000
905,1465103944.768000,1465103945.724146,1465103950.725627,1465103950.806000
906,1465103944.768000,1465103945.796637,1465103950.798117,1465103950.879000
907,1465103944.768000,1465103945.487890,1465103950.489048,1465103950.575000
908,1465103944.768000,1465103945.488685,1465103950.489935,1465103950.585000
909,1465103944.769000,1465103945.502183,1465103950.503590,1465103950.584000
910,1465103944.769000,1465103945.499199,1465103950.500356,1465103950.567000
911,1465103944.769000,1465103945.480081,1465103950.497816,1465103950.592000
912,1465103944.769000,1465103945.491760,1465103950.493331,1465103950.572000
913,1465103944.769000,1465103945.491886,1465103950.493127,1465103950.563000
914,1465103944.769000,1465103945.753736,1465103950.754975,1465103950.832000
915,1465103944.769000,1465103945.457623,1465103950.458962,1465103950.539000
916,1465103944.769000,1465103945.487643,1465103950.489007,1465103950.584000
917,1465103944.770000,1465103945.773072,1465103950.774582,1465103950.842000
918,1465103944.770000,1465103945.478326,1465103950.479517,1465103950.564000
919,1465103944.770000,1465103945.777453,1465103950.778644,1465103950.865000
920,1465103944.770000,1465103945.754765,1465103950.756133,1465103950.823000
921,1465103944.770000,1465103945.461470,1465103950.471499,1465103950.562000
922,1465103944.770000,1465103945.502948,1465103950.504188,1465103950.574000
923,1465103944.771000,1465103945.496948,1465103950.500299,1465103950.581000
924,1465103944.771000,1465103945.469544,1465103950.470791,1465103950.540000
925,1465103944.771000,1465103945.482017,1465103950.491854,1465103950.579000
926,1465103944.772000,1465103945.521144,1465103950.522796,1465103950.581000
927,1465103944.772000,1465103945.483079,1465103950.484613,1465103950.572000
928,1465103944.772000,1465103945.794199,1465103950.796220,1465103950.874000
929,1465103944.772000,1465103945.472889,1465103950.474148,1465103950.561000
930,1465103944.772000,1465103945.471345,1465103950.473298,1465103950.580000
931,1465103944.772000,1465103945.492847,1465103950.494073,1465103950.576000
932,1465103944.773000,1465103945.472755,1465103950.473938,1465103950.564000
933,1465103944.773000,1465103945.703516,1465103950.704871,1465103950.785000
934,1465103944.773000,1465103945.518523,1465103950.519894,1465103950.586000
935,1465103944.773000,1465103945.483262,1465103950.485603,1465103950.573000
936,1465103944.773000,1465103945.754821,1465103950.756147,1465103950.833000
937,1465103944.773000,1465103945.454592,1465103950.455828,1465103950.544000
938,1465103944.773000,1465103945.484436,1465103950.485845,1465103950.574000
939,1465103944.773000,1465103945.481013,1465103950.482172,1465103950.553000
940,1465103944.774000,1465103945.701144,1465103950.702436,1465103950.806000
941,1465103944.774000,1465103945.473131,1465103950.474281,1465103950.544000
942,1465103944.774000,1465103945.696449,1465103950.697949,1465103950.785000
943,1465103944.774000,1465103945.711546,1465103950.712786,1465103950.790000
944,1465103944.775000,1465103945.758063,1465103950.759269,1465103950.840000
945,1465103944.775000,1465103945.762022,1465103950.763546,1465103950.866000
946,1465103944.775000,1465103945.791831,1465103950.793115,1465103950.879000
947,1465103944.775000,1465103945.497929,1465103950.499535,1465103950.580000
948,1465103944.775000,1465103945.771986,1465103950.773213,1465103950.860000
949,1465103944.775000,1465103945.512024,1465103950.513243,1465103950.581000
950,1465103944.776000,0.000000,0.000000,0.000000
951,1465103944.776000,1465103945.469013,1465103950.470759,1465103950.553000
952,1465103944.776000,1465103945.725680,1465103950.726989,1465103950.818000
953,1465103944.776000,1465103945.498526,1465103950.499735,1465103950.582000
954,1465103944.777000,1465103945.757041,1465103950.758255,1465103950.835000
955,1465103944.777000,1465103945.499834,1465103950.501042,1465103950.580000
956,1465103944.777000,1465103945.467111,1465103950.468362,1465103950.555000
957,1465103944.777000,1465103945.798240,1465103950.799578,1465103950.880000
958,1465103944.777000,1465103945.517988,1465103950.522265,1465103950.581000
959,1465103944.777000,1465103945.511634,1465103950.512798,1465103950.583000
960,1465103944.778000,1465103945.774463,1465103950.775647,1465103950.853000
961,1465103944.778000,1465103945.517469,1465103950.523453,1465103950.582000
962,1465103944.778000,1465103945.481936,1465103950.483147,1465103950.578000
963,1465103944.778000,1465103945.519583,1465103950.520816,1465103950.587000
964,1465103944.778000,1465103945.488580,1465103950.489984,1465103950.577000
965,1465103944.778000,1465103945.472092,1465103950.473261,1465103950.544000
966,1465103944.779000,1465103945.503127,1465103950.504397,1465103950.583000
967,1465103944.779000,1465103945.488960,1465103950.499120,1465103950.580000
968,1465103944.779000,1465103945.479127,1465103950.494689,1465103950.572000
969,1465103944.779000,1465103945.511423,1465103950.512581,1465103950.584000
970,1465103944.780000,1465103945.495152,1465103950.496337,1465103950.584000
971,1465103944.780000,0.000000,0.000000,0.000000
972,1465103944.780000,1465103945.735732,1465103950.737024,1465103950.814000
973,1465103944.780000,1465103945.797388,1465103950.798814,1465103950.874000
974,1465103944.780000,1465103945.492755,1465103950.493966,1465103950.588000
975,1465103944.780000,1465103945.490258,1465103950.491736,1465103950.573000
976,1465103944.780000,1465103945.462263,1465103950.463505,1465103950.542000
977,1465103944.781000,1465103945.512270,1465103950.513525,1465103950.572000
978,1465103944.781000,1465103945.519085,1465103950.521661,1465103950.581000
979,1465103944.781000,1465103945.485072,1465103950.486386,1465103950.569000
980,1465103944.781000,1465103945.491582,1465103950.492804,1465103950.575000
981,1465103944.781000,1465103945.799327,1465103950.800607,1465103950.886000
982,1465103944.781000,1465103945.794648,1465103950.796220,1465103950.874000
983,1465103944.781000,1465103945.774904,1465103950.776149,1465103950.863000
984,1465103944.782000,1465103945.485587,1465103950.486833,1465103950.581000
985,1465103944.782000,1465103945.438800,1465103950.439960,1465103950.534000
986,1465103944.782000,1465103945.447866,1465103950.449308,1465103950.519000
987,1465103944.782000,1465103945.764003,1465103950.765354,1465103950.846000
988,1465103944.783000,1465103945.497716,1465103950.499125,1465103950.586000
989,1465103944.783000,1465103945.789074,1465103950.790270,1465103950.857000
990,1465103944.783000,1465103945.463838,1465103950.465450,1465103950.553000
991,1465103944.783000,1465103945.470915,1465103950.472098,1465103950.531000
992,1465103944.783000,1465103945.804242,1465103950.805462,1465103950.887000
993,1465103944.783000,1465103945.806402,1465103950.807554,1465103950.885000
994,1465103944.783000,1465103945.489533,1465103950.490936,1465103950.560000
995,1465103944.784000,1465103945.514576,1465103950.515859,1465103950.589000
996,1465103944.784000,1465103945.775984,1465103950.780499,1465103950.856000
997,1465103944.784000,1465103945.499040,1465103950.500245,1465103950.587000
998,1465103944.784000,1465103945.473627,1465103950.474905,1465103950.562000
999,1465103944.784000,1465103945.448700,1465103950.450063,1465103950.538000
