0,1465104212.036000,1465104213.006110,1465104218.007297,1465104218.104000
1,1465104212.036000,1465104212.625646,1465104217.626928,1465104217.706000
2,1465104212.036000,1465104212.673779,1465104217.674990,1465104217.757000
3,1465104212.036000,1465104212.707482,1465104217.708794,1465104217.794000
4,1465104212.036000,1465104212.629110,1465104217.630351,1465104217.727000
5,1465104212.036000,1465104212.613028,1465104217.614607,1465104217.711000
6,1465104212.036000,1465104213.024953,1465104218.026527,1465104218.108000
7,1465104212.037000,1465104212.666282,1465104217.667746,1465104217.746000
8,1465104212.036000,1465104212.630167,1465104217.631723,1465104217.714000
9,1465104212.037000,1465104212.709749,1465104217.711025,1465104217.782000
10,1465104212.037000,1465104212.665448,1465104217.666723,1465104217.746000
11,1465104212.037000,1465104212.623984,1465104217.625490,1465104217.703000
12,1465104212.037000,1465104212.713393,1465104217.714598,1465104217.783000
13,1465104212.037000,1465104212.675173,1465104217.676666,1465104217.762000
14,1465104212.037000,1465104212.711847,1465104217.713179,1465104217.782000
15,1465104212.037000,1465104212.638416,1465104217.639720,1465104217.709000
16,1465104212.037000,1465104212.731723,1465104217.733131,1465104217.804000
17,1465104212.037000,1465104212.735377,1465104217.736703,1465104217.817000
18,1465104212.037000,1465104212.631851,1465104217.633229,1465104217.722000
19,1465104212.037000,1465104212.681706,1465104217.683157,1465104217.754000
20,1465104212.038000,1465104212.618851,1465104217.620375,1465104217.701000
21,1465104212.038000,1465104212.606479,1465104217.607984,1465104217.705000
22,1465104212.038000,1465104212.697296,1465104217.698478,1465104217.769000
23,1465104212.038000,0.000000,0.000000,0.000000
24,1465104212.038000,1465104212.670350,1465104217.671745,1465104217.775000
25,1465104212.038000,1465104212.656550,1465104217.657755,1465104217.746000
26,1465104212.038000,1465104212.638147,1465104217.640006,1465104217.744000
27,1465104212.038000,1465104212.632619,1465104217.634125,1465104217.705000
28,1465104212.038000,1465104212.627990,1465104217.629162,1465104217.707000
29,1465104212.038000,1465104212.697556,1465104217.698901,1465104217.784000
30,1465104212.038000,1465104212.671693,1465104217.686908,1465104217.768000
31,1465104212.038000,1465104212.629699,1465104217.631282,1465104217.710000
32,1465104212.038000,1465104212.645214,1465104217.646415,1465104217.742000
33,1465104212.039000,1465104212.651120,1465104217.652616,1465104217.721000
34,1465104212.039000,1465104212.722245,1465104217.723432,1465104217.812000
35,1465104212.040000,1465104212.682786,1465104217.684038,1465104217.755000
36,1465104212.040000,1465104212.694144,1465104217.695413,1465104217.792000
37,1465104212.040000,1465104212.649139,1465104217.650465,1465104217.731000
38,1465104212.041000,1465104212.662397,1465104217.663909,1465104217.743000
39,1465104212.043000,1465104212.695123,1465104217.696437,1465104217.767000
40,1465104212.043000,1465104212.618407,1465104217.619884,1465104217.698000
41,1465104212.043000,1465104212.616116,1465104217.617628,1465104217.703000
42,1465104212.043000,1465104212.636485,1465104217.637709,1465104217.708000
43,1465104212.043000,1465104212.623791,1465104217.625370,1465104217.714000
44,1465104212.043000,1465104212.635393,1465104217.636938,1465104217.718000
45,1465104212.043000,1465104212.646436,1465104217.647901,1465104217.704000
46,1465104212.043000,1465104212.698557,1465104217.699928,1465104217.785000
47,1465104212.043000,1465104212.636327,1465104217.637550,1465104217.718000
48,1465104212.044000,1465104212.649523,1465104217.650860,1465104217.740000
49,1465104212.044000,1465104212.663720,1465104217.665002,1465104217.754000
50,1465104212.044000,1465104214.588652,1465104219.590179,1465104219.667000
51,1465104212.044000,1465104212.684259,1465104217.685487,1465104217.763000
52,1465104212.044000,1465104212.627024,1465104217.628712,1465104217.698000
53,1465104212.044000,1465104212.669676,1465104217.671228,1465104217.758000
54,1465104212.045000,1465104212.734245,1465104217.735692,1465104217.807000
55,1465104212.045000,1465104214.553811,1465104219.555264,1465104219.659000
56,1465104212.046000,1465104212.677245,1465104217.678481,1465104217.752000
57,1465104212.046000,1465104212.675220,1465104217.676801,1465104217.762000
58,1465104212.046000,1465104212.666653,1465104217.667949,1465104217.746000
59,1465104212.046000,1465104213.026319,1465104218.027503,1465104218.113000
60,1465104212.046000,1465104212.781376,1465104217.782664,1465104217.857000
61,1465104212.046000,1465104212.623593,1465104217.625115,1465104217.716000
62,1465104212.046000,1465104212.778381,1465104217.779758,1465104217.858000
63,1465104212.046000,1465104212.655292,1465104217.657000,1465104217.737000
64,1465104212.049000,1465104212.616466,1465104217.618121,1465104217.707000
65,1465104212.050000,1465104212.642548,1465104217.644010,1465104217.723000
66,1465104212.052000,1465104212.739727,1465104217.749168,1465104217.835000
67,1465104212.053000,1465104212.662363,1465104217.663644,1465104217.742000
68,1465104212.053000,1465104212.703406,1465104217.704607,1465104217.791000
69,1465104212.053000,1465104212.765264,1465104217.766545,1465104217.852000
70,1465104212.053000,1465104212.655567,1465104217.657082,1465104217.744000
71,1465104212.053000,1465104212.686499,1465104217.688268,1465104217.770000
72,1465104212.053000,1465104212.654428,1465104217.655701,1465104217.724000
73,1465104212.053000,1465104212.679206,1465104217.680492,1465104217.768000
74,1465104212.053000,1465104212.800671,1465104217.801923,1465104217.892000
75,1465104212.053000,1465104212.736138,1465104217.737602,1465104217.819000
76,1465104212.053000,1465104212.672731,1465104217.673931,1465104217.762000
77,1465104212.053000,1465104213.025766,1465104218.027029,1465104218.107000
78,1465104212.053000,1465104212.708185,1465104217.709445,1465104217.787000
79,1465104212.053000,1465104213.001316,1465104218.002621,1465104218.091000
80,1465104212.053000,1465104212.699075,1465104217.700476,1465104217.787000
81,1465104212.053000,1465104212.710697,1465104217.711912,1465104217.792000
82,1465104212.054000,1465104212.637393,1465104217.638590,1465104217.715000
83,1465104212.054000,1465104212.703469,1465104217.704644,1465104217.793000
84,1465104212.054000,1465104213.023094,1465104218.024386,1465104218.103000
85,1465104212.054000,1465104212.684858,1465104217.686197,1465104217.766000
86,1465104212.054000,1465104213.018055,1465104218.019275,1465104218.106000
87,1465104212.054000,1465104212.649045,1465104217.651935,1465104217.741000
88,1465104212.054000,1465104213.020685,1465104218.022109,1465104218.108000
89,1465104212.054000,1465104212.815552,1465104217.816863,1465104217.887000
90,1465104212.054000,1465104212.730439,1465104217.731911,1465104217.805000
91,1465104212.054000,1465104212.677156,1465104217.678751,1465104217.758000
92,1465104212.054000,1465104213.021337,1465104218.022935,1465104218.103000
93,1465104212.054000,1465104212.680742,1465104217.681953,1465104217.764000
94,1465104212.055000,1465104213.024543,1465104218.026055,1465104218.105000
95,1465104212.054000,1465104212.774913,1465104217.776179,1465104217.863000
96,1465104212.055000,1465104212.690140,1465104217.691415,1465104217.780000
97,1465104212.055000,1465104212.777422,1465104217.778709,1465104217.848000
98,1465104212.055000,1465104213.129709,1465104218.130896,1465104218.204000
99,1465104212.055000,1465104213.026185,1465104218.027458,1465104218.108000
100,1465104212.055000,1465104212.802084,1465104217.803589,1465104217.878000
101,1465104212.055000,1465104212.669417,1465104217.670997,1465104217.752000
102,1465104212.055000,1465104214.574515,1465104219.576038,1465104219.656000
103,1465104212.055000,1465104213.033563,1465104218.034761,1465104218.115000
104,1465104212.055000,1465104214.586436,1465104219.600359,1465104219.676000
105,1465104212.055000,1465104212.690029,1465104217.691242,1465104217.780000
106,1465104212.055000,1465104213.019316,1465104218.023066,1465104218.113000
107,1465104212.056000,1465104212.748907,1465104217.750206,1465104217.839000
108,1465104212.056000,1465104212.770552,1465104217.771742,1465104217.868000
109,1465104212.057000,1465104212.783938,1465104217.801494,1465104217.883000
110,1465104212.059000,1465104213.047244,1465104218.048502,1465104218.118000
111,1465104212.061000,0.000000,0.000000,0.000000
112,1465104212.063000,1465104213.026295,1465104218.027527,1465104218.113000
113,1465104212.064000,1465104212.730361,1465104217.731666,1465104217.817000
114,1465104212.064000,1465104213.016635,1465104218.017931,1465104218.103000
115,1465104212.064000,1465104212.724798,1465104217.726167,1465104217.805000
116,1465104212.064000,1465104212.668432,1465104217.669908,1465104217.744000
117,1465104212.064000,1465104212.778439,1465104217.779893,1465104217.858000
118,1465104212.064000,1465104212.639700,1465104217.644095,1465104217.748000
119,1465104212.064000,1465104213.004940,1465104218.006325,1465104218.103000
120,1465104212.064000,1465104212.699724,1465104217.701197,1465104217.788000
121,1465104212.064000,1465104212.732636,1465104217.734032,1465104217.820000
122,1465104212.064000,1465104212.689032,1465104217.690561,1465104217.761000
123,1465104212.064000,1465104212.652345,1465104217.653620,1465104217.744000
124,1465104212.064000,1465104213.035371,1465104218.036580,1465104218.114000
125,1465104212.064000,1465104213.049185,1465104218.050821,1465104218.119000
126,1465104212.064000,1465104212.685136,1465104217.686364,1465104217.772000
127,1465104212.064000,1465104212.699667,1465104217.700979,1465104217.770000
128,1465104212.064000,1465104212.713802,1465104217.715010,1465104217.794000
129,1465104212.065000,1465104212.843576,1465104217.847674,1465104217.928000
130,1465104212.066000,1465104212.686647,1465104217.687812,1465104217.769000
131,1465104212.066000,0.000000,0.000000,0.000000
132,1465104212.066000,1465104212.691924,1465104217.693326,1465104217.781000
133,1465104212.066000,1465104213.020052,1465104218.021502,1465104218.106000
134,1465104212.066000,1465104212.683522,1465104217.685298,1465104217.761000
135,1465104212.066000,1465104212.681070,1465104217.685299,1465104217.756000
136,1465104212.066000,0.000000,0.000000,0.000000
137,1465104212.066000,1465104212.741141,1465104217.742398,1465104217.838000
138,1465104212.066000,1465104213.029011,1465104218.030234,1465104218.111000
139,1465104212.067000,1465104212.646902,1465104217.648369,1465104217.737000
140,1465104212.067000,1465104212.780217,1465104217.781865,1465104217.864000
141,1465104212.067000,1465104212.700299,1465104217.701756,1465104217.770000
142,1465104212.067000,1465104212.709447,1465104217.710674,1465104217.780000
143,1465104212.067000,1465104212.998049,1465104217.999269,1465104218.086000
144,1465104212.067000,1465104212.815165,1465104217.816467,1465104217.890000
145,1465104212.067000,1465104213.022975,1465104218.024240,1465104218.109000
146,1465104212.067000,1465104212.808235,1465104217.809458,1465104217.909000
147,1465104212.068000,1465104212.689269,1465104217.690502,1465104217.769000
148,1465104212.068000,1465104212.731611,1465104217.732914,1465104217.807000
149,1465104212.068000,1465104212.686666,1465104217.687894,1465104217.768000
150,1465104212.068000,1465104212.797900,1465104217.799085,1465104217.886000
151,1465104212.068000,1465104212.702739,1465104217.704105,1465104217.785000
152,1465104212.068000,1465104212.682811,1465104217.684006,1465104217.772000
153,1465104212.069000,1465104212.743518,1465104217.744782,1465104217.823000
154,1465104212.069000,1465104212.712917,1465104217.714534,1465104217.795000
155,1465104212.069000,1465104213.014097,1465104218.015326,1465104218.093000
156,1465104212.069000,1465104212.810454,1465104217.814398,1465104217.888000
157,1465104212.069000,1465104213.059859,1465104218.061102,1465104218.139000
158,1465104212.069000,1465104212.678463,1465104217.679917,1465104217.769000
159,1465104212.069000,1465104212.710161,1465104217.711492,1465104217.792000
160,1465104212.070000,1465104212.784711,1465104217.785956,1465104217.867000
161,1465104212.070000,1465104212.708177,1465104217.709471,1465104217.789000
162,1465104212.070000,1465104213.022283,1465104218.023781,1465104218.109000
163,1465104212.070000,1465104212.696258,1465104217.697518,1465104217.786000
164,1465104212.071000,1465104212.827636,1465104217.829153,1465104217.905000
165,1465104212.071000,1465104212.738491,1465104217.739828,1465104217.819000
166,1465104212.071000,1465104213.034119,1465104218.035302,1465104218.114000
167,1465104212.071000,1465104214.572212,1465104219.573776,1465104219.659000
168,1465104212.071000,1465104212.752407,1465104217.753868,1465104217.833000
169,1465104212.071000,1465104212.739780,1465104217.741442,1465104217.816000
170,1465104212.071000,1465104214.577587,1465104219.578898,1465104219.684000
171,1465104212.071000,1465104212.754944,1465104217.756332,1465104217.813000
172,1465104212.071000,1465104212.711729,1465104217.712911,1465104217.803000
173,1465104212.071000,1465104212.681766,1465104217.683022,1465104217.763000
174,1465104212.071000,1465104212.727576,1465104217.728684,1465104217.799000
175,1465104212.071000,1465104212.700962,1465104217.702364,1465104217.789000
176,1465104212.071000,1465104213.073379,1465104218.086580,1465104218.168000
177,1465104212.071000,1465104213.024391,1465104218.025650,1465104218.130000
178,1465104212.071000,1465104213.025822,1465104218.027114,1465104218.106000
179,1465104212.071000,1465104212.727414,1465104217.728623,1465104217.817000
180,1465104212.071000,1465104212.788588,1465104217.789797,1465104217.860000
181,1465104212.072000,1465104213.046262,1465104218.047519,1465104218.127000
182,1465104212.072000,1465104212.750429,1465104217.751638,1465104217.840000
183,1465104212.072000,1465104213.027284,1465104218.028444,1465104218.114000
184,1465104212.072000,1465104213.015339,1465104218.016518,1465104218.105000
185,1465104212.072000,1465104213.043845,1465104218.044966,1465104218.116000
186,1465104212.072000,1465104212.838673,1465104217.846961,1465104217.927000
187,1465104212.072000,1465104212.769162,1465104217.770476,1465104217.852000
188,1465104212.072000,1465104213.055463,1465104218.056676,1465104218.138000
189,1465104212.072000,1465104212.810789,1465104217.812054,1465104217.893000
190,1465104212.072000,1465104212.737310,1465104217.738571,1465104217.809000
191,1465104212.072000,1465104213.017534,1465104218.018827,1465104218.105000
192,1465104212.072000,1465104212.810815,1465104217.814534,1465104217.889000
193,1465104212.072000,0.000000,0.000000,0.000000
194,1465104212.072000,1465104212.751964,1465104217.753630,1465104217.835000
195,1465104212.072000,1465104212.775117,1465104217.776673,1465104217.859000
196,1465104212.072000,1465104212.833322,1465104217.834639,1465104217.912000
197,1465104212.072000,1465104212.782998,1465104217.784414,1465104217.867000
198,1465104212.072000,1465104212.854438,1465104217.869914,1465104217.938000
199,1465104212.072000,1465104213.041337,1465104218.042862,1465104218.119000
200,1465104212.072000,1465104213.032853,1465104218.034020,1465104218.114000
201,1465104212.072000,1465104212.809022,1465104217.810417,1465104217.886000
202,1465104212.072000,1465104213.026864,1465104218.028230,1465104218.113000
203,1465104212.072000,1465104213.019459,1465104218.020717,1465104218.099000
204,1465104212.072000,1465104212.763959,1465104217.765293,1465104217.839000
205,1465104212.072000,1465104213.030714,1465104218.031957,1465104218.111000
206,1465104212.072000,1465104212.691686,1465104217.693157,1465104217.774000
207,1465104212.072000,1465104213.032791,1465104218.034391,1465104218.115000
208,1465104212.072000,1465104212.718811,1465104217.720037,1465104217.800000
209,1465104212.072000,1465104212.751219,1465104217.752469,1465104217.837000
210,1465104212.072000,1465104212.783694,1465104217.784961,1465104217.870000
211,1465104212.072000,1465104212.694749,1465104217.696109,1465104217.785000
212,1465104212.072000,1465104213.032096,1465104218.033320,1465104218.118000
213,1465104212.072000,1465104212.756750,1465104217.758064,1465104217.839000
214,1465104212.073000,1465104212.781153,1465104217.800559,1465104217.876000
215,1465104212.073000,1465104212.803839,1465104217.806505,1465104217.887000
216,1465104212.073000,1465104212.770957,1465104217.772201,1465104217.853000
217,1465104212.073000,1465104214.588687,1465104219.590461,1465104219.666000
218,1465104212.073000,1465104213.008109,1465104218.009474,1465104218.105000
219,1465104212.073000,1465104213.063276,1465104218.064874,1465104218.154000
220,1465104212.073000,1465104212.761893,1465104217.763294,1465104217.837000
221,1465104212.073000,1465104213.033202,1465104218.045474,1465104218.116000
222,1465104212.073000,1465104213.020191,1465104218.021665,1465104218.107000
223,1465104212.073000,1465104213.009688,1465104218.010920,1465104218.099000
224,1465104212.073000,1465104213.046809,1465104218.048026,1465104218.120000
225,1465104212.073000,1465104212.689678,1465104217.690936,1465104217.760000
226,1465104212.073000,1465104214.641740,1465104219.642963,1465104219.716000
227,1465104212.073000,1465104213.023553,1465104218.025590,1465104218.115000
228,1465104212.073000,1465104212.785646,1465104217.787195,1465104217.865000
229,1465104212.073000,1465104213.030679,1465104218.031886,1465104218.118000
230,1465104212.073000,1465104213.031509,1465104218.051513,1465104218.137000
231,1465104212.073000,1465104213.042657,1465104218.043818,1465104218.112000
232,1465104212.073000,1465104213.062481,1465104218.081275,1465104218.138000
233,1465104212.073000,1465104212.726171,1465104217.727448,1465104217.806000
234,1465104212.073000,1465104212.734042,1465104217.735218,1465104217.839000
235,1465104212.073000,1465104213.029048,1465104218.030383,1465104218.109000
236,1465104212.073000,1465104212.843835,1465104217.845028,1465104217.915000
237,1465104212.073000,1465104213.020075,1465104218.021388,1465104218.112000
238,1465104212.073000,1465104212.807323,1465104217.808673,1465104217.887000
239,1465104212.073000,1465104213.028990,1465104218.030200,1465104218.119000
240,1465104212.073000,1465104213.064178,1465104218.065769,1465104218.145000
241,1465104212.073000,1465104213.023305,1465104218.024857,1465104218.110000
242,1465104212.073000,1465104212.811891,1465104217.813198,1465104217.886000
243,1465104212.073000,1465104212.733478,1465104217.734700,1465104217.821000
244,1465104212.073000,1465104213.024055,1465104218.025308,1465104218.114000
245,1465104212.073000,1465104212.790556,1465104217.791876,1465104217.878000
246,1465104212.074000,1465104212.815489,1465104217.824026,1465104217.911000
247,1465104212.074000,1465104212.737170,1465104217.738483,1465104217.818000
248,1465104212.074000,1465104212.685787,1465104217.687099,1465104217.767000
249,1465104212.074000,1465104213.007895,1465104218.009198,1465104218.099000
250,1465104212.074000,1465104212.703451,1465104217.704823,1465104217.785000
251,1465104212.074000,1465104213.047323,1465104218.050204,1465104218.119000
252,1465104212.074000,1465104212.688554,1465104217.690318,1465104217.771000
253,1465104212.074000,1465104212.733619,1465104217.734908,1465104217.824000
254,1465104212.074000,1465104212.759033,1465104217.761217,1465104217.837000
255,1465104212.074000,1465104212.847068,1465104217.848486,1465104217.925000
256,1465104212.074000,1465104213.052349,1465104218.060297,1465104218.135000
257,1465104212.074000,1465104213.029280,1465104218.030561,1465104218.109000
258,1465104212.074000,1465104213.036278,1465104218.037552,1465104218.112000
259,1465104212.074000,1465104213.058997,1465104218.060304,1465104218.141000
260,1465104212.074000,0.000000,0.000000,0.000000
261,1465104212.074000,1465104213.038594,1465104218.039847,1465104218.119000
262,1465104212.074000,1465104212.760917,1465104217.762446,1465104217.841000
263,1465104212.074000,1465104212.803855,1465104217.805046,1465104217.873000
264,1465104212.074000,1465104213.063505,1465104218.064978,1465104218.144000
265,1465104212.074000,1465104212.754093,1465104217.755580,1465104217.837000
266,1465104212.074000,1465104212.820700,1465104217.822092,1465104217.900000
267,1465104212.074000,1465104214.581374,1465104219.582965,1465104219.672000
268,1465104212.074000,1465104213.017017,1465104218.018721,1465104218.105000
269,1465104212.074000,1465104214.605544,1465104219.606994,1465104219.680000
270,1465104212.074000,1465104212.697461,1465104217.698741,1465104217.778000
271,1465104212.074000,1465104212.708738,1465104217.726118,1465104217.806000
272,1465104212.074000,1465104213.011605,1465104218.012863,1465104218.103000
273,1465104212.074000,1465104213.021046,1465104218.022277,1465104218.102000
274,1465104212.074000,1465104212.706807,1465104217.708313,1465104217.799000
275,1465104212.074000,1465104212.823968,1465104217.825186,1465104217.903000
276,1465104212.074000,1465104212.763644,1465104217.764891,1465104217.855000
277,1465104212.075000,1465104213.034043,1465104218.035287,1465104218.112000
278,1465104212.075000,1465104214.621718,1465104219.623009,1465104219.703000
279,1465104212.075000,1465104212.741796,1465104217.743212,1465104217.829000
280,1465104212.075000,1465104213.015713,1465104218.016899,1465104218.118000
281,1465104212.075000,1465104212.743137,1465104217.754550,1465104217.833000
282,1465104212.075000,1465104213.031668,1465104218.033461,1465104218.118000
283,1465104212.077000,1465104212.770766,1465104217.772082,1465104217.841000
284,1465104212.079000,1465104212.713743,1465104217.714900,1465104217.801000
285,1465104212.086000,1465104213.048068,1465104218.049587,1465104218.118000
286,1465104212.103000,0.000000,0.000000,0.000000
287,1465104212.103000,1465104213.072872,1465104218.074141,1465104218.160000
288,1465104212.103000,1465104212.724398,1465104217.725628,1465104217.803000
289,1465104212.103000,1465104214.600817,1465104219.602117,1465104219.683000
290,1465104212.103000,0.000000,0.000000,0.000000
291,1465104212.103000,1465104212.810770,1465104217.812035,1465104217.887000
292,1465104212.103000,1465104212.816369,1465104217.817973,1465104217.899000
293,1465104212.103000,1465104212.697542,1465104217.698751,1465104217.777000
294,1465104212.103000,1465104212.722927,1465104217.724384,1465104217.828000
295,1465104212.103000,1465104212.761963,1465104217.763607,1465104217.836000
296,1465104212.103000,1465104213.028820,1465104218.030056,1465104218.125000
297,1465104212.103000,1465104212.805187,1465104217.806398,1465104217.893000
298,1465104212.104000,1465104212.739053,1465104217.741313,1465104217.827000
299,1465104212.104000,1465104213.105277,1465104218.106505,1465104218.185000
300,1465104212.104000,1465104214.605288,1465104219.606607,1465104219.695000
301,1465104212.104000,1465104212.803461,1465104217.804697,1465104217.884000
302,1465104212.104000,1465104213.052333,1465104218.054212,1465104218.135000
303,1465104212.104000,1465104213.048845,1465104218.050214,1465104218.130000
304,1465104212.105000,1465104213.105365,1465104218.106575,1465104218.175000
305,1465104212.105000,1465104212.719006,1465104217.720296,1465104217.802000
306,1465104212.105000,1465104213.084859,1465104218.086083,1465104218.174000
307,1465104212.106000,1465104213.052230,1465104218.053421,1465104218.149000
308,1465104212.106000,1465104213.063881,1465104218.065336,1465104218.122000
309,1465104212.106000,1465104213.064724,1465104218.066124,1465104218.123000
310,1465104212.106000,1465104213.023788,1465104218.025021,1465104218.111000
311,1465104212.106000,1465104213.059576,1465104218.060800,1465104218.138000
312,1465104212.106000,1465104212.749460,1465104217.750814,1465104217.837000
313,1465104212.106000,1465104212.759076,1465104217.760530,1465104217.862000
314,1465104212.106000,1465104212.793276,1465104217.795843,1465104217.883000
315,1465104212.107000,1465104213.021627,1465104218.022870,1465104218.111000
316,1465104212.107000,1465104212.815899,1465104217.817226,1465104217.888000
317,1465104212.107000,1465104212.801251,1465104217.803264,1465104217.878000
318,1465104212.107000,1465104212.795882,1465104217.797111,1465104217.877000
319,1465104212.107000,1465104213.009567,1465104218.010709,1465104218.111000
320,1465104212.107000,1465104212.792404,1465104217.793655,1465104217.875000
321,1465104212.108000,1465104213.050873,1465104218.052013,1465104218.153000
322,1465104212.108000,1465104212.754722,1465104217.756065,1465104217.836000
323,1465104212.108000,1465104212.793174,1465104217.794465,1465104217.869000
324,1465104212.108000,1465104213.051858,1465104218.053607,1465104218.135000
325,1465104212.108000,1465104213.040128,1465104218.041724,1465104218.122000
326,1465104212.108000,1465104212.745732,1465104217.747116,1465104217.833000
327,1465104212.108000,1465104212.774162,1465104217.775423,1465104217.846000
328,1465104212.108000,1465104212.792485,1465104217.796316,1465104217.883000
329,1465104212.108000,1465104213.074428,1465104218.075794,1465104218.180000
330,1465104212.108000,1465104212.723020,1465104217.724215,1465104217.792000
331,1465104212.108000,1465104212.817594,1465104217.818946,1465104217.900000
332,1465104212.109000,1465104212.785438,1465104217.786669,1465104217.877000
333,1465104212.109000,1465104212.790983,1465104217.792230,1465104217.861000
334,1465104212.109000,1465104212.804249,1465104217.805426,1465104217.883000
335,1465104212.109000,1465104212.752199,1465104217.753445,1465104217.833000
336,1465104212.109000,1465104213.050766,1465104218.052203,1465104218.133000
337,1465104212.109000,1465104212.818116,1465104217.819421,1465104217.900000
338,1465104212.110000,1465104213.056339,1465104218.057827,1465104218.148000
339,1465104212.110000,1465104213.088534,1465104218.089758,1465104218.169000
340,1465104212.110000,1465104212.803352,1465104217.804671,1465104217.878000
341,1465104212.111000,1465104212.812552,1465104217.813804,1465104217.902000
342,1465104212.111000,1465104212.726552,1465104217.727810,1465104217.813000
343,1465104212.111000,1465104212.804379,1465104217.807097,1465104217.887000
344,1465104212.111000,1465104212.762934,1465104217.764183,1465104217.835000
345,1465104212.111000,1465104213.145412,1465104218.146738,1465104218.235000
346,1465104212.111000,1465104212.823940,1465104217.825271,1465104217.904000
347,1465104212.111000,1465104212.837166,1465104217.839729,1465104217.916000
348,1465104212.112000,1465104213.109420,1465104218.110693,1465104218.197000
349,1465104212.112000,1465104212.807910,1465104217.811318,1465104217.892000
350,1465104212.112000,1465104212.812849,1465104217.814012,1465104217.914000
351,1465104212.113000,1465104212.778672,1465104217.780015,1465104217.859000
352,1465104212.113000,1465104212.852440,1465104217.854068,1465104217.938000
353,1465104212.113000,1465104212.774657,1465104217.775868,1465104217.861000
354,1465104212.113000,1465104212.769271,1465104217.770712,1465104217.846000
355,1465104212.113000,1465104212.825117,1465104217.826371,1465104217.905000
356,1465104212.113000,1465104213.030878,1465104218.034049,1465104218.119000
357,1465104212.113000,0.000000,0.000000,0.000000
358,1465104212.113000,1465104213.074760,1465104218.075984,1465104218.154000
359,1465104212.113000,1465104212.809745,1465104217.810903,1465104217.889000
360,1465104212.113000,1465104212.847741,1465104217.848982,1465104217.938000
361,1465104212.113000,1465104212.811707,1465104217.832304,1465104217.906000
362,1465104212.113000,1465104212.743377,1465104217.744602,1465104217.814000
363,1465104212.114000,1465104213.063664,1465104218.065080,1465104218.143000
364,1465104212.114000,1465104212.791061,1465104217.812021,1465104217.897000
365,1465104212.114000,1465104213.133222,1465104218.134491,1465104218.215000
366,1465104212.115000,1465104212.785221,1465104217.787197,1465104217.865000
367,1465104212.115000,1465104213.034283,1465104218.035455,1465104218.121000
368,1465104212.115000,1465104212.768228,1465104217.769591,1465104217.852000
369,1465104212.115000,1465104212.805085,1465104217.806463,1465104217.886000
370,1465104212.115000,1465104212.806768,1465104217.808097,1465104217.889000
371,1465104212.115000,1465104213.058306,1465104218.059445,1465104218.156000
372,1465104212.115000,1465104212.791696,1465104217.793715,1465104217.878000
373,1465104212.115000,1465104212.838027,1465104217.839250,1465104217.926000
374,1465104212.115000,1465104212.705919,1465104217.707642,1465104217.798000
375,1465104212.115000,1465104212.803839,1465104217.807589,1465104217.888000
376,1465104212.115000,1465104212.766301,1465104217.767716,1465104217.843000
377,1465104212.116000,1465104212.792587,1465104217.793819,1465104217.880000
378,1465104212.116000,0.000000,0.000000,0.000000
379,1465104212.116000,1465104212.784741,1465104217.785956,1465104217.868000
380,1465104212.116000,1465104212.829782,1465104217.831228,1465104217.916000
381,1465104212.116000,1465104212.867278,1465104217.868573,1465104217.949000
382,1465104212.116000,1465104213.130781,1465104218.132062,1465104218.213000
383,1465104212.117000,1465104213.038826,1465104218.040011,1465104218.135000
384,1465104212.117000,1465104212.782050,1465104217.783547,1465104217.860000
385,1465104212.117000,1465104212.817776,1465104217.819298,1465104217.890000
386,1465104212.117000,1465104212.722069,1465104217.723607,1465104217.827000
387,1465104212.117000,1465104212.821557,1465104217.822750,1465104217.901000
388,1465104212.118000,1465104212.800614,1465104217.801872,1465104217.887000
389,1465104212.118000,1465104212.815894,1465104217.817297,1465104217.886000
390,1465104212.118000,1465104213.063147,1465104218.065197,1465104218.143000
391,1465104212.118000,1465104212.762534,1465104217.764216,1465104217.837000
392,1465104212.118000,1465104212.798402,1465104217.807009,1465104217.888000
393,1465104212.118000,1465104212.791608,1465104217.792836,1465104217.871000
394,1465104212.118000,1465104212.790775,1465104217.792073,1465104217.861000
395,1465104212.119000,1465104212.746941,1465104217.748186,1465104217.835000
396,1465104212.119000,1465104213.116503,1465104218.117721,1465104218.195000
397,1465104212.119000,1465104212.765411,1465104217.766682,1465104217.845000
398,1465104212.119000,1465104212.834015,1465104217.835182,1465104217.920000
399,1465104212.119000,1465104213.121182,1465104218.122458,1465104218.193000
400,1465104212.119000,1465104212.757813,1465104217.759268,1465104217.848000
401,1465104212.119000,1465104212.790803,1465104217.791967,1465104217.869000
402,1465104212.120000,1465104212.825879,1465104217.827071,1465104217.905000
403,1465104212.120000,1465104212.784999,1465104217.786676,1465104217.866000
404,1465104212.120000,1465104213.034428,1465104218.035722,1465104218.140000
405,1465104212.120000,1465104212.823868,1465104217.825099,1465104217.905000
406,1465104212.121000,1465104213.066016,1465104218.067214,1465104218.156000
407,1465104212.121000,1465104213.129891,1465104218.131026,1465104218.208000
408,1465104212.121000,1465104212.806413,1465104217.808053,1465104217.888000
409,1465104212.121000,1465104212.817724,1465104217.818957,1465104217.900000
410,1465104212.121000,1465104212.770018,1465104217.771203,1465104217.844000
411,1465104212.121000,1465104212.850484,1465104217.852121,1465104217.927000
412,1465104212.121000,1465104212.788695,1465104217.789890,1465104217.867000
413,1465104212.122000,1465104212.788545,1465104217.789875,1465104217.859000
414,1465104212.122000,1465104212.803893,1465104217.806361,1465104217.882000
415,1465104212.122000,1465104213.023910,1465104218.025590,1465104218.114000
416,1465104212.122000,1465104213.088547,1465104218.089789,1465104218.175000
417,1465104212.122000,1465104212.817652,1465104217.819027,1465104217.893000
418,1465104212.123000,1465104214.626459,1465104219.627669,1465104219.716000
419,1465104212.123000,1465104212.825279,1465104217.826661,1465104217.906000
420,1465104212.123000,1465104213.100938,1465104218.102341,1465104218.172000
421,1465104212.123000,1465104213.113146,1465104218.114677,1465104218.194000
422,1465104212.123000,0.000000,0.000000,0.000000
423,1465104212.123000,1465104212.796727,1465104217.797879,1465104217.880000
424,1465104212.124000,1465104213.135183,1465104218.140289,1465104218.216000
425,1465104212.124000,1465104213.078536,1465104218.079718,1465104218.157000
426,1465104212.124000,1465104212.823039,1465104217.837307,1465104217.913000
427,1465104212.124000,1465104212.855357,1465104217.856711,1465104217.926000
428,1465104212.125000,1465104212.743990,1465104217.745426,1465104217.831000
429,1465104212.125000,1465104213.061280,1465104218.062615,1465104218.151000
430,1465104212.125000,1465104212.866560,1465104217.867767,1465104217.946000
431,1465104212.125000,1465104212.811966,1465104217.813246,1465104217.892000
432,1465104212.126000,1465104212.807108,1465104217.808305,1465104217.877000
433,1465104212.126000,1465104212.743053,1465104217.757953,1465104217.847000
434,1465104212.126000,1465104213.107204,1465104218.108375,1465104218.209000
435,1465104212.126000,1465104212.821594,1465104217.833537,1465104217.907000
436,1465104212.127000,1465104212.793500,1465104217.795162,1465104217.876000
437,1465104212.127000,1465104213.073085,1465104218.074378,1465104218.164000
438,1465104212.127000,1465104212.888801,1465104217.890013,1465104217.975000
439,1465104212.127000,1465104212.837086,1465104217.838274,1465104217.929000
440,1465104212.127000,1465104212.772358,1465104217.773573,1465104217.844000
441,1465104212.127000,1465104212.818194,1465104217.819925,1465104217.891000
442,1465104212.127000,1465104212.839491,1465104217.840794,1465104217.921000
443,1465104212.128000,1465104212.813973,1465104217.815270,1465104217.884000
444,1465104212.128000,1465104212.859448,1465104217.860655,1465104217.930000
445,1465104212.128000,1465104213.069383,1465104218.070690,1465104218.157000
446,1465104212.128000,1465104212.806576,1465104217.807954,1465104217.886000
447,1465104212.128000,0.000000,0.000000,0.000000
448,1465104212.129000,1465104212.886047,1465104217.887902,1465104217.967000
449,1465104212.129000,1465104212.802160,1465104217.803411,1465104217.908000
450,1465104212.129000,1465104213.032251,1465104218.033393,1465104218.134000
451,1465104212.129000,1465104212.853823,1465104217.855058,1465104217.913000
452,1465104212.130000,1465104212.827093,1465104217.828271,1465104217.906000
453,1465104212.130000,1465104212.823016,1465104217.824474,1465104217.899000
454,1465104212.130000,1465104212.850952,1465104217.853854,1465104217.938000
455,1465104212.130000,1465104212.826062,1465104217.827621,1465104217.909000
456,1465104212.130000,1465104212.855084,1465104217.856293,1465104217.927000
457,1465104212.130000,1465104213.125025,1465104218.126203,1465104218.213000
458,1465104212.130000,1465104212.852051,1465104217.853244,1465104217.935000
459,1465104212.131000,0.000000,0.000000,0.000000
460,1465104212.131000,1465104212.856603,1465104217.857818,1465104217.943000
461,1465104212.131000,1465104212.874930,1465104217.876715,1465104217.956000
462,1465104212.131000,1465104212.778404,1465104217.779816,1465104217.862000
463,1465104212.132000,1465104213.060927,1465104218.062160,1465104218.147000
464,1465104212.132000,1465104212.861853,1465104217.863161,1465104217.934000
465,1465104212.132000,1465104212.840873,1465104217.842099,1465104217.921000
466,1465104212.132000,1465104212.819543,1465104217.820830,1465104217.890000
467,1465104212.132000,1465104212.792128,1465104217.811883,1465104217.897000
468,1465104212.132000,1465104212.784311,1465104217.785555,1465104217.871000
469,1465104212.132000,1465104213.069192,1465104218.070368,1465104218.141000
470,1465104212.132000,1465104212.789811,1465104217.790998,1465104217.881000
471,1465104212.132000,0.000000,0.000000,0.000000
472,1465104212.132000,1465104212.865737,1465104217.867093,1465104217.947000
473,1465104212.133000,1465104213.086562,1465104218.087769,1465104218.183000
474,1465104212.133000,1465104213.093178,1465104218.094396,1465104218.172000
475,1465104212.133000,1465104212.828445,1465104217.829639,1465104217.909000
476,1465104212.133000,0.000000,0.000000,0.000000
477,1465104212.133000,1465104212.868286,1465104217.870005,1465104217.955000
478,1465104212.134000,1465104212.875050,1465104217.876955,1465104217.957000
479,1465104212.134000,1465104213.084234,1465104218.085653,1465104218.171000
480,1465104212.134000,1465104212.791248,1465104217.792516,1465104217.875000
481,1465104212.134000,1465104212.837085,1465104217.838269,1465104217.923000
482,1465104212.135000,1465104212.876094,1465104217.877308,1465104217.957000
483,1465104212.135000,1465104214.625452,1465104219.626958,1465104219.731000
484,1465104212.135000,1465104212.864033,1465104217.865265,1465104217.951000
485,1465104212.135000,1465104212.791043,1465104217.792221,1465104217.870000
486,1465104212.135000,1465104213.083290,1465104218.084447,1465104218.162000
487,1465104212.135000,1465104213.058618,1465104218.060393,1465104218.147000
488,1465104212.135000,1465104213.092156,1465104218.093601,1465104218.183000
489,1465104212.136000,1465104213.105657,1465104218.106866,1465104218.184000
490,1465104212.136000,1465104212.781807,1465104217.783117,1465104217.864000
491,1465104212.136000,1465104212.811088,1465104217.812469,1465104217.901000
492,1465104212.136000,1465104212.827156,1465104217.828415,1465104217.902000
493,1465104212.136000,1465104212.868759,1465104217.870189,1465104217.957000
494,1465104212.137000,1465104212.807336,1465104217.808694,1465104217.866000
495,1465104212.137000,1465104212.764020,1465104217.765234,1465104217.861000
496,1465104212.137000,1465104212.832587,1465104217.848622,1465104217.935000
497,1465104212.137000,1465104212.834609,1465104217.836104,1465104217.916000
498,1465104212.137000,1465104212.829090,1465104217.830546,1465104217.916000
499,1465104212.137000,1465104212.877695,1465104217.879022,1465104217.960000
500,1465104212.137000,1465104212.876681,1465104217.877999,1465104217.965000
501,1465104212.137000,1465104213.049808,1465104218.051089,1465104218.140000
502,1465104212.137000,1465104212.908495,1465104217.909710,1465104217.988000
503,1465104212.137000,1465104212.838193,1465104217.839432,1465104217.928000
504,1465104212.137000,1465104212.853717,1465104217.854988,1465104217.930000
505,1465104212.137000,1465104212.806251,1465104217.807672,1465104217.882000
506,1465104212.137000,1465104212.790613,1465104217.792219,1465104217.866000
507,1465104212.137000,1465104212.863798,1465104217.865079,1465104217.945000
508,1465104212.137000,1465104212.830460,1465104217.831794,1465104217.907000
509,1465104212.137000,1465104212.850775,1465104217.852040,1465104217.933000
510,1465104212.137000,1465104212.810911,1465104217.812185,1465104217.891000
511,1465104212.137000,1465104212.854197,1465104217.855463,1465104217.936000
512,1465104212.137000,1465104212.834303,1465104217.835591,1465104217.913000
513,1465104212.137000,1465104212.824757,1465104217.826513,1465104217.905000
514,1465104212.137000,1465104212.852796,1465104217.854109,1465104217.933000
515,1465104212.137000,1465104212.827910,1465104217.829388,1465104217.915000
516,1465104212.137000,1465104212.915397,1465104217.922294,1465104217.979000
517,1465104212.137000,1465104212.829828,1465104217.831051,1465104217.905000
518,1465104212.137000,1465104212.881306,1465104217.882495,1465104217.964000
519,1465104212.138000,1465104213.096054,1465104218.097515,1465104218.174000
520,1465104212.138000,1465104212.840392,1465104217.841946,1465104217.921000
521,1465104212.138000,1465104212.825566,1465104217.826744,1465104217.917000
522,1465104212.138000,1465104212.850512,1465104217.851847,1465104217.949000
523,1465104212.138000,1465104212.861563,1465104217.862790,1465104217.967000
524,1465104212.138000,1465104212.888442,1465104217.889669,1465104217.967000
525,1465104212.138000,1465104212.807910,1465104217.809634,1465104217.890000
526,1465104212.138000,1465104213.114961,1465104218.116445,1465104218.192000
527,1465104212.138000,1465104212.815698,1465104217.816924,1465104217.892000
528,1465104212.138000,1465104212.777274,1465104217.778560,1465104217.865000
529,1465104212.138000,1465104212.799429,1465104217.800793,1465104217.887000
530,1465104212.138000,1465104212.852286,1465104217.853526,1465104217.927000
531,1465104212.138000,1465104212.840223,1465104217.841426,1465104217.938000
532,1465104212.138000,1465104213.145826,1465104218.147087,1465104218.234000
533,1465104212.138000,1465104213.086891,1465104218.088171,1465104218.168000
534,1465104212.138000,1465104212.779782,1465104217.781006,1465104217.860000
535,1465104212.138000,1465104212.857695,1465104217.859162,1465104217.928000
536,1465104212.138000,1465104212.848061,1465104217.849478,1465104217.918000
537,1465104212.138000,1465104212.846104,1465104217.848204,1465104217.929000
538,1465104212.138000,1465104212.799262,1465104217.800633,1465104217.886000
539,1465104212.138000,1465104212.815900,1465104217.817057,1465104217.898000
540,1465104212.138000,1465104212.811110,1465104217.832062,1465104217.906000
541,1465104212.138000,1465104214.624847,1465104219.627005,1465104219.732000
542,1465104212.138000,1465104212.865017,1465104217.866271,1465104217.945000
543,1465104212.138000,1465104213.120311,1465104218.121536,1465104218.198000
544,1465104212.138000,1465104213.115638,1465104218.117270,1465104218.199000
545,1465104212.139000,1465104213.113510,1465104218.114794,1465104218.194000
546,1465104212.139000,1465104213.055787,1465104218.056992,1465104218.137000
547,1465104212.139000,1465104212.839617,1465104217.840809,1465104217.910000
548,1465104212.139000,1465104212.808951,1465104217.810755,1465104217.892000
549,1465104212.139000,1465104212.792113,1465104217.793467,1465104217.878000
550,1465104212.139000,1465104212.834670,1465104217.835899,1465104217.915000
551,1465104212.139000,1465104213.077564,1465104218.078836,1465104218.160000
552,1465104212.139000,1465104212.780018,1465104217.793918,1465104217.874000
553,1465104212.139000,1465104212.841253,1465104217.842545,1465104217.923000
554,1465104212.139000,1465104213.154698,1465104218.155880,1465104218.230000
555,1465104212.139000,1465104212.813457,1465104217.814953,1465104217.886000
556,1465104212.139000,1465104213.114281,1465104218.115579,1465104218.211000
557,1465104212.139000,1465104212.794674,1465104217.814619,1465104217.894000
558,1465104212.139000,1465104212.836192,1465104217.837912,1465104217.919000
559,1465104212.139000,1465104213.059171,1465104218.061098,1465104218.147000
560,1465104212.139000,1465104212.850385,1465104217.851598,1465104217.938000
561,1465104212.139000,1465104212.783175,1465104217.784611,1465104217.870000
562,1465104212.139000,1465104212.822564,1465104217.832858,1465104217.907000
563,1465104212.139000,1465104212.840312,1465104217.841675,1465104217.921000
564,1465104212.139000,1465104212.855792,1465104217.857143,1465104217.936000
565,1465104212.139000,1465104212.823762,1465104217.824939,1465104217.902000
566,1465104212.139000,1465104212.828947,1465104217.830212,1465104217.911000
567,1465104212.139000,1465104212.912959,1465104217.914171,1465104217.987000
568,1465104212.139000,1465104213.085626,1465104218.086829,1465104218.173000
569,1465104212.140000,1465104213.109645,1465104218.110822,1465104218.180000
570,1465104212.139000,1465104212.861933,1465104217.863285,1465104217.951000
571,1465104212.140000,1465104212.844923,1465104217.846322,1465104217.921000
572,1465104212.139000,1465104213.121092,1465104218.122289,1465104218.195000
573,1465104212.140000,1465104213.119018,1465104218.120229,1465104218.191000
574,1465104212.139000,1465104212.825217,1465104217.826613,1465104217.927000
575,1465104212.140000,1465104212.819365,1465104217.820610,1465104217.891000
576,1465104212.140000,1465104213.071646,1465104218.073089,1465104218.150000
577,1465104212.140000,1465104212.811568,1465104217.812844,1465104217.899000
578,1465104212.140000,1465104212.820199,1465104217.823082,1465104217.900000
579,1465104212.140000,1465104212.836043,1465104217.847096,1465104217.927000
580,1465104212.140000,1465104213.111874,1465104218.113336,1465104218.202000
581,1465104212.140000,1465104212.851138,1465104217.852297,1465104217.938000
582,1465104212.140000,1465104212.877522,1465104217.878913,1465104217.949000
583,1465104212.140000,1465104212.819461,1465104217.820980,1465104217.906000
584,1465104212.140000,1465104212.842267,1465104217.858825,1465104217.938000
585,1465104212.140000,1465104213.095184,1465104218.096480,1465104218.177000
586,1465104212.140000,1465104212.843992,1465104217.845229,1465104217.942000
587,1465104212.140000,1465104212.810104,1465104217.811367,1465104217.897000
588,1465104212.140000,1465104212.930729,1465104217.931945,1465104218.018000
589,1465104212.140000,1465104212.869050,1465104217.870279,1465104217.948000
590,1465104212.140000,1465104212.832889,1465104217.834084,1465104217.919000
591,1465104212.140000,1465104212.817911,1465104217.819177,1465104217.897000
592,1465104212.140000,1465104212.871057,1465104217.872256,1465104217.952000
593,1465104212.140000,1465104212.792888,1465104217.794130,1465104217.898000
594,1465104212.140000,1465104212.858979,1465104217.860233,1465104217.934000
595,1465104212.140000,1465104212.839356,1465104217.857373,1465104217.933000
596,1465104212.140000,1465104212.817673,1465104217.818964,1465104217.899000
597,1465104212.140000,1465104212.832484,1465104217.833738,1465104217.919000
598,1465104212.140000,1465104212.838848,1465104217.840235,1465104217.937000
599,1465104212.140000,1465104212.816955,1465104217.818202,1465104217.904000
600,1465104212.141000,1465104212.851046,1465104217.852268,1465104217.932000
601,1465104212.141000,1465104212.764035,1465104217.777834,1465104217.875000
602,1465104212.141000,1465104212.867686,1465104217.868864,1465104217.951000
603,1465104212.141000,1465104212.828687,1465104217.829921,1465104217.916000
604,1465104212.141000,1465104212.786000,1465104217.787212,1465104217.864000
605,1465104212.141000,1465104212.842925,1465104217.844460,1465104217.932000
606,1465104212.141000,1465104213.166610,1465104218.167873,1465104218.236000
607,1465104212.141000,1465104212.833975,1465104217.835209,1465104217.917000
608,1465104212.141000,1465104212.766756,1465104217.768060,1465104217.857000
609,1465104212.141000,1465104212.867872,1465104217.869168,1465104217.947000
610,1465104212.141000,1465104212.810832,1465104217.812026,1465104217.899000
611,1465104212.141000,1465104212.958399,1465104217.959601,1465104218.017000
612,1465104212.141000,1465104212.815776,1465104217.816980,1465104217.902000
613,1465104212.141000,1465104213.052374,1465104218.053632,1465104218.140000
614,1465104212.141000,1465104212.862818,1465104217.864123,1465104217.940000
615,1465104212.141000,1465104212.863778,1465104217.864974,1465104217.949000
616,1465104212.141000,1465104212.844318,1465104217.845890,1465104217.921000
617,1465104212.141000,1465104212.837858,1465104217.839601,1465104217.915000
618,1465104212.141000,1465104212.810233,1465104217.811454,1465104217.907000
619,1465104212.141000,1465104212.840733,1465104217.842544,1465104217.917000
620,1465104212.141000,1465104212.868776,1465104217.869998,1465104217.956000
621,1465104212.141000,1465104212.856731,1465104217.858185,1465104217.934000
622,1465104212.141000,1465104212.964490,1465104217.965810,1465104218.044000
623,1465104212.141000,1465104212.850936,1465104217.852932,1465104217.938000
624,1465104212.141000,1465104212.839402,1465104217.841136,1465104217.921000
625,1465104212.142000,1465104212.859598,1465104217.862972,1465104217.942000
626,1465104212.142000,1465104212.855182,1465104217.856557,1465104217.936000
627,1465104212.142000,1465104212.873249,1465104217.874923,1465104217.957000
628,1465104212.142000,1465104212.876500,1465104217.883579,1465104217.952000
629,1465104212.142000,1465104212.826917,1465104217.828188,1465104217.928000
630,1465104212.142000,1465104212.802922,1465104217.804083,1465104217.881000
631,1465104212.142000,1465104212.942801,1465104217.943993,1465104218.001000
632,1465104212.142000,1465104212.860132,1465104217.862386,1465104217.941000
633,1465104212.142000,1465104212.832171,1465104217.834082,1465104217.920000
634,1465104212.142000,1465104212.912718,1465104217.913986,1465104218.011000
635,1465104212.142000,1465104212.935362,1465104217.936560,1465104218.033000
636,1465104212.142000,1465104212.921207,1465104217.922917,1465104218.009000
637,1465104212.143000,1465104212.819611,1465104217.820969,1465104217.899000
638,1465104212.143000,1465104212.955252,1465104217.956580,1465104218.045000
639,1465104212.143000,1465104212.927906,1465104217.929127,1465104218.014000
640,1465104212.143000,1465104212.843661,1465104217.845031,1465104217.925000
641,1465104212.143000,1465104212.878111,1465104217.879401,1465104217.965000
642,1465104212.143000,1465104212.892582,1465104217.893862,1465104217.974000
643,1465104212.143000,1465104212.912238,1465104217.921625,1465104217.979000
644,1465104212.143000,1465104212.876221,1465104217.877362,1465104217.958000
645,1465104212.143000,1465104212.873764,1465104217.875483,1465104217.954000
646,1465104212.143000,1465104212.959059,1465104217.960282,1465104218.040000
647,1465104212.143000,1465104212.905294,1465104217.914484,1465104217.994000
648,1465104212.143000,1465104212.914456,1465104217.922170,1465104217.979000
649,1465104212.143000,1465104212.853565,1465104217.854692,1465104217.941000
650,1465104212.143000,1465104212.925872,1465104217.927122,1465104218.013000
651,1465104212.143000,1465104212.932445,1465104217.937799,1465104218.035000
652,1465104212.143000,1465104212.908667,1465104217.909912,1465104217.995000
653,1465104212.143000,1465104212.777511,1465104217.779087,1465104217.862000
654,1465104212.143000,1465104212.881018,1465104217.882213,1465104217.962000
655,1465104212.143000,1465104212.897580,1465104217.898788,1465104217.980000
656,1465104212.143000,1465104212.975279,1465104217.976631,1465104218.063000
657,1465104212.143000,1465104212.892449,1465104217.893716,1465104217.979000
658,1465104212.143000,1465104212.811414,1465104217.812718,1465104217.917000
659,1465104212.143000,1465104212.859154,1465104217.860378,1465104217.940000
660,1465104212.143000,1465104212.859590,1465104217.861175,1465104217.950000
661,1465104212.144000,1465104212.865380,1465104217.866988,1465104217.947000
662,1465104212.144000,1465104212.944753,1465104217.946189,1465104218.031000
663,1465104212.144000,1465104212.817395,1465104217.822721,1465104217.900000
664,1465104212.144000,1465104212.891126,1465104217.892318,1465104217.965000
665,1465104212.144000,1465104212.879360,1465104217.880653,1465104217.960000
666,1465104212.144000,1465104212.805711,1465104217.807146,1465104217.886000
667,1465104212.144000,1465104212.867483,1465104217.869644,1465104217.950000
668,1465104212.144000,1465104212.846827,1465104217.848180,1465104217.922000
669,1465104212.144000,1465104212.864637,1465104217.865792,1465104217.966000
670,1465104212.144000,1465104212.865608,1465104217.866860,1465104217.951000
671,1465104212.144000,1465104212.820473,1465104217.821622,1465104217.909000
672,1465104212.144000,1465104212.860949,1465104217.862845,1465104217.951000
673,1465104212.144000,1465104212.885494,1465104217.886814,1465104217.965000
674,1465104212.144000,1465104212.847367,1465104217.848785,1465104217.935000
675,1465104212.144000,1465104212.842209,1465104217.843436,1465104217.930000
676,1465104212.144000,1465104212.871735,1465104217.873170,1465104217.958000
677,1465104212.144000,1465104212.879546,1465104217.880834,1465104217.951000
678,1465104212.144000,1465104212.852317,1465104217.853676,1465104217.941000
679,1465104212.144000,1465104212.846707,1465104217.847966,1465104217.928000
680,1465104212.144000,1465104212.809593,1465104217.810816,1465104217.893000
681,1465104212.144000,1465104212.839813,1465104217.841419,1465104217.912000
682,1465104212.144000,1465104212.838597,1465104217.840062,1465104217.919000
683,1465104212.144000,1465104212.904516,1465104217.905752,1465104218.001000
684,1465104212.144000,1465104212.970438,1465104217.971642,1465104218.042000
685,1465104212.144000,1465104212.845296,1465104217.857373,1465104217.933000
686,1465104212.145000,1465104212.803569,1465104217.805873,1465104217.881000
687,1465104212.145000,1465104212.919742,1465104217.921047,1465104218.006000
688,1465104212.145000,1465104212.861389,1465104217.874283,1465104217.963000
689,1465104212.145000,1465104212.841007,1465104217.842167,1465104217.919000
690,1465104212.145000,1465104212.881195,1465104217.882408,1465104217.968000
691,1465104212.145000,1465104212.922893,1465104217.924084,1465104218.001000
692,1465104212.145000,1465104212.846794,1465104217.848272,1465104217.935000
693,1465104212.145000,1465104212.802503,1465104217.803864,1465104217.893000
694,1465104212.145000,1465104212.875831,1465104217.877015,1465104217.945000
695,1465104212.145000,1465104212.852430,1465104217.853660,1465104217.950000
696,1465104212.145000,1465104212.866359,1465104217.867574,1465104217.963000
697,1465104212.145000,1465104212.862117,1465104217.863362,1465104217.953000
698,1465104212.145000,1465104212.874525,1465104217.875780,1465104217.964000
699,1465104212.145000,1465104212.861455,1465104217.862666,1465104217.949000
700,1465104212.145000,1465104212.822328,1465104217.823874,1465104217.911000
701,1465104212.145000,1465104212.855326,1465104217.856526,1465104217.937000
702,1465104212.145000,1465104212.921891,1465104217.923173,1465104218.008000
703,1465104212.145000,1465104212.881676,1465104217.882890,1465104217.971000
704,1465104212.145000,1465104212.922543,1465104217.923969,1465104218.025000
705,1465104212.145000,1465104212.857974,1465104217.859256,1465104217.956000
706,1465104212.145000,1465104212.822474,1465104217.823765,1465104217.909000
707,1465104212.145000,1465104212.889457,1465104217.890782,1465104217.970000
708,1465104212.146000,1465104212.851462,1465104217.852687,1465104217.953000
709,1465104212.146000,1465104212.840340,1465104217.841551,1465104217.927000
710,1465104212.146000,1465104212.867755,1465104217.869395,1465104217.954000
711,1465104212.146000,1465104212.849458,1465104217.851032,1465104217.932000
712,1465104212.146000,1465104212.908928,1465104217.910216,1465104217.995000
713,1465104212.146000,1465104212.885949,1465104217.887224,1465104217.966000
714,1465104212.146000,1465104212.955271,1465104217.956706,1465104218.044000
715,1465104212.146000,1465104212.870087,1465104217.871360,1465104217.952000
716,1465104212.146000,1465104212.891367,1465104217.892624,1465104217.979000
717,1465104212.146000,1465104212.812860,1465104217.814098,1465104217.891000
718,1465104212.146000,1465104212.871006,1465104217.872474,1465104217.948000
719,1465104212.146000,1465104212.864204,1465104217.865404,1465104217.951000
720,1465104212.146000,1465104212.855531,1465104217.856752,1465104217.936000
721,1465104212.146000,1465104212.853432,1465104217.854616,1465104217.941000
722,1465104212.146000,1465104212.970346,1465104217.971519,1465104218.029000
723,1465104212.146000,1465104212.892053,1465104217.893319,1465104217.989000
724,1465104212.146000,1465104212.860872,1465104217.862382,1465104217.941000
725,1465104212.146000,1465104212.866481,1465104217.870209,1465104217.951000
726,1465104212.146000,1465104212.974382,1465104217.975631,1465104218.033000
727,1465104212.146000,1465104212.854440,1465104217.855654,1465104217.940000
728,1465104212.146000,1465104212.844110,1465104217.845630,1465104217.946000
729,1465104212.146000,1465104212.885195,1465104217.886712,1465104217.957000
730,1465104212.146000,1465104212.871917,1465104217.873144,1465104217.943000
731,1465104212.146000,1465104212.922628,1465104217.923948,1465104218.005000
732,1465104212.146000,1465104212.797093,1465104217.798526,1465104217.874000
733,1465104212.147000,1465104212.915721,1465104217.921584,1465104217.978000
734,1465104212.147000,1465104212.908645,1465104217.909851,1465104217.979000
735,1465104212.147000,1465104212.935604,1465104217.936896,1465104218.025000
736,1465104212.147000,1465104212.946438,1465104217.947660,1465104218.028000
737,1465104212.147000,1465104212.871737,1465104217.872977,1465104217.958000
738,1465104212.147000,1465104212.843919,1465104217.845102,1465104217.936000
739,1465104212.147000,1465104212.932764,1465104217.934514,1465104218.024000
740,1465104212.147000,1465104212.955815,1465104217.957173,1465104218.048000
741,1465104212.147000,1465104212.861431,1465104217.862685,1465104217.944000
742,1465104212.147000,1465104212.956728,1465104217.958041,1465104218.037000
743,1465104212.147000,1465104212.817168,1465104217.818734,1465104217.905000
744,1465104212.147000,1465104212.894929,1465104217.896197,1465104217.977000
745,1465104212.147000,1465104212.840894,1465104217.842358,1465104217.913000
746,1465104212.147000,1465104212.934103,1465104217.935522,1465104218.025000
747,1465104212.147000,1465104212.889348,1465104217.890509,1465104217.967000
748,1465104212.147000,1465104212.861298,1465104217.862622,1465104217.948000
749,1465104212.147000,1465104212.882870,1465104217.884016,1465104217.961000
750,1465104212.147000,1465104212.843391,1465104217.844877,1465104217.945000
751,1465104212.147000,1465104213.003270,1465104218.004434,1465104218.082000
752,1465104212.147000,1465104212.885892,1465104217.905961,1465104217.986000
753,1465104212.147000,1465104212.884115,1465104217.885733,1465104217.964000
754,1465104212.147000,1465104212.883628,1465104217.884834,1465104217.942000
755,1465104212.147000,1465104212.852303,1465104217.854307,1465104217.933000
756,1465104212.148000,1465104212.858013,1465104217.859201,1465104217.938000
757,1465104212.148000,1465104212.879012,1465104217.880303,1465104217.965000
758,1465104212.148000,1465104212.876175,1465104217.877360,1465104217.959000
759,1465104212.148000,1465104212.841257,1465104217.842458,1465104217.928000
760,1465104212.148000,1465104212.874145,1465104217.875395,1465104217.955000
761,1465104212.148000,1465104212.816330,1465104217.818005,1465104217.905000
762,1465104212.148000,1465104212.880813,1465104217.882162,1465104217.957000
763,1465104212.148000,1465104212.999187,1465104218.000699,1465104218.082000
764,1465104212.148000,1465104212.835495,1465104217.836763,1465104217.914000
765,1465104212.148000,1465104212.875111,1465104217.876318,1465104217.956000
766,1465104212.148000,1465104212.849614,1465104217.850977,1465104217.920000
767,1465104212.148000,1465104212.875697,1465104217.876894,1465104217.962000
768,1465104212.148000,1465104212.848357,1465104217.849603,1465104217.935000
769,1465104212.148000,1465104212.821925,1465104217.823511,1465104217.904000
770,1465104212.148000,1465104212.904160,1465104217.905363,1465104217.974000
771,1465104212.148000,1465104212.867221,1465104217.868506,1465104217.958000
772,1465104212.148000,1465104213.027204,1465104218.028673,1465104218.099000
773,1465104212.148000,1465104212.929208,1465104217.930439,1465104217.999000
774,1465104212.148000,1465104212.846438,1465104217.847688,1465104217.925000
775,1465104212.148000,1465104212.870882,1465104217.872291,1465104217.952000
776,1465104212.148000,1465104212.926485,1465104217.927689,1465104218.006000
777,1465104212.148000,1465104212.807959,1465104217.810163,1465104217.884000
778,1465104212.148000,1465104212.870385,1465104217.871592,1465104217.929000
779,1465104212.149000,1465104212.866721,1465104217.868033,1465104217.946000
780,1465104212.149000,1465104212.876077,1465104217.877420,1465104217.957000
781,1465104212.149000,1465104212.825602,1465104217.827715,1465104217.908000
782,1465104212.151000,1465104212.835630,1465104217.836855,1465104217.911000
783,1465104212.157000,1465104212.843480,1465104217.847182,1465104217.923000
784,1465104212.174000,1465104212.845973,1465104217.847180,1465104217.927000
785,1465104212.174000,1465104212.874960,1465104217.876734,1465104217.957000
786,1465104212.180000,1465104212.920805,1465104217.922097,1465104218.007000
787,1465104212.186000,1465104212.845720,1465104217.846985,1465104217.925000
788,1465104212.186000,1465104212.867900,1465104217.869564,1465104217.951000
789,1465104212.228000,1465104212.884627,1465104217.886030,1465104217.965000
790,1465104212.228000,1465104212.853262,1465104217.854598,1465104217.934000
791,1465104212.237000,1465104212.936305,1465104217.937662,1465104218.017000
792,1465104212.237000,1465104212.910496,1465104217.912110,1465104217.969000
793,1465104212.237000,1465104212.879847,1465104217.881140,1465104217.959000
794,1465104212.238000,1465104212.874390,1465104217.875677,1465104217.961000
795,1465104212.238000,1465104212.885488,1465104217.887433,1465104217.957000
796,1465104212.239000,1465104212.851849,1465104217.853042,1465104217.950000
797,1465104212.239000,1465104212.871535,1465104217.872839,1465104217.958000
798,1465104212.239000,1465104212.947337,1465104217.948558,1465104218.033000
799,1465104212.239000,1465104212.876922,1465104217.878108,1465104217.964000
800,1465104212.239000,1465104212.892910,1465104217.894191,1465104217.951000
801,1465104212.239000,1465104212.956979,1465104217.958251,1465104218.026000
802,1465104212.239000,1465104212.946550,1465104217.957419,1465104218.033000
803,1465104212.239000,1465104212.906859,1465104217.908101,1465104217.989000
804,1465104212.239000,1465104212.969203,1465104217.971695,1465104218.061000
805,1465104212.239000,1465104212.944463,1465104217.945776,1465104218.031000
806,1465104212.239000,1465104212.993030,1465104217.994541,1465104218.068000
807,1465104212.239000,1465104212.976994,1465104217.978288,1465104218.059000
808,1465104212.239000,1465104212.942023,1465104217.943258,1465104218.014000
809,1465104212.239000,1465104212.968375,1465104217.969593,1465104218.066000
810,1465104212.239000,1465104212.947610,1465104217.948835,1465104218.027000
811,1465104212.240000,1465104213.016052,1465104218.017235,1465104218.097000
812,1465104212.240000,1465104212.915080,1465104217.916352,1465104217.997000
813,1465104212.240000,1465104212.999842,1465104218.001274,1465104218.082000
814,1465104212.240000,1465104212.969855,1465104217.971109,1465104218.058000
815,1465104212.240000,1465104212.999172,1465104218.000413,1465104218.091000
816,1465104212.240000,1465104212.922642,1465104217.923858,1465104218.010000
817,1465104212.240000,1465104212.984198,1465104217.985501,1465104218.074000
818,1465104212.240000,1465104213.010434,1465104218.011844,1465104218.107000
819,1465104212.240000,1465104212.949226,1465104217.950515,1465104218.041000
820,1465104212.240000,1465104212.987186,1465104217.988515,1465104218.068000
821,1465104212.240000,1465104212.974887,1465104217.976196,1465104218.065000
822,1465104212.240000,1465104213.031086,1465104218.037953,1465104218.119000
823,1465104212.240000,1465104212.986374,1465104217.987651,1465104218.067000
824,1465104212.240000,1465104213.029767,1465104218.030944,1465104218.087000
825,1465104212.240000,1465104212.909452,1465104217.910941,1465104217.990000
826,1465104212.240000,1465104212.966491,1465104217.967903,1465104218.054000
827,1465104212.241000,1465104212.966132,1465104217.967361,1465104218.046000
828,1465104212.241000,1465104212.901921,1465104217.903158,1465104217.989000
829,1465104212.241000,1465104212.979001,1465104217.980287,1465104218.069000
830,1465104212.241000,1465104212.979082,1465104217.980372,1465104218.076000
831,1465104212.241000,1465104212.969106,1465104217.970364,1465104218.051000
832,1465104212.241000,1465104213.002969,1465104218.004421,1465104218.075000
833,1465104212.241000,1465104212.968638,1465104217.969808,1465104218.056000
834,1465104212.241000,1465104213.009242,1465104218.010412,1465104218.088000
835,1465104212.241000,1465104212.957368,1465104217.958551,1465104218.049000
836,1465104212.241000,1465104212.993844,1465104217.995085,1465104218.083000
837,1465104212.241000,1465104212.957308,1465104217.958883,1465104218.035000
838,1465104212.241000,1465104212.958000,1465104217.959210,1465104218.055000
839,1465104212.241000,1465104212.972362,1465104217.974486,1465104218.053000
840,1465104212.241000,1465104212.983621,1465104217.984818,1465104218.081000
841,1465104212.241000,1465104213.025048,1465104218.026438,1465104218.107000
842,1465104212.241000,1465104213.024664,1465104218.026050,1465104218.097000
843,1465104212.241000,1465104212.927033,1465104217.928256,1465104218.014000
844,1465104212.241000,1465104212.994487,1465104217.995862,1465104218.097000
845,1465104212.241000,1465104212.965568,1465104217.966793,1465104218.045000
846,1465104212.242000,1465104212.996833,1465104217.998095,1465104218.076000
847,1465104212.241000,1465104212.953679,1465104217.955397,1465104218.035000
848,1465104212.241000,1465104212.991963,1465104217.993313,1465104218.080000
849,1465104212.241000,1465104212.956951,1465104217.958397,1465104218.015000
850,1465104212.241000,1465104212.939426,1465104217.951005,1465104218.037000
851,1465104212.241000,1465104212.941245,1465104217.942499,1465104218.021000
852,1465104212.242000,1465104213.027122,1465104218.028264,1465104218.106000
853,1465104212.242000,1465104213.011520,1465104218.012842,1465104218.101000
854,1465104212.241000,1465104213.007686,1465104218.008927,1465104218.082000
855,1465104212.241000,1465104212.976876,1465104217.978077,1465104218.046000
856,1465104212.241000,1465104213.007823,1465104218.009103,1465104218.088000
857,1465104212.241000,1465104212.857027,1465104217.858363,1465104217.955000
858,1465104212.242000,1465104212.974581,1465104217.975886,1465104218.072000
859,1465104212.241000,1465104212.878689,1465104217.879957,1465104217.961000
860,1465104212.242000,1465104212.977759,1465104217.979072,1465104218.074000
861,1465104212.241000,1465104212.982477,1465104217.983670,1465104218.064000
862,1465104212.242000,1465104212.927501,1465104217.943279,1465104218.016000
863,1465104212.241000,1465104212.954022,1465104217.955427,1465104218.041000
864,1465104212.242000,1465104213.000569,1465104218.001857,1465104218.070000
865,1465104212.242000,1465104212.955516,1465104217.957133,1465104218.039000
866,1465104212.242000,1465104212.956657,1465104217.957848,1465104218.044000
867,1465104212.242000,1465104212.886286,1465104217.887452,1465104217.989000
868,1465104212.242000,1465104213.009524,1465104218.010873,1465104218.100000
869,1465104212.242000,1465104213.018075,1465104218.019469,1465104218.093000
870,1465104212.242000,1465104213.019081,1465104218.020345,1465104218.109000
871,1465104212.242000,1465104212.931947,1465104217.951419,1465104218.040000
872,1465104212.242000,1465104213.001102,1465104218.002421,1465104218.084000
873,1465104212.242000,1465104212.996394,1465104217.997555,1465104218.097000
874,1465104212.242000,1465104212.986392,1465104217.987611,1465104218.067000
875,1465104212.242000,1465104212.996908,1465104217.998176,1465104218.095000
876,1465104212.242000,1465104212.979737,1465104217.981240,1465104218.057000
877,1465104212.242000,1465104212.992414,1465104217.994304,1465104218.068000
878,1465104212.242000,1465104212.957156,1465104217.958378,1465104218.045000
879,1465104212.242000,1465104212.946146,1465104217.947436,1465104218.016000
880,1465104212.242000,1465104213.000670,1465104218.001901,1465104218.091000
881,1465104212.243000,1465104213.005951,1465104218.007204,1465104218.095000
882,1465104212.243000,1465104212.973766,1465104217.975947,1465104218.054000
883,1465104212.242000,1465104212.962747,1465104217.964440,1465104218.044000
884,1465104212.242000,1465104213.008058,1465104218.009373,1465104218.098000
885,1465104212.243000,1465104212.989850,1465104217.991274,1465104218.077000
886,1465104212.242000,1465104212.970392,1465104217.975262,1465104218.054000
887,1465104212.243000,1465104212.944147,1465104217.945472,1465104218.025000
888,1465104212.245000,1465104212.922136,1465104217.923319,1465104218.005000
889,1465104212.242000,1465104212.979094,1465104217.980223,1465104218.058000
890,1465104212.243000,1465104212.978816,1465104217.979996,1465104218.058000
891,1465104212.242000,1465104212.955694,1465104217.956897,1465104218.035000
892,1465104212.243000,1465104213.037204,1465104218.038453,1465104218.095000
893,1465104212.243000,1465104212.990136,1465104217.991628,1465104218.080000
894,1465104212.245000,1465104213.024199,1465104218.026204,1465104218.097000
895,1465104212.243000,1465104212.987281,1465104217.988495,1465104218.073000
896,1465104212.244000,1465104212.957233,1465104217.958415,1465104218.054000
897,1465104212.243000,1465104213.011066,1465104218.012294,1465104218.081000
898,1465104212.243000,1465104212.968131,1465104217.969305,1465104218.070000
899,1465104212.243000,1465104212.980373,1465104217.981882,1465104218.066000
900,1465104212.243000,1465104212.981929,1465104217.983215,1465104218.074000
901,1465104212.244000,1465104212.965572,1465104217.966772,1465104218.046000
902,1465104212.244000,1465104212.928338,1465104217.929530,1465104218.026000
903,1465104212.244000,1465104212.885777,1465104217.886962,1465104217.972000
904,1465104212.243000,1465104212.970828,1465104217.971988,1465104218.049000
905,1465104212.243000,1465104212.972010,1465104217.974479,1465104218.053000
906,1465104212.243000,1465104212.998399,1465104217.999714,1465104218.097000
907,1465104212.244000,1465104213.006207,1465104218.007492,1465104218.087000
908,1465104212.244000,1465104212.919366,1465104217.921016,1465104218.022000
909,1465104212.245000,1465104213.005708,1465104218.007113,1465104218.077000
910,1465104212.243000,1465104212.991167,1465104217.992537,1465104218.078000
911,1465104212.244000,1465104212.964585,1465104217.965832,1465104218.043000
912,1465104212.244000,1465104213.030488,1465104218.031808,1465104218.100000
913,1465104212.244000,1465104212.997543,1465104217.998820,1465104218.079000
914,1465104212.247000,1465104212.996600,1465104217.997879,1465104218.082000
915,1465104212.243000,1465104212.923801,1465104217.924979,1465104218.026000
916,1465104212.243000,1465104212.920741,1465104217.922074,1465104218.023000
917,1465104212.246000,1465104213.006581,1465104218.007880,1465104218.087000
918,1465104212.243000,1465104212.909362,1465104217.910646,1465104217.991000
919,1465104212.243000,1465104212.992859,1465104217.994159,1465104218.074000
920,1465104212.243000,1465104213.010438,1465104218.026970,1465104218.098000
921,1465104212.243000,1465104213.010536,1465104218.011988,1465104218.100000
922,1465104212.243000,1465104212.903043,1465104217.904396,1465104218.000000
923,1465104212.243000,1465104212.978813,1465104217.980088,1465104218.065000
924,1465104212.243000,1465104212.987527,1465104217.988844,1465104218.058000
925,1465104212.246000,1465104212.989355,1465104217.990862,1465104218.079000
926,1465104212.243000,1465104212.914384,1465104217.915599,1465104218.012000
927,1465104212.243000,1465104212.979518,1465104217.994525,1465104218.074000
928,1465104212.244000,1465104212.987860,1465104217.989047,1465104218.068000
929,1465104212.243000,1465104212.945580,1465104217.946824,1465104218.035000
930,1465104212.243000,1465104213.011829,1465104218.013088,1465104218.094000
931,1465104212.243000,1465104212.990804,1465104217.991993,1465104218.092000
932,1465104212.243000,1465104212.960593,1465104217.961833,1465104218.035000
933,1465104212.243000,1465104212.992778,1465104217.994036,1465104218.072000
934,1465104212.244000,1465104213.322361,1465104218.323608,1465104218.404000
935,1465104212.245000,1465104212.969462,1465104217.970644,1465104218.048000
936,1465104212.244000,1465104213.024447,1465104218.025715,1465104218.083000
937,1465104212.243000,1465104212.963263,1465104217.964516,1465104218.050000
938,1465104212.243000,1465104212.996275,1465104217.997996,1465104218.073000
939,1465104212.243000,1465104212.977197,1465104217.978347,1465104218.080000
940,1465104212.245000,1465104213.010287,1465104218.012009,1465104218.082000
941,1465104212.244000,1465104212.977587,1465104217.978830,1465104218.056000
942,1465104212.244000,1465104213.000279,1465104218.001888,1465104218.083000
943,1465104212.244000,1465104212.981801,1465104217.983040,1465104218.068000
944,1465104212.244000,1465104213.004838,1465104218.006348,1465104218.077000
945,1465104212.244000,1465104212.977452,1465104217.978919,1465104218.057000
946,1465104212.244000,1465104213.019379,1465104218.020863,1465104218.106000
947,1465104212.245000,1465104213.004862,1465104218.006098,1465104218.095000
948,1465104212.244000,1465104212.994189,1465104217.995718,1465104218.071000
949,1465104212.244000,1465104212.955799,1465104217.957139,1465104218.054000
950,1465104212.244000,1465104213.034163,1465104218.035408,1465104218.092000
951,1465104212.244000,1465104212.995488,1465104217.997541,1465104218.073000
952,1465104212.245000,1465104212.976688,1465104217.977900,1465104218.057000
953,1465104212.244000,1465104212.955403,1465104217.956709,1465104218.030000
954,1465104212.245000,1465104212.997018,1465104217.998200,1465104218.056000
955,1465104212.244000,1465104212.963740,1465104217.965005,1465104218.052000
956,1465104212.244000,1465104212.979553,1465104217.981695,1465104218.061000
957,1465104212.245000,1465104212.959662,1465104217.960933,1465104218.030000
958,1465104212.247000,1465104212.961103,1465104217.962376,1465104218.047000
959,1465104212.246000,1465104213.020127,1465104218.021480,1465104218.110000
960,1465104212.244000,1465104212.998695,1465104217.999900,1465104218.078000
961,1465104212.247000,1465104212.960215,1465104217.961753,1465104218.047000
962,1465104212.245000,1465104213.020884,1465104218.022939,1465104218.103000
963,1465104212.247000,1465104213.006766,1465104218.008119,1465104218.089000
964,1465104212.248000,1465104213.015187,1465104218.016501,1465104218.097000
965,1465104212.245000,1465104212.998304,1465104217.999893,1465104218.080000
966,1465104212.245000,1465104212.951653,1465104217.952928,1465104218.042000
967,1465104212.259000,1465104212.983567,1465104217.984793,1465104218.063000
968,1465104212.245000,1465104212.932498,1465104217.933803,1465104218.029000
969,1465104212.245000,1465104212.964996,1465104217.966156,1465104218.063000
970,1465104212.245000,1465104212.967413,1465104217.968635,1465104218.051000
971,1465104212.248000,1465104212.979548,1465104217.980783,1465104218.084000
972,1465104212.246000,1465104213.001153,1465104218.002362,1465104218.087000
973,1465104212.245000,1465104213.002706,1465104218.003939,1465104218.084000
974,1465104212.245000,1465104212.887726,1465104217.889170,1465104217.965000
975,1465104212.246000,1465104213.006756,1465104218.008356,1465104218.089000
976,1465104212.260000,1465104213.020809,1465104218.021970,1465104218.097000
977,1465104212.245000,1465104212.989081,1465104217.990511,1465104218.077000
978,1465104212.245000,1465104212.977203,1465104217.978475,1465104218.065000
979,1465104212.246000,1465104213.030303,1465104218.031488,1465104218.100000
980,1465104212.245000,1465104212.918624,1465104217.920010,1465104218.009000
981,1465104212.245000,1465104213.021525,1465104218.037947,1465104218.127000
982,1465104212.245000,1465104212.956378,1465104217.957670,1465104218.047000
983,1465104212.247000,1465104213.024831,1465104218.026018,1465104218.105000
984,1465104212.245000,1465104212.991267,1465104217.992506,1465104218.089000
985,1465104212.245000,1465104213.041906,1465104218.043100,1465104218.100000
986,1465104212.246000,1465104213.025898,1465104218.027178,1465104218.105000
987,1465104212.245000,1465104212.931306,1465104217.932521,1465104218.006000
988,1465104212.245000,1465104212.916578,1465104217.918072,1465104218.005000
989,1465104212.249000,1465104213.011465,1465104218.012615,1465104218.090000
990,1465104212.245000,1465104213.016969,1465104218.018720,1465104218.105000
991,1465104212.248000,1465104213.023889,1465104218.025545,1465104218.111000
992,1465104212.245000,1465104212.945767,1465104217.957856,1465104218.033000
993,1465104212.245000,1465104212.983546,1465104217.984751,1465104218.073000
994,1465104212.248000,1465104212.981461,1465104217.982851,1465104218.070000
995,1465104212.245000,1465104212.980169,1465104217.981472,1465104218.068000
996,1465104212.245000,1465104212.970233,1465104217.971954,1465104218.050000
997,1465104212.248000,1465104212.967546,1465104217.968789,1465104218.055000
998,1465104212.247000,1465104212.991313,1465104217.992536,1465104218.071000
999,1465104212.247000,1465104212.985253,1465104217.986796,1465104218.065000
