0,1465104444.970000,1465104445.943815,1465104450.945418,1465104451.029000
1,1465104444.970000,1465104445.622968,1465104450.624595,1465104450.703000
2,1465104444.970000,1465104445.627960,1465104450.629486,1465104450.709000
3,1465104444.970000,1465104445.668528,1465104450.670048,1465104450.754000
4,1465104444.970000,1465104445.925129,1465104450.926388,1465104451.004000
5,1465104444.970000,1465104445.615424,1465104450.616883,1465104450.697000
6,1465104444.970000,1465104445.605912,1465104450.607520,1465104450.693000
7,1465104444.970000,1465104445.615278,1465104450.616763,1465104450.714000
8,1465104444.971000,1465104445.680930,1465104450.682113,1465104450.754000
9,1465104444.971000,1465104445.667804,1465104450.669046,1465104450.730000
10,1465104444.971000,1465104445.671828,1465104450.673045,1465104450.754000
11,1465104444.971000,1465104445.629253,1465104450.632124,1465104450.706000
12,1465104444.971000,1465104445.596886,1465104450.598624,1465104450.680000
13,1465104444.971000,1465104445.644148,1465104450.645415,1465104450.724000
14,1465104444.971000,1465104445.940102,1465104450.941267,1465104451.019000
15,1465104444.971000,1465104445.635219,1465104450.636452,1465104450.724000
16,1465104444.971000,1465104445.651358,1465104450.652603,1465104450.731000
17,1465104444.971000,1465104445.621262,1465104450.622823,1465104450.704000
18,1465104444.971000,1465104445.652071,1465104450.653365,1465104450.733000
19,1465104444.971000,1465104445.690674,1465104450.692177,1465104450.768000
20,1465104444.972000,1465104445.916302,1465104450.917492,1465104451.005000
21,1465104444.972000,1465104445.691806,1465104450.693042,1465104450.771000
22,1465104444.972000,1465104445.680518,1465104450.681800,1465104450.762000
23,1465104444.973000,1465104445.674169,1465104450.675426,1465104450.755000
24,1465104444.973000,1465104445.701914,1465104450.703164,1465104450.773000
25,1465104444.973000,1465104445.692784,1465104450.694065,1465104450.775000
26,1465104444.973000,1465104445.944991,1465104450.946384,1465104451.025000
27,1465104444.973000,1465104447.460391,1465104452.471235,1465104452.556000
28,1465104444.973000,1465104445.665512,1465104450.666787,1465104450.752000
29,1465104444.974000,1465104445.599121,1465104450.600703,1465104450.690000
30,1465104444.974000,1465104445.646862,1465104450.648156,1465104450.733000
31,1465104444.974000,1465104445.636374,1465104450.638035,1465104450.723000
32,1465104444.975000,1465104445.687368,1465104450.688669,1465104450.758000
33,1465104444.976000,1465104445.614853,1465104450.616362,1465104450.697000
34,1465104444.977000,1465104445.648932,1465104450.650408,1465104450.739000
35,1465104444.977000,1465104446.005548,1465104451.006860,1465104451.078000
36,1465104444.977000,1465104445.618264,1465104450.619957,1465104450.700000
37,1465104444.977000,1465104445.597845,1465104450.603705,1465104450.705000
38,1465104444.977000,1465104445.606797,1465104450.608417,1465104450.688000
39,1465104444.977000,1465104445.937369,1465104450.938616,1465104451.028000
40,1465104444.977000,1465104445.649969,1465104450.659194,1465104450.738000
41,1465104444.977000,1465104445.627631,1465104450.629137,1465104450.716000
42,1465104444.977000,1465104445.695387,1465104450.696679,1465104450.785000
43,1465104444.977000,1465104445.925062,1465104450.926272,1465104451.005000
44,1465104444.977000,1465104445.663826,1465104450.665125,1465104450.754000
45,1465104444.977000,1465104445.655793,1465104450.657738,1465104450.729000
46,1465104444.977000,0.000000,0.000000,0.000000
47,1465104444.978000,1465104445.635692,1465104450.637166,1465104450.713000
48,1465104444.978000,1465104445.945134,1465104450.946371,1465104451.029000
49,1465104444.978000,1465104445.649188,1465104450.650596,1465104450.738000
50,1465104444.980000,1465104445.640896,1465104450.642212,1465104450.721000
51,1465104444.980000,1465104445.676770,1465104450.677943,1465104450.749000
52,1465104444.980000,1465104445.682966,1465104450.684336,1465104450.770000
53,1465104444.981000,1465104445.925166,1465104450.926457,1465104451.008000
54,1465104444.982000,1465104445.628267,1465104450.630096,1465104450.691000
55,1465104444.985000,1465104445.659008,1465104450.660273,1465104450.740000
56,1465104444.985000,1465104445.638043,1465104450.639742,1465104450.713000
57,1465104444.985000,1465104445.620740,1465104450.622006,1465104450.702000
58,1465104444.985000,1465104445.653240,1465104450.670029,1465104450.741000
59,1465104444.985000,1465104447.454389,1465104452.455807,1465104452.533000
60,1465104444.985000,1465104445.962929,1465104450.964463,1465104451.045000
61,1465104444.985000,1465104445.647615,1465104450.648770,1465104450.721000
62,1465104444.985000,1465104445.652246,1465104450.653758,1465104450.741000
63,1465104444.985000,1465104445.646129,1465104450.653721,1465104450.734000
64,1465104444.985000,1465104445.629708,1465104450.631017,1465104450.692000
65,1465104444.985000,1465104445.609594,1465104450.611125,1465104450.691000
66,1465104444.985000,1465104445.655244,1465104450.656442,1465104450.745000
67,1465104444.985000,1465104445.703954,1465104450.705133,1465104450.792000
68,1465104444.985000,1465104445.718805,1465104450.720129,1465104450.800000
69,1465104444.985000,1465104445.619618,1465104450.620962,1465104450.710000
70,1465104444.985000,1465104445.906341,1465104450.907731,1465104450.983000
71,1465104444.985000,1465104445.921470,1465104450.922679,1465104451.009000
72,1465104444.986000,1465104445.892160,1465104450.898655,1465104450.987000
73,1465104444.986000,1465104445.675304,1465104450.676511,1465104450.773000
74,1465104444.986000,1465104445.950832,1465104450.952139,1465104451.039000
75,1465104444.986000,1465104445.681124,1465104450.682366,1465104450.771000
76,1465104444.986000,1465104445.958712,1465104450.960072,1465104451.034000
77,1465104444.986000,1465104445.659331,1465104450.660584,1465104450.739000
78,1465104444.986000,1465104445.955906,1465104450.957109,1465104451.032000
79,1465104444.986000,1465104445.649900,1465104450.651794,1465104450.732000
80,1465104444.986000,1465104445.669096,1465104450.670345,1465104450.750000
81,1465104444.986000,1465104445.663430,1465104450.665047,1465104450.743000
82,1465104444.986000,1465104445.934089,1465104450.935317,1465104451.016000
83,1465104444.986000,1465104445.637564,1465104450.639742,1465104450.712000
84,1465104444.986000,1465104445.899421,1465104450.900665,1465104450.981000
85,1465104444.986000,1465104445.688411,1465104450.689688,1465104450.776000
86,1465104444.986000,1465104445.929165,1465104450.930753,1465104451.006000
87,1465104444.987000,1465104445.991867,1465104450.993213,1465104451.071000
88,1465104444.987000,0.000000,0.000000,0.000000
89,1465104444.987000,1465104445.640892,1465104450.642117,1465104450.731000
90,1465104444.987000,1465104445.647886,1465104450.649582,1465104450.739000
91,1465104444.987000,1465104445.990422,1465104450.991750,1465104451.076000
92,1465104444.987000,1465104445.882613,1465104450.883794,1465104450.981000
93,1465104444.987000,1465104445.664487,1465104450.677103,1465104450.753000
94,1465104444.987000,1465104445.640910,1465104450.651785,1465104450.739000
95,1465104444.987000,0.000000,0.000000,0.000000
96,1465104444.987000,1465104445.968128,1465104450.971040,1465104451.051000
97,1465104444.987000,1465104445.655621,1465104450.659409,1465104450.739000
98,1465104444.987000,1465104445.694574,1465104450.695835,1465104450.777000
99,1465104444.987000,1465104445.976010,1465104450.977200,1465104451.055000
100,1465104444.987000,0.000000,0.000000,0.000000
101,1465104444.987000,1465104445.632243,1465104450.633574,1465104450.708000
102,1465104444.987000,1465104445.684730,1465104450.686005,1465104450.767000
103,1465104444.987000,1465104445.957837,1465104450.959117,1465104451.061000
104,1465104444.987000,1465104445.710014,1465104450.711216,1465104450.782000
105,1465104444.989000,1465104445.972621,1465104450.974139,1465104451.054000
106,1465104444.992000,1465104446.001341,1465104451.002635,1465104451.084000
107,1465104444.992000,1465104445.887352,1465104450.888657,1465104450.990000
108,1465104444.994000,1465104445.631427,1465104450.632900,1465104450.710000
109,1465104444.994000,1465104445.927868,1465104450.946883,1465104451.026000
110,1465104444.994000,1465104445.994191,1465104450.995631,1465104451.076000
111,1465104444.994000,1465104447.486250,1465104452.488004,1465104452.575000
112,1465104444.995000,1465104445.650791,1465104450.652021,1465104450.741000
113,1465104444.995000,1465104445.688067,1465104450.689391,1465104450.775000
114,1465104444.996000,1465104445.683580,1465104450.685251,1465104450.755000
115,1465104444.996000,1465104445.897348,1465104450.898675,1465104450.978000
116,1465104444.996000,1465104445.620654,1465104450.622177,1465104450.699000
117,1465104444.996000,1465104447.482114,1465104452.484041,1465104452.573000
118,1465104444.996000,1465104447.448980,1465104452.450505,1465104452.539000
119,1465104444.996000,1465104447.465622,1465104452.467116,1465104452.548000
120,1465104444.996000,1465104445.689843,1465104450.691147,1465104450.780000
121,1465104444.996000,1465104445.648799,1465104450.650045,1465104450.751000
122,1465104444.996000,0.000000,0.000000,0.000000
123,1465104444.996000,1465104447.454765,1465104452.456283,1465104452.541000
124,1465104444.996000,1465104445.634011,1465104450.635212,1465104450.724000
125,1465104444.996000,1465104445.730965,1465104450.733740,1465104450.814000
126,1465104444.996000,1465104445.671287,1465104450.672602,1465104450.770000
127,1465104444.996000,1465104445.659681,1465104450.660897,1465104450.741000
128,1465104444.996000,1465104445.646771,1465104450.648040,1465104450.729000
129,1465104444.997000,1465104445.904177,1465104450.905412,1465104450.994000
130,1465104444.997000,1465104446.012787,1465104451.014048,1465104451.086000
131,1465104444.997000,1465104445.970035,1465104450.971299,1465104451.068000
132,1465104444.997000,1465104445.884165,1465104450.885367,1465104450.983000
133,1465104444.997000,1465104445.648665,1465104450.650022,1465104450.730000
134,1465104444.998000,1465104445.623875,1465104450.625064,1465104450.723000
135,1465104444.998000,1465104445.905317,1465104450.906760,1465104450.986000
136,1465104444.998000,1465104445.633128,1465104450.634654,1465104450.712000
137,1465104444.998000,1465104445.998639,1465104450.999822,1465104451.085000
138,1465104444.998000,1465104445.999916,1465104451.001496,1465104451.081000
139,1465104444.998000,1465104446.000196,1465104451.001716,1465104451.084000
140,1465104444.998000,1465104445.659562,1465104450.660886,1465104450.746000
141,1465104444.998000,1465104445.618143,1465104450.619621,1465104450.707000
142,1465104444.999000,1465104445.658022,1465104450.665944,1465104450.745000
143,1465104444.999000,1465104445.924374,1465104450.925648,1465104451.005000
144,1465104444.999000,1465104445.673855,1465104450.675146,1465104450.764000
145,1465104444.999000,1465104445.974722,1465104450.976024,1465104451.061000
146,1465104444.999000,1465104445.948449,1465104450.949642,1465104451.027000
147,1465104444.999000,1465104445.691569,1465104450.692795,1465104450.773000
148,1465104444.999000,1465104447.471910,1465104452.487097,1465104452.567000
149,1465104444.999000,1465104445.653501,1465104450.654778,1465104450.743000
150,1465104444.999000,1465104445.696924,1465104450.698157,1465104450.786000
151,1465104444.999000,1465104445.968930,1465104450.970248,1465104451.053000
152,1465104444.999000,1465104445.953004,1465104450.971391,1465104451.051000
153,1465104444.999000,1465104445.649728,1465104450.653814,1465104450.734000
154,1465104445.000000,1465104445.636180,1465104450.637418,1465104450.714000
155,1465104445.000000,1465104445.662900,1465104450.664378,1465104450.742000
156,1465104445.000000,1465104445.687074,1465104450.692613,1465104450.767000
157,1465104445.000000,1465104445.685435,1465104450.686962,1465104450.785000
158,1465104445.000000,1465104445.706171,1465104450.707450,1465104450.777000
159,1465104445.000000,1465104445.921218,1465104450.922399,1465104451.009000
160,1465104445.001000,1465104445.635995,1465104450.637301,1465104450.711000
161,1465104445.001000,1465104446.006054,1465104451.007270,1465104451.080000
162,1465104445.001000,1465104445.931662,1465104450.932930,1465104451.015000
163,1465104445.001000,1465104445.911265,1465104450.912584,1465104450.987000
164,1465104445.001000,1465104445.964649,1465104450.965904,1465104451.048000
165,1465104445.001000,1465104446.009052,1465104451.010312,1465104451.091000
166,1465104445.001000,1465104445.732811,1465104450.740299,1465104450.816000
167,1465104445.001000,1465104445.965837,1465104450.967073,1465104451.042000
168,1465104445.001000,1465104445.696039,1465104450.706887,1465104450.787000
169,1465104445.001000,1465104445.689957,1465104450.691161,1465104450.773000
170,1465104445.001000,1465104445.943759,1465104450.945108,1465104451.023000
171,1465104445.001000,1465104445.967214,1465104450.968452,1465104451.051000
172,1465104445.001000,1465104445.927724,1465104450.928954,1465104451.006000
173,1465104445.002000,1465104445.966927,1465104450.968256,1465104451.047000
174,1465104445.002000,1465104445.664126,1465104450.665356,1465104450.746000
175,1465104445.002000,1465104445.719594,1465104450.737357,1465104450.813000
176,1465104445.002000,1465104445.721427,1465104450.723316,1465104450.808000
177,1465104445.002000,1465104445.953662,1465104450.955014,1465104451.036000
178,1465104445.002000,1465104445.995980,1465104451.011522,1465104451.095000
179,1465104445.002000,1465104445.701185,1465104450.702414,1465104450.790000
180,1465104445.002000,1465104445.674976,1465104450.676221,1465104450.754000
181,1465104445.002000,1465104445.967242,1465104450.968937,1465104451.049000
182,1465104445.002000,1465104445.675239,1465104450.676703,1465104450.765000
183,1465104445.002000,1465104445.700198,1465104450.701436,1465104450.787000
184,1465104445.002000,1465104445.655946,1465104450.657467,1465104450.743000
185,1465104445.002000,1465104445.645105,1465104450.646878,1465104450.732000
186,1465104445.002000,1465104445.945435,1465104450.946663,1465104451.021000
187,1465104445.002000,1465104445.709891,1465104450.711181,1465104450.790000
188,1465104445.002000,1465104445.656297,1465104450.658214,1465104450.737000
189,1465104445.002000,1465104445.638410,1465104450.639708,1465104450.725000
190,1465104445.002000,1465104445.710741,1465104450.726656,1465104450.807000
191,1465104445.002000,1465104445.720239,1465104450.721844,1465104450.801000
192,1465104445.002000,1465104445.896350,1465104450.897554,1465104450.981000
193,1465104445.002000,1465104445.641047,1465104450.642854,1465104450.723000
194,1465104445.002000,1465104445.680615,1465104450.681972,1465104450.763000
195,1465104445.002000,1465104445.967522,1465104450.969004,1465104451.049000
196,1465104445.002000,1465104445.941416,1465104450.951842,1465104451.035000
197,1465104445.002000,1465104445.969499,1465104450.971001,1465104451.042000
198,1465104445.002000,1465104447.482521,1465104452.494213,1465104452.583000
199,1465104445.002000,1465104445.710023,1465104450.711379,1465104450.789000
200,1465104445.002000,1465104445.672809,1465104450.674236,1465104450.749000
201,1465104445.002000,1465104445.923347,1465104450.924810,1465104451.001000
202,1465104445.002000,1465104445.884327,1465104450.885477,1465104450.984000
203,1465104445.002000,1465104445.708385,1465104450.727019,1465104450.807000
204,1465104445.002000,1465104445.637213,1465104450.638821,1465104450.724000
205,1465104445.003000,1465104445.712244,1465104450.713536,1465104450.803000
206,1465104445.003000,1465104445.964092,1465104450.965596,1465104451.051000
207,1465104445.003000,1465104445.632688,1465104450.633956,1465104450.735000
208,1465104445.003000,1465104445.707329,1465104450.708615,1465104450.798000
209,1465104445.003000,1465104445.995355,1465104450.996614,1465104451.074000
210,1465104445.003000,1465104447.497612,1465104452.499151,1465104452.584000
211,1465104445.003000,1465104446.011854,1465104451.013125,1465104451.098000
212,1465104445.003000,1465104445.653482,1465104450.654722,1465104450.742000
213,1465104445.003000,1465104445.647234,1465104450.649219,1465104450.738000
214,1465104445.003000,1465104445.658821,1465104450.660191,1465104450.740000
215,1465104445.003000,1465104445.948399,1465104450.949622,1465104451.030000
216,1465104445.003000,1465104445.987867,1465104450.989361,1465104451.069000
217,1465104445.003000,1465104445.666107,1465104450.667343,1465104450.744000
218,1465104445.003000,1465104445.657892,1465104450.659127,1465104450.731000
219,1465104445.003000,1465104445.956811,1465104450.958076,1465104451.037000
220,1465104445.003000,1465104445.660947,1465104450.662270,1465104450.747000
221,1465104445.003000,1465104445.650532,1465104450.651790,1465104450.738000
222,1465104445.003000,1465104445.713853,1465104450.717069,1465104450.797000
223,1465104445.003000,0.000000,0.000000,0.000000
224,1465104445.003000,1465104445.975067,1465104450.976284,1465104451.055000
225,1465104445.003000,1465104445.722485,1465104450.723752,1465104450.801000
226,1465104445.003000,1465104445.969131,1465104450.970616,1465104451.051000
227,1465104445.003000,1465104445.704477,1465104450.705650,1465104450.795000
228,1465104445.003000,1465104445.714373,1465104450.715622,1465104450.790000
229,1465104445.003000,1465104445.712080,1465104450.713595,1465104450.789000
230,1465104445.003000,1465104445.956001,1465104450.957292,1465104451.037000
231,1465104445.003000,1465104445.722871,1465104450.724253,1465104450.802000
232,1465104445.003000,1465104445.670989,1465104450.672650,1465104450.748000
233,1465104445.003000,1465104445.627978,1465104450.629493,1465104450.715000
234,1465104445.003000,1465104445.993063,1465104450.994837,1465104451.075000
235,1465104445.003000,1465104445.989523,1465104450.991276,1465104451.072000
236,1465104445.003000,0.000000,0.000000,0.000000
237,1465104445.003000,1465104445.641014,1465104450.642513,1465104450.723000
238,1465104445.003000,1465104445.746089,1465104450.747449,1465104450.817000
239,1465104445.003000,1465104445.736986,1465104450.739343,1465104450.825000
240,1465104445.003000,1465104445.931937,1465104450.933206,1465104451.011000
241,1465104445.004000,1465104445.976048,1465104450.977321,1465104451.050000
242,1465104445.004000,1465104446.018162,1465104451.019641,1465104451.100000
243,1465104445.004000,1465104445.979303,1465104450.980600,1465104451.062000
244,1465104445.004000,1465104445.994471,1465104450.995638,1465104451.066000
245,1465104445.004000,1465104445.890109,1465104450.891263,1465104450.990000
246,1465104445.004000,1465104445.981076,1465104450.982276,1465104451.065000
247,1465104445.004000,1465104447.472007,1465104452.473791,1465104452.554000
248,1465104445.004000,1465104445.951370,1465104450.952698,1465104451.034000
249,1465104445.004000,1465104445.698739,1465104450.699974,1465104450.796000
250,1465104445.004000,1465104445.667218,1465104450.668697,1465104450.751000
251,1465104445.004000,1465104445.726082,1465104450.727347,1465104450.798000
252,1465104445.004000,1465104445.703063,1465104450.704255,1465104450.765000
253,1465104445.004000,1465104445.701994,1465104450.703188,1465104450.780000
254,1465104445.004000,1465104445.972524,1465104450.973766,1465104451.054000
255,1465104445.004000,1465104445.666807,1465104450.668033,1465104450.748000
256,1465104445.004000,1465104445.648318,1465104450.649553,1465104450.735000
257,1465104445.004000,1465104445.719316,1465104450.720695,1465104450.800000
258,1465104445.004000,1465104445.648391,1465104450.664076,1465104450.752000
259,1465104445.004000,1465104445.973316,1465104450.974406,1465104451.052000
260,1465104445.004000,1465104445.658751,1465104450.660038,1465104450.746000
261,1465104445.004000,1465104445.707114,1465104450.708440,1465104450.789000
262,1465104445.004000,1465104446.001578,1465104451.002813,1465104451.086000
263,1465104445.004000,1465104445.985192,1465104450.986444,1465104451.071000
264,1465104445.004000,1465104445.720399,1465104450.721812,1465104450.797000
265,1465104445.004000,1465104445.938769,1465104450.939989,1465104451.029000
266,1465104445.004000,1465104447.459132,1465104452.460542,1465104452.546000
267,1465104445.004000,1465104445.715329,1465104450.716559,1465104450.806000
268,1465104445.004000,1465104445.998741,1465104451.000034,1465104451.080000
269,1465104445.004000,1465104445.914850,1465104450.916177,1465104450.995000
270,1465104445.004000,1465104445.652159,1465104450.653476,1465104450.728000
271,1465104445.004000,1465104446.008498,1465104451.009713,1465104451.085000
272,1465104445.005000,1465104445.707782,1465104450.726472,1465104450.805000
273,1465104445.005000,1465104445.740821,1465104450.743742,1465104450.813000
274,1465104445.006000,1465104445.986847,1465104450.988027,1465104451.073000
275,1465104445.008000,1465104446.009991,1465104451.011414,1465104451.096000
276,1465104445.009000,1465104445.951186,1465104450.952685,1465104451.028000
277,1465104445.031000,1465104445.663444,1465104450.682325,1465104450.760000
278,1465104445.031000,1465104445.739451,1465104450.740670,1465104450.820000
279,1465104445.031000,1465104445.925191,1465104450.926444,1465104451.013000
280,1465104445.032000,1465104445.952025,1465104450.953321,1465104451.033000
281,1465104445.032000,1465104445.708484,1465104450.709665,1465104450.797000
282,1465104445.032000,1465104445.701528,1465104450.702961,1465104450.786000
283,1465104445.032000,1465104445.715658,1465104450.716949,1465104450.797000
284,1465104445.032000,1465104445.974669,1465104450.975870,1465104451.046000
285,1465104445.032000,1465104445.675667,1465104450.677615,1465104450.753000
286,1465104445.032000,1465104445.945805,1465104450.946991,1465104451.024000
287,1465104445.032000,1465104445.701985,1465104450.703261,1465104450.784000
288,1465104445.032000,1465104445.963924,1465104450.965208,1465104451.041000
289,1465104445.032000,1465104445.989842,1465104450.991015,1465104451.073000
290,1465104445.032000,1465104445.958080,1465104450.959480,1465104451.021000
291,1465104445.032000,1465104445.745134,1465104450.747233,1465104450.819000
292,1465104445.032000,1465104445.971622,1465104450.972910,1465104451.034000
293,1465104445.032000,1465104445.624800,1465104450.626040,1465104450.715000
294,1465104445.033000,1465104445.734229,1465104450.735715,1465104450.824000
295,1465104445.033000,1465104445.984331,1465104450.985514,1465104451.058000
296,1465104445.034000,1465104445.717983,1465104450.719456,1465104450.795000
297,1465104445.034000,1465104445.622190,1465104450.623462,1465104450.721000
298,1465104445.034000,1465104445.642247,1465104450.643626,1465104450.729000
299,1465104445.034000,1465104445.673849,1465104450.675914,1465104450.763000
300,1465104445.034000,1465104445.970019,1465104450.971288,1465104451.050000
301,1465104445.034000,1465104445.736925,1465104450.738387,1465104450.813000
302,1465104445.034000,1465104445.693030,1465104450.694421,1465104450.769000
303,1465104445.034000,1465104445.996289,1465104450.997512,1465104451.070000
304,1465104445.034000,1465104445.742189,1465104450.743630,1465104450.823000
305,1465104445.034000,1465104445.977286,1465104450.978436,1465104451.051000
306,1465104445.034000,1465104445.730998,1465104450.732250,1465104450.820000
307,1465104445.035000,1465104445.732600,1465104450.733980,1465104450.804000
308,1465104445.035000,1465104445.659725,1465104450.661105,1465104450.740000
309,1465104445.035000,1465104445.990293,1465104450.991587,1465104451.072000
310,1465104445.035000,1465104445.741820,1465104450.746052,1465104450.825000
311,1465104445.035000,1465104445.679219,1465104450.680516,1465104450.770000
312,1465104445.035000,1465104445.980417,1465104450.981814,1465104451.083000
313,1465104445.035000,1465104445.708307,1465104450.709564,1465104450.797000
314,1465104445.035000,1465104445.941285,1465104450.942517,1465104451.017000
315,1465104445.035000,1465104445.943003,1465104450.944230,1465104451.024000
316,1465104445.035000,1465104445.738133,1465104450.749184,1465104450.830000
317,1465104445.035000,1465104445.677988,1465104450.679268,1465104450.759000
318,1465104445.035000,1465104445.715239,1465104450.716433,1465104450.796000
319,1465104445.035000,1465104445.962577,1465104450.964559,1465104451.045000
320,1465104445.036000,1465104445.706985,1465104450.708428,1465104450.791000
321,1465104445.036000,1465104445.718651,1465104450.720197,1465104450.805000
322,1465104445.036000,1465104445.623236,1465104450.624525,1465104450.725000
323,1465104445.036000,1465104445.646498,1465104450.648203,1465104450.728000
324,1465104445.036000,1465104445.729200,1465104450.730759,1465104450.810000
325,1465104445.036000,1465104445.680246,1465104450.681544,1465104450.752000
326,1465104445.036000,1465104445.697571,1465104450.698744,1465104450.797000
327,1465104445.036000,1465104445.974678,1465104450.975997,1465104451.065000
328,1465104445.036000,1465104445.925990,1465104450.927200,1465104451.007000
329,1465104445.037000,1465104445.706710,1465104450.708004,1465104450.782000
330,1465104445.037000,1465104445.682043,1465104450.683219,1465104450.779000
331,1465104445.037000,1465104445.690896,1465104450.704455,1465104450.792000
332,1465104445.037000,1465104445.993671,1465104450.994979,1465104451.070000
333,1465104445.037000,1465104445.956667,1465104450.957930,1465104451.038000
334,1465104445.037000,1465104445.944739,1465104450.946151,1465104451.030000
335,1465104445.037000,1465104445.731308,1465104450.732503,1465104450.794000
336,1465104445.037000,1465104445.656813,1465104450.668999,1465104450.740000
337,1465104445.037000,1465104445.966923,1465104450.968063,1465104451.066000
338,1465104445.037000,1465104445.707337,1465104450.708637,1465104450.794000
339,1465104445.038000,1465104445.658914,1465104450.666416,1465104450.747000
340,1465104445.038000,1465104445.979837,1465104450.981359,1465104451.071000
341,1465104445.038000,1465104445.702526,1465104450.703782,1465104450.784000
342,1465104445.038000,1465104445.672458,1465104450.673723,1465104450.775000
343,1465104445.038000,1465104445.622107,1465104450.623625,1465104450.721000
344,1465104445.038000,1465104445.718056,1465104450.719217,1465104450.796000
345,1465104445.038000,1465104445.966777,1465104450.968102,1465104451.049000
346,1465104445.039000,1465104446.046463,1465104451.047637,1465104451.120000
347,1465104445.039000,1465104445.738589,1465104450.753905,1465104450.840000
348,1465104445.039000,1465104445.741462,1465104450.742654,1465104450.820000
349,1465104445.039000,1465104445.705843,1465104450.707076,1465104450.796000
350,1465104445.039000,1465104445.983133,1465104450.984518,1465104451.057000
351,1465104445.039000,1465104445.981608,1465104450.982849,1465104451.084000
352,1465104445.039000,1465104445.644213,1465104450.654411,1465104450.734000
353,1465104445.039000,1465104445.706139,1465104450.708013,1465104450.793000
354,1465104445.039000,1465104445.735684,1465104450.736995,1465104450.817000
355,1465104445.039000,1465104445.701209,1465104450.721519,1465104450.803000
356,1465104445.039000,1465104446.013891,1465104451.015172,1465104451.099000
357,1465104445.040000,1465104445.708855,1465104450.726062,1465104450.805000
358,1465104445.040000,1465104445.743033,1465104450.744222,1465104450.814000
359,1465104445.040000,1465104445.913037,1465104450.914265,1465104451.003000
360,1465104445.040000,1465104445.701264,1465104450.720618,1465104450.796000
361,1465104445.040000,1465104445.695010,1465104450.696202,1465104450.776000
362,1465104445.041000,1465104445.965594,1465104450.966932,1465104451.052000
363,1465104445.041000,1465104445.687842,1465104450.689083,1465104450.769000
364,1465104445.041000,1465104445.664282,1465104450.677550,1465104450.753000
365,1465104445.041000,1465104445.655403,1465104450.656476,1465104450.744000
366,1465104445.041000,1465104445.734304,1465104450.735542,1465104450.806000
367,1465104445.041000,1465104445.989257,1465104450.990860,1465104451.074000
368,1465104445.041000,1465104445.679232,1465104450.680646,1465104450.765000
369,1465104445.041000,1465104445.729467,1465104450.731016,1465104450.801000
370,1465104445.041000,1465104445.676481,1465104450.677753,1465104450.765000
371,1465104445.041000,1465104445.699025,1465104450.700462,1465104450.785000
372,1465104445.041000,1465104445.726823,1465104450.728141,1465104450.815000
373,1465104445.041000,1465104445.694170,1465104450.695327,1465104450.781000
374,1465104445.041000,1465104445.672961,1465104450.675117,1465104450.772000
375,1465104445.041000,1465104445.707607,1465104450.709098,1465104450.791000
376,1465104445.041000,1465104445.676457,1465104450.686852,1465104450.766000
377,1465104445.041000,1465104445.692205,1465104450.712702,1465104450.786000
378,1465104445.042000,1465104445.703603,1465104450.704909,1465104450.783000
379,1465104445.042000,1465104445.684611,1465104450.695809,1465104450.785000
380,1465104445.042000,1465104445.697656,1465104450.698924,1465104450.778000
381,1465104445.042000,1465104445.738361,1465104450.739630,1465104450.814000
382,1465104445.042000,1465104445.709239,1465104450.711094,1465104450.790000
383,1465104445.043000,1465104445.941668,1465104450.942820,1465104451.041000
384,1465104445.043000,1465104445.663084,1465104450.664329,1465104450.744000
385,1465104445.043000,1465104445.716270,1465104450.733906,1465104450.819000
386,1465104445.043000,1465104445.676318,1465104450.677732,1465104450.762000
387,1465104445.044000,1465104445.984369,1465104450.985672,1465104451.046000
388,1465104445.044000,1465104445.687492,1465104450.688682,1465104450.750000
389,1465104445.044000,1465104445.692755,1465104450.694129,1465104450.779000
390,1465104445.044000,1465104445.699679,1465104450.700874,1465104450.773000
391,1465104445.044000,1465104445.712764,1465104450.714147,1465104450.810000
392,1465104445.044000,1465104445.989297,1465104450.991130,1465104451.071000
393,1465104445.045000,1465104445.698098,1465104450.699574,1465104450.780000
394,1465104445.045000,1465104445.970928,1465104450.972085,1465104451.045000
395,1465104445.045000,1465104445.672617,1465104450.676587,1465104450.765000
396,1465104445.045000,1465104445.957739,1465104450.958941,1465104451.039000
397,1465104445.045000,1465104445.711853,1465104450.713087,1465104450.802000
398,1465104445.045000,1465104445.684176,1465104450.685556,1465104450.761000
399,1465104445.045000,1465104445.713157,1465104450.714549,1465104450.788000
400,1465104445.045000,1465104445.716674,1465104450.717971,1465104450.790000
401,1465104445.046000,1465104445.818889,1465104450.820218,1465104450.909000
402,1465104445.046000,1465104445.709278,1465104450.710618,1465104450.810000
403,1465104445.046000,1465104445.665754,1465104450.666987,1465104450.738000
404,1465104445.046000,1465104445.678729,1465104450.679995,1465104450.759000
405,1465104445.046000,1465104445.966085,1465104450.967347,1465104451.045000
406,1465104445.047000,1465104445.997254,1465104450.998597,1465104451.079000
407,1465104445.047000,1465104445.966125,1465104450.967317,1465104451.039000
408,1465104445.047000,1465104445.736886,1465104450.738282,1465104450.813000
409,1465104445.047000,1465104445.699003,1465104450.700272,1465104450.770000
410,1465104445.048000,1465104445.714668,1465104450.715973,1465104450.785000
411,1465104445.048000,1465104445.982556,1465104450.983725,1465104451.054000
412,1465104445.048000,1465104445.716026,1465104450.717283,1465104450.796000
413,1465104445.048000,1465104445.718474,1465104450.720415,1465104450.805000
414,1465104445.048000,1465104445.946966,1465104450.948072,1465104451.030000
415,1465104445.048000,1465104445.721062,1465104450.722312,1465104450.811000
416,1465104445.048000,1465104445.957556,1465104450.958761,1465104451.036000
417,1465104445.049000,1465104445.962325,1465104450.963573,1465104451.041000
418,1465104445.049000,1465104445.720709,1465104450.722519,1465104450.802000
419,1465104445.050000,1465104445.988163,1465104450.989446,1465104451.074000
420,1465104445.049000,1465104446.018386,1465104451.019729,1465104451.104000
421,1465104445.050000,1465104445.722557,1465104450.723752,1465104450.805000
422,1465104445.050000,1465104445.973170,1465104450.983661,1465104451.062000
423,1465104445.050000,1465104445.705159,1465104450.706476,1465104450.792000
424,1465104445.052000,1465104445.714402,1465104450.715737,1465104450.795000
425,1465104445.052000,1465104445.693991,1465104450.695178,1465104450.778000
426,1465104445.052000,1465104445.699362,1465104450.700635,1465104450.780000
427,1465104445.052000,1465104445.710233,1465104450.713836,1465104450.793000
428,1465104445.052000,1465104445.735409,1465104450.736639,1465104450.825000
429,1465104445.052000,1465104445.689305,1465104450.690645,1465104450.770000
430,1465104445.052000,1465104445.942519,1465104450.943851,1465104451.029000
431,1465104445.052000,1465104445.721643,1465104450.723311,1465104450.808000
432,1465104445.052000,1465104445.736891,1465104450.738635,1465104450.816000
433,1465104445.052000,1465104445.940756,1465104450.941931,1465104451.024000
434,1465104445.053000,1465104445.689145,1465104450.705402,1465104450.791000
435,1465104445.053000,1465104446.025772,1465104451.027330,1465104451.107000
436,1465104445.053000,1465104445.686450,1465104450.687926,1465104450.768000
437,1465104445.053000,1465104445.716767,1465104450.718683,1465104450.798000
438,1465104445.054000,1465104445.713745,1465104450.716098,1465104450.804000
439,1465104445.054000,1465104445.703595,1465104450.704932,1465104450.782000
440,1465104445.054000,1465104445.686429,1465104450.687692,1465104450.777000
441,1465104445.054000,1465104445.739994,1465104450.741233,1465104450.821000
442,1465104445.054000,1465104445.724799,1465104450.726041,1465104450.808000
443,1465104445.054000,1465104445.711518,1465104450.712723,1465104450.802000
444,1465104445.054000,1465104445.697271,1465104450.698596,1465104450.779000
445,1465104445.054000,1465104445.703880,1465104450.705221,1465104450.791000
446,1465104445.054000,1465104445.711578,1465104450.712792,1465104450.793000
447,1465104445.054000,1465104445.975846,1465104450.977071,1465104451.063000
448,1465104445.054000,1465104445.745196,1465104450.763446,1465104450.833000
449,1465104445.054000,1465104445.730873,1465104450.732251,1465104450.807000
450,1465104445.055000,1465104445.690125,1465104450.692103,1465104450.778000
451,1465104445.056000,1465104445.691962,1465104450.693176,1465104450.782000
452,1465104445.056000,1465104445.696511,1465104450.697847,1465104450.777000
453,1465104445.056000,1465104445.683472,1465104450.684696,1465104450.762000
454,1465104445.056000,1465104445.748279,1465104450.749563,1465104450.829000
455,1465104445.056000,1465104445.725930,1465104450.727186,1465104450.812000
456,1465104445.056000,1465104445.721320,1465104450.722744,1465104450.801000
457,1465104445.056000,1465104445.977334,1465104450.978585,1465104451.062000
458,1465104445.057000,1465104445.715587,1465104450.716801,1465104450.806000
459,1465104445.057000,1465104445.730493,1465104450.731764,1465104450.812000
460,1465104445.057000,1465104445.734493,1465104450.736459,1465104450.811000
461,1465104445.057000,1465104445.684896,1465104450.686036,1465104450.772000
462,1465104445.058000,1465104445.689114,1465104450.690927,1465104450.777000
463,1465104445.058000,1465104445.693843,1465104450.695093,1465104450.784000
464,1465104445.058000,1465104445.742704,1465104450.744167,1465104450.814000
465,1465104445.058000,1465104446.015923,1465104451.017055,1465104451.103000
466,1465104445.058000,1465104445.735861,1465104450.737122,1465104450.815000
467,1465104445.058000,1465104445.718057,1465104450.719253,1465104450.780000
468,1465104445.059000,1465104445.730873,1465104450.732158,1465104450.818000
469,1465104445.059000,1465104445.737279,1465104450.738664,1465104450.824000
470,1465104445.059000,1465104445.712571,1465104450.713745,1465104450.792000
471,1465104445.059000,1465104445.706555,1465104450.707823,1465104450.786000
472,1465104445.059000,1465104445.720565,1465104450.722555,1465104450.811000
473,1465104445.059000,1465104445.715835,1465104450.717233,1465104450.788000
474,1465104445.059000,1465104445.963948,1465104450.965165,1465104451.043000
475,1465104445.060000,1465104445.720356,1465104450.721537,1465104450.807000
476,1465104445.060000,1465104445.743194,1465104450.744462,1465104450.805000
477,1465104445.060000,1465104445.742155,1465104450.743714,1465104450.821000
478,1465104445.060000,1465104445.710466,1465104450.712352,1465104450.800000
479,1465104445.060000,1465104445.708532,1465104450.709995,1465104450.790000
480,1465104445.061000,1465104445.732656,1465104450.733900,1465104450.805000
481,1465104445.061000,1465104445.984131,1465104450.985388,1465104451.064000
482,1465104445.061000,1465104446.031052,1465104451.032210,1465104451.105000
483,1465104445.061000,1465104445.717023,1465104450.718453,1465104450.799000
484,1465104445.061000,1465104445.745719,1465104450.758715,1465104450.838000
485,1465104445.061000,1465104445.731086,1465104450.732300,1465104450.818000
486,1465104445.061000,1465104445.848171,1465104450.849479,1465104450.951000
487,1465104445.061000,1465104445.722192,1465104450.723775,1465104450.798000
488,1465104445.062000,1465104445.704860,1465104450.706108,1465104450.783000
489,1465104445.062000,1465104445.745613,1465104450.746924,1465104450.832000
490,1465104445.062000,1465104445.777081,1465104450.778320,1465104450.863000
491,1465104445.062000,1465104446.061185,1465104451.062593,1465104451.144000
492,1465104445.062000,1465104445.678245,1465104450.679481,1465104450.769000
493,1465104445.062000,1465104445.728549,1465104450.730005,1465104450.815000
494,1465104445.062000,1465104445.719857,1465104450.721317,1465104450.802000
495,1465104445.062000,1465104445.863863,1465104450.865017,1465104450.963000
496,1465104445.062000,1465104445.709027,1465104450.710292,1465104450.789000
497,1465104445.062000,1465104445.703675,1465104450.704877,1465104450.775000
498,1465104445.063000,1465104445.737472,1465104450.738750,1465104450.818000
499,1465104445.063000,1465104445.690651,1465104450.708909,1465104450.794000
500,1465104445.063000,1465104445.749412,1465104450.750699,1465104450.830000
501,1465104445.063000,1465104445.772574,1465104450.773768,1465104450.852000
502,1465104445.063000,1465104445.784567,1465104450.786343,1465104450.865000
503,1465104445.063000,1465104445.695491,1465104450.696956,1465104450.776000
504,1465104445.063000,1465104445.876865,1465104450.878194,1465104450.975000
505,1465104445.063000,1465104445.698321,1465104450.699587,1465104450.788000
506,1465104445.063000,1465104446.117841,1465104451.119103,1465104451.191000
507,1465104445.063000,1465104445.724103,1465104450.732055,1465104450.806000
508,1465104445.063000,1465104446.070539,1465104451.071739,1465104451.145000
509,1465104445.063000,1465104445.696926,1465104450.698138,1465104450.773000
510,1465104445.063000,1465104445.735366,1465104450.736714,1465104450.833000
511,1465104445.063000,1465104445.737148,1465104450.739062,1465104450.824000
512,1465104445.063000,1465104445.724844,1465104450.725980,1465104450.824000
513,1465104445.063000,1465104445.732559,1465104450.736243,1465104450.825000
514,1465104445.063000,1465104445.703867,1465104450.705522,1465104450.779000
515,1465104445.063000,1465104445.767506,1465104450.768687,1465104450.839000
516,1465104445.063000,1465104445.751993,1465104450.753172,1465104450.824000
517,1465104445.063000,1465104445.786196,1465104450.787377,1465104450.864000
518,1465104445.063000,1465104445.798680,1465104450.799982,1465104450.886000
519,1465104445.063000,1465104445.759116,1465104450.760344,1465104450.832000
520,1465104445.063000,1465104445.735599,1465104450.736760,1465104450.825000
521,1465104445.063000,1465104445.772755,1465104450.774258,1465104450.849000
522,1465104445.063000,1465104445.707754,1465104450.709205,1465104450.780000
523,1465104445.064000,1465104445.728548,1465104450.730016,1465104450.811000
524,1465104445.064000,1465104445.714260,1465104450.716119,1465104450.796000
525,1465104445.064000,1465104445.711898,1465104450.713196,1465104450.774000
526,1465104445.064000,1465104445.714984,1465104450.716443,1465104450.814000
527,1465104445.064000,1465104445.722552,1465104450.724171,1465104450.803000
528,1465104445.064000,1465104445.807807,1465104450.809108,1465104450.883000
529,1465104445.064000,1465104446.144197,1465104451.145504,1465104451.223000
530,1465104445.064000,1465104446.122423,1465104451.123632,1465104451.196000
531,1465104445.064000,1465104445.895551,1465104450.896758,1465104450.985000
532,1465104445.064000,0.000000,0.000000,0.000000
533,1465104445.064000,1465104445.730652,1465104450.731875,1465104450.819000
534,1465104445.064000,1465104445.694014,1465104450.695251,1465104450.780000
535,1465104445.064000,1465104445.730904,1465104450.732274,1465104450.806000
536,1465104445.064000,1465104445.766722,1465104450.767985,1465104450.849000
537,1465104445.064000,1465104445.741118,1465104450.742304,1465104450.822000
538,1465104445.064000,1465104445.889505,1465104450.910522,1465104450.981000
539,1465104445.064000,1465104445.722209,1465104450.724170,1465104450.804000
540,1465104445.064000,1465104445.991151,1465104450.992506,1465104451.062000
541,1465104445.064000,1465104445.706208,1465104450.707498,1465104450.793000
542,1465104445.064000,1465104445.738967,1465104450.740218,1465104450.826000
543,1465104445.064000,1465104445.854332,1465104450.873022,1465104450.957000
544,1465104445.064000,1465104445.750058,1465104450.751374,1465104450.822000
545,1465104445.064000,1465104445.754777,1465104450.755967,1465104450.817000
546,1465104445.064000,1465104445.771458,1465104450.772741,1465104450.851000
547,1465104445.064000,1465104445.746389,1465104450.747972,1465104450.827000
548,1465104445.064000,1465104445.741653,1465104450.742876,1465104450.822000
549,1465104445.065000,1465104445.815926,1465104450.817194,1465104450.887000
550,1465104445.065000,1465104445.741882,1465104450.743027,1465104450.829000
551,1465104445.065000,1465104445.801855,1465104450.803056,1465104450.864000
552,1465104445.065000,1465104445.723944,1465104450.725133,1465104450.803000
553,1465104445.065000,1465104445.766384,1465104450.767669,1465104450.870000
554,1465104445.065000,1465104445.747135,1465104450.765985,1465104450.846000
555,1465104445.065000,1465104445.712047,1465104450.713371,1465104450.799000
556,1465104445.065000,1465104445.835987,1465104450.837450,1465104450.913000
557,1465104445.065000,1465104445.709593,1465104450.710756,1465104450.797000
558,1465104445.065000,1465104445.729913,1465104450.731244,1465104450.810000
559,1465104445.065000,1465104445.711478,1465104450.712754,1465104450.792000
560,1465104445.065000,1465104446.131019,1465104451.132213,1465104451.229000
561,1465104445.065000,1465104445.743536,1465104450.745065,1465104450.816000
562,1465104445.065000,1465104445.770955,1465104450.772206,1465104450.859000
563,1465104445.065000,1465104445.815649,1465104450.816833,1465104450.906000
564,1465104445.065000,1465104445.696634,1465104450.697900,1465104450.783000
565,1465104445.065000,1465104445.699942,1465104450.701066,1465104450.786000
566,1465104445.065000,1465104445.743715,1465104450.745044,1465104450.822000
567,1465104445.065000,1465104445.737184,1465104450.742168,1465104450.819000
568,1465104445.065000,1465104445.731419,1465104450.732607,1465104450.818000
569,1465104445.065000,1465104445.842073,1465104450.843420,1465104450.930000
570,1465104445.065000,0.000000,0.000000,0.000000
571,1465104445.065000,1465104445.673117,1465104450.675056,1465104450.763000
572,1465104445.065000,1465104445.771367,1465104450.772898,1465104450.843000
573,1465104445.065000,1465104445.854177,1465104450.855378,1465104450.933000
574,1465104445.065000,1465104445.721824,1465104450.723048,1465104450.803000
575,1465104445.065000,1465104445.731542,1465104450.732893,1465104450.810000
576,1465104445.066000,1465104445.714992,1465104450.716157,1465104450.803000
577,1465104445.066000,1465104445.824294,1465104450.825727,1465104450.901000
578,1465104445.066000,1465104445.729693,1465104450.730961,1465104450.809000
579,1465104445.066000,1465104445.873965,1465104450.875166,1465104450.960000
580,1465104445.066000,1465104445.723822,1465104450.724956,1465104450.797000
581,1465104445.066000,1465104446.169496,1465104451.171123,1465104451.247000
582,1465104445.066000,1465104446.172240,1465104451.173571,1465104451.260000
583,1465104445.066000,1465104445.763547,1465104450.764856,1465104450.846000
584,1465104445.066000,1465104446.071092,1465104451.072668,1465104451.174000
585,1465104445.066000,1465104445.766686,1465104450.767893,1465104450.864000
586,1465104445.066000,1465104445.807585,1465104450.808810,1465104450.895000
587,1465104445.066000,0.000000,0.000000,0.000000
588,1465104445.066000,1465104445.751953,1465104450.765271,1465104450.844000
589,1465104445.066000,1465104445.796903,1465104450.798215,1465104450.876000
590,1465104445.066000,1465104445.822060,1465104450.823307,1465104450.908000
591,1465104445.066000,1465104445.717976,1465104450.719626,1465104450.801000
592,1465104445.066000,1465104445.700315,1465104450.701583,1465104450.791000
593,1465104445.066000,1465104445.832558,1465104450.833713,1465104450.930000
594,1465104445.066000,1465104445.709308,1465104450.710589,1465104450.812000
595,1465104445.066000,1465104445.828706,1465104450.830016,1465104450.900000
596,1465104445.066000,1465104445.752883,1465104450.754496,1465104450.830000
597,1465104445.066000,0.000000,0.000000,0.000000
598,1465104445.066000,1465104445.722967,1465104450.724261,1465104450.826000
599,1465104445.066000,1465104445.863040,1465104450.864305,1465104450.953000
600,1465104445.066000,1465104445.748756,1465104450.749974,1465104450.821000
601,1465104445.066000,1465104445.740336,1465104450.741581,1465104450.829000
602,1465104445.067000,1465104445.747060,1465104450.748337,1465104450.827000
603,1465104445.067000,1465104445.724602,1465104450.726048,1465104450.801000
604,1465104445.067000,1465104445.889588,1465104450.891608,1465104450.962000
605,1465104445.067000,1465104445.807779,1465104450.809158,1465104450.907000
606,1465104445.067000,1465104445.678268,1465104450.679838,1465104450.761000
607,1465104445.067000,1465104445.776376,1465104450.777728,1465104450.855000
608,1465104445.067000,1465104445.742164,1465104450.743352,1465104450.831000
609,1465104445.067000,1465104445.723370,1465104450.724524,1465104450.820000
610,1465104445.067000,1465104445.787182,1465104450.795597,1465104450.884000
611,1465104445.067000,1465104445.803755,1465104450.805040,1465104450.884000
612,1465104445.067000,1465104445.746725,1465104450.747880,1465104450.825000
613,1465104445.067000,1465104445.788365,1465104450.789606,1465104450.875000
614,1465104445.067000,1465104445.841464,1465104450.842836,1465104450.931000
615,1465104445.067000,1465104445.729163,1465104450.730365,1465104450.828000
616,1465104445.067000,1465104445.721132,1465104450.722353,1465104450.811000
617,1465104445.067000,1465104445.717438,1465104450.719091,1465104450.817000
618,1465104445.067000,1465104445.743580,1465104450.745330,1465104450.825000
619,1465104445.067000,1465104445.735870,1465104450.737083,1465104450.827000
620,1465104445.067000,1465104446.133611,1465104451.137683,1465104451.214000
621,1465104445.067000,1465104445.968592,1465104450.969909,1465104451.067000
622,1465104445.067000,1465104445.756925,1465104450.758103,1465104450.838000
623,1465104445.067000,1465104445.821626,1465104450.823002,1465104450.904000
624,1465104445.067000,1465104445.748395,1465104450.749708,1465104450.836000
625,1465104445.067000,1465104445.771070,1465104450.783425,1465104450.854000
626,1465104445.068000,1465104445.774892,1465104450.776237,1465104450.874000
627,1465104445.068000,1465104445.770052,1465104450.771248,1465104450.842000
628,1465104445.068000,1465104445.709886,1465104450.711322,1465104450.786000
629,1465104445.068000,1465104445.686592,1465104450.688131,1465104450.763000
630,1465104445.068000,1465104445.699970,1465104450.701176,1465104450.782000
631,1465104445.068000,1465104445.706442,1465104450.707929,1465104450.793000
632,1465104445.068000,1465104446.121471,1465104451.122669,1465104451.194000
633,1465104445.068000,1465104445.748222,1465104450.749687,1465104450.831000
634,1465104445.068000,1465104445.887970,1465104450.889296,1465104450.978000
635,1465104445.068000,1465104445.732012,1465104450.733793,1465104450.813000
636,1465104445.068000,1465104445.759667,1465104450.761107,1465104450.831000
637,1465104445.068000,1465104445.727881,1465104450.729476,1465104450.803000
638,1465104445.068000,1465104445.872312,1465104450.873479,1465104450.971000
639,1465104445.068000,1465104445.758967,1465104450.760157,1465104450.830000
640,1465104445.069000,1465104445.788634,1465104450.789840,1465104450.875000
641,1465104445.069000,1465104445.735069,1465104450.736286,1465104450.815000
642,1465104445.069000,1465104445.724837,1465104450.726516,1465104450.814000
643,1465104445.069000,1465104445.765207,1465104450.766643,1465104450.856000
644,1465104445.069000,1465104445.760337,1465104450.761550,1465104450.860000
645,1465104445.069000,1465104445.719392,1465104450.720886,1465104450.802000
646,1465104445.069000,1465104445.766991,1465104450.768342,1465104450.829000
647,1465104445.069000,1465104445.740273,1465104450.742314,1465104450.812000
648,1465104445.069000,1465104445.799747,1465104450.817347,1465104450.892000
649,1465104445.069000,1465104445.737184,1465104450.738457,1465104450.818000
650,1465104445.069000,1465104446.118104,1465104451.119310,1465104451.190000
651,1465104445.069000,1465104445.764246,1465104450.765510,1465104450.844000
652,1465104445.069000,1465104445.729776,1465104450.730947,1465104450.808000
653,1465104445.069000,1465104445.724253,1465104450.725412,1465104450.812000
654,1465104445.069000,1465104445.712865,1465104450.714339,1465104450.801000
655,1465104445.069000,1465104445.824817,1465104450.826172,1465104450.923000
656,1465104445.069000,1465104445.690225,1465104450.691538,1465104450.781000
657,1465104445.069000,1465104446.181268,1465104451.183190,1465104451.258000
658,1465104445.069000,1465104445.737015,1465104450.738264,1465104450.816000
659,1465104445.069000,1465104445.721107,1465104450.736597,1465104450.825000
660,1465104445.069000,1465104445.735891,1465104450.737170,1465104450.824000
661,1465104445.069000,1465104445.813216,1465104450.814573,1465104450.889000
662,1465104445.069000,1465104445.717163,1465104450.718863,1465104450.816000
663,1465104445.070000,1465104445.880532,1465104450.881729,1465104450.955000
664,1465104445.070000,1465104445.705282,1465104450.723899,1465104450.812000
665,1465104445.070000,1465104445.721481,1465104450.722696,1465104450.810000
666,1465104445.070000,1465104445.738401,1465104450.739696,1465104450.819000
667,1465104445.070000,1465104445.732349,1465104450.733590,1465104450.813000
668,1465104445.070000,1465104445.815821,1465104450.817043,1465104450.897000
669,1465104445.070000,1465104445.816067,1465104450.817421,1465104450.901000
670,1465104445.070000,1465104446.165864,1465104451.167241,1465104451.266000
671,1465104445.070000,1465104445.751312,1465104450.752865,1465104450.837000
672,1465104445.070000,1465104445.745473,1465104450.747223,1465104450.819000
673,1465104445.070000,1465104445.733660,1465104450.736785,1465104450.825000
674,1465104445.070000,1465104445.717436,1465104450.718589,1465104450.816000
675,1465104445.070000,1465104445.731941,1465104450.733519,1465104450.820000
676,1465104445.070000,1465104445.830589,1465104450.831877,1465104450.902000
677,1465104445.070000,1465104445.716223,1465104450.717797,1465104450.796000
678,1465104445.070000,1465104445.778837,1465104450.780104,1465104450.858000
679,1465104445.070000,1465104445.743255,1465104450.744724,1465104450.825000
680,1465104445.070000,1465104445.737695,1465104450.751180,1465104450.836000
681,1465104445.070000,1465104445.757509,1465104450.758652,1465104450.854000
682,1465104445.070000,1465104445.757120,1465104450.758441,1465104450.845000
683,1465104445.070000,1465104445.723711,1465104450.725031,1465104450.811000
684,1465104445.070000,1465104445.751560,1465104450.752756,1465104450.822000
685,1465104445.071000,1465104445.737978,1465104450.739274,1465104450.819000
686,1465104445.071000,1465104445.882458,1465104450.883964,1465104450.959000
687,1465104445.071000,1465104445.781352,1465104450.782541,1465104450.861000
688,1465104445.071000,1465104445.859595,1465104450.861042,1465104450.936000
689,1465104445.071000,1465104445.734132,1465104450.735369,1465104450.815000
690,1465104445.071000,1465104445.744868,1465104450.746098,1465104450.824000
691,1465104445.071000,1465104445.781702,1465104450.782972,1465104450.863000
692,1465104445.071000,1465104445.773806,1465104450.787268,1465104450.885000
693,1465104445.071000,1465104446.225283,1465104451.226473,1465104451.287000
694,1465104445.071000,1465104445.771004,1465104450.772240,1465104450.850000
695,1465104445.071000,1465104446.071158,1465104451.072425,1465104451.156000
696,1465104445.071000,1465104445.763003,1465104450.764229,1465104450.860000
697,1465104445.071000,1465104445.797617,1465104450.799028,1465104450.874000
698,1465104445.071000,1465104446.146572,1465104451.147735,1465104451.225000
699,1465104445.071000,1465104445.725739,1465104450.727493,1465104450.814000
700,1465104445.071000,1465104445.704087,1465104450.705354,1465104450.777000
701,1465104445.071000,1465104445.839183,1465104450.840342,1465104450.936000
702,1465104445.071000,1465104445.785111,1465104450.786364,1465104450.867000
703,1465104445.071000,1465104446.134376,1465104451.135685,1465104451.222000
704,1465104445.071000,1465104445.728190,1465104450.729693,1465104450.809000
705,1465104445.071000,1465104445.737994,1465104450.753987,1465104450.839000
706,1465104445.071000,1465104445.727003,1465104450.728596,1465104450.809000
707,1465104445.071000,1465104445.794834,1465104450.796398,1465104450.866000
708,1465104445.071000,1465104445.831345,1465104450.845664,1465104450.933000
709,1465104445.071000,1465104445.800620,1465104450.801884,1465104450.891000
710,1465104445.071000,1465104445.766760,1465104450.777661,1465104450.853000
711,1465104445.072000,1465104445.823820,1465104450.824998,1465104450.923000
712,1465104445.072000,1465104446.164391,1465104451.165619,1465104451.248000
713,1465104445.072000,1465104445.734469,1465104450.736011,1465104450.822000
714,1465104445.072000,1465104445.865380,1465104450.866581,1465104450.928000
715,1465104445.072000,1465104445.810084,1465104450.811360,1465104450.913000
716,1465104445.072000,1465104445.746909,1465104450.748175,1465104450.828000
717,1465104445.072000,1465104445.714067,1465104450.715451,1465104450.804000
718,1465104445.072000,1465104445.713392,1465104450.726654,1465104450.807000
719,1465104445.072000,1465104445.713835,1465104450.715159,1465104450.812000
720,1465104445.072000,1465104445.780238,1465104450.781460,1465104450.861000
721,1465104445.072000,1465104445.858890,1465104450.860107,1465104450.950000
722,1465104445.072000,1465104445.839959,1465104450.841264,1465104450.942000
723,1465104445.072000,1465104445.828091,1465104450.829360,1465104450.926000
724,1465104445.075000,1465104445.851824,1465104450.853265,1465104450.934000
725,1465104445.077000,1465104445.892177,1465104450.893386,1465104450.973000
726,1465104445.082000,1465104445.893792,1465104450.895256,1465104450.981000
727,1465104445.106000,1465104446.103630,1465104451.105020,1465104451.203000
728,1465104445.116000,1465104445.896515,1465104450.897913,1465104450.973000
729,1465104445.116000,1465104445.788288,1465104450.789496,1465104450.874000
730,1465104445.116000,1465104446.164211,1465104451.165651,1465104451.251000
731,1465104445.116000,1465104445.815431,1465104450.816796,1465104450.891000
732,1465104445.121000,1465104445.807224,1465104450.808449,1465104450.889000
733,1465104445.121000,1465104445.758909,1465104450.760479,1465104450.835000
734,1465104445.122000,1465104445.750252,1465104450.751497,1465104450.831000
735,1465104445.122000,1465104447.642395,1465104452.643877,1465104452.729000
736,1465104445.122000,1465104445.870450,1465104450.872493,1465104450.956000
737,1465104445.122000,1465104446.079257,1465104451.080476,1465104451.158000
738,1465104445.122000,1465104445.731642,1465104450.732851,1465104450.829000
739,1465104445.122000,1465104446.160647,1465104451.161863,1465104451.246000
740,1465104445.122000,1465104445.841033,1465104450.842309,1465104450.921000
741,1465104445.122000,1465104445.885321,1465104450.887038,1465104450.969000
742,1465104445.122000,1465104445.752254,1465104450.753463,1465104450.831000
743,1465104445.122000,1465104445.869942,1465104450.871196,1465104450.948000
744,1465104445.123000,1465104446.130044,1465104451.131641,1465104451.212000
745,1465104445.123000,1465104445.840748,1465104450.841973,1465104450.920000
746,1465104445.123000,1465104445.826960,1465104450.828362,1465104450.904000
747,1465104445.123000,1465104445.817383,1465104450.818839,1465104450.894000
748,1465104445.123000,1465104445.889694,1465104450.891044,1465104450.963000
749,1465104445.123000,1465104445.850942,1465104450.852202,1465104450.923000
750,1465104445.123000,1465104445.751504,1465104450.753399,1465104450.831000
751,1465104445.124000,1465104446.132857,1465104451.134046,1465104451.223000
752,1465104445.124000,1465104445.733842,1465104450.735232,1465104450.822000
753,1465104445.124000,1465104445.778060,1465104450.779490,1465104450.863000
754,1465104445.124000,1465104445.857216,1465104450.858752,1465104450.944000
755,1465104445.124000,1465104445.795806,1465104450.797225,1465104450.867000
756,1465104445.124000,1465104445.859134,1465104450.860317,1465104450.938000
757,1465104445.124000,1465104445.847979,1465104450.849477,1465104450.928000
758,1465104445.124000,1465104445.891134,1465104450.892380,1465104450.965000
759,1465104445.125000,1465104445.892177,1465104450.910000,1465104450.981000
760,1465104445.125000,1465104445.857079,1465104450.858395,1465104450.937000
761,1465104445.125000,1465104446.167156,1465104451.168329,1465104451.267000
762,1465104445.125000,1465104445.880518,1465104450.882043,1465104450.957000
763,1465104445.125000,1465104446.197779,1465104451.199094,1465104451.260000
764,1465104445.125000,1465104445.865977,1465104450.867165,1465104450.953000
765,1465104445.125000,1465104445.862361,1465104450.863555,1465104450.949000
766,1465104445.125000,1465104445.777301,1465104450.778522,1465104450.856000
767,1465104445.125000,1465104447.675329,1465104452.676681,1465104452.765000
768,1465104445.125000,1465104445.872860,1465104450.874182,1465104450.953000
769,1465104445.126000,1465104445.785987,1465104450.787316,1465104450.873000
770,1465104445.126000,1465104446.093833,1465104451.095107,1465104451.166000
771,1465104445.127000,1465104445.846957,1465104450.848260,1465104450.937000
772,1465104445.127000,1465104446.081756,1465104451.083127,1465104451.185000
773,1465104445.127000,1465104445.813357,1465104450.814672,1465104450.900000
774,1465104445.128000,1465104445.821668,1465104450.823070,1465104450.902000
775,1465104445.128000,1465104445.755985,1465104450.760710,1465104450.836000
776,1465104445.128000,1465104445.809171,1465104450.810403,1465104450.890000
777,1465104445.128000,1465104445.833063,1465104450.834236,1465104450.918000
778,1465104445.128000,1465104445.806847,1465104450.826329,1465104450.905000
779,1465104445.128000,1465104446.091458,1465104451.092719,1465104451.178000
780,1465104445.128000,1465104445.857703,1465104450.859401,1465104450.945000
781,1465104445.128000,1465104446.132158,1465104451.133399,1465104451.218000
782,1465104445.129000,1465104445.878607,1465104450.891922,1465104450.966000
783,1465104445.129000,1465104445.826449,1465104450.827699,1465104450.912000
784,1465104445.129000,1465104445.777107,1465104450.778339,1465104450.858000
785,1465104445.129000,1465104445.884387,1465104450.885587,1465104450.964000
786,1465104445.129000,1465104445.856923,1465104450.858408,1465104450.937000
787,1465104445.129000,1465104445.795131,1465104450.796356,1465104450.893000
788,1465104445.130000,1465104445.804560,1465104450.805870,1465104450.895000
789,1465104445.131000,1465104445.773881,1465104450.775758,1465104450.871000
790,1465104445.131000,1465104446.124888,1465104451.126151,1465104451.203000
791,1465104445.132000,1465104445.885250,1465104450.886491,1465104450.958000
792,1465104445.132000,1465104445.823317,1465104450.824560,1465104450.904000
793,1465104445.132000,1465104445.874432,1465104450.875926,1465104450.951000
794,1465104445.132000,1465104445.845692,1465104450.846954,1465104450.926000
795,1465104445.132000,1465104445.791478,1465104450.792845,1465104450.878000
796,1465104445.132000,1465104445.867483,1465104450.868774,1465104450.946000
797,1465104445.133000,1465104445.791901,1465104450.793164,1465104450.880000
798,1465104445.133000,1465104445.788119,1465104450.789381,1465104450.873000
799,1465104445.133000,1465104445.859245,1465104450.860479,1465104450.940000
800,1465104445.133000,1465104446.169707,1465104451.170930,1465104451.251000
801,1465104445.133000,1465104445.889665,1465104450.891026,1465104450.980000
802,1465104445.133000,1465104445.868141,1465104450.869599,1465104450.944000
803,1465104445.133000,1465104445.828301,1465104450.829646,1465104450.910000
804,1465104445.133000,1465104446.148260,1465104451.149663,1465104451.232000
805,1465104445.133000,1465104446.185518,1465104451.201413,1465104451.262000
806,1465104445.133000,1465104445.826013,1465104450.827261,1465104450.906000
807,1465104445.133000,1465104445.858976,1465104450.860265,1465104450.957000
808,1465104445.133000,1465104445.805398,1465104450.806674,1465104450.908000
809,1465104445.134000,1465104445.788317,1465104450.789584,1465104450.886000
810,1465104445.134000,1465104445.878258,1465104450.879430,1465104450.957000
811,1465104445.135000,1465104445.793730,1465104450.794964,1465104450.880000
812,1465104445.135000,1465104445.758935,1465104450.760243,1465104450.830000
813,1465104445.135000,1465104445.768344,1465104450.769545,1465104450.830000
814,1465104445.135000,1465104445.877905,1465104450.879098,1465104450.950000
815,1465104445.135000,1465104446.081551,1465104451.082758,1465104451.168000
816,1465104445.136000,1465104445.799952,1465104450.801990,1465104450.877000
817,1465104445.136000,1465104445.774017,1465104450.775649,1465104450.872000
818,1465104445.136000,1465104445.904289,1465104450.905518,1465104450.981000
819,1465104445.136000,1465104445.852111,1465104450.853464,1465104450.939000
820,1465104445.136000,1465104445.876915,1465104450.878071,1465104450.955000
821,1465104445.136000,1465104445.890677,1465104450.891916,1465104450.972000
822,1465104445.137000,1465104445.793019,1465104450.794325,1465104450.883000
823,1465104445.137000,1465104445.859265,1465104450.860740,1465104450.941000
824,1465104445.137000,1465104445.895900,1465104450.897102,1465104450.976000
825,1465104445.137000,1465104445.893460,1465104450.894644,1465104450.966000
826,1465104445.137000,0.000000,0.000000,0.000000
827,1465104445.138000,1465104445.869332,1465104450.870632,1465104450.972000
828,1465104445.138000,1465104445.838606,1465104450.839855,1465104450.919000
829,1465104445.138000,1465104445.849202,1465104450.850399,1465104450.938000
830,1465104445.138000,1465104445.852601,1465104450.854032,1465104450.943000
831,1465104445.139000,1465104446.111253,1465104451.112510,1465104451.198000
832,1465104445.139000,1465104446.103436,1465104451.104726,1465104451.184000
833,1465104445.139000,1465104446.186504,1465104451.187845,1465104451.264000
834,1465104445.139000,1465104445.886090,1465104450.901348,1465104450.983000
835,1465104445.139000,1465104445.814708,1465104450.815974,1465104450.903000
836,1465104445.139000,1465104446.144634,1465104451.145971,1465104451.227000
837,1465104445.140000,1465104446.147860,1465104451.149050,1465104451.228000
838,1465104445.140000,1465104445.885420,1465104450.886709,1465104450.965000
839,1465104445.140000,1465104446.161466,1465104451.162757,1465104451.244000
840,1465104445.140000,1465104445.807621,1465104450.808891,1465104450.887000
841,1465104445.140000,1465104445.809889,1465104450.815044,1465104450.912000
842,1465104445.140000,1465104446.122972,1465104451.124390,1465104451.226000
843,1465104445.140000,1465104445.888334,1465104450.891711,1465104450.978000
844,1465104445.141000,1465104445.860683,1465104450.861932,1465104450.964000
845,1465104445.141000,1465104445.896796,1465104450.898026,1465104450.968000
846,1465104445.141000,1465104445.893032,1465104450.894286,1465104450.978000
847,1465104445.141000,1465104446.174457,1465104451.175752,1465104451.256000
848,1465104445.141000,1465104445.793574,1465104450.794856,1465104450.873000
849,1465104445.142000,1465104445.775222,1465104450.776430,1465104450.849000
850,1465104445.142000,1465104445.801851,1465104450.803124,1465104450.882000
851,1465104445.142000,1465104445.889029,1465104450.890254,1465104450.971000
852,1465104445.142000,1465104445.848246,1465104450.849458,1465104450.924000
853,1465104445.142000,1465104446.181132,1465104451.182408,1465104451.269000
854,1465104445.142000,1465104445.865337,1465104450.866591,1465104450.946000
855,1465104445.143000,1465104445.872985,1465104450.874162,1465104450.970000
856,1465104445.143000,1465104446.105841,1465104451.107094,1465104451.204000
857,1465104445.143000,1465104445.916246,1465104450.917465,1465104450.979000
858,1465104445.143000,1465104446.188871,1465104451.190057,1465104451.274000
859,1465104445.144000,1465104445.877343,1465104450.878542,1465104450.959000
860,1465104445.144000,1465104446.125557,1465104451.126796,1465104451.224000
861,1465104445.144000,1465104446.133160,1465104451.134600,1465104451.221000
862,1465104445.144000,1465104445.870183,1465104450.871841,1465104450.970000
863,1465104445.144000,1465104446.095368,1465104451.096635,1465104451.198000
864,1465104445.145000,1465104445.886671,1465104450.888266,1465104450.975000
865,1465104445.145000,1465104445.848996,1465104450.850215,1465104450.935000
866,1465104445.145000,1465104445.875841,1465104450.877341,1465104450.979000
867,1465104445.145000,1465104446.153161,1465104451.154403,1465104451.241000
868,1465104445.146000,1465104446.117777,1465104451.119072,1465104451.203000
869,1465104445.146000,1465104446.173221,1465104451.174758,1465104451.250000
870,1465104445.147000,1465104445.858470,1465104450.859825,1465104450.962000
871,1465104445.147000,1465104445.886149,1465104450.898093,1465104450.987000
872,1465104445.147000,1465104446.105494,1465104451.106852,1465104451.188000
873,1465104445.148000,1465104446.164097,1465104451.165404,1465104451.246000
874,1465104445.148000,1465104445.787484,1465104450.789327,1465104450.878000
875,1465104445.148000,1465104445.885347,1465104450.887864,1465104450.970000
876,1465104445.149000,1465104445.851864,1465104450.853256,1465104450.931000
877,1465104445.149000,1465104445.869716,1465104450.871002,1465104450.952000
878,1465104445.149000,1465104446.112220,1465104451.113563,1465104451.188000
879,1465104445.149000,1465104446.179612,1465104451.180869,1465104451.266000
880,1465104445.149000,1465104445.875937,1465104450.877115,1465104450.954000
881,1465104445.150000,1465104446.124619,1465104451.125921,1465104451.196000
882,1465104445.150000,1465104445.822583,1465104450.823963,1465104450.920000
883,1465104445.150000,1465104446.134014,1465104451.142128,1465104451.219000
884,1465104445.151000,1465104445.843715,1465104450.844883,1465104450.943000
885,1465104445.151000,1465104446.178760,1465104451.180016,1465104451.258000
886,1465104445.151000,1465104446.125805,1465104451.127079,1465104451.229000
887,1465104445.152000,1465104446.100954,1465104451.111631,1465104451.195000
888,1465104445.152000,1465104445.882119,1465104450.883556,1465104450.964000
889,1465104445.152000,1465104445.845965,1465104450.847211,1465104450.929000
890,1465104445.153000,1465104445.872482,1465104450.873756,1465104450.954000
891,1465104445.153000,1465104445.837646,1465104450.839008,1465104450.914000
892,1465104445.153000,1465104445.861991,1465104450.872099,1465104450.956000
893,1465104445.153000,1465104445.885548,1465104450.886723,1465104450.972000
894,1465104445.154000,1465104445.871087,1465104450.873354,1465104450.957000
895,1465104445.154000,1465104446.179127,1465104451.180520,1465104451.266000
896,1465104445.154000,1465104446.141022,1465104451.142417,1465104451.217000
897,1465104445.154000,1465104445.817794,1465104450.819037,1465104450.898000
898,1465104445.155000,1465104446.164043,1465104451.165492,1465104451.243000
899,1465104445.155000,1465104445.886370,1465104450.898163,1465104450.987000
900,1465104445.155000,1465104445.875701,1465104450.877262,1465104450.956000
901,1465104445.155000,1465104445.875248,1465104450.876461,1465104450.964000
902,1465104445.155000,1465104445.905196,1465104450.906440,1465104450.979000
903,1465104445.156000,1465104445.840538,1465104450.841710,1465104450.919000
904,1465104445.156000,1465104445.827246,1465104450.828690,1465104450.925000
905,1465104445.156000,1465104445.876832,1465104450.878092,1465104450.950000
906,1465104445.157000,1465104445.891032,1465104450.892670,1465104450.963000
907,1465104445.157000,1465104445.889017,1465104450.890208,1465104450.977000
908,1465104445.157000,1465104446.130034,1465104451.131757,1465104451.221000
909,1465104445.157000,1465104445.892916,1465104450.894184,1465104450.981000
910,1465104445.157000,1465104446.145415,1465104451.146600,1465104451.219000
911,1465104445.158000,0.000000,0.000000,0.000000
912,1465104445.158000,1465104446.120961,1465104451.122393,1465104451.211000
913,1465104445.158000,1465104445.820534,1465104450.821730,1465104450.911000
914,1465104445.158000,1465104445.886103,1465104450.887350,1465104450.962000
915,1465104445.158000,1465104446.169597,1465104451.171058,1465104451.246000
916,1465104445.159000,1465104445.882963,1465104450.884398,1465104450.964000
917,1465104445.160000,1465104445.879295,1465104450.880643,1465104450.957000
918,1465104445.160000,1465104446.178543,1465104451.180573,1465104451.278000
919,1465104445.160000,1465104445.897238,1465104450.898434,1465104450.985000
920,1465104445.160000,1465104445.904475,1465104450.905938,1465104450.985000
921,1465104445.161000,1465104446.126590,1465104451.127823,1465104451.209000
922,1465104445.161000,1465104445.846833,1465104450.848694,1465104450.928000
923,1465104445.161000,1465104445.876659,1465104450.878076,1465104450.980000
924,1465104445.162000,1465104445.851760,1465104450.853176,1465104450.951000
925,1465104445.162000,1465104446.141706,1465104451.142989,1465104451.222000
926,1465104445.162000,1465104445.796131,1465104450.797318,1465104450.886000
927,1465104445.162000,1465104445.833995,1465104450.835246,1465104450.912000
928,1465104445.162000,1465104445.881980,1465104450.894910,1465104450.972000
929,1465104445.162000,1465104445.867729,1465104450.868973,1465104450.965000
930,1465104445.163000,1465104445.834584,1465104450.835854,1465104450.908000
931,1465104445.163000,1465104446.197424,1465104451.198597,1465104451.275000
932,1465104445.163000,1465104445.899865,1465104450.901060,1465104450.981000
933,1465104445.163000,1465104445.848470,1465104450.849622,1465104450.946000
934,1465104445.163000,1465104445.891172,1465104450.892438,1465104450.970000
935,1465104445.163000,1465104446.183761,1465104451.184962,1465104451.266000
936,1465104445.163000,1465104445.894779,1465104450.896185,1465104450.971000
937,1465104445.163000,1465104445.888755,1465104450.890247,1465104450.966000
938,1465104445.163000,1465104445.879969,1465104450.881273,1465104450.971000
939,1465104445.164000,1465104445.878718,1465104450.880006,1465104450.977000
940,1465104445.164000,1465104445.872470,1465104450.873684,1465104450.959000
941,1465104445.164000,1465104445.897279,1465104450.898488,1465104450.974000
942,1465104445.164000,1465104445.873764,1465104450.875405,1465104450.955000
943,1465104445.164000,1465104445.880334,1465104450.881654,1465104450.971000
944,1465104445.165000,1465104446.207960,1465104451.209161,1465104451.270000
945,1465104445.165000,1465104445.868312,1465104450.869538,1465104450.948000
946,1465104445.165000,1465104445.826518,1465104450.827702,1465104450.905000
947,1465104445.165000,1465104445.879782,1465104450.881061,1465104450.979000
948,1465104445.166000,1465104445.889619,1465104450.891098,1465104450.975000
949,1465104445.166000,1465104446.181099,1465104451.182266,1465104451.268000
950,1465104445.166000,1465104445.880215,1465104450.881444,1465104450.967000
951,1465104445.166000,1465104445.853823,1465104450.855262,1465104450.934000
952,1465104445.167000,1465104445.875805,1465104450.877056,1465104450.947000
953,1465104445.167000,1465104445.866254,1465104450.867520,1465104450.945000
954,1465104445.167000,1465104445.839296,1465104450.840533,1465104450.928000
955,1465104445.167000,1465104445.887414,1465104450.888587,1465104450.967000
956,1465104445.167000,1465104445.880694,1465104450.882027,1465104450.962000
957,1465104445.167000,1465104445.881200,1465104450.882479,1465104450.966000
958,1465104445.167000,1465104445.868544,1465104450.871220,1465104450.969000
959,1465104445.167000,1465104446.178655,1465104451.180178,1465104451.277000
960,1465104445.168000,1465104445.879474,1465104450.880657,1465104450.966000
961,1465104445.168000,1465104445.884578,1465104450.885884,1465104450.972000
962,1465104445.168000,1465104446.157122,1465104451.158495,1465104451.244000
963,1465104445.168000,1465104445.887376,1465104450.888877,1465104450.969000
964,1465104445.168000,1465104445.870512,1465104450.871752,1465104450.958000
965,1465104445.169000,1465104445.852918,1465104450.854336,1465104450.930000
966,1465104445.169000,1465104445.901639,1465104450.902879,1465104450.977000
967,1465104445.169000,1465104446.168266,1465104451.169496,1465104451.252000
968,1465104445.169000,1465104445.858706,1465104450.859914,1465104450.941000
969,1465104445.169000,1465104445.904921,1465104450.906108,1465104450.976000
970,1465104445.169000,1465104445.896361,1465104450.897672,1465104450.978000
971,1465104445.169000,1465104445.860954,1465104450.862216,1465104450.943000
972,1465104445.170000,1465104445.869941,1465104450.871418,1465104450.950000
973,1465104445.170000,1465104445.888226,1465104450.889624,1465104450.965000
974,1465104445.170000,1465104445.879549,1465104450.880941,1465104450.955000
975,1465104445.170000,1465104445.858349,1465104450.859562,1465104450.934000
976,1465104445.170000,0.000000,0.000000,0.000000
977,1465104445.170000,1465104446.188102,1465104451.189336,1465104451.267000
978,1465104445.170000,1465104446.179656,1465104451.180906,1465104451.266000
979,1465104445.171000,1465104446.174125,1465104451.175541,1465104451.250000
980,1465104445.171000,1465104445.903762,1465104450.904914,1465104450.982000
981,1465104445.171000,1465104446.131202,1465104451.132363,1465104451.203000
982,1465104445.171000,1465104445.898729,1465104450.899901,1465104450.977000
983,1465104445.171000,1465104445.880907,1465104450.882253,1465104450.979000
984,1465104445.171000,1465104446.133651,1465104451.135556,1465104451.212000
985,1465104445.171000,0.000000,0.000000,0.000000
986,1465104445.171000,1465104446.200270,1465104451.201546,1465104451.283000
987,1465104445.171000,1465104445.791114,1465104450.792300,1465104450.890000
988,1465104445.171000,1465104446.193528,1465104451.208609,1465104451.294000
989,1465104445.172000,1465104446.174277,1465104451.175559,1465104451.261000
990,1465104445.172000,1465104445.901463,1465104450.902856,1465104450.978000
991,1465104445.172000,1465104445.869031,1465104450.870712,1465104450.969000
992,1465104445.172000,1465104445.885788,1465104450.887048,1465104450.971000
993,1465104445.172000,1465104445.852942,1465104450.854071,1465104450.950000
994,1465104445.173000,1465104445.861335,1465104450.862627,1465104450.948000
995,1465104445.173000,1465104445.810572,1465104450.812085,1465104450.888000
996,1465104445.173000,1465104445.888505,1465104450.889719,1465104450.969000
997,1465104445.174000,1465104445.857289,1465104450.858566,1465104450.936000
998,1465104445.174000,1465104446.184825,1465104451.186168,1465104451.263000
999,1465104445.174000,1465104445.867252,1465104450.868516,1465104450.966000
