0,1465104086.469000,1465104087.397231,1465104092.398420,1465104092.494000
1,1465104086.469000,1465104087.136957,1465104092.138402,1465104092.244000
2,1465104086.469000,1465104087.092391,1465104092.094041,1465104092.174000
3,1465104086.469000,1465104087.163180,1465104092.165050,1465104092.255000
4,1465104086.469000,1465104087.194958,1465104092.196492,1465104092.281000
5,1465104086.469000,1465104087.115712,1465104092.125350,1465104092.211000
6,1465104086.470000,1465104087.201803,1465104092.203005,1465104092.283000
7,1465104086.470000,1465104087.439034,1465104092.440377,1465104092.518000
8,1465104086.470000,1465104087.172347,1465104092.173964,1465104092.254000
9,1465104086.470000,1465104087.166232,1465104092.169332,1465104092.250000
10,1465104086.470000,1465104087.154311,1465104092.155550,1465104092.227000
11,1465104086.470000,1465104087.144969,1465104092.146656,1465104092.233000
12,1465104086.470000,0.000000,0.000000,0.000000
13,1465104086.470000,1465104087.128115,1465104092.129365,1465104092.222000
14,1465104086.470000,1465104087.197440,1465104092.199229,1465104092.285000
15,1465104086.470000,1465104087.166954,1465104092.168464,1465104092.250000
16,1465104086.470000,1465104087.466092,1465104092.467321,1465104092.534000
17,1465104086.470000,1465104087.456734,1465104092.457894,1465104092.562000
18,1465104086.470000,1465104087.415796,1465104092.417005,1465104092.486000
19,1465104086.470000,1465104087.168508,1465104092.169752,1465104092.239000
20,1465104086.470000,1465104087.171576,1465104092.172937,1465104092.242000
21,1465104086.470000,1465104087.194240,1465104092.195648,1465104092.271000
22,1465104086.471000,1465104087.180161,1465104092.181762,1465104092.277000
23,1465104086.471000,1465104087.116718,1465104092.126547,1465104092.207000
24,1465104086.471000,1465104087.448470,1465104092.450141,1465104092.531000
25,1465104086.471000,1465104087.208327,1465104092.209606,1465104092.296000
26,1465104086.472000,1465104087.139059,1465104092.143616,1465104092.212000
27,1465104086.472000,1465104088.951829,1465104093.953089,1465104094.024000
28,1465104086.472000,1465104087.123306,1465104092.124880,1465104092.203000
29,1465104086.472000,1465104087.196586,1465104092.210736,1465104092.291000
30,1465104086.473000,1465104088.927851,1465104093.929426,1465104094.016000
31,1465104086.473000,1465104087.149503,1465104092.150811,1465104092.229000
32,1465104086.473000,1465104087.171740,1465104092.173234,1465104092.253000
33,1465104086.473000,1465104087.194090,1465104092.195269,1465104092.290000
34,1465104086.473000,1465104087.135078,1465104092.136379,1465104092.216000
35,1465104086.473000,1465104087.386991,1465104092.388176,1465104092.470000
36,1465104086.475000,1465104087.175235,1465104092.184520,1465104092.289000
37,1465104086.475000,1465104087.127435,1465104092.128892,1465104092.210000
38,1465104086.475000,1465104087.123492,1465104092.125163,1465104092.206000
39,1465104086.476000,1465104087.204716,1465104092.208336,1465104092.296000
40,1465104086.476000,1465104087.113874,1465104092.115457,1465104092.195000
41,1465104086.476000,1465104087.174364,1465104092.175525,1465104092.261000
42,1465104086.476000,1465104087.150508,1465104092.151716,1465104092.244000
43,1465104086.476000,1465104087.142382,1465104092.143691,1465104092.224000
44,1465104086.476000,1465104087.420208,1465104092.423525,1465104092.529000
45,1465104086.476000,1465104087.438273,1465104092.439757,1465104092.515000
46,1465104086.476000,1465104087.129415,1465104092.132338,1465104092.206000
47,1465104086.476000,1465104087.160831,1465104092.162056,1465104092.248000
48,1465104086.476000,1465104087.118083,1465104092.119638,1465104092.205000
49,1465104086.476000,1465104087.180603,1465104092.187237,1465104092.268000
50,1465104086.476000,0.000000,0.000000,0.000000
51,1465104086.476000,1465104087.140915,1465104092.142177,1465104092.229000
52,1465104086.476000,1465104087.120046,1465104092.121527,1465104092.193000
53,1465104086.477000,1465104087.447947,1465104092.449176,1465104092.533000
54,1465104086.479000,1465104087.129986,1465104092.131215,1465104092.209000
55,1465104086.480000,1465104087.206380,1465104092.207706,1465104092.294000
56,1465104086.482000,1465104087.396789,1465104092.398045,1465104092.471000
57,1465104086.482000,1465104087.455239,1465104092.456537,1465104092.535000
58,1465104086.484000,1465104087.173506,1465104092.175077,1465104092.261000
59,1465104086.484000,1465104087.458833,1465104092.460113,1465104092.534000
60,1465104086.484000,1465104087.434066,1465104092.435274,1465104092.507000
61,1465104086.484000,1465104088.962435,1465104093.964077,1465104094.043000
62,1465104086.484000,1465104087.161226,1465104092.162899,1465104092.245000
63,1465104086.484000,1465104087.400793,1465104092.402281,1465104092.478000
64,1465104086.484000,1465104087.423950,1465104092.425135,1465104092.512000
65,1465104086.484000,1465104088.945303,1465104093.947317,1465104094.023000
66,1465104086.484000,1465104087.418611,1465104092.419843,1465104092.488000
67,1465104086.484000,1465104088.938699,1465104093.940039,1465104094.026000
68,1465104086.484000,1465104087.192156,1465104092.193577,1465104092.290000
69,1465104086.484000,1465104087.469628,1465104092.470951,1465104092.549000
70,1465104086.484000,1465104087.162100,1465104092.163317,1465104092.242000
71,1465104086.484000,1465104087.108356,1465104092.109833,1465104092.197000
72,1465104086.484000,1465104087.404673,1465104092.405865,1465104092.485000
73,1465104086.484000,0.000000,0.000000,0.000000
74,1465104086.484000,1465104087.159667,1465104092.160867,1465104092.227000
75,1465104086.484000,1465104087.185631,1465104092.187472,1465104092.268000
76,1465104086.485000,1465104087.418938,1465104092.420174,1465104092.501000
77,1465104086.484000,1465104087.148084,1465104092.163236,1465104092.256000
78,1465104086.484000,1465104087.211713,1465104092.212914,1465104092.292000
79,1465104086.485000,1465104087.221206,1465104092.237723,1465104092.313000
80,1465104086.485000,1465104088.978625,1465104093.980176,1465104094.060000
81,1465104086.485000,0.000000,0.000000,0.000000
82,1465104086.485000,1465104087.155546,1465104092.156846,1465104092.243000
83,1465104086.485000,1465104087.487376,1465104092.488579,1465104092.592000
84,1465104086.485000,1465104087.180398,1465104092.181646,1465104092.251000
85,1465104086.485000,1465104087.407481,1465104092.408661,1465104092.478000
86,1465104086.485000,1465104087.452067,1465104092.453278,1465104092.510000
87,1465104086.485000,1465104087.462748,1465104092.463928,1465104092.536000
88,1465104086.485000,1465104087.450876,1465104092.452155,1465104092.536000
89,1465104086.485000,1465104087.168303,1465104092.169514,1465104092.251000
90,1465104086.485000,1465104087.460970,1465104092.463694,1465104092.543000
91,1465104086.485000,1465104087.193192,1465104092.198012,1465104092.278000
92,1465104086.485000,1465104087.457107,1465104092.458832,1465104092.547000
93,1465104086.485000,1465104087.117951,1465104092.119660,1465104092.225000
94,1465104086.485000,1465104087.152345,1465104092.153648,1465104092.233000
95,1465104086.485000,1465104087.119499,1465104092.121069,1465104092.201000
96,1465104086.485000,1465104087.517260,1465104092.518592,1465104092.596000
97,1465104086.486000,1465104087.406198,1465104092.407975,1465104092.485000
98,1465104086.486000,1465104087.141450,1465104092.142640,1465104092.238000
99,1465104086.486000,1465104087.193306,1465104092.204133,1465104092.290000
100,1465104086.486000,1465104088.954299,1465104093.956042,1465104094.037000
101,1465104086.486000,1465104087.176441,1465104092.177901,1465104092.255000
102,1465104086.486000,1465104087.170957,1465104092.172187,1465104092.244000
103,1465104086.486000,1465104087.223593,1465104092.234277,1465104092.322000
104,1465104086.486000,1465104088.947153,1465104093.948628,1465104094.042000
105,1465104086.486000,1465104087.151103,1465104092.152696,1465104092.238000
106,1465104086.486000,1465104087.426045,1465104092.427458,1465104092.494000
107,1465104086.486000,1465104087.235889,1465104092.254733,1465104092.332000
108,1465104086.486000,1465104087.105942,1465104092.107680,1465104092.198000
109,1465104086.486000,1465104087.193600,1465104092.210202,1465104092.291000
110,1465104086.486000,1465104087.452858,1465104092.454071,1465104092.533000
111,1465104086.486000,1465104087.496987,1465104092.514280,1465104092.593000
112,1465104086.486000,1465104087.454185,1465104092.455404,1465104092.532000
113,1465104086.486000,1465104087.147763,1465104092.148978,1465104092.217000
114,1465104086.492000,1465104087.118306,1465104092.119614,1465104092.210000
115,1465104086.495000,1465104087.533310,1465104092.534489,1465104092.606000
116,1465104086.496000,1465104087.177311,1465104092.179807,1465104092.268000
117,1465104086.496000,1465104087.182084,1465104092.183599,1465104092.259000
118,1465104086.496000,1465104087.175602,1465104092.176766,1465104092.244000
119,1465104086.496000,1465104087.400783,1465104092.401969,1465104092.481000
120,1465104086.496000,1465104087.407106,1465104092.408293,1465104092.496000
121,1465104086.496000,1465104087.107742,1465104092.109211,1465104092.202000
122,1465104086.496000,1465104087.157225,1465104092.158493,1465104092.227000
123,1465104086.496000,1465104087.148680,1465104092.149923,1465104092.245000
124,1465104086.496000,1465104087.161327,1465104092.162557,1465104092.243000
125,1465104086.496000,1465104087.161809,1465104092.163014,1465104092.249000
126,1465104086.496000,1465104087.177018,1465104092.178320,1465104092.259000
127,1465104086.496000,1465104087.469630,1465104092.470941,1465104092.550000
128,1465104086.497000,1465104087.237288,1465104092.238768,1465104092.316000
129,1465104086.497000,1465104087.138988,1465104092.140493,1465104092.207000
130,1465104086.497000,1465104087.129915,1465104092.131124,1465104092.219000
131,1465104086.497000,1465104087.166417,1465104092.168168,1465104092.254000
132,1465104086.497000,1465104087.227717,1465104092.228914,1465104092.295000
133,1465104086.497000,1465104087.146657,1465104092.147922,1465104092.234000
134,1465104086.497000,0.000000,0.000000,0.000000
135,1465104086.497000,1465104087.402708,1465104092.404003,1465104092.482000
136,1465104086.497000,1465104087.419657,1465104092.421003,1465104092.507000
137,1465104086.497000,1465104087.149589,1465104092.151335,1465104092.232000
138,1465104086.498000,1465104087.406376,1465104092.422143,1465104092.499000
139,1465104086.498000,1465104087.202875,1465104092.204303,1465104092.285000
140,1465104086.498000,1465104087.411857,1465104092.413288,1465104092.499000
141,1465104086.498000,1465104087.491903,1465104092.493306,1465104092.572000
142,1465104086.498000,1465104087.204271,1465104092.205628,1465104092.285000
143,1465104086.498000,1465104087.477125,1465104092.478332,1465104092.558000
144,1465104086.498000,1465104087.106365,1465104092.107825,1465104092.185000
145,1465104086.498000,1465104087.166545,1465104092.168557,1465104092.250000
146,1465104086.499000,1465104087.467148,1465104092.468323,1465104092.538000
147,1465104086.499000,1465104087.195707,1465104092.196905,1465104092.283000
148,1465104086.499000,1465104087.185765,1465104092.187034,1465104092.292000
149,1465104086.499000,1465104087.158337,1465104092.159550,1465104092.239000
150,1465104086.499000,1465104087.220840,1465104092.222088,1465104092.300000
151,1465104086.500000,1465104087.510672,1465104092.511896,1465104092.616000
152,1465104086.500000,1465104087.148380,1465104092.149708,1465104092.240000
153,1465104086.500000,1465104087.117616,1465104092.118936,1465104092.199000
154,1465104086.500000,1465104087.512063,1465104092.513326,1465104092.580000
155,1465104086.500000,1465104087.126774,1465104092.128035,1465104092.206000
156,1465104086.500000,1465104087.210723,1465104092.212219,1465104092.293000
157,1465104086.500000,1465104087.516268,1465104092.517885,1465104092.599000
158,1465104086.500000,1465104087.484192,1465104092.485458,1465104092.574000
159,1465104086.500000,1465104087.446867,1465104092.448511,1465104092.527000
160,1465104086.501000,1465104088.946929,1465104093.948446,1465104094.020000
161,1465104086.501000,1465104087.436941,1465104092.454248,1465104092.532000
162,1465104086.502000,1465104087.134885,1465104092.136181,1465104092.224000
163,1465104086.502000,1465104087.180764,1465104092.182251,1465104092.288000
164,1465104086.502000,1465104087.463744,1465104092.464955,1465104092.543000
165,1465104086.502000,1465104087.157347,1465104092.158755,1465104092.245000
166,1465104086.502000,1465104087.507253,1465104092.508672,1465104092.583000
167,1465104086.502000,1465104087.437614,1465104092.439060,1465104092.517000
168,1465104086.502000,1465104087.468476,1465104092.469676,1465104092.547000
169,1465104086.503000,1465104087.439426,1465104092.440706,1465104092.520000
170,1465104086.503000,1465104087.164210,1465104092.165425,1465104092.252000
171,1465104086.503000,1465104087.437634,1465104092.438904,1465104092.520000
172,1465104086.503000,1465104087.177641,1465104092.181596,1465104092.277000
173,1465104086.503000,1465104087.503899,1465104092.505291,1465104092.591000
174,1465104086.503000,1465104087.124938,1465104092.126396,1465104092.222000
175,1465104086.503000,1465104087.157936,1465104092.171476,1465104092.257000
176,1465104086.503000,1465104087.158389,1465104092.159668,1465104092.237000
177,1465104086.503000,1465104087.136964,1465104092.146975,1465104092.242000
178,1465104086.503000,1465104087.179028,1465104092.184040,1465104092.272000
179,1465104086.503000,1465104087.511560,1465104092.512778,1465104092.602000
180,1465104086.503000,1465104087.196356,1465104092.197775,1465104092.285000
181,1465104086.503000,1465104087.443586,1465104092.444793,1465104092.531000
182,1465104086.503000,1465104087.165144,1465104092.166323,1465104092.236000
183,1465104086.503000,1465104087.125750,1465104092.127008,1465104092.207000
184,1465104086.503000,1465104087.203060,1465104092.204283,1465104092.284000
185,1465104086.503000,1465104087.501210,1465104092.502868,1465104092.584000
186,1465104086.503000,1465104087.498523,1465104092.499771,1465104092.570000
187,1465104086.503000,1465104087.461926,1465104092.463251,1465104092.541000
188,1465104086.503000,1465104087.206282,1465104092.207422,1465104092.290000
189,1465104086.503000,1465104087.242132,1465104092.243476,1465104092.319000
190,1465104086.503000,1465104087.174648,1465104092.175802,1465104092.257000
191,1465104086.504000,1465104087.472283,1465104092.473527,1465104092.552000
192,1465104086.504000,1465104087.237326,1465104092.238724,1465104092.295000
193,1465104086.504000,1465104087.166421,1465104092.167639,1465104092.225000
194,1465104086.504000,1465104087.479268,1465104092.480798,1465104092.562000
195,1465104086.504000,1465104087.179262,1465104092.180663,1465104092.261000
196,1465104086.504000,1465104087.161747,1465104092.163152,1465104092.245000
197,1465104086.504000,1465104087.470321,1465104092.471880,1465104092.552000
198,1465104086.504000,1465104087.177762,1465104092.178961,1465104092.257000
199,1465104086.504000,0.000000,0.000000,0.000000
200,1465104086.504000,1465104087.150210,1465104092.161333,1465104092.219000
201,1465104086.504000,1465104087.445790,1465104092.447197,1465104092.530000
202,1465104086.504000,1465104087.215691,1465104092.225351,1465104092.294000
203,1465104086.504000,1465104087.150602,1465104092.152183,1465104092.233000
204,1465104086.504000,1465104087.469959,1465104092.471070,1465104092.540000
205,1465104086.504000,1465104087.164910,1465104092.166407,1465104092.233000
206,1465104086.504000,1465104087.190802,1465104092.191946,1465104092.258000
207,1465104086.504000,1465104087.180603,1465104092.186570,1465104092.268000
208,1465104086.504000,1465104087.194703,1465104092.213769,1465104092.294000
209,1465104086.504000,1465104087.221577,1465104092.222835,1465104092.313000
210,1465104086.504000,1465104087.137987,1465104092.151000,1465104092.238000
211,1465104086.504000,1465104087.205667,1465104092.207669,1465104092.296000
212,1465104086.504000,1465104087.147219,1465104092.148554,1465104092.229000
213,1465104086.504000,1465104087.178390,1465104092.198069,1465104092.286000
214,1465104086.504000,1465104087.470600,1465104092.471816,1465104092.540000
215,1465104086.504000,1465104087.212095,1465104092.213579,1465104092.300000
216,1465104086.504000,1465104087.462143,1465104092.463339,1465104092.541000
217,1465104086.504000,1465104087.479793,1465104092.480955,1465104092.558000
218,1465104086.504000,1465104087.224748,1465104092.243615,1465104092.322000
219,1465104086.504000,1465104087.441002,1465104092.442223,1465104092.522000
220,1465104086.504000,1465104087.124463,1465104092.125922,1465104092.222000
221,1465104086.504000,1465104087.155826,1465104092.157098,1465104092.223000
222,1465104086.504000,1465104087.428867,1465104092.430052,1465104092.518000
223,1465104086.505000,1465104087.115346,1465104092.117054,1465104092.202000
224,1465104086.505000,1465104087.428278,1465104092.429494,1465104092.501000
225,1465104086.505000,1465104087.109755,1465104092.111233,1465104092.197000
226,1465104086.505000,1465104087.434991,1465104092.436181,1465104092.506000
227,1465104086.505000,1465104087.139014,1465104092.140347,1465104092.246000
228,1465104086.505000,1465104087.135474,1465104092.136627,1465104092.232000
229,1465104086.505000,1465104087.254807,1465104092.255991,1465104092.312000
230,1465104086.505000,1465104087.189318,1465104092.190730,1465104092.277000
231,1465104086.505000,1465104087.217937,1465104092.225229,1465104092.311000
232,1465104086.505000,1465104087.493469,1465104092.494662,1465104092.567000
233,1465104086.505000,1465104087.446805,1465104092.448313,1465104092.522000
234,1465104086.505000,1465104087.423633,1465104092.424839,1465104092.493000
235,1465104086.505000,1465104087.158303,1465104092.159563,1465104092.246000
236,1465104086.505000,1465104087.383849,1465104092.385023,1465104092.480000
237,1465104086.505000,1465104087.159281,1465104092.160565,1465104092.248000
238,1465104086.505000,1465104087.194716,1465104092.196318,1465104092.276000
239,1465104086.505000,1465104087.432099,1465104092.433378,1465104092.519000
240,1465104086.505000,1465104087.165235,1465104092.185209,1465104092.291000
241,1465104086.505000,1465104087.140003,1465104092.141365,1465104092.222000
242,1465104086.505000,1465104087.192088,1465104092.193378,1465104092.279000
243,1465104086.505000,1465104087.175146,1465104092.176683,1465104092.257000
244,1465104086.505000,1465104087.218654,1465104092.219905,1465104092.306000
245,1465104086.505000,1465104087.168238,1465104092.169556,1465104092.249000
246,1465104086.505000,1465104087.223305,1465104092.224555,1465104092.281000
247,1465104086.505000,1465104087.412264,1465104092.413457,1465104092.500000
248,1465104086.505000,1465104087.460225,1465104092.461664,1465104092.550000
249,1465104086.505000,1465104087.186873,1465104092.188619,1465104092.279000
250,1465104086.505000,1465104087.484461,1465104092.485679,1465104092.555000
251,1465104086.505000,1465104087.444205,1465104092.445475,1465104092.531000
252,1465104086.505000,1465104087.132312,1465104092.133923,1465104092.225000
253,1465104086.505000,1465104087.224675,1465104092.225945,1465104092.308000
254,1465104086.506000,1465104087.161100,1465104092.162575,1465104092.249000
255,1465104086.506000,1465104087.184077,1465104092.185356,1465104092.271000
256,1465104086.506000,1465104087.474355,1465104092.475623,1465104092.545000
257,1465104086.506000,1465104088.964635,1465104093.965860,1465104094.052000
258,1465104086.506000,1465104087.183956,1465104092.185188,1465104092.278000
259,1465104086.506000,1465104087.447754,1465104092.448955,1465104092.530000
260,1465104086.506000,1465104087.415290,1465104092.416850,1465104092.496000
261,1465104086.506000,1465104087.445381,1465104092.447287,1465104092.521000
262,1465104086.506000,1465104087.176987,1465104092.182551,1465104092.278000
263,1465104086.506000,1465104087.184165,1465104092.191425,1465104092.282000
264,1465104086.506000,1465104087.197190,1465104092.198718,1465104092.279000
265,1465104086.506000,1465104087.407143,1465104092.408379,1465104092.513000
266,1465104086.506000,1465104087.149654,1465104092.150885,1465104092.257000
267,1465104086.506000,1465104088.982581,1465104093.984079,1465104094.061000
268,1465104086.506000,1465104087.475896,1465104092.491992,1465104092.566000
269,1465104086.506000,1465104087.152925,1465104092.154368,1465104092.234000
270,1465104086.506000,1465104087.179412,1465104092.180634,1465104092.258000
271,1465104086.506000,1465104087.219099,1465104092.220316,1465104092.290000
272,1465104086.506000,1465104087.153211,1465104092.154460,1465104092.259000
273,1465104086.506000,1465104087.137633,1465104092.139130,1465104092.208000
274,1465104086.507000,1465104087.405791,1465104092.407112,1465104092.494000
275,1465104086.507000,1465104087.175291,1465104092.183836,1465104092.289000
276,1465104086.507000,1465104087.165926,1465104092.167179,1465104092.249000
277,1465104086.507000,1465104087.188713,1465104092.190019,1465104092.271000
278,1465104086.508000,1465104087.243199,1465104092.244435,1465104092.317000
279,1465104086.510000,1465104087.189098,1465104092.190523,1465104092.286000
280,1465104086.510000,1465104087.461077,1465104092.462491,1465104092.550000
281,1465104086.510000,0.000000,0.000000,0.000000
282,1465104086.523000,1465104088.966411,1465104093.967668,1465104094.060000
283,1465104086.529000,1465104087.217762,1465104092.219135,1465104092.285000
284,1465104086.530000,1465104087.198154,1465104092.199874,1465104092.281000
285,1465104086.531000,1465104087.160206,1465104092.161412,1465104092.257000
286,1465104086.531000,1465104087.130074,1465104092.131516,1465104092.220000
287,1465104086.531000,1465104087.161226,1465104092.162876,1465104092.244000
288,1465104086.531000,1465104087.442374,1465104092.443542,1465104092.520000
289,1465104086.531000,1465104087.165047,1465104092.166253,1465104092.234000
290,1465104086.531000,1465104087.211425,1465104092.218655,1465104092.315000
291,1465104086.531000,1465104087.194045,1465104092.195464,1465104092.285000
292,1465104086.531000,1465104087.202787,1465104092.204098,1465104092.286000
293,1465104086.531000,1465104087.188613,1465104092.192186,1465104092.278000
294,1465104086.531000,1465104087.457622,1465104092.458813,1465104092.544000
295,1465104086.531000,1465104087.153391,1465104092.154662,1465104092.224000
296,1465104086.531000,1465104087.183091,1465104092.184638,1465104092.265000
297,1465104086.531000,1465104087.185682,1465104092.187591,1465104092.278000
298,1465104086.531000,1465104087.437157,1465104092.438634,1465104092.514000
299,1465104086.531000,1465104087.166312,1465104092.167809,1465104092.245000
300,1465104086.531000,1465104087.185533,1465104092.186769,1465104092.274000
301,1465104086.531000,1465104087.204623,1465104092.206145,1465104092.285000
302,1465104086.532000,1465104087.196703,1465104092.198151,1465104092.268000
303,1465104086.533000,1465104087.477841,1465104092.478994,1465104092.548000
304,1465104086.533000,1465104087.161528,1465104092.162775,1465104092.249000
305,1465104086.533000,1465104087.180566,1465104092.200544,1465104092.277000
306,1465104086.533000,1465104087.451698,1465104092.452973,1465104092.527000
307,1465104086.533000,1465104087.429787,1465104092.431466,1465104092.508000
308,1465104086.533000,1465104087.467793,1465104092.469232,1465104092.539000
309,1465104086.533000,1465104087.212744,1465104092.214107,1465104092.271000
310,1465104086.533000,1465104087.230048,1465104092.231352,1465104092.312000
311,1465104086.533000,1465104087.222970,1465104092.224097,1465104092.310000
312,1465104086.533000,1465104087.197729,1465104092.198988,1465104092.290000
313,1465104086.533000,1465104087.140361,1465104092.141913,1465104092.211000
314,1465104086.534000,1465104087.146074,1465104092.147385,1465104092.252000
315,1465104086.534000,1465104087.471411,1465104092.472933,1465104092.548000
316,1465104086.534000,1465104087.172705,1465104092.173951,1465104092.262000
317,1465104086.534000,1465104087.486623,1465104092.487906,1465104092.566000
318,1465104086.534000,1465104087.186347,1465104092.187529,1465104092.268000
319,1465104086.535000,1465104087.192269,1465104092.193915,1465104092.278000
320,1465104086.535000,1465104087.499549,1465104092.500760,1465104092.579000
321,1465104086.535000,1465104087.165740,1465104092.167213,1465104092.252000
322,1465104086.535000,1465104087.233408,1465104092.234887,1465104092.301000
323,1465104086.535000,1465104087.136794,1465104092.147201,1465104092.242000
324,1465104086.535000,1465104087.201393,1465104092.219171,1465104092.307000
325,1465104086.535000,1465104087.494159,1465104092.495820,1465104092.571000
326,1465104086.536000,1465104087.432224,1465104092.433538,1465104092.513000
327,1465104086.536000,1465104087.208888,1465104092.210161,1465104092.291000
328,1465104086.536000,1465104087.158884,1465104092.160093,1465104092.230000
329,1465104086.536000,1465104087.223512,1465104092.224917,1465104092.304000
330,1465104086.536000,1465104087.215955,1465104092.217219,1465104092.310000
331,1465104086.536000,1465104087.194982,1465104092.213766,1465104092.294000
332,1465104086.537000,1465104087.217985,1465104092.231811,1465104092.316000
333,1465104086.537000,1465104087.216749,1465104092.218494,1465104092.304000
334,1465104086.537000,1465104087.180054,1465104092.181360,1465104092.267000
335,1465104086.538000,1465104087.485642,1465104092.487276,1465104092.567000
336,1465104086.538000,1465104087.196544,1465104092.197625,1465104092.286000
337,1465104086.538000,1465104087.186649,1465104092.187865,1465104092.244000
338,1465104086.538000,1465104087.200477,1465104092.201748,1465104092.292000
339,1465104086.538000,1465104087.177015,1465104092.187001,1465104092.283000
340,1465104086.538000,1465104087.440306,1465104092.441504,1465104092.527000
341,1465104086.538000,1465104087.179385,1465104092.184774,1465104092.273000
342,1465104086.538000,1465104087.122266,1465104092.123825,1465104092.212000
343,1465104086.538000,1465104087.168898,1465104092.170220,1465104092.258000
344,1465104086.538000,1465104087.162388,1465104092.163580,1465104092.249000
345,1465104086.538000,1465104087.173893,1465104092.175064,1465104092.244000
346,1465104086.538000,1465104087.215200,1465104092.217400,1465104092.287000
347,1465104086.538000,1465104087.170442,1465104092.171790,1465104092.259000
348,1465104086.538000,1465104087.191494,1465104092.211772,1465104092.296000
349,1465104086.538000,1465104087.198489,1465104092.210958,1465104092.292000
350,1465104086.538000,1465104087.233037,1465104092.235709,1465104092.302000
351,1465104086.538000,1465104087.192459,1465104092.193669,1465104092.273000
352,1465104086.538000,1465104087.148820,1465104092.150082,1465104092.231000
353,1465104086.539000,1465104087.221245,1465104092.223077,1465104092.300000
354,1465104086.539000,1465104087.190280,1465104092.191477,1465104092.278000
355,1465104086.540000,1465104087.206807,1465104092.208331,1465104092.298000
356,1465104086.540000,1465104087.215865,1465104092.234269,1465104092.323000
357,1465104086.540000,1465104087.242901,1465104092.244427,1465104092.301000
358,1465104086.540000,1465104087.161203,1465104092.162447,1465104092.242000
359,1465104086.540000,1465104087.219003,1465104092.232035,1465104092.317000
360,1465104086.540000,1465104087.153123,1465104092.154582,1465104092.232000
361,1465104086.541000,1465104087.232108,1465104092.249936,1465104092.317000
362,1465104086.541000,1465104087.243960,1465104092.245304,1465104092.301000
363,1465104086.541000,1465104087.205846,1465104092.207041,1465104092.302000
364,1465104086.541000,1465104087.461042,1465104092.464207,1465104092.543000
365,1465104086.542000,1465104087.184267,1465104092.185650,1465104092.263000
366,1465104086.542000,1465104087.197040,1465104092.198275,1465104092.268000
367,1465104086.542000,1465104087.164362,1465104092.166138,1465104092.233000
368,1465104086.543000,1465104087.144756,1465104092.146188,1465104092.228000
369,1465104086.543000,1465104087.207262,1465104092.209000,1465104092.299000
370,1465104086.544000,1465104087.180145,1465104092.182536,1465104092.258000
371,1465104086.544000,1465104087.195624,1465104092.196983,1465104092.283000
372,1465104086.544000,1465104087.215491,1465104092.217399,1465104092.302000
373,1465104086.544000,1465104087.173534,1465104092.174702,1465104092.261000
374,1465104086.544000,1465104087.467183,1465104092.468597,1465104092.548000
375,1465104086.544000,1465104087.175644,1465104092.179662,1465104092.275000
376,1465104086.544000,1465104087.198888,1465104092.206266,1465104092.286000
377,1465104086.544000,1465104087.205792,1465104092.207240,1465104092.285000
378,1465104086.544000,1465104087.231751,1465104092.249881,1465104092.316000
379,1465104086.544000,1465104087.222233,1465104092.223502,1465104092.302000
380,1465104086.544000,1465104087.205859,1465104092.207060,1465104092.285000
381,1465104086.545000,1465104087.227202,1465104092.228515,1465104092.297000
382,1465104086.545000,1465104087.145977,1465104092.147372,1465104092.233000
383,1465104086.545000,1465104087.127802,1465104092.129095,1465104092.235000
384,1465104086.545000,1465104087.206521,1465104092.208008,1465104092.287000
385,1465104086.545000,1465104087.201667,1465104092.203077,1465104092.299000
386,1465104086.545000,1465104087.195850,1465104092.197230,1465104092.287000
387,1465104086.546000,1465104087.187356,1465104092.188622,1465104092.267000
388,1465104086.546000,1465104087.176559,1465104092.190381,1465104092.271000
389,1465104086.546000,1465104087.169118,1465104092.170436,1465104092.257000
390,1465104086.546000,1465104087.215657,1465104092.216893,1465104092.312000
391,1465104086.546000,1465104087.437236,1465104092.438385,1465104092.542000
392,1465104086.547000,1465104087.211990,1465104092.213347,1465104092.292000
393,1465104086.547000,1465104087.456822,1465104092.457993,1465104092.530000
394,1465104086.547000,1465104087.162695,1465104092.164362,1465104092.255000
395,1465104086.547000,1465104087.227822,1465104092.235830,1465104092.322000
396,1465104086.547000,1465104087.521912,1465104092.523339,1465104092.603000
397,1465104086.547000,1465104087.195864,1465104092.197862,1465104092.284000
398,1465104086.548000,1465104087.156798,1465104092.158111,1465104092.248000
399,1465104086.548000,1465104087.493974,1465104092.495322,1465104092.586000
400,1465104086.548000,1465104087.204941,1465104092.206759,1465104092.293000
401,1465104086.548000,1465104087.151792,1465104092.153046,1465104092.239000
402,1465104086.548000,1465104087.162399,1465104092.163847,1465104092.256000
403,1465104086.548000,1465104087.170197,1465104092.171488,1465104092.259000
404,1465104086.548000,1465104087.489687,1465104092.491396,1465104092.573000
405,1465104086.548000,1465104087.228142,1465104092.229584,1465104092.315000
406,1465104086.548000,1465104087.156416,1465104092.158264,1465104092.234000
407,1465104086.549000,1465104087.491713,1465104092.492926,1465104092.597000
408,1465104086.549000,1465104087.142798,1465104092.144016,1465104092.231000
409,1465104086.549000,1465104087.442715,1465104092.443908,1465104092.516000
410,1465104086.549000,1465104087.224572,1465104092.235148,1465104092.312000
411,1465104086.550000,1465104087.191890,1465104092.193661,1465104092.274000
412,1465104086.550000,1465104087.169273,1465104092.170489,1465104092.256000
413,1465104086.550000,1465104087.175050,1465104092.180906,1465104092.277000
414,1465104086.550000,1465104087.223068,1465104092.224256,1465104092.310000
415,1465104086.550000,1465104087.232594,1465104092.233829,1465104092.290000
416,1465104086.551000,1465104087.168780,1465104092.170173,1465104092.259000
417,1465104086.551000,1465104087.188314,1465104092.189684,1465104092.280000
418,1465104086.551000,1465104087.186966,1465104092.188193,1465104092.269000
419,1465104086.551000,1465104087.211921,1465104092.213499,1465104092.287000
420,1465104086.551000,1465104087.197814,1465104092.198998,1465104092.285000
421,1465104086.552000,1465104087.219453,1465104092.221844,1465104092.308000
422,1465104086.552000,1465104087.204578,1465104092.209686,1465104092.297000
423,1465104086.552000,1465104087.213246,1465104092.214471,1465104092.301000
424,1465104086.552000,1465104087.189440,1465104092.190660,1465104092.268000
425,1465104086.552000,1465104087.218866,1465104092.220175,1465104092.287000
426,1465104086.552000,1465104087.223834,1465104092.225189,1465104092.307000
427,1465104086.552000,1465104087.183223,1465104092.184775,1465104092.266000
428,1465104086.553000,1465104087.222999,1465104092.224274,1465104092.303000
429,1465104086.553000,1465104087.178171,1465104092.179739,1465104092.266000
430,1465104086.553000,1465104087.208118,1465104092.209311,1465104092.279000
431,1465104086.553000,1465104087.210300,1465104092.211576,1465104092.278000
432,1465104086.553000,1465104087.192456,1465104092.194021,1465104092.280000
433,1465104086.553000,1465104087.210405,1465104092.211584,1465104092.300000
434,1465104086.554000,1465104087.203955,1465104092.205061,1465104092.291000
435,1465104086.554000,1465104087.210118,1465104092.211682,1465104092.298000
436,1465104086.554000,1465104087.138619,1465104092.140855,1465104092.209000
437,1465104086.554000,1465104087.211123,1465104092.212421,1465104092.291000
438,1465104086.554000,1465104087.440547,1465104092.441790,1465104092.538000
439,1465104086.554000,1465104087.206718,1465104092.208176,1465104092.292000
440,1465104086.555000,1465104087.201782,1465104092.203254,1465104092.291000
441,1465104086.555000,1465104087.473195,1465104092.474822,1465104092.549000
442,1465104086.555000,1465104087.182048,1465104092.183338,1465104092.260000
443,1465104086.555000,1465104087.176592,1465104092.177907,1465104092.283000
444,1465104086.555000,1465104087.484474,1465104092.492217,1465104092.566000
445,1465104086.556000,1465104087.189145,1465104092.191606,1465104092.278000
446,1465104086.556000,1465104087.161846,1465104092.163007,1465104092.240000
447,1465104086.556000,1465104087.249310,1465104092.250657,1465104092.308000
448,1465104086.556000,1465104087.166625,1465104092.184028,1465104092.270000
449,1465104086.556000,1465104087.205043,1465104092.206798,1465104092.286000
450,1465104086.556000,1465104087.227274,1465104092.228523,1465104092.314000
451,1465104086.556000,1465104087.219533,1465104092.220889,1465104092.307000
452,1465104086.557000,1465104087.204439,1465104092.208867,1465104092.290000
453,1465104086.557000,1465104087.218789,1465104092.220197,1465104092.295000
454,1465104086.557000,1465104087.187841,1465104092.189188,1465104092.270000
455,1465104086.557000,1465104087.190336,1465104092.191579,1465104092.286000
456,1465104086.557000,1465104087.198144,1465104092.199947,1465104092.285000
457,1465104086.557000,1465104087.178626,1465104092.179749,1465104092.266000
458,1465104086.558000,1465104087.214764,1465104092.215952,1465104092.304000
459,1465104086.558000,1465104087.236825,1465104092.238517,1465104092.318000
460,1465104086.558000,1465104087.188968,1465104092.190630,1465104092.270000
461,1465104086.558000,1465104087.183264,1465104092.184842,1465104092.271000
462,1465104086.558000,1465104087.182895,1465104092.185201,1465104092.291000
463,1465104086.558000,1465104087.208150,1465104092.224156,1465104092.310000
464,1465104086.559000,1465104087.174604,1465104092.175995,1465104092.257000
465,1465104086.559000,1465104087.198644,1465104092.199802,1465104092.285000
466,1465104086.559000,1465104087.218092,1465104092.219640,1465104092.306000
467,1465104086.559000,1465104087.211165,1465104092.224444,1465104092.310000
468,1465104086.560000,1465104087.158435,1465104092.177969,1465104092.259000
469,1465104086.560000,1465104087.192420,1465104092.203520,1465104092.309000
470,1465104086.560000,1465104087.214658,1465104092.215853,1465104092.294000
471,1465104086.560000,1465104087.193829,1465104092.195229,1465104092.282000
472,1465104086.560000,1465104087.216834,1465104092.218282,1465104092.297000
473,1465104086.560000,1465104087.212108,1465104092.213363,1465104092.294000
474,1465104086.560000,1465104087.179242,1465104092.182347,1465104092.278000
475,1465104086.561000,1465104087.234053,1465104092.235382,1465104092.314000
476,1465104086.561000,1465104087.192263,1465104092.211527,1465104092.297000
477,1465104086.561000,1465104087.173292,1465104092.174563,1465104092.259000
478,1465104086.561000,1465104087.220890,1465104092.222276,1465104092.300000
479,1465104086.561000,1465104087.215522,1465104092.217057,1465104092.296000
480,1465104086.561000,1465104087.211604,1465104092.218417,1465104092.314000
481,1465104086.561000,1465104087.222380,1465104092.225278,1465104092.313000
482,1465104086.562000,1465104087.219767,1465104092.223564,1465104092.309000
483,1465104086.562000,1465104087.195203,1465104092.196486,1465104092.277000
484,1465104086.562000,1465104087.202930,1465104092.208557,1465104092.289000
485,1465104086.562000,1465104087.213357,1465104092.215224,1465104092.291000
486,1465104086.562000,1465104087.173633,1465104092.174861,1465104092.264000
487,1465104086.562000,1465104087.185956,1465104092.187230,1465104092.264000
488,1465104086.563000,1465104087.184128,1465104092.185536,1465104092.266000
489,1465104086.563000,1465104087.302152,1465104092.303361,1465104092.400000
490,1465104086.563000,1465104087.202492,1465104092.203748,1465104092.290000
491,1465104086.563000,1465104087.211335,1465104092.217442,1465104092.293000
492,1465104086.563000,1465104087.204431,1465104092.206175,1465104092.283000
493,1465104086.563000,1465104087.209072,1465104092.210958,1465104092.296000
494,1465104086.564000,1465104087.204042,1465104092.205310,1465104092.291000
495,1465104086.564000,1465104087.238932,1465104092.240538,1465104092.316000
496,1465104086.564000,1465104087.290659,1465104092.292011,1465104092.397000
497,1465104086.564000,1465104087.166384,1465104092.167657,1465104092.273000
498,1465104086.564000,1465104087.223994,1465104092.225161,1465104092.295000
499,1465104086.564000,1465104087.289654,1465104092.291053,1465104092.367000
500,1465104086.564000,1465104087.203059,1465104092.204348,1465104092.300000
501,1465104086.564000,1465104087.185102,1465104092.187014,1465104092.275000
502,1465104086.564000,1465104087.226433,1465104092.231725,1465104092.322000
503,1465104086.564000,1465104087.209049,1465104092.212384,1465104092.297000
504,1465104086.564000,1465104087.218097,1465104092.219604,1465104092.301000
505,1465104086.564000,1465104087.229722,1465104092.234715,1465104092.322000
506,1465104086.564000,1465104087.234870,1465104092.236056,1465104092.317000
507,1465104086.564000,1465104087.229860,1465104092.231290,1465104092.310000
508,1465104086.564000,1465104087.264837,1465104092.266283,1465104092.345000
509,1465104086.564000,1465104087.198793,1465104092.200011,1465104092.306000
510,1465104086.564000,1465104087.326170,1465104092.327418,1465104092.410000
511,1465104086.564000,1465104087.226719,1465104092.227954,1465104092.307000
512,1465104086.564000,1465104087.197950,1465104092.217835,1465104092.313000
513,1465104086.564000,1465104087.374976,1465104092.393857,1465104092.479000
514,1465104086.564000,1465104087.309783,1465104092.311002,1465104092.391000
515,1465104086.564000,1465104087.220734,1465104092.222012,1465104092.303000
516,1465104086.565000,1465104087.231997,1465104092.233654,1465104092.316000
517,1465104086.565000,1465104087.231538,1465104092.233013,1465104092.315000
518,1465104086.565000,1465104087.313988,1465104092.315339,1465104092.391000
519,1465104086.565000,1465104087.193890,1465104092.195508,1465104092.299000
520,1465104086.565000,1465104087.346204,1465104092.347840,1465104092.434000
521,1465104086.565000,1465104087.236536,1465104092.237868,1465104092.294000
522,1465104086.565000,1465104087.336278,1465104092.337573,1465104092.407000
523,1465104086.565000,1465104087.619566,1465104092.621026,1465104092.714000
524,1465104086.565000,1465104087.193437,1465104092.195129,1465104092.284000
525,1465104086.565000,1465104087.198108,1465104092.199343,1465104092.306000
526,1465104086.565000,1465104087.186699,1465104092.187963,1465104092.274000
527,1465104086.565000,1465104087.251279,1465104092.252585,1465104092.321000
528,1465104086.565000,1465104087.268597,1465104092.269819,1465104092.365000
529,1465104086.565000,1465104087.181317,1465104092.182756,1465104092.264000
530,1465104086.565000,1465104087.210513,1465104092.211909,1465104092.316000
531,1465104086.565000,1465104087.220501,1465104092.221667,1465104092.308000
532,1465104086.565000,1465104087.203820,1465104092.205133,1465104092.293000
533,1465104086.565000,1465104087.394626,1465104092.395806,1465104092.452000
534,1465104086.565000,1465104087.363525,1465104092.365121,1465104092.470000
535,1465104086.565000,1465104087.220672,1465104092.222524,1465104092.309000
536,1465104086.565000,1465104087.377401,1465104092.378708,1465104092.457000
537,1465104086.565000,1465104087.247204,1465104092.248424,1465104092.315000
538,1465104086.565000,1465104087.206912,1465104092.208757,1465104092.288000
539,1465104086.565000,1465104087.333253,1465104092.334609,1465104092.415000
540,1465104086.565000,1465104087.239700,1465104092.241721,1465104092.320000
541,1465104086.565000,1465104087.224651,1465104092.226216,1465104092.304000
542,1465104086.565000,1465104087.247950,1465104092.249180,1465104092.335000
543,1465104086.565000,1465104087.230324,1465104092.236484,1465104092.323000
544,1465104086.566000,1465104087.195995,1465104092.197509,1465104092.267000
545,1465104086.566000,1465104087.367175,1465104092.368602,1465104092.454000
546,1465104086.566000,1465104087.295571,1465104092.296863,1465104092.377000
547,1465104086.566000,1465104087.203516,1465104092.206251,1465104092.286000
548,1465104086.566000,1465104087.216752,1465104092.218531,1465104092.300000
549,1465104086.566000,1465104087.184358,1465104092.185601,1465104092.266000
550,1465104086.566000,1465104087.190796,1465104092.192064,1465104092.270000
551,1465104086.566000,1465104087.363734,1465104092.365068,1465104092.434000
552,1465104086.566000,1465104087.267732,1465104092.269001,1465104092.350000
553,1465104086.566000,1465104087.209021,1465104092.223837,1465104092.304000
554,1465104086.566000,1465104087.228670,1465104092.235240,1465104092.322000
555,1465104086.566000,1465104087.215046,1465104092.216634,1465104092.292000
556,1465104086.566000,1465104087.184119,1465104092.185906,1465104092.276000
557,1465104086.566000,1465104087.236939,1465104092.239386,1465104092.317000
558,1465104086.566000,1465104087.193046,1465104092.194545,1465104092.300000
559,1465104086.566000,1465104087.318303,1465104092.332239,1465104092.406000
560,1465104086.566000,1465104087.376448,1465104092.378106,1465104092.453000
561,1465104086.566000,1465104087.202008,1465104092.203248,1465104092.291000
562,1465104086.566000,1465104087.280351,1465104092.282327,1465104092.368000
563,1465104086.566000,1465104087.217637,1465104092.230620,1465104092.312000
564,1465104086.566000,1465104087.221837,1465104092.223054,1465104092.316000
565,1465104086.566000,1465104087.213723,1465104092.214917,1465104092.319000
566,1465104086.566000,1465104087.341587,1465104092.342911,1465104092.432000
567,1465104086.566000,1465104087.216785,1465104092.218026,1465104092.306000
568,1465104086.566000,1465104087.222810,1465104092.224245,1465104092.320000
569,1465104086.566000,1465104087.294464,1465104092.295864,1465104092.400000
570,1465104086.566000,1465104087.366554,1465104092.368315,1465104092.455000
571,1465104086.566000,1465104087.197986,1465104092.199169,1465104092.277000
572,1465104086.567000,1465104087.391395,1465104092.412019,1465104092.485000
573,1465104086.567000,1465104087.225785,1465104092.227164,1465104092.306000
574,1465104086.567000,1465104087.313599,1465104092.314942,1465104092.394000
575,1465104086.567000,1465104087.217985,1465104092.221995,1465104092.306000
576,1465104086.567000,1465104087.181670,1465104092.183240,1465104092.271000
577,1465104086.567000,1465104087.230854,1465104092.232255,1465104092.311000
578,1465104086.567000,1465104087.265677,1465104092.266966,1465104092.334000
579,1465104086.567000,1465104087.236164,1465104092.237454,1465104092.318000
580,1465104086.567000,1465104087.216172,1465104092.233862,1465104092.319000
581,1465104086.567000,1465104087.629014,1465104092.630218,1465104092.708000
582,1465104086.567000,1465104087.227057,1465104092.228324,1465104092.321000
583,1465104086.567000,1465104087.222173,1465104092.223597,1465104092.319000
584,1465104086.567000,1465104087.213137,1465104092.214510,1465104092.307000
585,1465104086.567000,1465104087.197530,1465104092.214087,1465104092.299000
586,1465104086.567000,1465104087.381089,1465104092.382292,1465104092.469000
587,1465104086.567000,1465104087.635135,1465104092.636384,1465104092.729000
588,1465104086.567000,1465104087.190869,1465104092.192424,1465104092.278000
589,1465104086.567000,1465104087.198291,1465104092.199729,1465104092.295000
590,1465104086.567000,1465104087.200801,1465104092.202103,1465104092.283000
591,1465104086.567000,1465104087.222935,1465104092.224464,1465104092.302000
592,1465104086.567000,1465104087.205431,1465104092.218575,1465104092.307000
593,1465104086.567000,1465104087.633036,1465104092.634342,1465104092.727000
594,1465104086.567000,1465104087.278054,1465104092.279431,1465104092.347000
595,1465104086.567000,1465104087.236275,1465104092.237547,1465104092.311000
596,1465104086.567000,1465104087.226148,1465104092.227415,1465104092.307000
597,1465104086.567000,1465104087.242493,1465104092.243669,1465104092.340000
598,1465104086.567000,1465104087.230257,1465104092.231618,1465104092.319000
599,1465104086.568000,1465104087.240991,1465104092.242238,1465104092.323000
600,1465104086.567000,1465104087.291403,1465104092.293534,1465104092.397000
601,1465104086.568000,1465104087.201685,1465104092.202857,1465104092.288000
602,1465104086.568000,1465104087.208733,1465104092.210058,1465104092.313000
603,1465104086.568000,1465104087.278586,1465104092.279901,1465104092.366000
604,1465104086.568000,1465104087.221253,1465104092.224338,1465104092.310000
605,1465104086.568000,0.000000,0.000000,0.000000
606,1465104086.568000,1465104087.206481,1465104092.209021,1465104092.297000
607,1465104086.568000,1465104087.359599,1465104092.360940,1465104092.436000
608,1465104086.568000,1465104087.222529,1465104092.224623,1465104092.312000
609,1465104086.568000,1465104087.266869,1465104092.268396,1465104092.354000
610,1465104086.568000,1465104087.206879,1465104092.208322,1465104092.294000
611,1465104086.568000,1465104087.252554,1465104092.253840,1465104092.310000
612,1465104086.568000,1465104087.371790,1465104092.373066,1465104092.429000
613,1465104086.568000,1465104087.665199,1465104092.666609,1465104092.748000
614,1465104086.568000,1465104087.350465,1465104092.351702,1465104092.440000
615,1465104086.568000,1465104087.249974,1465104092.261215,1465104092.318000
616,1465104086.568000,1465104087.203423,1465104092.204770,1465104092.301000
617,1465104086.568000,1465104087.281360,1465104092.282841,1465104092.356000
618,1465104086.568000,1465104087.291193,1465104092.292396,1465104092.359000
619,1465104086.568000,1465104087.199362,1465104092.212141,1465104092.296000
620,1465104086.568000,1465104087.233286,1465104092.234481,1465104092.321000
621,1465104086.568000,1465104087.306903,1465104092.308189,1465104092.393000
622,1465104086.568000,1465104087.674578,1465104092.694148,1465104092.783000
623,1465104086.568000,1465104087.367234,1465104092.368401,1465104092.450000
624,1465104086.568000,1465104087.359181,1465104092.368722,1465104092.455000
625,1465104086.568000,1465104087.189219,1465104092.190447,1465104092.276000
626,1465104086.568000,1465104087.225118,1465104092.226331,1465104092.305000
627,1465104086.568000,1465104087.260196,1465104092.261521,1465104092.341000
628,1465104086.569000,1465104087.177050,1465104092.186164,1465104092.275000
629,1465104086.569000,1465104087.219749,1465104092.221929,1465104092.308000
630,1465104086.569000,1465104087.340116,1465104092.351933,1465104092.426000
631,1465104086.569000,1465104087.301026,1465104092.303244,1465104092.383000
632,1465104086.569000,1465104087.258915,1465104092.260096,1465104092.332000
633,1465104086.569000,1465104087.280260,1465104092.281620,1465104092.357000
634,1465104086.569000,1465104087.288091,1465104092.289403,1465104092.346000
635,1465104086.569000,1465104087.666076,1465104092.667692,1465104092.748000
636,1465104086.569000,1465104087.226881,1465104092.228119,1465104092.309000
637,1465104086.569000,1465104087.274234,1465104092.275510,1465104092.347000
638,1465104086.569000,1465104087.291428,1465104092.292669,1465104092.375000
639,1465104086.569000,1465104087.342278,1465104092.343579,1465104092.417000
640,1465104086.569000,1465104087.239392,1465104092.240726,1465104092.320000
641,1465104086.569000,1465104087.649749,1465104092.651083,1465104092.737000
642,1465104086.569000,1465104087.319454,1465104092.320678,1465104092.398000
643,1465104086.569000,1465104087.277538,1465104092.278703,1465104092.356000
644,1465104086.569000,1465104087.230935,1465104092.232134,1465104092.318000
645,1465104086.569000,1465104087.258646,1465104092.259841,1465104092.356000
646,1465104086.569000,1465104087.649007,1465104092.650259,1465104092.728000
647,1465104086.569000,1465104087.177259,1465104092.182349,1465104092.270000
648,1465104086.570000,1465104087.242758,1465104092.243953,1465104092.323000
649,1465104086.570000,1465104087.234103,1465104092.235296,1465104092.315000
650,1465104086.570000,1465104087.218039,1465104092.219502,1465104092.298000
651,1465104086.570000,1465104087.236890,1465104092.238082,1465104092.318000
652,1465104086.570000,1465104087.181313,1465104092.197993,1465104092.286000
653,1465104086.570000,1465104087.218928,1465104092.220662,1465104092.301000
654,1465104086.570000,1465104087.353161,1465104092.370412,1465104092.436000
655,1465104086.570000,1465104087.227860,1465104092.229813,1465104092.315000
656,1465104086.570000,1465104087.232353,1465104092.233803,1465104092.308000
657,1465104086.570000,1465104087.187234,1465104092.188450,1465104092.276000
658,1465104086.570000,1465104087.219395,1465104092.223813,1465104092.309000
659,1465104086.570000,1465104087.194245,1465104092.195867,1465104092.284000
660,1465104086.570000,1465104087.208731,1465104092.210144,1465104092.291000
661,1465104086.571000,1465104087.335498,1465104092.336711,1465104092.416000
662,1465104086.571000,1465104087.357418,1465104092.358742,1465104092.446000
663,1465104086.571000,1465104087.377965,1465104092.395977,1465104092.483000
664,1465104086.571000,1465104087.217374,1465104092.218609,1465104092.299000
665,1465104086.571000,1465104087.173605,1465104092.187260,1465104092.283000
666,1465104086.571000,1465104087.291442,1465104092.292595,1465104092.370000
667,1465104086.571000,1465104087.255521,1465104092.256805,1465104092.325000
668,1465104086.571000,1465104087.209977,1465104092.211473,1465104092.291000
669,1465104086.571000,1465104087.211534,1465104092.212765,1465104092.291000
670,1465104086.571000,1465104087.191208,1465104092.192620,1465104092.272000
671,1465104086.571000,1465104087.214382,1465104092.215813,1465104092.285000
672,1465104086.571000,1465104087.648765,1465104092.650032,1465104092.722000
673,1465104086.571000,1465104087.220685,1465104092.222077,1465104092.318000
674,1465104086.571000,1465104087.224220,1465104092.226069,1465104092.301000
675,1465104086.571000,1465104087.164033,1465104092.168768,1465104092.250000
676,1465104086.571000,1465104087.216476,1465104092.217761,1465104092.295000
677,1465104086.571000,1465104087.613034,1465104092.614404,1465104092.694000
678,1465104086.571000,1465104087.228247,1465104092.236680,1465104092.324000
679,1465104086.571000,1465104087.215856,1465104092.217939,1465104092.294000
680,1465104086.571000,1465104087.260163,1465104092.261463,1465104092.352000
681,1465104086.571000,1465104087.213731,1465104092.215302,1465104092.303000
682,1465104086.571000,1465104087.391587,1465104092.393217,1465104092.468000
683,1465104086.571000,1465104087.293309,1465104092.294558,1465104092.376000
684,1465104086.572000,1465104087.224297,1465104092.237273,1465104092.313000
685,1465104086.572000,1465104087.212650,1465104092.214001,1465104092.298000
686,1465104086.572000,1465104087.226122,1465104092.233669,1465104092.321000
687,1465104086.572000,1465104087.269333,1465104092.270488,1465104092.374000
688,1465104086.572000,1465104087.363558,1465104092.364745,1465104092.469000
689,1465104086.572000,1465104087.246176,1465104092.247476,1465104092.319000
690,1465104086.572000,1465104087.218759,1465104092.220393,1465104092.299000
691,1465104086.572000,1465104087.220437,1465104092.222313,1465104092.309000
692,1465104086.572000,1465104087.264361,1465104092.265697,1465104092.347000
693,1465104086.572000,1465104087.267154,1465104092.268422,1465104092.344000
694,1465104086.572000,1465104087.208018,1465104092.209199,1465104092.288000
695,1465104086.572000,1465104087.219605,1465104092.221257,1465104092.305000
696,1465104086.572000,1465104087.258944,1465104092.260310,1465104092.347000
697,1465104086.572000,1465104087.314627,1465104092.315846,1465104092.412000
698,1465104086.572000,1465104087.258799,1465104092.260055,1465104092.349000
699,1465104086.572000,1465104087.362499,1465104092.363699,1465104092.433000
700,1465104086.572000,1465104087.327833,1465104092.329099,1465104092.410000
701,1465104086.572000,1465104087.641838,1465104092.643086,1465104092.713000
702,1465104086.572000,1465104087.351619,1465104092.352896,1465104092.449000
703,1465104086.572000,1465104087.270802,1465104092.271976,1465104092.341000
704,1465104086.572000,1465104087.321311,1465104092.322561,1465104092.391000
705,1465104086.572000,1465104087.308014,1465104092.309244,1465104092.398000
706,1465104086.572000,1465104087.227873,1465104092.229096,1465104092.314000
707,1465104086.572000,1465104087.276816,1465104092.278030,1465104092.363000
708,1465104086.572000,1465104087.393980,1465104092.395279,1465104092.471000
709,1465104086.573000,1465104087.650428,1465104092.651873,1465104092.734000
710,1465104086.573000,1465104087.381203,1465104092.382448,1465104092.469000
711,1465104086.573000,1465104087.214074,1465104092.215263,1465104092.293000
712,1465104086.573000,1465104087.210945,1465104092.212190,1465104092.293000
713,1465104086.573000,1465104087.255895,1465104092.257115,1465104092.340000
714,1465104086.573000,1465104087.301307,1465104092.302597,1465104092.359000
715,1465104086.573000,1465104087.231369,1465104092.232564,1465104092.320000
716,1465104086.573000,1465104087.274423,1465104092.276057,1465104092.353000
717,1465104086.573000,1465104087.370089,1465104092.371294,1465104092.448000
718,1465104086.573000,1465104087.348751,1465104092.350353,1465104092.437000
719,1465104086.573000,1465104087.300364,1465104092.301763,1465104092.358000
720,1465104086.573000,1465104087.629415,1465104092.630767,1465104092.719000
721,1465104086.573000,1465104087.215575,1465104092.216760,1465104092.296000
722,1465104086.573000,1465104087.229637,1465104092.230863,1465104092.335000
723,1465104086.573000,1465104087.282866,1465104092.284016,1465104092.361000
724,1465104086.573000,0.000000,0.000000,0.000000
725,1465104086.573000,1465104087.628311,1465104092.629755,1465104092.718000
726,1465104086.573000,1465104087.385406,1465104092.387899,1465104092.468000
727,1465104086.573000,1465104087.319172,1465104092.320427,1465104092.407000
728,1465104086.573000,1465104087.369235,1465104092.370579,1465104092.427000
729,1465104086.573000,1465104087.361380,1465104092.362613,1465104092.429000
730,1465104086.573000,1465104087.320039,1465104092.321366,1465104092.389000
731,1465104086.573000,1465104087.561157,1465104092.562339,1465104092.666000
732,1465104086.573000,1465104087.222214,1465104092.223441,1465104092.301000
733,1465104086.574000,1465104087.257354,1465104092.258537,1465104092.325000
734,1465104086.574000,1465104087.228434,1465104092.237280,1465104092.324000
735,1465104086.574000,1465104087.598446,1465104092.599683,1465104092.669000
736,1465104086.574000,1465104087.647961,1465104092.649351,1465104092.734000
737,1465104086.574000,1465104087.238360,1465104092.239769,1465104092.319000
738,1465104086.574000,1465104087.344041,1465104092.345201,1465104092.428000
739,1465104086.574000,1465104087.217429,1465104092.228711,1465104092.309000
740,1465104086.574000,1465104087.193594,1465104092.194870,1465104092.280000
741,1465104086.574000,1465104087.227399,1465104092.233350,1465104092.321000
742,1465104086.574000,1465104087.282100,1465104092.283288,1465104092.355000
743,1465104086.575000,1465104087.666157,1465104092.668376,1465104092.725000
744,1465104086.577000,1465104087.226477,1465104092.227680,1465104092.315000
745,1465104086.585000,1465104087.301213,1465104092.302397,1465104092.380000
746,1465104086.611000,1465104087.291701,1465104092.295257,1465104092.398000
747,1465104086.616000,1465104087.245753,1465104092.247248,1465104092.330000
748,1465104086.619000,1465104087.285256,1465104092.286458,1465104092.367000
749,1465104086.619000,1465104087.291078,1465104092.292475,1465104092.380000
750,1465104086.619000,1465104087.683611,1465104092.684840,1465104092.765000
751,1465104086.619000,1465104087.321474,1465104092.322664,1465104092.391000
752,1465104086.619000,1465104087.296058,1465104092.297211,1465104092.375000
753,1465104086.619000,1465104087.665789,1465104092.667158,1465104092.746000
754,1465104086.619000,1465104087.337388,1465104092.338583,1465104092.423000
755,1465104086.619000,1465104087.292697,1465104092.293963,1465104092.373000
756,1465104086.619000,1465104087.657507,1465104092.660610,1465104092.736000
757,1465104086.619000,1465104087.284496,1465104092.285749,1465104092.372000
758,1465104086.619000,1465104087.327900,1465104092.329088,1465104092.417000
759,1465104086.619000,1465104087.384617,1465104092.393703,1465104092.468000
760,1465104086.619000,1465104087.355164,1465104092.356428,1465104092.452000
761,1465104086.619000,1465104087.295999,1465104092.297308,1465104092.365000
762,1465104086.619000,1465104087.318078,1465104092.319321,1465104092.397000
763,1465104086.619000,1465104087.360559,1465104092.361790,1465104092.441000
764,1465104086.619000,1465104087.289281,1465104092.290583,1465104092.369000
765,1465104086.619000,1465104087.352298,1465104092.354039,1465104092.434000
766,1465104086.620000,1465104087.339818,1465104092.341496,1465104092.420000
767,1465104086.620000,1465104087.205632,1465104092.206844,1465104092.314000
768,1465104086.620000,1465104087.283070,1465104092.284259,1465104092.353000
769,1465104086.620000,1465104087.343718,1465104092.344932,1465104092.414000
770,1465104086.620000,1465104087.369113,1465104092.370905,1465104092.457000
771,1465104086.620000,1465104087.355302,1465104092.356762,1465104092.425000
772,1465104086.620000,1465104087.675814,1465104092.694778,1465104092.784000
773,1465104086.620000,1465104087.322728,1465104092.323892,1465104092.409000
774,1465104086.620000,1465104087.287905,1465104092.289055,1465104092.375000
775,1465104086.620000,1465104087.235177,1465104092.236571,1465104092.315000
776,1465104086.620000,1465104087.240105,1465104092.242100,1465104092.321000
777,1465104086.620000,1465104087.369007,1465104092.370776,1465104092.451000
778,1465104086.620000,1465104087.341947,1465104092.343132,1465104092.430000
779,1465104086.620000,1465104087.268361,1465104092.269620,1465104092.350000
780,1465104086.620000,1465104087.392576,1465104092.393973,1465104092.462000
781,1465104086.620000,1465104087.244767,1465104092.246027,1465104092.333000
782,1465104086.620000,1465104087.350596,1465104092.351855,1465104092.438000
783,1465104086.620000,1465104087.322278,1465104092.323574,1465104092.409000
784,1465104086.620000,1465104087.362915,1465104092.365017,1465104092.470000
785,1465104086.621000,1465104087.317877,1465104092.319201,1465104092.406000
786,1465104086.621000,1465104087.667448,1465104092.668724,1465104092.749000
787,1465104086.621000,1465104087.377338,1465104092.378588,1465104092.447000
788,1465104086.621000,1465104087.375603,1465104092.377341,1465104092.457000
789,1465104086.621000,1465104087.257887,1465104092.259161,1465104092.335000
790,1465104086.621000,1465104087.377762,1465104092.387960,1465104092.469000
791,1465104086.621000,1465104087.275666,1465104092.276858,1465104092.354000
792,1465104086.621000,1465104087.364939,1465104092.366356,1465104092.436000
793,1465104086.621000,1465104087.351843,1465104092.353085,1465104092.431000
794,1465104086.621000,1465104087.349897,1465104092.351112,1465104092.432000
795,1465104086.621000,1465104087.649297,1465104092.650555,1465104092.730000
796,1465104086.622000,1465104087.368607,1465104092.369869,1465104092.451000
797,1465104086.622000,1465104087.376100,1465104092.377599,1465104092.456000
798,1465104086.623000,1465104087.303142,1465104092.304346,1465104092.373000
799,1465104086.623000,1465104087.626618,1465104092.628328,1465104092.716000
800,1465104086.623000,1465104087.366259,1465104092.367589,1465104092.448000
801,1465104086.623000,1465104087.261838,1465104092.263022,1465104092.340000
802,1465104086.623000,1465104087.366632,1465104092.368497,1465104092.464000
803,1465104086.623000,1465104087.321323,1465104092.322528,1465104092.389000
804,1465104086.623000,0.000000,0.000000,0.000000
805,1465104086.623000,1465104087.266678,1465104092.267872,1465104092.354000
806,1465104086.623000,1465104087.355230,1465104092.357265,1465104092.433000
807,1465104086.623000,1465104087.339489,1465104092.340748,1465104092.429000
808,1465104086.623000,1465104087.344409,1465104092.345788,1465104092.426000
809,1465104086.623000,1465104087.369776,1465104092.371153,1465104092.446000
810,1465104086.623000,1465104087.347555,1465104092.349941,1465104092.436000
811,1465104086.623000,1465104087.333500,1465104092.334774,1465104092.421000
812,1465104086.623000,1465104087.383324,1465104092.387100,1465104092.468000
813,1465104086.623000,1465104087.372396,1465104092.373776,1465104092.459000
814,1465104086.623000,1465104087.289559,1465104092.290842,1465104092.372000
815,1465104086.624000,1465104087.690269,1465104092.691442,1465104092.770000
816,1465104086.624000,1465104087.357818,1465104092.359121,1465104092.445000
817,1465104086.624000,1465104087.369172,1465104092.373699,1465104092.454000
818,1465104086.624000,1465104087.620756,1465104092.622581,1465104092.698000
819,1465104086.624000,1465104087.290357,1465104092.291651,1465104092.377000
820,1465104086.624000,1465104087.362894,1465104092.364394,1465104092.439000
821,1465104086.625000,1465104087.236382,1465104092.237563,1465104092.319000
822,1465104086.625000,1465104087.344433,1465104092.349253,1465104092.419000
823,1465104086.625000,1465104087.331695,1465104092.332855,1465104092.419000
824,1465104086.625000,1465104087.343973,1465104092.345476,1465104092.414000
825,1465104086.625000,1465104087.308312,1465104092.309537,1465104092.415000
826,1465104086.625000,1465104087.321456,1465104092.323046,1465104092.399000
827,1465104086.625000,1465104087.308214,1465104092.309452,1465104092.395000
828,1465104086.625000,1465104087.364637,1465104092.366006,1465104092.442000
829,1465104086.625000,1465104087.353634,1465104092.354819,1465104092.432000
830,1465104086.625000,1465104087.351161,1465104092.352343,1465104092.431000
831,1465104086.625000,1465104087.335849,1465104092.337301,1465104092.413000
832,1465104086.625000,1465104087.607441,1465104092.608808,1465104092.690000
833,1465104086.625000,1465104087.301827,1465104092.303158,1465104092.406000
834,1465104086.625000,1465104087.350010,1465104092.355104,1465104092.459000
835,1465104086.625000,1465104087.282241,1465104092.283602,1465104092.363000
836,1465104086.626000,1465104087.279961,1465104092.281341,1465104092.375000
837,1465104086.626000,1465104087.366302,1465104092.367867,1465104092.454000
838,1465104086.626000,1465104087.377813,1465104092.387471,1465104092.469000
839,1465104086.626000,1465104087.339834,1465104092.341049,1465104092.420000
840,1465104086.626000,1465104087.361396,1465104092.363092,1465104092.468000
841,1465104086.627000,1465104087.217703,1465104092.218910,1465104092.322000
842,1465104086.627000,1465104087.675557,1465104092.678508,1465104092.767000
843,1465104086.627000,1465104087.307012,1465104092.308252,1465104092.378000
844,1465104086.627000,1465104087.250730,1465104092.252076,1465104092.325000
845,1465104086.627000,1465104087.677212,1465104092.678471,1465104092.759000
846,1465104086.627000,1465104087.592261,1465104092.593624,1465104092.683000
847,1465104086.627000,1465104087.376600,1465104092.380726,1465104092.462000
848,1465104086.627000,1465104087.354758,1465104092.356534,1465104092.436000
849,1465104086.627000,1465104087.357628,1465104092.358964,1465104092.439000
850,1465104086.627000,1465104087.301595,1465104092.303176,1465104092.382000
851,1465104086.628000,1465104087.335281,1465104092.336512,1465104092.414000
852,1465104086.628000,1465104087.313011,1465104092.314224,1465104092.381000
853,1465104086.628000,1465104087.669892,1465104092.689097,1465104092.769000
854,1465104086.628000,1465104087.322996,1465104092.324207,1465104092.404000
855,1465104086.629000,0.000000,0.000000,0.000000
856,1465104086.629000,1465104087.267037,1465104092.268261,1465104092.372000
857,1465104086.629000,1465104087.591335,1465104092.592559,1465104092.681000
858,1465104086.630000,1465104087.379706,1465104092.381213,1465104092.468000
859,1465104086.630000,1465104087.367457,1465104092.370288,1465104092.444000
860,1465104086.630000,1465104087.276265,1465104092.277585,1465104092.357000
861,1465104086.630000,1465104087.313901,1465104092.315256,1465104092.403000
862,1465104086.630000,1465104087.245210,1465104092.246590,1465104092.328000
863,1465104086.630000,1465104087.274517,1465104092.275812,1465104092.345000
864,1465104086.630000,1465104087.320819,1465104092.322036,1465104092.406000
865,1465104086.630000,1465104087.653444,1465104092.654650,1465104092.727000
866,1465104086.630000,1465104087.372642,1465104092.374213,1465104092.462000
867,1465104086.630000,1465104087.643347,1465104092.644687,1465104092.735000
868,1465104086.630000,1465104087.649091,1465104092.650766,1465104092.729000
869,1465104086.630000,1465104087.648835,1465104092.650242,1465104092.731000
870,1465104086.631000,1465104087.617588,1465104092.619357,1465104092.699000
871,1465104086.631000,1465104087.667982,1465104092.669184,1465104092.747000
872,1465104086.631000,1465104087.344923,1465104092.346979,1465104092.444000
873,1465104086.631000,1465104087.385958,1465104092.387425,1465104092.469000
874,1465104086.632000,1465104087.325028,1465104092.326400,1465104092.406000
875,1465104086.632000,1465104087.368234,1465104092.372071,1465104092.445000
876,1465104086.632000,1465104087.383581,1465104092.384804,1465104092.470000
877,1465104086.633000,1465104087.368355,1465104092.369997,1465104092.442000
878,1465104086.633000,1465104087.274194,1465104092.275437,1465104092.332000
879,1465104086.633000,1465104087.278918,1465104092.280121,1465104092.360000
880,1465104086.633000,1465104087.366953,1465104092.368980,1465104092.456000
881,1465104086.634000,1465104087.607778,1465104092.609051,1465104092.688000
882,1465104086.634000,1465104087.676384,1465104092.677563,1465104092.755000
883,1465104086.634000,1465104087.387235,1465104092.388396,1465104092.458000
884,1465104086.634000,1465104087.670267,1465104092.671591,1465104092.752000
885,1465104086.634000,1465104087.362979,1465104092.364186,1465104092.441000
886,1465104086.634000,1465104087.331445,1465104092.332857,1465104092.408000
887,1465104086.634000,1465104087.639927,1465104092.641489,1465104092.721000
888,1465104086.634000,1465104087.683519,1465104092.684969,1465104092.761000
889,1465104086.634000,1465104087.317821,1465104092.319226,1465104092.399000
890,1465104086.634000,1465104087.366993,1465104092.369659,1465104092.441000
891,1465104086.635000,0.000000,0.000000,0.000000
892,1465104086.636000,1465104087.378662,1465104092.379859,1465104092.450000
893,1465104086.636000,0.000000,0.000000,0.000000
894,1465104086.636000,1465104087.617900,1465104092.619490,1465104092.700000
895,1465104086.636000,1465104087.619656,1465104092.620875,1465104092.699000
896,1465104086.636000,1465104087.280351,1465104092.282121,1465104092.368000
897,1465104086.637000,1465104087.352302,1465104092.353488,1465104092.446000
898,1465104086.637000,1465104087.353241,1465104092.354405,1465104092.423000
899,1465104086.637000,1465104087.300056,1465104092.301193,1465104092.383000
900,1465104086.637000,1465104087.295036,1465104092.296365,1465104092.375000
901,1465104086.637000,1465104087.320740,1465104092.321988,1465104092.409000
902,1465104086.638000,1465104087.345815,1465104092.347312,1465104092.426000
903,1465104086.638000,1465104087.354005,1465104092.355803,1465104092.435000
904,1465104086.639000,1465104087.398641,1465104092.399821,1465104092.469000
905,1465104086.639000,1465104087.347980,1465104092.349251,1465104092.442000
906,1465104086.639000,1465104087.300588,1465104092.301843,1465104092.370000
907,1465104086.639000,1465104087.675885,1465104092.677098,1465104092.769000
908,1465104086.639000,1465104087.711708,1465104092.713073,1465104092.770000
909,1465104086.639000,0.000000,0.000000,0.000000
910,1465104086.639000,1465104087.342868,1465104092.344081,1465104092.423000
911,1465104086.639000,1465104087.628928,1465104092.630205,1465104092.708000
912,1465104086.640000,0.000000,0.000000,0.000000
913,1465104086.640000,1465104087.386105,1465104092.387887,1465104092.468000
914,1465104086.640000,1465104087.638331,1465104092.654408,1465104092.743000
915,1465104086.640000,1465104087.634565,1465104092.635872,1465104092.716000
916,1465104086.640000,1465104087.629426,1465104092.630780,1465104092.710000
917,1465104086.640000,1465104087.355950,1465104092.357293,1465104092.431000
918,1465104086.640000,1465104087.385932,1465104092.387991,1465104092.468000
919,1465104086.640000,1465104087.367291,1465104092.368497,1465104092.447000
920,1465104086.641000,1465104087.279113,1465104092.280259,1465104092.376000
921,1465104086.641000,1465104087.356443,1465104092.357711,1465104092.436000
922,1465104086.641000,1465104087.335043,1465104092.336341,1465104092.423000
923,1465104086.642000,1465104087.380203,1465104092.381447,1465104092.468000
924,1465104086.643000,1465104087.391289,1465104092.392647,1465104092.472000
925,1465104086.643000,1465104087.370751,1465104092.372242,1465104092.429000
926,1465104086.643000,1465104087.348636,1465104092.349949,1465104092.418000
927,1465104086.643000,1465104087.664848,1465104092.666394,1465104092.746000
928,1465104086.644000,1465104087.350963,1465104092.352620,1465104092.432000
929,1465104086.644000,1465104087.677827,1465104092.679174,1465104092.757000
930,1465104086.644000,1465104087.373600,1465104092.374838,1465104092.461000
931,1465104086.645000,1465104087.631304,1465104092.632652,1465104092.722000
932,1465104086.645000,1465104087.680341,1465104092.681558,1465104092.760000
933,1465104086.645000,1465104087.685008,1465104092.686701,1465104092.768000
934,1465104086.645000,1465104087.625989,1465104092.627541,1465104092.709000
935,1465104086.645000,1465104087.666586,1465104092.668025,1465104092.725000
936,1465104086.645000,1465104087.372550,1465104092.373784,1465104092.444000
937,1465104086.645000,1465104087.354887,1465104092.356619,1465104092.460000
938,1465104086.645000,1465104087.375426,1465104092.380247,1465104092.456000
939,1465104086.646000,1465104087.347078,1465104092.358685,1465104092.438000
940,1465104086.646000,1465104087.377129,1465104092.378409,1465104092.458000
941,1465104086.646000,1465104087.341153,1465104092.342427,1465104092.435000
942,1465104086.646000,1465104087.386403,1465104092.405247,1465104092.483000
943,1465104086.646000,1465104087.383549,1465104092.385133,1465104092.463000
944,1465104086.648000,1465104087.280332,1465104092.281659,1465104092.368000
945,1465104086.648000,1465104087.368234,1465104092.370240,1465104092.444000
946,1465104086.649000,1465104087.621752,1465104092.623393,1465104092.697000
947,1465104086.648000,1465104087.671553,1465104092.673026,1465104092.749000
948,1465104086.648000,1465104087.357689,1465104092.358889,1465104092.451000
949,1465104086.648000,1465104087.665280,1465104092.666526,1465104092.745000
950,1465104086.649000,1465104087.342098,1465104092.343407,1465104092.422000
951,1465104086.650000,1465104087.686074,1465104092.687328,1465104092.772000
952,1465104086.650000,1465104087.690510,1465104092.691990,1465104092.768000
953,1465104086.651000,1465104087.654905,1465104092.656184,1465104092.734000
954,1465104086.651000,1465104087.617708,1465104092.618861,1465104092.714000
955,1465104086.652000,1465104087.391564,1465104092.392794,1465104092.464000
956,1465104086.652000,1465104087.676171,1465104092.678242,1465104092.767000
957,1465104086.652000,1465104087.371207,1465104092.372400,1465104092.465000
958,1465104086.652000,1465104087.356008,1465104092.357532,1465104092.426000
959,1465104086.653000,1465104087.671511,1465104092.673128,1465104092.755000
960,1465104086.653000,1465104087.356838,1465104092.358199,1465104092.437000
961,1465104086.654000,1465104087.649181,1465104092.665253,1465104092.743000
962,1465104086.654000,1465104087.375361,1465104092.376932,1465104092.455000
963,1465104086.654000,1465104087.369183,1465104092.370969,1465104092.468000
964,1465104086.655000,1465104087.385900,1465104092.397220,1465104092.473000
965,1465104086.655000,1465104087.392233,1465104092.393745,1465104092.470000
966,1465104086.655000,1465104087.668389,1465104092.669882,1465104092.749000
967,1465104086.655000,1465104087.302461,1465104092.303749,1465104092.383000
968,1465104086.655000,1465104087.376523,1465104092.377824,1465104092.464000
969,1465104086.655000,1465104087.677636,1465104092.678846,1465104092.757000
970,1465104086.655000,1465104087.378148,1465104092.386570,1465104092.468000
971,1465104086.655000,1465104087.393907,1465104092.395091,1465104092.464000
972,1465104086.656000,1465104087.391834,1465104092.392947,1465104092.471000
973,1465104086.656000,1465104087.671933,1465104092.673088,1465104092.750000
974,1465104086.657000,1465104087.349730,1465104092.356041,1465104092.459000
975,1465104086.657000,1465104087.352645,1465104092.353894,1465104092.434000
976,1465104086.657000,1465104087.378547,1465104092.380043,1465104092.468000
977,1465104086.657000,1465104087.384797,1465104092.386258,1465104092.465000
978,1465104086.657000,1465104087.384746,1465104092.386612,1465104092.466000
979,1465104086.658000,1465104087.337562,1465104092.338802,1465104092.408000
980,1465104086.658000,1465104087.372875,1465104092.374203,1465104092.454000
981,1465104086.658000,1465104087.393736,1465104092.394892,1465104092.464000
982,1465104086.658000,1465104087.374825,1465104092.376015,1465104092.471000
983,1465104086.659000,1465104087.682610,1465104092.683867,1465104092.762000
984,1465104086.659000,1465104087.686413,1465104092.687653,1465104092.766000
985,1465104086.659000,1465104087.401208,1465104092.402422,1465104092.470000
986,1465104086.659000,1465104087.333524,1465104092.334857,1465104092.439000
987,1465104086.660000,1465104087.366690,1465104092.371737,1465104092.457000
988,1465104086.660000,1465104087.347476,1465104092.349007,1465104092.429000
989,1465104086.661000,1465104087.368392,1465104092.369598,1465104092.456000
990,1465104086.661000,1465104087.368840,1465104092.371501,1465104092.468000
991,1465104086.661000,1465104087.368404,1465104092.370745,1465104092.468000
992,1465104086.661000,1465104087.295464,1465104092.296753,1465104092.366000
993,1465104086.661000,1465104087.687649,1465104092.689030,1465104092.771000
994,1465104086.661000,1465104087.384093,1465104092.385853,1465104092.468000
995,1465104086.661000,1465104087.366703,1465104092.368358,1465104092.448000
996,1465104086.662000,1465104087.387504,1465104092.388972,1465104092.463000
997,1465104086.662000,1465104087.372703,1465104092.374030,1465104092.454000
998,1465104086.662000,1465104087.380136,1465104092.381304,1465104092.454000
999,1465104086.662000,1465104087.346385,1465104092.347644,1465104092.427000
