0,1465104278.761000,1465104279.451950,1465104284.453253,1465104284.522000
1,1465104278.761000,1465104279.443648,1465104284.445292,1465104284.515000
2,1465104278.761000,1465104279.379891,1465104284.381535,1465104284.486000
3,1465104278.761000,1465104279.414821,1465104284.416207,1465104284.503000
4,1465104278.761000,1465104279.425730,1465104284.427244,1465104284.507000
5,1465104278.761000,1465104279.466003,1465104284.467319,1465104284.556000
6,1465104278.761000,1465104279.495654,1465104284.496843,1465104284.568000
7,1465104278.761000,1465104279.439425,1465104284.443748,1465104284.523000
8,1465104278.761000,1465104279.431492,1465104284.432977,1465104284.519000
9,1465104278.761000,1465104279.490277,1465104284.491528,1465104284.569000
10,1465104278.762000,1465104279.395766,1465104284.397565,1465104284.478000
11,1465104278.762000,1465104279.427487,1465104284.428723,1465104284.517000
12,1465104278.762000,1465104279.751122,1465104284.752514,1465104284.832000
13,1465104278.762000,1465104279.476446,1465104284.477700,1465104284.558000
14,1465104278.762000,1465104279.472919,1465104284.474220,1465104284.555000
15,1465104278.762000,1465104279.408670,1465104284.410139,1465104284.492000
16,1465104278.762000,1465104279.397445,1465104284.399076,1465104284.480000
17,1465104278.762000,1465104279.447089,1465104284.448233,1465104284.525000
18,1465104278.763000,1465104279.509088,1465104284.510293,1465104284.584000
19,1465104278.763000,1465104279.405859,1465104284.407602,1465104284.483000
20,1465104278.762000,1465104279.720549,1465104284.726901,1465104284.808000
21,1465104278.762000,1465104279.469776,1465104284.471104,1465104284.551000
22,1465104278.762000,1465104279.407304,1465104284.408773,1465104284.480000
23,1465104278.762000,1465104279.410390,1465104284.411889,1465104284.508000
24,1465104278.763000,1465104279.414242,1465104284.415798,1465104284.501000
25,1465104278.763000,1465104279.426192,1465104284.427461,1465104284.501000
26,1465104278.763000,1465104279.445943,1465104284.447174,1465104284.516000
27,1465104278.764000,1465104279.482865,1465104284.484334,1465104284.558000
28,1465104278.764000,1465104279.420431,1465104284.421705,1465104284.502000
29,1465104278.764000,1465104279.424849,1465104284.426039,1465104284.524000
30,1465104278.764000,1465104279.467703,1465104284.469241,1465104284.547000
31,1465104278.764000,1465104279.426883,1465104284.428074,1465104284.497000
32,1465104278.764000,1465104279.470266,1465104284.471510,1465104284.550000
33,1465104278.764000,1465104279.466089,1465104284.467554,1465104284.545000
34,1465104278.765000,1465104279.456514,1465104284.457818,1465104284.561000
35,1465104278.765000,1465104279.457103,1465104284.458291,1465104284.547000
36,1465104278.765000,1465104279.422734,1465104284.424220,1465104284.493000
37,1465104278.765000,1465104279.428251,1465104284.429524,1465104284.500000
38,1465104278.767000,1465104279.441636,1465104284.443419,1465104284.501000
39,1465104278.766000,1465104279.386888,1465104284.388417,1465104284.469000
40,1465104278.767000,1465104279.422076,1465104284.423639,1465104284.497000
41,1465104278.768000,1465104279.407285,1465104284.408840,1465104284.488000
42,1465104278.768000,1465104279.432139,1465104284.434194,1465104284.512000
43,1465104278.769000,1465104279.759515,1465104284.760716,1465104284.830000
44,1465104278.768000,1465104279.753087,1465104284.754229,1465104284.833000
45,1465104278.769000,1465104279.674318,1465104284.675841,1465104284.780000
46,1465104278.769000,1465104279.479448,1465104284.480611,1465104284.550000
47,1465104278.769000,1465104279.736059,1465104284.737262,1465104284.795000
48,1465104278.769000,1465104279.441471,1465104284.443419,1465104284.501000
49,1465104278.769000,1465104279.463984,1465104284.465323,1465104284.544000
50,1465104278.769000,1465104279.739698,1465104284.740840,1465104284.840000
51,1465104278.769000,1465104279.437671,1465104284.438966,1465104284.542000
52,1465104278.769000,1465104279.462540,1465104284.464085,1465104284.544000
53,1465104278.769000,1465104279.432139,1465104284.434194,1465104284.513000
54,1465104278.769000,1465104281.223844,1465104286.225525,1465104286.315000
55,1465104278.769000,1465104279.450548,1465104284.452196,1465104284.526000
56,1465104278.769000,0.000000,0.000000,0.000000
57,1465104278.769000,1465104279.437387,1465104284.438681,1465104284.515000
58,1465104278.770000,1465104279.444266,1465104284.445487,1465104284.531000
59,1465104278.770000,1465104279.730837,1465104284.732061,1465104284.804000
60,1465104278.770000,1465104279.404801,1465104284.406393,1465104284.496000
61,1465104278.770000,1465104279.466401,1465104284.467660,1465104284.537000
62,1465104278.771000,1465104279.502066,1465104284.503289,1465104284.589000
63,1465104278.772000,1465104279.688407,1465104284.690257,1465104284.788000
64,1465104278.776000,1465104279.497468,1465104284.498763,1465104284.583000
65,1465104278.777000,1465104279.447269,1465104284.448622,1465104284.553000
66,1465104278.777000,1465104279.464252,1465104284.465509,1465104284.535000
67,1465104278.777000,1465104279.456485,1465104284.457912,1465104284.532000
68,1465104278.777000,1465104279.453648,1465104284.454899,1465104284.535000
69,1465104278.777000,1465104279.436413,1465104284.437669,1465104284.527000
70,1465104278.777000,1465104279.765345,1465104284.766642,1465104284.871000
71,1465104278.777000,1465104279.541855,1465104284.543495,1465104284.623000
72,1465104278.777000,1465104279.481139,1465104284.486949,1465104284.567000
73,1465104278.777000,1465104279.453547,1465104284.454744,1465104284.543000
74,1465104278.778000,1465104279.786312,1465104284.787527,1465104284.867000
75,1465104278.778000,1465104279.417804,1465104284.419297,1465104284.508000
76,1465104278.778000,1465104279.759053,1465104284.760284,1465104284.841000
77,1465104278.778000,1465104279.745911,1465104284.747082,1465104284.816000
78,1465104278.778000,1465104279.743807,1465104284.745000,1465104284.827000
79,1465104278.778000,1465104279.497915,1465104284.511652,1465104284.599000
80,1465104278.778000,1465104279.426869,1465104284.428127,1465104284.513000
81,1465104278.778000,1465104279.698176,1465104284.699379,1465104284.778000
82,1465104278.778000,1465104279.447393,1465104284.448594,1465104284.538000
83,1465104278.778000,1465104279.511823,1465104284.513584,1465104284.595000
84,1465104278.778000,1465104279.418086,1465104284.419647,1465104284.499000
85,1465104278.778000,1465104279.728767,1465104284.729980,1465104284.808000
86,1465104278.778000,1465104279.806467,1465104284.807673,1465104284.881000
87,1465104278.778000,1465104279.450715,1465104284.452044,1465104284.555000
88,1465104278.779000,1465104279.794274,1465104284.795451,1465104284.878000
89,1465104278.779000,1465104281.242741,1465104286.244226,1465104286.333000
90,1465104278.779000,1465104279.454501,1465104284.455777,1465104284.525000
91,1465104278.779000,1465104279.478010,1465104284.479384,1465104284.559000
92,1465104278.779000,1465104279.774514,1465104284.775732,1465104284.856000
93,1465104278.779000,1465104279.703945,1465104284.705302,1465104284.783000
94,1465104278.779000,1465104279.779121,1465104284.780396,1465104284.852000
95,1465104278.779000,1465104279.704709,1465104284.705885,1465104284.784000
96,1465104278.779000,1465104279.474787,1465104284.476057,1465104284.560000
97,1465104278.779000,1465104279.484976,1465104284.486250,1465104284.566000
98,1465104278.779000,1465104279.426957,1465104284.428465,1465104284.506000
99,1465104278.779000,1465104281.236720,1465104286.238329,1465104286.327000
100,1465104278.779000,1465104279.709855,1465104284.710975,1465104284.785000
101,1465104278.779000,1465104279.466451,1465104284.467806,1465104284.548000
102,1465104278.779000,1465104279.702113,1465104284.703346,1465104284.784000
103,1465104278.779000,1465104279.436791,1465104284.438121,1465104284.527000
104,1465104278.779000,1465104279.745022,1465104284.746366,1465104284.827000
105,1465104278.779000,1465104279.743698,1465104284.744834,1465104284.822000
106,1465104278.779000,1465104279.694994,1465104284.696275,1465104284.781000
107,1465104278.779000,1465104279.433779,1465104284.435113,1465104284.520000
108,1465104278.779000,1465104279.722211,1465104284.723610,1465104284.782000
109,1465104278.780000,1465104279.815630,1465104284.817268,1465104284.893000
110,1465104278.780000,1465104279.693982,1465104284.695199,1465104284.785000
111,1465104278.780000,1465104279.717568,1465104284.718797,1465104284.799000
112,1465104278.780000,1465104279.417061,1465104284.418265,1465104284.505000
113,1465104278.780000,1465104279.454921,1465104284.456175,1465104284.536000
114,1465104278.780000,1465104279.413891,1465104284.415554,1465104284.504000
115,1465104278.780000,1465104279.463686,1465104284.464850,1465104284.551000
116,1465104278.780000,1465104279.468156,1465104284.469893,1465104284.548000
117,1465104278.780000,1465104279.774299,1465104284.776828,1465104284.856000
118,1465104278.780000,1465104279.741062,1465104284.742298,1465104284.826000
119,1465104278.781000,1465104279.725182,1465104284.726369,1465104284.784000
120,1465104278.781000,1465104279.755054,1465104284.756215,1465104284.827000
121,1465104278.781000,1465104279.748014,1465104284.749181,1465104284.819000
122,1465104278.781000,1465104279.450838,1465104284.452052,1465104284.541000
123,1465104278.782000,1465104279.501409,1465104284.503797,1465104284.584000
124,1465104278.785000,1465104279.503410,1465104284.504804,1465104284.585000
125,1465104278.785000,1465104279.461100,1465104284.462317,1465104284.551000
126,1465104278.785000,1465104279.690642,1465104284.691768,1465104284.789000
127,1465104278.790000,1465104279.446535,1465104284.448019,1465104284.529000
128,1465104278.792000,1465104279.408954,1465104284.410422,1465104284.497000
129,1465104278.792000,1465104279.438974,1465104284.440212,1465104284.536000
130,1465104278.793000,0.000000,0.000000,0.000000
131,1465104278.793000,1465104279.745452,1465104284.746720,1465104284.833000
132,1465104278.793000,1465104279.440878,1465104284.442066,1465104284.529000
133,1465104278.793000,1465104279.705258,1465104284.706741,1465104284.782000
134,1465104278.793000,1465104279.745866,1465104284.747112,1465104284.805000
135,1465104278.793000,1465104279.420924,1465104284.422109,1465104284.509000
136,1465104278.793000,1465104279.488214,1465104284.489439,1465104284.561000
137,1465104278.793000,1465104279.754199,1465104284.755533,1465104284.860000
138,1465104278.793000,1465104279.481799,1465104284.483272,1465104284.557000
139,1465104278.793000,1465104279.784648,1465104284.785946,1465104284.866000
140,1465104278.793000,1465104279.765169,1465104284.774497,1465104284.852000
141,1465104278.793000,1465104279.742127,1465104284.743318,1465104284.824000
142,1465104278.793000,1465104279.714783,1465104284.716177,1465104284.804000
143,1465104278.793000,1465104279.496978,1465104284.498269,1465104284.582000
144,1465104278.793000,1465104279.459171,1465104284.460578,1465104284.541000
145,1465104278.794000,1465104279.770792,1465104284.772106,1465104284.860000
146,1465104278.794000,1465104279.467053,1465104284.468257,1465104284.557000
147,1465104278.794000,1465104279.742398,1465104284.743697,1465104284.825000
148,1465104278.794000,1465104279.703423,1465104284.705310,1465104284.783000
149,1465104278.795000,1465104279.484984,1465104284.486201,1465104284.545000
150,1465104278.795000,1465104279.751601,1465104284.752744,1465104284.830000
151,1465104278.795000,1465104279.494010,1465104284.495301,1465104284.569000
152,1465104278.795000,1465104279.749256,1465104284.750434,1465104284.837000
153,1465104278.795000,1465104279.723259,1465104284.724502,1465104284.812000
154,1465104278.796000,0.000000,0.000000,0.000000
155,1465104278.796000,1465104279.519866,1465104284.521100,1465104284.607000
156,1465104278.795000,1465104279.499436,1465104284.500746,1465104284.588000
157,1465104278.795000,1465104279.422975,1465104284.424190,1465104284.513000
158,1465104278.795000,1465104279.462864,1465104284.464219,1465104284.549000
159,1465104278.795000,1465104279.470309,1465104284.471476,1465104284.557000
160,1465104278.795000,1465104279.458167,1465104284.467177,1465104284.547000
161,1465104278.795000,1465104279.757869,1465104284.770313,1465104284.851000
162,1465104278.796000,1465104279.429563,1465104284.440477,1465104284.516000
163,1465104278.796000,1465104279.421895,1465104284.423396,1465104284.494000
164,1465104278.796000,0.000000,0.000000,0.000000
165,1465104278.796000,1465104279.489978,1465104284.491239,1465104284.561000
166,1465104278.796000,1465104279.725036,1465104284.726279,1465104284.807000
167,1465104278.796000,1465104279.412730,1465104284.414152,1465104284.518000
168,1465104278.796000,1465104279.480564,1465104284.482294,1465104284.561000
169,1465104278.796000,1465104279.443723,1465104284.444923,1465104284.523000
170,1465104278.796000,1465104279.783480,1465104284.785120,1465104284.856000
171,1465104278.798000,1465104279.491751,1465104284.493085,1465104284.592000
172,1465104278.798000,1465104279.491834,1465104284.493138,1465104284.569000
173,1465104278.798000,1465104279.433572,1465104284.435443,1465104284.511000
174,1465104278.798000,1465104279.766828,1465104284.768079,1465104284.857000
175,1465104278.798000,1465104279.800003,1465104284.801200,1465104284.882000
176,1465104278.798000,1465104279.722056,1465104284.723271,1465104284.811000
177,1465104278.798000,1465104279.491462,1465104284.492774,1465104284.578000
178,1465104278.798000,1465104281.255411,1465104286.256959,1465104286.336000
179,1465104278.798000,1465104279.445818,1465104284.447438,1465104284.528000
180,1465104278.798000,1465104279.480770,1465104284.501770,1465104284.584000
181,1465104278.798000,1465104279.799788,1465104284.800971,1465104284.888000
182,1465104278.798000,1465104279.751996,1465104284.753222,1465104284.811000
183,1465104278.798000,0.000000,0.000000,0.000000
184,1465104278.798000,1465104279.774304,1465104284.775539,1465104284.864000
185,1465104278.798000,1465104279.789644,1465104284.790830,1465104284.860000
186,1465104278.798000,1465104279.757125,1465104284.758281,1465104284.856000
187,1465104278.798000,1465104279.459597,1465104284.471907,1465104284.546000
188,1465104278.798000,1465104279.497098,1465104284.498243,1465104284.583000
189,1465104278.798000,1465104279.801871,1465104284.803130,1465104284.889000
190,1465104278.798000,1465104279.488121,1465104284.489450,1465104284.574000
191,1465104278.798000,1465104279.765499,1465104284.766745,1465104284.846000
192,1465104278.798000,1465104279.449578,1465104284.450959,1465104284.531000
193,1465104278.799000,1465104279.447077,1465104284.448360,1465104284.537000
194,1465104278.799000,1465104279.483093,1465104284.484380,1465104284.569000
195,1465104278.799000,1465104279.452481,1465104284.453669,1465104284.540000
196,1465104278.799000,1465104279.505316,1465104284.506786,1465104284.586000
197,1465104278.799000,1465104279.765275,1465104284.766544,1465104284.847000
198,1465104278.799000,1465104279.449737,1465104284.451008,1465104284.532000
199,1465104278.799000,1465104279.488009,1465104284.489324,1465104284.570000
200,1465104278.799000,1465104281.261514,1465104286.262695,1465104286.348000
201,1465104278.799000,1465104279.536777,1465104284.538252,1465104284.613000
202,1465104278.799000,1465104279.712255,1465104284.713483,1465104284.792000
203,1465104278.799000,1465104279.772556,1465104284.773793,1465104284.870000
204,1465104278.799000,1465104279.783827,1465104284.785103,1465104284.864000
205,1465104278.799000,1465104279.757558,1465104284.758976,1465104284.835000
206,1465104278.799000,1465104279.753511,1465104284.754785,1465104284.840000
207,1465104278.799000,1465104279.788531,1465104284.789961,1465104284.866000
208,1465104278.799000,1465104281.272252,1465104286.273818,1465104286.353000
209,1465104278.799000,1465104279.502253,1465104284.503786,1465104284.585000
210,1465104278.799000,1465104279.718650,1465104284.719911,1465104284.809000
211,1465104278.799000,1465104279.470272,1465104284.471568,1465104284.548000
212,1465104278.799000,1465104279.492278,1465104284.493599,1465104284.597000
213,1465104278.799000,1465104279.752469,1465104284.761450,1465104284.844000
214,1465104278.799000,1465104279.439882,1465104284.441151,1465104284.523000
215,1465104278.799000,1465104279.714569,1465104284.715828,1465104284.795000
216,1465104278.799000,1465104279.477187,1465104284.478472,1465104284.559000
217,1465104278.799000,1465104279.740550,1465104284.742102,1465104284.817000
218,1465104278.799000,1465104279.430146,1465104284.431365,1465104284.503000
219,1465104278.799000,1465104279.727113,1465104284.728293,1465104284.800000
220,1465104278.799000,1465104279.801565,1465104284.802743,1465104284.876000
221,1465104278.799000,1465104279.745824,1465104284.747027,1465104284.843000
222,1465104278.799000,1465104279.451453,1465104284.452866,1465104284.528000
223,1465104278.799000,1465104279.755147,1465104284.756329,1465104284.842000
224,1465104278.799000,1465104279.740874,1465104284.742062,1465104284.831000
225,1465104278.799000,1465104279.423499,1465104284.424937,1465104284.502000
226,1465104278.799000,1465104279.434573,1465104284.436032,1465104284.524000
227,1465104278.799000,1465104279.464221,1465104284.465399,1465104284.550000
228,1465104278.800000,1465104279.517217,1465104284.518381,1465104284.596000
229,1465104278.800000,1465104279.459489,1465104284.460663,1465104284.530000
230,1465104278.800000,1465104281.262882,1465104286.264249,1465104286.344000
231,1465104278.800000,1465104279.473935,1465104284.494978,1465104284.572000
232,1465104278.800000,0.000000,0.000000,0.000000
233,1465104278.800000,1465104279.785478,1465104284.786881,1465104284.883000
234,1465104278.800000,0.000000,0.000000,0.000000
235,1465104278.800000,1465104279.791929,1465104284.793203,1465104284.874000
236,1465104278.800000,1465104279.442788,1465104284.444249,1465104284.522000
237,1465104278.800000,1465104279.410819,1465104284.412304,1465104284.498000
238,1465104278.800000,1465104279.780800,1465104284.782040,1465104284.870000
239,1465104278.800000,1465104279.763850,1465104284.765137,1465104284.863000
240,1465104278.800000,1465104279.783586,1465104284.785606,1465104284.857000
241,1465104278.800000,1465104279.787319,1465104284.788814,1465104284.858000
242,1465104278.800000,1465104279.485896,1465104284.487688,1465104284.574000
243,1465104278.800000,1465104281.254494,1465104286.255967,1465104286.342000
244,1465104278.800000,1465104281.266823,1465104286.280848,1465104286.357000
245,1465104278.800000,1465104279.825220,1465104284.826946,1465104284.903000
246,1465104278.800000,1465104281.252789,1465104286.254096,1465104286.343000
247,1465104278.800000,1465104279.554000,1465104284.555160,1465104284.625000
248,1465104278.800000,1465104279.520477,1465104284.521737,1465104284.601000
249,1465104278.800000,1465104279.727964,1465104284.729152,1465104284.799000
250,1465104278.800000,1465104279.740128,1465104284.741278,1465104284.818000
251,1465104278.800000,1465104279.467047,1465104284.468432,1465104284.549000
252,1465104278.800000,1465104279.688532,1465104284.697667,1465104284.795000
253,1465104278.800000,1465104279.782703,1465104284.783994,1465104284.888000
254,1465104278.800000,1465104279.529882,1465104284.531417,1465104284.601000
255,1465104278.800000,1465104279.726600,1465104284.727919,1465104284.807000
256,1465104278.800000,1465104281.260703,1465104286.262294,1465104286.347000
257,1465104278.801000,1465104279.795819,1465104284.797124,1465104284.876000
258,1465104278.801000,1465104279.704194,1465104284.705463,1465104284.794000
259,1465104278.801000,1465104279.474391,1465104284.475751,1465104284.553000
260,1465104278.801000,1465104279.741015,1465104284.742800,1465104284.828000
261,1465104278.801000,1465104279.501317,1465104284.506504,1465104284.587000
262,1465104278.801000,1465104279.443657,1465104284.446657,1465104284.528000
263,1465104278.801000,1465104279.693090,1465104284.694233,1465104284.793000
264,1465104278.801000,1465104279.711651,1465104284.713146,1465104284.798000
265,1465104278.801000,1465104279.447275,1465104284.448583,1465104284.529000
266,1465104278.801000,1465104279.513461,1465104284.514780,1465104284.585000
267,1465104278.801000,1465104279.517704,1465104284.519076,1465104284.590000
268,1465104278.801000,1465104279.436409,1465104284.437727,1465104284.515000
269,1465104278.801000,1465104279.442146,1465104284.443331,1465104284.528000
270,1465104278.801000,1465104279.811731,1465104284.812981,1465104284.871000
271,1465104278.801000,1465104279.414548,1465104284.415987,1465104284.514000
272,1465104278.801000,1465104279.485102,1465104284.486457,1465104284.558000
273,1465104278.801000,1465104279.746407,1465104284.747667,1465104284.826000
274,1465104278.801000,1465104279.507186,1465104284.508676,1465104284.584000
275,1465104278.801000,1465104279.527016,1465104284.528375,1465104284.614000
276,1465104278.802000,1465104279.754207,1465104284.755461,1465104284.825000
277,1465104278.802000,1465104279.744799,1465104284.746185,1465104284.850000
278,1465104278.802000,1465104279.485888,1465104284.487180,1465104284.558000
279,1465104278.802000,1465104279.720323,1465104284.721618,1465104284.799000
280,1465104278.802000,1465104279.711661,1465104284.712823,1465104284.790000
281,1465104278.802000,1465104279.713729,1465104284.715202,1465104284.814000
282,1465104278.804000,1465104279.473790,1465104284.475919,1465104284.579000
283,1465104278.806000,1465104279.520969,1465104284.522341,1465104284.592000
284,1465104278.808000,1465104279.701383,1465104284.702574,1465104284.788000
285,1465104278.816000,1465104279.801184,1465104284.802363,1465104284.861000
286,1465104278.816000,1465104279.737762,1465104284.742123,1465104284.819000
287,1465104278.816000,1465104279.469815,1465104284.471051,1465104284.553000
288,1465104278.831000,1465104279.478639,1465104284.479888,1465104284.558000
289,1465104278.832000,0.000000,0.000000,0.000000
290,1465104278.832000,1465104279.521360,1465104284.522574,1465104284.603000
291,1465104278.832000,1465104279.507646,1465104284.508951,1465104284.583000
292,1465104278.832000,1465104279.792913,1465104284.794181,1465104284.852000
293,1465104278.832000,1465104279.461390,1465104284.462647,1465104284.537000
294,1465104278.832000,1465104279.459756,1465104284.460967,1465104284.549000
295,1465104278.832000,1465104279.730783,1465104284.732012,1465104284.831000
296,1465104278.832000,1465104279.741158,1465104284.742721,1465104284.829000
297,1465104278.832000,0.000000,0.000000,0.000000
298,1465104278.832000,1465104279.487528,1465104284.488741,1465104284.567000
299,1465104278.832000,1465104279.725888,1465104284.727271,1465104284.804000
300,1465104278.832000,1465104279.738335,1465104284.739573,1465104284.829000
301,1465104278.832000,1465104279.778287,1465104284.779588,1465104284.858000
302,1465104278.833000,1465104279.747225,1465104284.748482,1465104284.834000
303,1465104278.833000,1465104279.768994,1465104284.770343,1465104284.850000
304,1465104278.833000,1465104279.454247,1465104284.455789,1465104284.542000
305,1465104278.833000,1465104279.800707,1465104284.802025,1465104284.883000
306,1465104278.833000,1465104279.481180,1465104284.482363,1465104284.572000
307,1465104278.833000,1465104279.491207,1465104284.492521,1465104284.562000
308,1465104278.833000,1465104279.475327,1465104284.476505,1465104284.554000
309,1465104278.833000,1465104279.779110,1465104284.780320,1465104284.860000
310,1465104278.834000,1465104279.484138,1465104284.485312,1465104284.570000
311,1465104278.834000,1465104279.443772,1465104284.445312,1465104284.526000
312,1465104278.834000,1465104279.487925,1465104284.489143,1465104284.558000
313,1465104278.834000,1465104279.805429,1465104284.806792,1465104284.892000
314,1465104278.834000,1465104279.510208,1465104284.511802,1465104284.592000
315,1465104278.835000,1465104279.749556,1465104284.750651,1465104284.847000
316,1465104278.835000,1465104279.461383,1465104284.462617,1465104284.542000
317,1465104278.835000,1465104279.471996,1465104284.473675,1465104284.549000
318,1465104278.835000,1465104281.277662,1465104286.278917,1465104286.357000
319,1465104278.835000,1465104279.778140,1465104284.790493,1465104284.871000
320,1465104278.835000,1465104279.773661,1465104284.774942,1465104284.860000
321,1465104278.835000,1465104279.778584,1465104284.779801,1465104284.861000
322,1465104278.835000,1465104279.500420,1465104284.501707,1465104284.590000
323,1465104278.835000,1465104279.774960,1465104284.776828,1465104284.856000
324,1465104278.835000,1465104279.501895,1465104284.503109,1465104284.573000
325,1465104278.836000,1465104279.713639,1465104284.715393,1465104284.815000
326,1465104278.836000,1465104279.491042,1465104284.492656,1465104284.570000
327,1465104278.836000,1465104279.740900,1465104284.742107,1465104284.840000
328,1465104278.836000,1465104279.517294,1465104284.518480,1465104284.588000
329,1465104278.836000,1465104279.775093,1465104284.776308,1465104284.863000
330,1465104278.836000,1465104279.428639,1465104284.429905,1465104284.534000
331,1465104278.836000,1465104279.723076,1465104284.724233,1465104284.802000
332,1465104278.836000,1465104279.459719,1465104284.461009,1465104284.543000
333,1465104278.836000,1465104279.763986,1465104284.765294,1465104284.846000
334,1465104278.836000,1465104279.737372,1465104284.739182,1465104284.817000
335,1465104278.836000,1465104279.528481,1465104284.530191,1465104284.611000
336,1465104278.836000,1465104279.482840,1465104284.484088,1465104284.554000
337,1465104278.837000,1465104279.769477,1465104284.770639,1465104284.852000
338,1465104278.837000,1465104279.773509,1465104284.774677,1465104284.857000
339,1465104278.837000,0.000000,0.000000,0.000000
340,1465104278.837000,1465104279.784199,1465104284.785361,1465104284.885000
341,1465104278.837000,1465104279.458629,1465104284.460104,1465104284.559000
342,1465104278.837000,1465104279.528045,1465104284.529212,1465104284.618000
343,1465104278.837000,1465104279.547768,1465104284.549171,1465104284.625000
344,1465104278.837000,1465104279.503237,1465104284.504545,1465104284.585000
345,1465104278.838000,1465104279.473386,1465104284.475023,1465104284.578000
346,1465104278.838000,1465104279.505029,1465104284.506484,1465104284.577000
347,1465104278.838000,1465104279.462079,1465104284.466701,1465104284.547000
348,1465104278.838000,1465104279.493982,1465104284.495401,1465104284.573000
349,1465104278.838000,1465104279.455060,1465104284.456589,1465104284.545000
350,1465104278.838000,1465104279.414482,1465104284.415853,1465104284.519000
351,1465104278.838000,1465104279.460702,1465104284.462407,1465104284.542000
352,1465104278.838000,1465104279.488377,1465104284.489599,1465104284.570000
353,1465104278.839000,1465104279.500441,1465104284.501629,1465104284.598000
354,1465104278.839000,1465104279.746437,1465104284.747774,1465104284.852000
355,1465104278.839000,1465104279.528249,1465104284.529523,1465104284.609000
356,1465104278.839000,1465104279.786721,1465104284.789066,1465104284.858000
357,1465104278.839000,1465104279.450174,1465104284.451463,1465104284.530000
358,1465104278.839000,1465104279.781128,1465104284.782779,1465104284.854000
359,1465104278.839000,1465104279.505198,1465104284.506551,1465104284.595000
360,1465104278.840000,1465104279.827905,1465104284.829357,1465104284.905000
361,1465104278.840000,1465104279.515123,1465104284.516730,1465104284.588000
362,1465104278.840000,1465104279.495226,1465104284.496834,1465104284.573000
363,1465104278.840000,1465104279.532137,1465104284.533422,1465104284.609000
364,1465104278.841000,1465104279.760473,1465104284.761780,1465104284.843000
365,1465104278.841000,1465104279.530355,1465104284.531838,1465104284.609000
366,1465104278.842000,1465104279.471015,1465104284.473437,1465104284.559000
367,1465104278.842000,1465104279.510964,1465104284.512454,1465104284.588000
368,1465104278.842000,1465104279.726898,1465104284.728074,1465104284.813000
369,1465104278.842000,1465104279.761931,1465104284.763207,1465104284.841000
370,1465104278.842000,1465104279.788147,1465104284.789375,1465104284.878000
371,1465104278.842000,1465104279.774203,1465104284.775443,1465104284.849000
372,1465104278.842000,1465104279.484974,1465104284.486606,1465104284.573000
373,1465104278.842000,1465104279.526264,1465104284.527482,1465104284.585000
374,1465104278.843000,1465104279.765226,1465104284.766426,1465104284.852000
375,1465104278.843000,1465104279.761930,1465104284.763219,1465104284.849000
376,1465104278.843000,1465104279.494221,1465104284.495761,1465104284.575000
377,1465104278.843000,1465104279.479302,1465104284.480870,1465104284.558000
378,1465104278.843000,1465104279.481298,1465104284.482453,1465104284.569000
379,1465104278.843000,1465104279.737628,1465104284.739420,1465104284.835000
380,1465104278.843000,1465104279.522478,1465104284.523703,1465104284.609000
381,1465104278.843000,1465104279.503705,1465104284.522197,1465104284.599000
382,1465104278.844000,1465104279.812424,1465104284.813662,1465104284.902000
383,1465104278.844000,1465104279.491058,1465104284.492260,1465104284.588000
384,1465104278.844000,1465104279.494072,1465104284.495382,1465104284.580000
385,1465104278.844000,1465104279.515814,1465104284.517483,1465104284.598000
386,1465104278.844000,1465104279.484890,1465104284.486154,1465104284.561000
387,1465104278.845000,1465104279.767141,1465104284.768855,1465104284.848000
388,1465104278.845000,1465104279.534612,1465104284.536469,1465104284.610000
389,1465104278.845000,1465104279.734350,1465104284.735584,1465104284.821000
390,1465104278.845000,1465104279.753087,1465104284.770996,1465104284.857000
391,1465104278.845000,1465104279.758718,1465104284.759944,1465104284.849000
392,1465104278.845000,1465104279.503797,1465104284.504917,1465104284.563000
393,1465104278.845000,1465104279.453232,1465104284.454693,1465104284.539000
394,1465104278.845000,1465104279.473405,1465104284.474588,1465104284.554000
395,1465104278.846000,1465104279.493057,1465104284.494348,1465104284.593000
396,1465104278.846000,1465104279.493329,1465104284.494701,1465104284.572000
397,1465104278.846000,1465104279.471021,1465104284.472258,1465104284.530000
398,1465104278.846000,1465104279.512159,1465104284.513654,1465104284.584000
399,1465104278.846000,1465104279.536862,1465104284.538424,1465104284.607000
400,1465104278.847000,1465104279.530937,1465104284.532456,1465104284.612000
401,1465104278.847000,1465104279.526374,1465104284.527670,1465104284.613000
402,1465104278.847000,1465104279.817685,1465104284.819094,1465104284.899000
403,1465104278.847000,1465104279.500277,1465104284.501595,1465104284.590000
404,1465104278.847000,1465104279.479691,1465104284.480924,1465104284.559000
405,1465104278.847000,1465104279.737812,1465104284.739345,1465104284.835000
406,1465104278.848000,1465104279.465096,1465104284.467518,1465104284.547000
407,1465104278.848000,1465104279.805138,1465104284.806432,1465104284.888000
408,1465104278.848000,1465104279.464028,1465104284.465258,1465104284.546000
409,1465104278.848000,1465104279.523410,1465104284.525115,1465104284.610000
410,1465104278.848000,1465104279.474059,1465104284.475310,1465104284.564000
411,1465104278.848000,1465104279.535580,1465104284.536884,1465104284.621000
412,1465104278.849000,1465104279.517811,1465104284.518994,1465104284.608000
413,1465104278.849000,1465104279.498557,1465104284.499936,1465104284.588000
414,1465104278.849000,1465104279.446050,1465104284.447552,1465104284.551000
415,1465104278.849000,1465104279.514901,1465104284.516178,1465104284.585000
416,1465104278.849000,1465104279.480968,1465104284.482350,1465104284.557000
417,1465104278.849000,1465104279.517288,1465104284.525383,1465104284.603000
418,1465104278.849000,1465104279.534016,1465104284.535443,1465104284.621000
419,1465104278.850000,1465104279.500476,1465104284.501690,1465104284.600000
420,1465104278.850000,1465104279.486526,1465104284.487984,1465104284.575000
421,1465104278.850000,1465104279.516697,1465104284.518021,1465104284.597000
422,1465104278.850000,1465104279.476251,1465104284.477429,1465104284.574000
423,1465104278.850000,1465104279.515973,1465104284.518663,1465104284.596000
424,1465104278.851000,1465104279.735458,1465104284.736668,1465104284.816000
425,1465104278.851000,1465104279.733868,1465104284.735169,1465104284.824000
426,1465104278.851000,1465104279.530981,1465104284.532246,1465104284.602000
427,1465104278.851000,1465104279.495537,1465104284.496756,1465104284.601000
428,1465104278.851000,1465104279.519453,1465104284.521677,1465104284.607000
429,1465104278.851000,1465104279.462230,1465104284.464173,1465104284.543000
430,1465104278.851000,1465104279.788711,1465104284.789980,1465104284.886000
431,1465104278.852000,1465104279.470672,1465104284.472369,1465104284.551000
432,1465104278.853000,1465104279.500061,1465104284.501284,1465104284.586000
433,1465104278.853000,1465104279.509258,1465104284.510500,1465104284.591000
434,1465104278.853000,1465104279.471346,1465104284.472541,1465104284.542000
435,1465104278.853000,1465104279.742330,1465104284.743475,1465104284.829000
436,1465104278.853000,1465104279.472613,1465104284.474244,1465104284.560000
437,1465104278.853000,1465104279.514295,1465104284.529285,1465104284.611000
438,1465104278.853000,1465104279.500903,1465104284.502080,1465104284.573000
439,1465104278.854000,1465104279.754039,1465104284.755303,1465104284.851000
440,1465104278.854000,1465104279.757168,1465104284.758647,1465104284.846000
441,1465104278.854000,1465104279.500931,1465104284.502113,1465104284.580000
442,1465104278.854000,1465104279.764578,1465104284.766025,1465104284.864000
443,1465104278.854000,1465104279.519373,1465104284.521352,1465104284.609000
444,1465104278.854000,1465104279.498796,1465104284.500493,1465104284.587000
445,1465104278.854000,1465104279.767478,1465104284.768821,1465104284.873000
446,1465104278.854000,1465104279.517377,1465104284.519659,1465104284.590000
447,1465104278.854000,1465104279.477632,1465104284.478993,1465104284.560000
448,1465104278.854000,1465104279.488175,1465104284.489527,1465104284.578000
449,1465104278.855000,1465104279.471088,1465104284.472341,1465104284.550000
450,1465104278.855000,1465104279.515473,1465104284.516835,1465104284.594000
451,1465104278.855000,1465104279.507402,1465104284.509192,1465104284.596000
452,1465104278.855000,1465104279.492461,1465104284.493676,1465104284.581000
453,1465104278.855000,1465104279.516521,1465104284.517960,1465104284.594000
454,1465104278.855000,1465104279.500187,1465104284.506789,1465104284.588000
455,1465104278.856000,1465104279.516438,1465104284.517835,1465104284.597000
456,1465104278.856000,1465104279.489660,1465104284.495106,1465104284.594000
457,1465104278.857000,1465104279.544961,1465104284.546151,1465104284.634000
458,1465104278.857000,1465104279.480601,1465104284.481959,1465104284.566000
459,1465104278.857000,1465104279.485630,1465104284.487141,1465104284.565000
460,1465104278.857000,1465104279.479364,1465104284.481068,1465104284.558000
461,1465104278.857000,1465104279.497270,1465104284.514446,1465104284.604000
462,1465104278.857000,1465104279.494894,1465104284.496354,1465104284.584000
463,1465104278.857000,1465104279.814556,1465104284.815788,1465104284.897000
464,1465104278.857000,1465104279.477006,1465104284.478180,1465104284.565000
465,1465104278.857000,1465104279.784839,1465104284.786129,1465104284.891000
466,1465104278.857000,1465104279.497871,1465104284.499060,1465104284.557000
467,1465104278.858000,1465104279.510333,1465104284.511582,1465104284.597000
468,1465104278.858000,1465104279.475189,1465104284.476894,1465104284.581000
469,1465104278.859000,1465104279.501488,1465104284.503275,1465104284.578000
470,1465104278.859000,1465104279.543085,1465104284.544403,1465104284.623000
471,1465104278.859000,1465104279.488307,1465104284.489610,1465104284.575000
472,1465104278.859000,1465104279.551629,1465104284.552783,1465104284.630000
473,1465104278.859000,1465104279.471906,1465104284.473534,1465104284.554000
474,1465104278.859000,1465104279.499304,1465104284.500770,1465104284.587000
475,1465104278.860000,1465104279.485596,1465104284.487229,1465104284.571000
476,1465104278.860000,1465104279.507226,1465104284.508521,1465104284.597000
477,1465104278.860000,1465104279.532595,1465104284.534012,1465104284.609000
478,1465104278.860000,1465104279.506964,1465104284.508429,1465104284.590000
479,1465104278.860000,1465104279.514804,1465104284.516357,1465104284.596000
480,1465104278.860000,1465104279.505836,1465104284.507188,1465104284.578000
481,1465104278.860000,1465104279.522467,1465104284.523709,1465104284.593000
482,1465104278.861000,1465104279.498335,1465104284.499444,1465104284.584000
483,1465104278.861000,1465104279.777938,1465104284.779169,1465104284.865000
484,1465104278.861000,1465104279.509060,1465104284.510337,1465104284.584000
485,1465104278.862000,1465104279.471507,1465104284.472730,1465104284.568000
486,1465104278.862000,1465104279.502362,1465104284.503459,1465104284.592000
487,1465104278.862000,1465104279.770316,1465104284.771536,1465104284.850000
488,1465104278.862000,1465104279.492538,1465104284.493702,1465104284.579000
489,1465104278.862000,1465104279.511428,1465104284.512736,1465104284.597000
490,1465104278.862000,1465104279.453888,1465104284.455146,1465104284.543000
491,1465104278.862000,1465104279.529077,1465104284.530224,1465104284.630000
492,1465104278.863000,1465104279.493127,1465104284.494737,1465104284.575000
493,1465104278.863000,1465104279.599671,1465104284.600874,1465104284.672000
494,1465104278.863000,1465104279.531559,1465104284.532804,1465104284.607000
495,1465104278.863000,1465104279.552291,1465104284.553647,1465104284.633000
496,1465104278.863000,1465104279.530662,1465104284.531911,1465104284.617000
497,1465104278.863000,1465104279.551862,1465104284.553020,1465104284.626000
498,1465104278.863000,1465104279.550164,1465104284.551558,1465104284.632000
499,1465104278.863000,1465104279.536739,1465104284.538379,1465104284.621000
500,1465104278.863000,1465104279.489532,1465104284.490704,1465104284.580000
501,1465104278.863000,1465104279.497189,1465104284.498362,1465104284.588000
502,1465104278.863000,1465104279.558305,1465104284.559443,1465104284.637000
503,1465104278.863000,1465104279.542542,1465104284.543724,1465104284.614000
504,1465104278.863000,1465104279.694289,1465104284.695510,1465104284.766000
505,1465104278.863000,1465104279.671483,1465104284.672981,1465104284.748000
506,1465104278.863000,1465104279.599543,1465104284.600777,1465104284.690000
507,1465104278.863000,1465104279.544942,1465104284.546133,1465104284.631000
508,1465104278.863000,1465104279.517438,1465104284.518686,1465104284.597000
509,1465104278.863000,1465104279.504086,1465104284.505595,1465104284.581000
510,1465104278.863000,1465104279.530762,1465104284.532569,1465104284.617000
511,1465104278.863000,1465104279.513612,1465104284.514934,1465104284.600000
512,1465104278.863000,1465104279.524144,1465104284.525466,1465104284.599000
513,1465104278.863000,1465104279.546824,1465104284.548275,1465104284.618000
514,1465104278.863000,1465104279.545419,1465104284.546728,1465104284.627000
515,1465104278.864000,1465104279.800941,1465104284.802143,1465104284.892000
516,1465104278.864000,1465104279.484673,1465104284.486305,1465104284.565000
517,1465104278.864000,1465104279.486541,1465104284.487865,1465104284.565000
518,1465104278.864000,1465104279.552271,1465104284.553717,1465104284.628000
519,1465104278.864000,1465104279.488311,1465104284.489580,1465104284.567000
520,1465104278.864000,1465104279.673505,1465104284.674739,1465104284.755000
521,1465104278.864000,1465104279.502737,1465104284.517377,1465104284.593000
522,1465104278.864000,1465104279.602363,1465104284.605548,1465104284.691000
523,1465104278.864000,1465104279.531374,1465104284.532570,1465104284.601000
524,1465104278.864000,1465104279.913607,1465104284.914913,1465104285.003000
525,1465104278.864000,1465104279.719267,1465104284.720449,1465104284.820000
526,1465104278.864000,1465104279.534513,1465104284.535699,1465104284.635000
527,1465104278.864000,1465104279.516431,1465104284.525320,1465104284.603000
528,1465104278.864000,1465104279.515264,1465104284.516873,1465104284.598000
529,1465104278.864000,1465104279.519341,1465104284.521352,1465104284.609000
530,1465104278.864000,1465104279.524366,1465104284.525630,1465104284.605000
531,1465104278.864000,1465104279.514548,1465104284.515877,1465104284.593000
532,1465104278.864000,1465104279.529212,1465104284.530378,1465104284.601000
533,1465104278.864000,1465104279.519607,1465104284.520888,1465104284.595000
534,1465104278.864000,1465104279.541348,1465104284.542685,1465104284.614000
535,1465104278.864000,1465104279.566373,1465104284.567599,1465104284.653000
536,1465104278.864000,1465104279.642263,1465104284.644178,1465104284.728000
537,1465104278.864000,1465104279.634990,1465104284.636538,1465104284.718000
538,1465104278.864000,1465104279.540039,1465104284.541378,1465104284.619000
539,1465104278.864000,1465104279.543586,1465104284.544800,1465104284.603000
540,1465104278.864000,1465104279.613787,1465104284.615442,1465104284.695000
541,1465104278.865000,1465104279.628192,1465104284.629374,1465104284.706000
542,1465104278.865000,1465104279.510544,1465104284.511748,1465104284.591000
543,1465104278.865000,1465104279.527904,1465104284.529349,1465104284.613000
544,1465104278.865000,1465104279.557624,1465104284.558808,1465104284.656000
545,1465104278.865000,1465104279.879334,1465104284.880614,1465104284.984000
546,1465104278.865000,1465104279.678471,1465104284.679949,1465104284.766000
547,1465104278.865000,1465104279.629252,1465104284.630836,1465104284.727000
548,1465104278.865000,1465104279.538673,1465104284.539901,1465104284.621000
549,1465104278.865000,1465104279.508100,1465104284.528697,1465104284.610000
550,1465104278.865000,1465104279.658373,1465104284.659580,1465104284.742000
551,1465104278.865000,1465104279.565526,1465104284.566781,1465104284.645000
552,1465104278.865000,1465104279.513661,1465104284.514909,1465104284.611000
553,1465104278.865000,1465104279.587509,1465104284.588721,1465104284.674000
554,1465104278.865000,1465104279.535746,1465104284.553849,1465104284.639000
555,1465104278.865000,1465104279.727903,1465104284.729134,1465104284.817000
556,1465104278.865000,1465104279.521616,1465104284.531494,1465104284.616000
557,1465104278.865000,1465104279.497362,1465104284.498608,1465104284.577000
558,1465104278.865000,1465104279.567936,1465104284.569184,1465104284.627000
559,1465104278.865000,1465104279.544362,1465104284.546192,1465104284.620000
560,1465104278.865000,1465104279.535415,1465104284.536623,1465104284.618000
561,1465104278.865000,1465104279.524875,1465104284.526031,1465104284.613000
562,1465104278.865000,1465104279.522489,1465104284.524052,1465104284.603000
563,1465104278.865000,1465104279.506994,1465104284.508568,1465104284.589000
564,1465104278.865000,1465104279.522251,1465104284.523474,1465104284.602000
565,1465104278.865000,1465104279.473895,1465104284.475160,1465104284.560000
566,1465104278.865000,1465104279.678849,1465104284.679999,1465104284.779000
567,1465104278.865000,1465104279.561551,1465104284.563785,1465104284.643000
568,1465104278.866000,1465104279.501433,1465104284.513758,1465104284.594000
569,1465104278.866000,1465104279.495091,1465104284.496471,1465104284.577000
570,1465104278.866000,1465104279.522221,1465104284.523611,1465104284.599000
571,1465104278.866000,1465104279.517226,1465104284.519522,1465104284.599000
572,1465104278.866000,1465104279.525602,1465104284.526917,1465104284.626000
573,1465104278.866000,1465104279.510346,1465104284.511654,1465104284.591000
574,1465104278.866000,1465104279.507402,1465104284.508984,1465104284.595000
575,1465104278.866000,1465104279.522942,1465104284.524468,1465104284.609000
576,1465104278.866000,1465104279.534527,1465104284.535921,1465104284.624000
577,1465104278.866000,1465104279.539996,1465104284.541232,1465104284.612000
578,1465104278.866000,1465104279.537286,1465104284.538530,1465104284.613000
579,1465104278.866000,1465104279.508906,1465104284.510220,1465104284.594000
580,1465104278.866000,1465104279.529526,1465104284.530754,1465104284.611000
581,1465104278.866000,1465104279.614001,1465104284.615187,1465104284.685000
582,1465104278.866000,1465104279.527599,1465104284.528935,1465104284.608000
583,1465104278.866000,1465104279.668394,1465104284.669628,1465104284.757000
584,1465104278.866000,1465104279.491779,1465104284.493068,1465104284.581000
585,1465104278.866000,1465104279.540296,1465104284.541948,1465104284.617000
586,1465104278.866000,1465104279.544400,1465104284.546010,1465104284.622000
587,1465104278.866000,1465104279.514975,1465104284.516242,1465104284.594000
588,1465104278.866000,1465104279.511591,1465104284.512812,1465104284.593000
589,1465104278.866000,1465104279.528450,1465104284.529626,1465104284.614000
590,1465104278.866000,1465104279.548227,1465104284.549920,1465104284.619000
591,1465104278.866000,1465104279.552046,1465104284.553196,1465104284.636000
592,1465104278.866000,1465104279.536292,1465104284.537568,1465104284.617000
593,1465104278.866000,1465104279.481462,1465104284.482659,1465104284.565000
594,1465104278.866000,1465104279.610667,1465104284.612057,1465104284.692000
595,1465104278.866000,1465104279.522518,1465104284.523657,1465104284.601000
596,1465104278.866000,1465104279.548001,1465104284.549602,1465104284.619000
597,1465104278.866000,1465104279.522199,1465104284.523945,1465104284.609000
598,1465104278.867000,1465104279.658149,1465104284.659363,1465104284.738000
599,1465104278.867000,1465104279.543356,1465104284.553928,1465104284.639000
600,1465104278.867000,1465104279.573439,1465104284.574754,1465104284.655000
601,1465104278.867000,1465104279.492516,1465104284.493875,1465104284.583000
602,1465104278.867000,1465104279.640606,1465104284.641848,1465104284.721000
603,1465104278.867000,1465104279.543749,1465104284.545752,1465104284.620000
604,1465104278.867000,1465104279.540942,1465104284.542133,1465104284.628000
605,1465104278.867000,1465104279.593394,1465104284.594874,1465104284.665000
606,1465104278.867000,1465104279.534883,1465104284.536172,1465104284.622000
607,1465104278.867000,1465104279.520176,1465104284.521384,1465104284.592000
608,1465104278.867000,1465104279.573571,1465104284.574748,1465104284.645000
609,1465104278.867000,1465104279.672471,1465104284.673634,1465104284.763000
610,1465104278.867000,1465104279.662236,1465104284.663472,1465104284.743000
611,1465104278.867000,1465104279.587322,1465104284.588508,1465104284.674000
612,1465104278.867000,1465104279.547511,1465104284.548974,1465104284.619000
613,1465104278.867000,1465104279.576714,1465104284.577973,1465104284.667000
614,1465104278.867000,1465104279.506484,1465104284.517268,1465104284.593000
615,1465104278.867000,1465104279.505861,1465104284.507049,1465104284.596000
616,1465104278.867000,1465104279.496459,1465104284.514668,1465104284.604000
617,1465104278.867000,1465104279.516039,1465104284.517573,1465104284.597000
618,1465104278.867000,1465104279.532357,1465104284.533644,1465104284.613000
619,1465104278.867000,1465104279.645790,1465104284.647058,1465104284.746000
620,1465104278.867000,1465104279.941503,1465104284.942815,1465104285.029000
621,1465104278.867000,1465104279.580152,1465104284.581353,1465104284.659000
622,1465104278.867000,1465104279.513474,1465104284.514730,1465104284.589000
623,1465104278.868000,1465104279.521710,1465104284.522992,1465104284.622000
624,1465104278.868000,1465104279.561826,1465104284.563133,1465104284.637000
625,1465104278.868000,1465104279.494269,1465104284.495458,1465104284.584000
626,1465104278.868000,1465104279.515694,1465104284.516928,1465104284.605000
627,1465104278.868000,1465104279.538872,1465104284.540636,1465104284.621000
628,1465104278.868000,1465104279.671190,1465104284.686891,1465104284.783000
629,1465104278.868000,1465104279.600003,1465104284.601233,1465104284.675000
630,1465104278.868000,1465104279.636161,1465104284.637335,1465104284.726000
631,1465104278.868000,1465104279.574483,1465104284.575747,1465104284.661000
632,1465104278.868000,1465104279.507168,1465104284.508363,1465104284.597000
633,1465104278.868000,1465104279.669655,1465104284.671432,1465104284.752000
634,1465104278.868000,1465104279.643682,1465104284.644865,1465104284.717000
635,1465104278.868000,1465104279.545192,1465104284.546446,1465104284.632000
636,1465104278.868000,1465104279.548745,1465104284.549923,1465104284.621000
637,1465104278.868000,1465104279.579032,1465104284.580264,1465104284.655000
638,1465104278.868000,1465104279.539279,1465104284.540579,1465104284.618000
639,1465104278.868000,1465104279.538011,1465104284.539177,1465104284.623000
640,1465104278.869000,1465104279.553781,1465104284.555095,1465104284.640000
641,1465104278.869000,1465104279.637874,1465104284.639147,1465104284.719000
642,1465104278.869000,1465104279.562758,1465104284.564014,1465104284.643000
643,1465104278.869000,1465104279.609298,1465104284.610493,1465104284.699000
644,1465104278.869000,1465104279.537338,1465104284.538588,1465104284.616000
645,1465104278.869000,1465104279.537626,1465104284.543603,1465104284.613000
646,1465104278.869000,1465104279.537007,1465104284.538206,1465104284.618000
647,1465104278.869000,1465104279.532257,1465104284.533846,1465104284.618000
648,1465104278.869000,1465104279.513997,1465104284.516885,1465104284.598000
649,1465104278.869000,1465104279.650142,1465104284.651324,1465104284.729000
650,1465104278.869000,1465104279.659263,1465104284.660512,1465104284.734000
651,1465104278.869000,1465104279.529925,1465104284.534454,1465104284.614000
652,1465104278.869000,1465104279.648125,1465104284.649419,1465104284.727000
653,1465104278.869000,1465104279.569920,1465104284.571265,1465104284.646000
654,1465104278.869000,1465104279.548298,1465104284.549591,1465104284.624000
655,1465104278.869000,1465104279.473311,1465104284.474685,1465104284.550000
656,1465104278.869000,1465104279.610952,1465104284.612244,1465104284.686000
657,1465104278.869000,1465104279.534746,1465104284.536038,1465104284.620000
658,1465104278.869000,1465104279.612052,1465104284.613214,1465104284.695000
659,1465104278.869000,1465104279.521092,1465104284.526743,1465104284.607000
660,1465104278.869000,1465104279.528626,1465104284.529862,1465104284.609000
661,1465104278.869000,1465104279.600860,1465104284.602036,1465104284.698000
662,1465104278.869000,1465104279.572036,1465104284.573263,1465104284.659000
663,1465104278.869000,1465104279.542359,1465104284.543654,1465104284.628000
664,1465104278.869000,1465104279.522637,1465104284.523856,1465104284.604000
665,1465104278.870000,1465104279.542022,1465104284.543802,1465104284.613000
666,1465104278.870000,1465104279.563239,1465104284.564509,1465104284.643000
667,1465104278.870000,1465104279.534812,1465104284.536340,1465104284.610000
668,1465104278.870000,1465104279.543696,1465104284.545184,1465104284.625000
669,1465104278.870000,1465104279.537973,1465104284.539231,1465104284.628000
670,1465104278.870000,1465104279.636573,1465104284.637777,1465104284.723000
671,1465104278.870000,1465104279.544513,1465104284.546423,1465104284.633000
672,1465104278.870000,1465104279.527592,1465104284.529234,1465104284.599000
673,1465104278.870000,1465104279.608081,1465104284.609504,1465104284.689000
674,1465104278.870000,1465104279.494483,1465104284.495767,1465104284.581000
675,1465104278.870000,1465104279.981360,1465104284.982603,1465104285.065000
676,1465104278.870000,1465104279.633810,1465104284.654242,1465104284.743000
677,1465104278.870000,1465104279.556164,1465104284.557611,1465104284.627000
678,1465104278.870000,1465104279.593121,1465104284.594944,1465104284.665000
679,1465104278.870000,1465104279.542450,1465104284.544479,1465104284.625000
680,1465104278.870000,1465104279.517668,1465104284.519472,1465104284.600000
681,1465104278.870000,1465104279.629115,1465104284.630306,1465104284.702000
682,1465104278.870000,1465104279.962820,1465104284.964041,1465104285.047000
683,1465104278.870000,1465104279.591729,1465104284.593158,1465104284.667000
684,1465104278.870000,1465104279.542927,1465104284.544112,1465104284.633000
685,1465104278.870000,1465104279.482909,1465104284.484291,1465104284.563000
686,1465104278.870000,1465104279.559736,1465104284.561056,1465104284.631000
687,1465104278.871000,1465104279.517670,1465104284.518928,1465104284.618000
688,1465104278.871000,1465104279.631594,1465104284.632848,1465104284.711000
689,1465104278.871000,1465104279.532214,1465104284.533464,1465104284.611000
690,1465104278.871000,1465104279.914658,1465104284.915958,1465104284.998000
691,1465104278.871000,1465104279.910654,1465104284.912132,1465104285.001000
692,1465104278.871000,1465104279.542337,1465104284.543515,1465104284.621000
693,1465104278.871000,1465104279.522413,1465104284.523667,1465104284.603000
694,1465104278.871000,1465104279.546480,1465104284.547971,1465104284.623000
695,1465104278.871000,1465104279.595774,1465104284.596979,1465104284.683000
696,1465104278.871000,1465104279.517978,1465104284.519306,1465104284.599000
697,1465104278.871000,1465104279.661936,1465104284.663150,1465104284.743000
698,1465104278.871000,1465104279.654312,1465104284.655572,1465104284.743000
699,1465104278.871000,1465104279.535339,1465104284.538135,1465104284.620000
700,1465104278.871000,1465104279.630900,1465104284.632085,1465104284.721000
701,1465104278.871000,1465104279.635184,1465104284.636367,1465104284.709000
702,1465104278.871000,1465104279.553753,1465104284.555501,1465104284.635000
703,1465104278.871000,1465104279.548306,1465104284.549739,1465104284.629000
704,1465104278.871000,1465104279.672912,1465104284.674289,1465104284.752000
705,1465104278.871000,1465104279.626547,1465104284.627763,1465104284.726000
706,1465104278.871000,1465104279.521472,1465104284.522769,1465104284.602000
707,1465104278.871000,1465104279.539001,1465104284.540623,1465104284.616000
708,1465104278.871000,1465104279.553554,1465104284.554836,1465104284.630000
709,1465104278.871000,1465104279.623135,1465104284.624580,1465104284.722000
710,1465104278.871000,1465104279.516584,1465104284.517803,1465104284.605000
711,1465104278.871000,1465104279.599332,1465104284.600520,1465104284.698000
712,1465104278.871000,1465104279.527760,1465104284.529504,1465104284.605000
713,1465104278.872000,1465104279.650008,1465104284.663549,1465104284.752000
714,1465104278.872000,1465104279.548133,1465104284.549394,1465104284.629000
715,1465104278.872000,1465104279.517912,1465104284.519240,1465104284.604000
716,1465104278.872000,1465104279.614770,1465104284.616442,1465104284.703000
717,1465104278.872000,1465104279.607748,1465104284.608999,1465104284.678000
718,1465104278.872000,1465104279.603309,1465104284.604523,1465104284.685000
719,1465104278.872000,1465104279.596424,1465104284.597605,1465104284.684000
720,1465104278.872000,1465104279.633868,1465104284.635044,1465104284.707000
721,1465104278.872000,1465104279.640885,1465104284.642178,1465104284.731000
722,1465104278.872000,1465104279.661064,1465104284.662318,1465104284.743000
723,1465104278.872000,1465104279.550124,1465104284.551581,1465104284.630000
724,1465104278.872000,1465104279.581265,1465104284.582596,1465104284.663000
725,1465104278.872000,1465104279.948302,1465104284.949608,1465104285.039000
726,1465104278.872000,1465104279.634558,1465104284.635809,1465104284.716000
727,1465104278.872000,1465104279.522671,1465104284.523905,1465104284.621000
728,1465104278.872000,1465104279.535995,1465104284.537613,1465104284.620000
729,1465104278.872000,1465104279.535682,1465104284.536992,1465104284.625000
730,1465104278.872000,1465104279.557728,1465104284.558947,1465104284.645000
731,1465104278.872000,1465104279.608977,1465104284.610245,1465104284.691000
732,1465104278.872000,1465104279.524691,1465104284.525858,1465104284.604000
733,1465104278.872000,1465104279.520441,1465104284.522428,1465104284.607000
734,1465104278.872000,1465104279.674538,1465104284.675818,1465104284.753000
735,1465104278.872000,1465104279.624086,1465104284.625354,1465104284.710000
736,1465104278.872000,1465104279.478938,1465104284.480205,1465104284.584000
737,1465104278.873000,1465104279.637001,1465104284.638285,1465104284.719000
738,1465104278.873000,1465104279.639097,1465104284.640369,1465104284.715000
739,1465104278.873000,1465104279.531922,1465104284.533141,1465104284.612000
740,1465104278.873000,1465104279.584866,1465104284.586283,1465104284.665000
741,1465104278.878000,1465104279.643976,1465104284.645243,1465104284.723000
742,1465104278.881000,1465104279.547652,1465104284.549531,1465104284.635000
743,1465104278.896000,1465104279.536771,1465104284.538085,1465104284.623000
744,1465104278.911000,1465104279.559519,1465104284.560714,1465104284.649000
745,1465104278.916000,1465104279.987597,1465104284.988821,1465104285.077000
746,1465104278.921000,1465104279.654412,1465104284.655705,1465104284.725000
747,1465104278.923000,1465104279.576044,1465104284.577304,1465104284.657000
748,1465104278.923000,1465104279.666641,1465104284.668192,1465104284.756000
749,1465104278.923000,1465104279.978007,1465104284.979279,1465104285.076000
750,1465104278.923000,1465104279.614987,1465104284.616220,1465104284.690000
751,1465104278.923000,1465104279.541114,1465104284.542284,1465104284.628000
752,1465104278.923000,1465104279.568487,1465104284.569682,1465104284.643000
753,1465104278.923000,1465104279.547217,1465104284.548806,1465104284.634000
754,1465104278.923000,1465104279.642909,1465104284.644143,1465104284.723000
755,1465104278.923000,1465104279.672203,1465104284.673396,1465104284.759000
756,1465104278.923000,1465104279.582011,1465104284.597270,1465104284.673000
757,1465104278.923000,1465104279.555146,1465104284.556406,1465104284.631000
758,1465104278.923000,1465104279.599842,1465104284.601160,1465104284.687000
759,1465104278.923000,1465104279.569704,1465104284.570874,1465104284.640000
760,1465104278.924000,1465104279.668753,1465104284.669922,1465104284.749000
761,1465104278.924000,1465104279.598999,1465104284.600409,1465104284.689000
762,1465104278.925000,1465104279.568691,1465104284.569954,1465104284.650000
763,1465104278.925000,1465104279.673109,1465104284.674426,1465104284.753000
764,1465104278.925000,1465104279.630861,1465104284.632169,1465104284.720000
765,1465104278.925000,1465104279.621854,1465104284.623175,1465104284.698000
766,1465104278.925000,1465104279.589035,1465104284.590338,1465104284.687000
767,1465104278.925000,1465104279.545892,1465104284.547068,1465104284.629000
768,1465104278.925000,1465104279.954622,1465104284.955959,1465104285.042000
769,1465104278.925000,1465104279.672538,1465104284.673743,1465104284.731000
770,1465104278.926000,1465104279.579095,1465104284.580301,1465104284.652000
771,1465104278.926000,1465104279.677032,1465104284.686906,1465104284.767000
772,1465104278.926000,1465104279.690911,1465104284.692064,1465104284.770000
773,1465104278.926000,1465104279.689155,1465104284.690359,1465104284.776000
774,1465104278.926000,1465104279.666759,1465104284.668344,1465104284.747000
775,1465104278.927000,1465104279.594155,1465104284.595429,1465104284.674000
776,1465104278.927000,1465104279.962764,1465104284.963905,1465104285.062000
777,1465104278.927000,1465104279.610913,1465104284.612099,1465104284.686000
778,1465104278.927000,1465104279.670272,1465104284.671532,1465104284.741000
779,1465104278.928000,1465104279.948480,1465104284.949911,1465104285.046000
780,1465104278.928000,1465104279.659506,1465104284.660667,1465104284.738000
781,1465104278.928000,1465104279.621606,1465104284.631744,1465104284.717000
782,1465104278.928000,1465104279.671272,1465104284.672642,1465104284.730000
783,1465104278.928000,1465104279.544656,1465104284.546325,1465104284.622000
784,1465104278.929000,0.000000,0.000000,0.000000
785,1465104278.929000,1465104279.602105,1465104284.603304,1465104284.681000
786,1465104278.929000,1465104279.601997,1465104284.603317,1465104284.683000
787,1465104278.929000,1465104279.939493,1465104284.940782,1465104285.022000
788,1465104278.929000,1465104279.690932,1465104284.703264,1465104284.777000
789,1465104278.929000,1465104279.704695,1465104284.706026,1465104284.783000
790,1465104278.930000,1465104279.564915,1465104284.566240,1465104284.651000
791,1465104278.930000,1465104279.686039,1465104284.687567,1465104284.767000
792,1465104278.930000,1465104279.611084,1465104284.612322,1465104284.693000
793,1465104278.930000,1465104279.613283,1465104284.614442,1465104284.700000
794,1465104278.930000,1465104279.697972,1465104284.699469,1465104284.779000
795,1465104278.930000,1465104279.588149,1465104284.589829,1465104284.670000
796,1465104278.931000,1465104279.615307,1465104284.616544,1465104284.701000
797,1465104278.932000,1465104279.567317,1465104284.568650,1465104284.644000
798,1465104278.932000,1465104279.669686,1465104284.670998,1465104284.749000
799,1465104278.932000,1465104279.687536,1465104284.688755,1465104284.770000
800,1465104278.932000,0.000000,0.000000,0.000000
801,1465104278.933000,1465104279.564472,1465104284.566046,1465104284.645000
802,1465104278.933000,1465104279.678907,1465104284.680268,1465104284.761000
803,1465104278.933000,1465104279.984346,1465104284.985707,1465104285.075000
804,1465104278.933000,1465104279.994427,1465104284.995730,1465104285.085000
805,1465104278.933000,1465104279.598258,1465104284.599473,1465104284.685000
806,1465104278.933000,1465104279.873522,1465104284.874981,1465104284.963000
807,1465104278.933000,1465104279.587464,1465104284.588730,1465104284.668000
808,1465104278.933000,1465104279.951176,1465104284.952602,1465104285.038000
809,1465104278.933000,1465104281.415998,1465104286.417265,1465104286.503000
810,1465104278.934000,1465104279.582438,1465104284.597377,1465104284.673000
811,1465104278.934000,1465104279.605225,1465104284.606616,1465104284.687000
812,1465104278.934000,1465104279.637777,1465104284.638993,1465104284.719000
813,1465104278.934000,1465104279.626376,1465104284.627586,1465104284.705000
814,1465104278.935000,1465104279.937018,1465104284.938287,1465104284.996000
815,1465104278.935000,1465104279.859282,1465104284.860481,1465104284.958000
816,1465104278.935000,1465104279.691928,1465104284.693156,1465104284.779000
817,1465104278.935000,1465104279.695189,1465104284.696495,1465104284.766000
818,1465104278.935000,1465104279.633476,1465104284.634670,1465104284.720000
819,1465104278.936000,1465104279.632398,1465104284.634027,1465104284.715000
820,1465104278.936000,1465104279.652782,1465104284.654257,1465104284.742000
821,1465104278.936000,1465104279.600597,1465104284.601810,1465104284.687000
822,1465104278.936000,1465104279.571418,1465104284.572697,1465104284.651000
823,1465104278.936000,1465104279.699327,1465104284.700738,1465104284.780000
824,1465104278.936000,0.000000,0.000000,0.000000
825,1465104278.937000,1465104279.695790,1465104284.696991,1465104284.782000
826,1465104278.937000,1465104279.617674,1465104284.618926,1465104284.708000
827,1465104278.937000,1465104279.601297,1465104284.602475,1465104284.700000
828,1465104278.937000,1465104279.662417,1465104284.663662,1465104284.748000
829,1465104278.937000,1465104279.928840,1465104284.935724,1465104285.024000
830,1465104278.937000,1465104279.945923,1465104284.947147,1465104285.028000
831,1465104278.938000,1465104279.644944,1465104284.646286,1465104284.726000
832,1465104278.938000,0.000000,0.000000,0.000000
833,1465104278.939000,1465104279.640788,1465104284.642002,1465104284.722000
834,1465104278.939000,1465104279.993976,1465104284.995966,1465104285.072000
835,1465104278.939000,1465104279.950767,1465104284.951984,1465104285.025000
836,1465104278.939000,1465104279.683766,1465104284.685653,1465104284.757000
837,1465104278.939000,1465104279.655740,1465104284.656923,1465104284.728000
838,1465104278.939000,1465104279.677530,1465104284.678952,1465104284.765000
839,1465104278.939000,1465104279.647109,1465104284.648581,1465104284.723000
840,1465104278.940000,1465104279.673673,1465104284.675194,1465104284.755000
841,1465104278.940000,1465104279.654256,1465104284.655537,1465104284.734000
842,1465104278.941000,1465104279.658071,1465104284.659261,1465104284.757000
843,1465104278.941000,1465104279.632953,1465104284.634140,1465104284.733000
844,1465104278.941000,1465104279.674206,1465104284.675422,1465104284.772000
845,1465104278.941000,1465104279.642257,1465104284.644106,1465104284.728000
846,1465104278.941000,1465104279.678594,1465104284.680104,1465104284.760000
847,1465104278.941000,1465104279.608282,1465104284.609602,1465104284.709000
848,1465104278.941000,1465104279.610867,1465104284.612424,1465104284.697000
849,1465104278.941000,1465104279.944478,1465104284.945942,1465104285.026000
850,1465104278.942000,1465104279.702032,1465104284.703296,1465104284.777000
851,1465104278.942000,1465104279.615262,1465104284.617038,1465104284.703000
852,1465104278.942000,1465104279.707433,1465104284.708668,1465104284.782000
853,1465104278.942000,1465104279.682845,1465104284.686294,1465104284.758000
854,1465104278.942000,1465104279.953854,1465104284.955075,1465104285.043000
855,1465104278.942000,1465104279.655961,1465104284.657249,1465104284.741000
856,1465104278.942000,1465104279.649754,1465104284.651532,1465104284.741000
857,1465104278.943000,1465104279.646189,1465104284.647385,1465104284.744000
858,1465104278.944000,1465104279.666973,1465104284.668138,1465104284.767000
859,1465104278.944000,1465104279.871618,1465104284.872870,1465104284.961000
860,1465104278.945000,1465104279.927516,1465104284.928741,1465104285.018000
861,1465104278.945000,1465104279.686015,1465104284.687187,1465104284.776000
862,1465104278.945000,1465104279.690447,1465104284.691663,1465104284.771000
863,1465104278.946000,1465104279.956597,1465104284.957848,1465104285.039000
864,1465104278.946000,1465104279.695993,1465104284.697499,1465104284.775000
865,1465104278.946000,1465104279.912279,1465104284.913502,1465104285.002000
866,1465104278.946000,1465104279.678017,1465104284.679195,1465104284.775000
867,1465104278.946000,1465104279.684809,1465104284.685985,1465104284.760000
868,1465104278.946000,1465104279.590911,1465104284.592132,1465104284.674000
869,1465104278.947000,1465104279.680521,1465104284.681749,1465104284.767000
870,1465104278.948000,1465104279.681431,1465104284.682592,1465104284.763000
871,1465104278.949000,1465104279.680359,1465104284.681624,1465104284.762000
872,1465104278.949000,1465104279.970673,1465104284.971866,1465104285.058000
873,1465104278.949000,1465104279.633455,1465104284.634652,1465104284.712000
874,1465104278.949000,1465104279.679279,1465104284.680457,1465104284.738000
875,1465104278.949000,1465104279.636029,1465104284.637227,1465104284.722000
876,1465104278.951000,1465104279.685118,1465104284.686635,1465104284.767000
877,1465104278.951000,1465104279.667163,1465104284.668602,1465104284.754000
878,1465104278.952000,1465104279.696048,1465104284.697316,1465104284.778000
879,1465104278.952000,1465104279.671960,1465104284.673414,1465104284.754000
880,1465104278.952000,1465104279.648786,1465104284.652029,1465104284.741000
881,1465104278.952000,1465104279.690625,1465104284.692395,1465104284.766000
882,1465104278.952000,1465104279.583367,1465104284.584599,1465104284.663000
883,1465104278.953000,1465104279.692919,1465104284.703551,1465104284.774000
884,1465104278.953000,1465104279.651120,1465104284.652349,1465104284.730000
885,1465104278.953000,1465104279.633233,1465104284.634717,1465104284.714000
886,1465104278.953000,1465104279.666312,1465104284.667546,1465104284.739000
887,1465104278.953000,1465104279.666260,1465104284.667408,1465104284.753000
888,1465104278.953000,1465104279.679917,1465104284.681168,1465104284.767000
889,1465104278.954000,1465104279.693088,1465104284.694583,1465104284.765000
890,1465104278.954000,1465104279.616208,1465104284.617601,1465104284.693000
891,1465104278.954000,1465104279.689351,1465104284.690588,1465104284.771000
892,1465104278.955000,1465104279.660442,1465104284.661636,1465104284.748000
893,1465104278.955000,1465104279.644351,1465104284.645548,1465104284.724000
894,1465104278.955000,1465104279.707250,1465104284.708560,1465104284.777000
895,1465104278.955000,1465104279.659743,1465104284.661005,1465104284.749000
896,1465104278.955000,1465104279.623261,1465104284.624479,1465104284.723000
897,1465104278.956000,1465104279.642513,1465104284.643771,1465104284.733000
898,1465104278.956000,1465104279.684421,1465104284.685918,1465104284.766000
899,1465104278.956000,1465104279.695311,1465104284.697988,1465104284.776000
900,1465104278.956000,1465104279.700305,1465104284.714259,1465104284.792000
901,1465104278.957000,1465104279.651006,1465104284.652324,1465104284.737000
902,1465104278.957000,0.000000,0.000000,0.000000
903,1465104278.957000,1465104279.615196,1465104284.616605,1465104284.696000
904,1465104278.957000,1465104279.709102,1465104284.710657,1465104284.768000
905,1465104278.957000,1465104279.672826,1465104284.674022,1465104284.760000
906,1465104278.957000,1465104279.657226,1465104284.658480,1465104284.738000
907,1465104278.957000,1465104279.965809,1465104284.967113,1465104285.047000
908,1465104278.957000,1465104279.950235,1465104284.951622,1465104285.031000
909,1465104278.957000,0.000000,0.000000,0.000000
910,1465104278.958000,1465104279.670528,1465104284.671837,1465104284.751000
911,1465104278.958000,0.000000,0.000000,0.000000
912,1465104278.958000,1465104279.667115,1465104284.668342,1465104284.748000
913,1465104278.958000,1465104279.665408,1465104284.666565,1465104284.755000
914,1465104278.958000,1465104279.625465,1465104284.626641,1465104284.701000
915,1465104278.958000,1465104279.700184,1465104284.701594,1465104284.782000
916,1465104278.959000,0.000000,0.000000,0.000000
917,1465104278.959000,1465104280.000834,1465104285.002171,1465104285.087000
918,1465104278.959000,1465104279.642899,1465104284.644194,1465104284.732000
919,1465104278.959000,1465104279.678785,1465104284.679952,1465104284.751000
920,1465104278.959000,1465104279.676764,1465104284.678084,1465104284.757000
921,1465104278.960000,1465104279.670282,1465104284.671464,1465104284.761000
922,1465104278.960000,1465104279.606791,1465104284.608161,1465104284.696000
923,1465104278.960000,1465104279.688307,1465104284.689651,1465104284.769000
924,1465104278.960000,1465104279.670917,1465104284.672181,1465104284.758000
925,1465104278.960000,1465104279.680952,1465104284.682589,1465104284.760000
926,1465104278.960000,1465104279.675227,1465104284.676472,1465104284.749000
927,1465104278.960000,1465104279.689210,1465104284.690818,1465104284.771000
928,1465104278.961000,1465104279.689026,1465104284.690268,1465104284.759000
929,1465104278.961000,1465104279.635603,1465104284.636878,1465104284.717000
930,1465104278.961000,1465104279.678155,1465104284.679368,1465104284.764000
931,1465104278.961000,1465104279.939818,1465104284.941032,1465104285.029000
932,1465104278.961000,1465104279.679005,1465104284.695622,1465104284.784000
933,1465104278.961000,1465104279.666585,1465104284.667910,1465104284.758000
934,1465104278.962000,0.000000,0.000000,0.000000
935,1465104278.962000,1465104279.695058,1465104284.696259,1465104284.754000
936,1465104278.962000,1465104279.966194,1465104284.967691,1465104285.047000
937,1465104278.962000,1465104279.629709,1465104284.631429,1465104284.728000
938,1465104278.962000,1465104279.966345,1465104284.971048,1465104285.057000
939,1465104278.962000,1465104279.666379,1465104284.668209,1465104284.744000
940,1465104278.963000,1465104279.698169,1465104284.699359,1465104284.777000
941,1465104278.963000,1465104279.692539,1465104284.694029,1465104284.778000
942,1465104278.963000,1465104279.976428,1465104284.977628,1465104285.059000
943,1465104278.963000,1465104279.609709,1465104284.610901,1465104284.710000
944,1465104278.963000,1465104279.645377,1465104284.646630,1465104284.728000
945,1465104278.963000,1465104279.629423,1465104284.630779,1465104284.710000
946,1465104278.964000,1465104279.932775,1465104284.933954,1465104285.032000
947,1465104278.964000,1465104279.673024,1465104284.674283,1465104284.748000
948,1465104278.964000,1465104279.674323,1465104284.675866,1465104284.757000
949,1465104278.964000,1465104279.632872,1465104284.634300,1465104284.738000
950,1465104278.964000,1465104279.679202,1465104284.680736,1465104284.761000
951,1465104278.964000,1465104279.699943,1465104284.701463,1465104284.781000
952,1465104278.965000,1465104279.676270,1465104284.677533,1465104284.757000
953,1465104278.965000,1465104279.903852,1465104284.905377,1465104284.986000
954,1465104278.965000,1465104279.690565,1465104284.692122,1465104284.768000
955,1465104278.966000,1465104279.683141,1465104284.684319,1465104284.761000
956,1465104278.966000,1465104279.607597,1465104284.608820,1465104284.688000
957,1465104278.967000,1465104279.616608,1465104284.617782,1465104284.715000
958,1465104278.967000,1465104279.893613,1465104284.894860,1465104284.982000
959,1465104278.967000,1465104279.905497,1465104284.906763,1465104284.987000
960,1465104278.967000,1465104279.656828,1465104284.658731,1465104284.756000
961,1465104278.967000,1465104279.664939,1465104284.666225,1465104284.752000
962,1465104278.967000,1465104279.685979,1465104284.687384,1465104284.774000
963,1465104278.967000,1465104279.632573,1465104284.633758,1465104284.731000
964,1465104278.967000,1465104279.686041,1465104284.687530,1465104284.757000
965,1465104278.968000,1465104279.611062,1465104284.612264,1465104284.692000
966,1465104278.968000,1465104279.668872,1465104284.670070,1465104284.755000
967,1465104278.968000,1465104279.696207,1465104284.697467,1465104284.777000
968,1465104278.968000,1465104279.625686,1465104284.638888,1465104284.718000
969,1465104278.968000,1465104279.685276,1465104284.686802,1465104284.766000
970,1465104278.969000,1465104279.675572,1465104284.676922,1465104284.781000
971,1465104278.969000,1465104279.913334,1465104284.914530,1465104285.000000
972,1465104278.969000,1465104279.657533,1465104284.658778,1465104284.740000
973,1465104278.969000,1465104279.691068,1465104284.692523,1465104284.781000
974,1465104278.969000,1465104279.647637,1465104284.648836,1465104284.720000
975,1465104278.969000,1465104279.693692,1465104284.694945,1465104284.783000
976,1465104278.970000,1465104279.588227,1465104284.589643,1465104284.678000
977,1465104278.970000,1465104279.674352,1465104284.675658,1465104284.745000
978,1465104278.970000,1465104279.686838,1465104284.688060,1465104284.774000
979,1465104278.970000,1465104279.670888,1465104284.672162,1465104284.761000
980,1465104278.970000,1465104279.680860,1465104284.682845,1465104284.761000
981,1465104278.970000,1465104279.620562,1465104284.621806,1465104284.699000
982,1465104278.971000,1465104279.720257,1465104284.721900,1465104284.780000
983,1465104278.971000,1465104279.721185,1465104284.722753,1465104284.781000
984,1465104278.972000,1465104279.649393,1465104284.650605,1465104284.736000
985,1465104278.972000,1465104279.696372,1465104284.697593,1465104284.779000
986,1465104278.972000,1465104279.710110,1465104284.711433,1465104284.769000
987,1465104278.973000,1465104279.689365,1465104284.690665,1465104284.779000
988,1465104278.973000,1465104279.657929,1465104284.659201,1465104284.738000
989,1465104278.973000,1465104279.676296,1465104284.677658,1465104284.765000
990,1465104278.973000,1465104279.656556,1465104284.657890,1465104284.737000
991,1465104278.973000,1465104279.698181,1465104284.699386,1465104284.770000
992,1465104278.973000,1465104279.678181,1465104284.679580,1465104284.764000
993,1465104278.974000,1465104279.684139,1465104284.685659,1465104284.757000
994,1465104278.974000,1465104279.682755,1465104284.683937,1465104284.781000
995,1465104278.974000,1465104279.659551,1465104284.660721,1465104284.757000
996,1465104278.974000,1465104279.668357,1465104284.669578,1465104284.749000
997,1465104278.974000,1465104279.671790,1465104284.673094,1465104284.758000
998,1465104278.975000,1465104279.574333,1465104284.575526,1465104284.673000
999,1465104278.975000,0.000000,0.000000,0.000000
