0,1465104153.400000,1465104154.045892,1465104159.047388,1465104159.125000
1,1465104153.400000,1465104154.133589,1465104159.134976,1465104159.206000
2,1465104153.400000,1465104154.051336,1465104159.053018,1465104159.127000
3,1465104153.400000,1465104154.094401,1465104159.095905,1465104159.177000
4,1465104153.400000,1465104154.091743,1465104159.093562,1465104159.162000
5,1465104153.401000,1465104154.031591,1465104159.040517,1465104159.116000
6,1465104153.400000,1465104154.027246,1465104159.028904,1465104159.097000
7,1465104153.401000,1465104154.078199,1465104159.079801,1465104159.160000
8,1465104153.401000,1465104154.087160,1465104159.088455,1465104159.145000
9,1465104153.401000,0.000000,0.000000,0.000000
10,1465104153.401000,1465104154.057762,1465104159.059007,1465104159.137000
11,1465104153.401000,1465104154.025502,1465104159.027128,1465104159.132000
12,1465104153.401000,1465104154.001056,1465104159.002561,1465104159.084000
13,1465104153.401000,1465104154.032772,1465104159.034445,1465104159.125000
14,1465104153.401000,1465104154.092041,1465104159.103391,1465104159.172000
15,1465104153.401000,1465104154.074762,1465104159.075965,1465104159.154000
16,1465104153.401000,1465104154.038069,1465104159.039322,1465104159.117000
17,1465104153.401000,1465104154.136181,1465104159.139514,1465104159.221000
18,1465104153.401000,1465104154.075553,1465104159.076971,1465104159.158000
19,1465104153.402000,1465104154.072384,1465104159.074615,1465104159.155000
20,1465104153.402000,1465104154.086090,1465104159.087287,1465104159.155000
21,1465104153.402000,1465104154.177186,1465104159.178357,1465104159.235000
22,1465104153.402000,1465104154.040533,1465104159.041840,1465104159.146000
23,1465104153.403000,1465104154.044931,1465104159.046382,1465104159.132000
24,1465104153.403000,1465104153.997264,1465104159.014354,1465104159.092000
25,1465104153.403000,1465104154.119810,1465104159.121224,1465104159.189000
26,1465104153.403000,1465104154.060041,1465104159.061277,1465104159.149000
27,1465104153.403000,1465104154.025104,1465104159.026599,1465104159.115000
28,1465104153.404000,1465104154.096699,1465104159.097866,1465104159.170000
29,1465104153.404000,1465104154.054677,1465104159.056514,1465104159.146000
30,1465104153.404000,1465104154.069265,1465104159.074558,1465104159.153000
31,1465104153.405000,1465104154.068753,1465104159.070262,1465104159.156000
32,1465104153.406000,1465104154.107184,1465104159.108365,1465104159.194000
33,1465104153.407000,1465104154.031429,1465104159.032869,1465104159.120000
34,1465104153.407000,1465104154.079619,1465104159.081082,1465104159.137000
35,1465104153.407000,1465104154.083831,1465104159.085065,1465104159.165000
36,1465104153.407000,1465104154.066026,1465104159.071353,1465104159.161000
37,1465104153.407000,1465104154.089682,1465104159.091175,1465104159.161000
38,1465104153.407000,1465104154.043297,1465104159.044920,1465104159.126000
39,1465104153.407000,1465104154.120846,1465104159.122096,1465104159.178000
40,1465104153.407000,1465104154.033194,1465104159.034709,1465104159.137000
41,1465104153.407000,1465104154.386329,1465104159.387728,1465104159.474000
42,1465104153.407000,1465104154.130052,1465104159.131552,1465104159.206000
43,1465104153.407000,1465104154.078976,1465104159.080218,1465104159.176000
44,1465104153.407000,1465104154.045409,1465104159.046915,1465104159.131000
45,1465104153.407000,1465104154.101526,1465104159.102831,1465104159.184000
46,1465104153.407000,1465104154.070278,1465104159.071612,1465104159.160000
47,1465104153.407000,1465104154.080589,1465104159.082098,1465104159.171000
48,1465104153.408000,1465104154.102697,1465104159.107143,1465104159.187000
49,1465104153.408000,1465104154.075400,1465104159.076562,1465104159.147000
50,1465104153.409000,1465104154.132876,1465104159.134715,1465104159.207000
51,1465104153.409000,1465104154.393278,1465104159.394524,1465104159.472000
52,1465104153.410000,1465104154.070680,1465104159.071981,1465104159.142000
53,1465104153.413000,1465104154.078870,1465104159.080116,1465104159.158000
54,1465104153.414000,1465104155.938361,1465104160.939726,1465104161.044000
55,1465104153.415000,1465104154.353173,1465104159.354423,1465104159.439000
56,1465104153.415000,1465104154.100587,1465104159.117952,1465104159.206000
57,1465104153.415000,1465104154.109119,1465104159.110338,1465104159.189000
58,1465104153.415000,1465104154.092711,1465104159.094225,1465104159.179000
59,1465104153.415000,1465104154.111065,1465104159.112249,1465104159.190000
60,1465104153.415000,1465104154.147770,1465104159.158213,1465104159.248000
61,1465104153.415000,1465104154.326815,1465104159.328116,1465104159.418000
62,1465104153.415000,1465104154.044775,1465104159.046305,1465104159.124000
63,1465104153.415000,1465104154.083843,1465104159.085077,1465104159.162000
64,1465104153.415000,1465104154.055914,1465104159.057456,1465104159.137000
65,1465104153.416000,1465104154.396491,1465104159.397697,1465104159.468000
66,1465104153.416000,1465104154.124480,1465104159.125790,1465104159.203000
67,1465104153.416000,1465104154.032236,1465104159.034154,1465104159.126000
68,1465104153.416000,1465104154.106544,1465104159.107776,1465104159.188000
69,1465104153.416000,1465104154.104910,1465104159.107684,1465104159.187000
70,1465104153.416000,1465104154.116674,1465104159.117887,1465104159.174000
71,1465104153.416000,1465104154.174213,1465104159.175673,1465104159.246000
72,1465104153.416000,1465104155.911195,1465104160.912676,1465104161.004000
73,1465104153.416000,1465104154.389865,1465104159.391177,1465104159.461000
74,1465104153.416000,1465104154.151890,1465104159.154003,1465104159.210000
75,1465104153.416000,1465104154.387458,1465104159.388670,1465104159.475000
76,1465104153.416000,1465104154.112401,1465104159.113698,1465104159.194000
77,1465104153.416000,1465104154.120500,1465104159.139252,1465104159.220000
78,1465104153.416000,1465104154.121904,1465104159.123076,1465104159.190000
79,1465104153.416000,1465104155.924761,1465104160.926361,1465104161.007000
80,1465104153.416000,1465104154.035554,1465104159.037026,1465104159.124000
81,1465104153.416000,1465104154.105865,1465104159.107146,1465104159.187000
82,1465104153.417000,1465104154.395105,1465104159.396375,1465104159.482000
83,1465104153.417000,1465104154.408461,1465104159.409654,1465104159.480000
84,1465104153.417000,0.000000,0.000000,0.000000
85,1465104153.417000,1465104154.109126,1465104159.110356,1465104159.197000
86,1465104153.417000,1465104154.084058,1465104159.085655,1465104159.153000
87,1465104153.417000,1465104154.111635,1465104159.112931,1465104159.182000
88,1465104153.417000,1465104154.381016,1465104159.382251,1465104159.462000
89,1465104153.417000,1465104154.067649,1465104159.069085,1465104159.142000
90,1465104153.417000,1465104154.093946,1465104159.095232,1465104159.182000
91,1465104153.417000,0.000000,0.000000,0.000000
92,1465104153.417000,1465104154.394076,1465104159.395499,1465104159.471000
93,1465104153.417000,1465104154.365389,1465104159.366567,1465104159.437000
94,1465104153.417000,1465104154.043877,1465104159.045307,1465104159.142000
95,1465104153.417000,1465104154.112166,1465104159.113792,1465104159.193000
96,1465104153.417000,1465104154.379266,1465104159.380618,1465104159.466000
97,1465104153.417000,1465104154.394919,1465104159.396232,1465104159.485000
98,1465104153.418000,1465104154.405808,1465104159.407070,1465104159.495000
99,1465104153.418000,1465104154.134454,1465104159.135606,1465104159.221000
100,1465104153.418000,1465104154.378573,1465104159.379839,1465104159.457000
101,1465104153.418000,1465104154.130839,1465104159.132080,1465104159.188000
102,1465104153.418000,1465104154.056304,1465104159.057760,1465104159.127000
103,1465104153.418000,1465104154.081236,1465104159.082505,1465104159.162000
104,1465104153.418000,1465104154.106834,1465104159.108146,1465104159.198000
105,1465104153.418000,1465104154.127954,1465104159.129542,1465104159.211000
106,1465104153.418000,1465104154.113077,1465104159.114315,1465104159.184000
107,1465104153.418000,0.000000,0.000000,0.000000
108,1465104153.419000,1465104154.073114,1465104159.075533,1465104159.156000
109,1465104153.421000,1465104154.104055,1465104159.106760,1465104159.186000
110,1465104153.423000,1465104154.044750,1465104159.046390,1465104159.135000
111,1465104153.424000,1465104154.086558,1465104159.087903,1465104159.167000
112,1465104153.425000,1465104154.116139,1465104159.117660,1465104159.203000
113,1465104153.429000,1465104154.108802,1465104159.110046,1465104159.214000
114,1465104153.429000,1465104154.442230,1465104159.443467,1465104159.500000
115,1465104153.429000,1465104154.070903,1465104159.074615,1465104159.155000
116,1465104153.429000,1465104154.125636,1465104159.127257,1465104159.208000
117,1465104153.429000,1465104154.109340,1465104159.110524,1465104159.202000
118,1465104153.429000,1465104154.101671,1465104159.102849,1465104159.180000
119,1465104153.430000,1465104154.098564,1465104159.099967,1465104159.186000
120,1465104153.430000,1465104154.047709,1465104159.048927,1465104159.135000
121,1465104153.430000,1465104154.109086,1465104159.110490,1465104159.178000
122,1465104153.430000,1465104154.065976,1465104159.067397,1465104159.153000
123,1465104153.430000,1465104154.097041,1465104159.106118,1465104159.186000
124,1465104153.430000,1465104154.116508,1465104159.117746,1465104159.222000
125,1465104153.430000,1465104154.412733,1465104159.413986,1465104159.494000
126,1465104153.430000,1465104154.382376,1465104159.383548,1465104159.460000
127,1465104153.430000,1465104154.356566,1465104159.357887,1465104159.437000
128,1465104153.430000,1465104154.066946,1465104159.068395,1465104159.146000
129,1465104153.430000,1465104154.416334,1465104159.417579,1465104159.509000
130,1465104153.430000,1465104154.094881,1465104159.096191,1465104159.183000
131,1465104153.430000,1465104154.410801,1465104159.412210,1465104159.486000
132,1465104153.431000,1465104154.343702,1465104159.345021,1465104159.426000
133,1465104153.431000,1465104154.092196,1465104159.093348,1465104159.190000
134,1465104153.431000,1465104154.054826,1465104159.056436,1465104159.136000
135,1465104153.432000,1465104154.100908,1465104159.102097,1465104159.188000
136,1465104153.432000,1465104154.429376,1465104159.430576,1465104159.510000
137,1465104153.433000,1465104154.084429,1465104159.085633,1465104159.170000
138,1465104153.432000,1465104154.065991,1465104159.067256,1465104159.136000
139,1465104153.433000,1465104154.153264,1465104159.154853,1465104159.244000
140,1465104153.433000,1465104154.083570,1465104159.084798,1465104159.162000
141,1465104153.433000,1465104154.145187,1465104159.146831,1465104159.226000
142,1465104153.433000,1465104154.067604,1465104159.069381,1465104159.150000
143,1465104153.433000,1465104154.386307,1465104159.387570,1465104159.472000
144,1465104153.433000,1465104154.406386,1465104159.407547,1465104159.478000
145,1465104153.433000,1465104154.105246,1465104159.106402,1465104159.193000
146,1465104153.433000,1465104154.422730,1465104159.423974,1465104159.505000
147,1465104153.433000,1465104154.343805,1465104159.344973,1465104159.440000
148,1465104153.434000,1465104154.127743,1465104159.129204,1465104159.186000
149,1465104153.434000,1465104154.127690,1465104159.129139,1465104159.205000
150,1465104153.435000,1465104154.446609,1465104159.447938,1465104159.528000
151,1465104153.435000,1465104154.083581,1465104159.084791,1465104159.187000
152,1465104153.435000,1465104154.397765,1465104159.398975,1465104159.477000
153,1465104153.435000,1465104154.173371,1465104159.174584,1465104159.255000
154,1465104153.435000,1465104154.396061,1465104159.397335,1465104159.475000
155,1465104153.435000,1465104154.101697,1465104159.103003,1465104159.159000
156,1465104153.435000,1465104154.085420,1465104159.086765,1465104159.175000
157,1465104153.435000,1465104154.357585,1465104159.374486,1465104159.454000
158,1465104153.435000,1465104154.419551,1465104159.420916,1465104159.497000
159,1465104153.435000,1465104154.443606,1465104159.445149,1465104159.521000
160,1465104153.435000,1465104154.414660,1465104159.415906,1465104159.504000
161,1465104153.435000,1465104154.175449,1465104159.176608,1465104159.254000
162,1465104153.435000,1465104154.391915,1465104159.393092,1465104159.466000
163,1465104153.436000,1465104154.143211,1465104159.144366,1465104159.217000
164,1465104153.439000,1465104154.368111,1465104159.369352,1465104159.456000
165,1465104153.439000,1465104154.403475,1465104159.404968,1465104159.485000
166,1465104153.439000,1465104154.445926,1465104159.447131,1465104159.525000
167,1465104153.439000,1465104155.936983,1465104160.938601,1465104161.024000
168,1465104153.439000,1465104154.427587,1465104159.428946,1465104159.509000
169,1465104153.439000,1465104154.129022,1465104159.137733,1465104159.213000
170,1465104153.439000,1465104154.117920,1465104159.119548,1465104159.195000
171,1465104153.439000,1465104154.101043,1465104159.102631,1465104159.191000
172,1465104153.439000,1465104154.096173,1465104159.097560,1465104159.178000
173,1465104153.439000,1465104154.375526,1465104159.377171,1465104159.458000
174,1465104153.439000,1465104154.099375,1465104159.100827,1465104159.181000
175,1465104153.439000,1465104154.120468,1465104159.138648,1465104159.219000
176,1465104153.439000,1465104154.123160,1465104159.124301,1465104159.220000
177,1465104153.439000,1465104154.108937,1465104159.110620,1465104159.192000
178,1465104153.440000,0.000000,0.000000,0.000000
179,1465104153.440000,1465104154.131841,1465104159.133116,1465104159.211000
180,1465104153.440000,1465104154.356653,1465104159.357980,1465104159.460000
181,1465104153.440000,1465104154.112539,1465104159.113702,1465104159.186000
182,1465104153.440000,1465104154.376579,1465104159.377795,1465104159.455000
183,1465104153.440000,1465104155.945530,1465104160.946862,1465104161.027000
184,1465104153.440000,1465104154.382287,1465104159.383466,1465104159.461000
185,1465104153.440000,1465104154.117527,1465104159.118944,1465104159.209000
186,1465104153.440000,1465104154.084097,1465104159.085662,1465104159.174000
187,1465104153.440000,1465104154.408303,1465104159.409520,1465104159.487000
188,1465104153.440000,1465104154.146863,1465104159.156390,1465104159.236000
189,1465104153.441000,1465104154.098530,1465104159.100137,1465104159.180000
190,1465104153.440000,1465104154.155130,1465104159.156746,1465104159.246000
191,1465104153.440000,1465104154.141155,1465104159.142517,1465104159.221000
192,1465104153.440000,1465104154.100934,1465104159.102210,1465104159.192000
193,1465104153.440000,1465104154.124368,1465104159.125752,1465104159.211000
194,1465104153.440000,1465104154.127169,1465104159.128439,1465104159.196000
195,1465104153.440000,1465104154.416706,1465104159.418281,1465104159.486000
196,1465104153.440000,1465104154.125335,1465104159.127525,1465104159.208000
197,1465104153.440000,1465104154.098265,1465104159.099875,1465104159.186000
198,1465104153.440000,1465104154.381938,1465104159.383096,1465104159.469000
199,1465104153.440000,1465104154.080645,1465104159.082324,1465104159.168000
200,1465104153.440000,1465104154.122208,1465104159.123438,1465104159.202000
201,1465104153.440000,1465104154.381904,1465104159.400333,1465104159.476000
202,1465104153.440000,1465104154.083444,1465104159.084636,1465104159.181000
203,1465104153.441000,1465104154.435793,1465104159.437040,1465104159.511000
204,1465104153.441000,1465104154.467570,1465104159.468788,1465104159.549000
205,1465104153.441000,1465104154.098257,1465104159.099570,1465104159.184000
206,1465104153.441000,1465104154.381763,1465104159.391930,1465104159.465000
207,1465104153.441000,1465104154.139516,1465104159.141294,1465104159.214000
208,1465104153.441000,1465104154.102335,1465104159.103878,1465104159.173000
209,1465104153.441000,1465104154.063403,1465104159.064765,1465104159.145000
210,1465104153.441000,1465104154.149177,1465104159.158692,1465104159.246000
211,1465104153.441000,1465104154.117284,1465104159.118520,1465104159.199000
212,1465104153.441000,1465104154.136287,1465104159.139184,1465104159.212000
213,1465104153.441000,1465104154.103806,1465104159.105053,1465104159.201000
214,1465104153.441000,1465104154.124251,1465104159.125562,1465104159.205000
215,1465104153.441000,1465104154.105960,1465104159.107181,1465104159.203000
216,1465104153.441000,1465104154.405059,1465104159.406790,1465104159.486000
217,1465104153.441000,1465104154.401785,1465104159.402999,1465104159.488000
218,1465104153.441000,1465104154.133095,1465104159.134288,1465104159.213000
219,1465104153.441000,1465104154.384039,1465104159.385262,1465104159.463000
220,1465104153.441000,1465104154.141108,1465104159.142313,1465104159.220000
221,1465104153.441000,1465104154.425377,1465104159.426703,1465104159.515000
222,1465104153.441000,1465104154.381649,1465104159.382893,1465104159.468000
223,1465104153.441000,1465104154.350039,1465104159.351290,1465104159.431000
224,1465104153.441000,1465104154.085832,1465104159.087067,1465104159.166000
225,1465104153.441000,1465104154.103270,1465104159.104436,1465104159.175000
226,1465104153.441000,1465104154.369622,1465104159.377816,1465104159.473000
227,1465104153.441000,1465104154.123905,1465104159.130522,1465104159.211000
228,1465104153.441000,1465104154.405621,1465104159.407147,1465104159.487000
229,1465104153.441000,1465104154.385629,1465104159.387062,1465104159.468000
230,1465104153.441000,1465104154.081785,1465104159.084001,1465104159.170000
231,1465104153.441000,1465104154.154685,1465104159.156146,1465104159.236000
232,1465104153.441000,1465104154.107613,1465104159.108839,1465104159.200000
233,1465104153.441000,1465104154.159889,1465104159.161756,1465104159.240000
234,1465104153.442000,1465104154.083190,1465104159.084423,1465104159.162000
235,1465104153.442000,1465104154.386865,1465104159.388146,1465104159.460000
236,1465104153.442000,1465104154.423057,1465104159.425297,1465104159.504000
237,1465104153.442000,1465104154.136291,1465104159.138083,1465104159.224000
238,1465104153.442000,1465104154.149363,1465104159.150771,1465104159.226000
239,1465104153.442000,1465104154.137267,1465104159.138479,1465104159.216000
240,1465104153.442000,1465104154.133271,1465104159.145263,1465104159.215000
241,1465104153.442000,1465104154.431147,1465104159.432675,1465104159.507000
242,1465104153.442000,1465104154.071800,1465104159.073114,1465104159.150000
243,1465104153.442000,1465104154.377455,1465104159.378664,1465104159.457000
244,1465104153.442000,1465104154.118993,1465104159.131075,1465104159.218000
245,1465104153.442000,1465104154.096691,1465104159.097879,1465104159.195000
246,1465104153.442000,0.000000,0.000000,0.000000
247,1465104153.442000,1465104154.359784,1465104159.360942,1465104159.456000
248,1465104153.442000,1465104154.410724,1465104159.412226,1465104159.481000
249,1465104153.442000,1465104154.106488,1465104159.108534,1465104159.185000
250,1465104153.442000,1465104154.045293,1465104159.046599,1465104159.115000
251,1465104153.442000,1465104154.323460,1465104159.324659,1465104159.413000
252,1465104153.443000,1465104154.094643,1465104159.095845,1465104159.184000
253,1465104153.442000,1465104154.095099,1465104159.096460,1465104159.168000
254,1465104153.442000,1465104154.392390,1465104159.400546,1465104159.476000
255,1465104153.442000,1465104154.165314,1465104159.166638,1465104159.245000
256,1465104153.442000,0.000000,0.000000,0.000000
257,1465104153.442000,1465104154.090230,1465104159.091587,1465104159.181000
258,1465104153.442000,1465104154.446890,1465104159.448340,1465104159.534000
259,1465104153.442000,1465104154.157460,1465104159.158994,1465104159.238000
260,1465104153.442000,1465104154.113224,1465104159.114549,1465104159.193000
261,1465104153.442000,1465104154.111083,1465104159.112290,1465104159.193000
262,1465104153.443000,1465104154.076850,1465104159.078416,1465104159.167000
263,1465104153.443000,1465104154.103829,1465104159.105036,1465104159.194000
264,1465104153.443000,1465104154.429984,1465104159.431174,1465104159.514000
265,1465104153.443000,1465104154.371507,1465104159.372687,1465104159.458000
266,1465104153.443000,1465104154.350994,1465104159.352249,1465104159.423000
267,1465104153.443000,1465104154.099224,1465104159.100719,1465104159.186000
268,1465104153.443000,1465104154.448727,1465104159.450172,1465104159.536000
269,1465104153.443000,1465104154.085594,1465104159.086751,1465104159.157000
270,1465104153.443000,1465104154.094407,1465104159.095591,1465104159.166000
271,1465104153.443000,1465104154.409104,1465104159.413656,1465104159.494000
272,1465104153.443000,1465104154.404632,1465104159.405950,1465104159.486000
273,1465104153.443000,1465104154.405112,1465104159.406333,1465104159.493000
274,1465104153.445000,1465104155.919364,1465104160.920989,1465104161.026000
275,1465104153.445000,1465104154.386710,1465104159.387897,1465104159.484000
276,1465104153.445000,1465104154.082349,1465104159.084001,1465104159.171000
277,1465104153.446000,1465104154.170715,1465104159.184644,1465104159.263000
278,1465104153.447000,1465104154.131238,1465104159.132459,1465104159.217000
279,1465104153.447000,1465104154.108272,1465104159.109741,1465104159.178000
280,1465104153.449000,1465104154.093701,1465104159.095007,1465104159.199000
281,1465104153.449000,1465104154.382622,1465104159.383928,1465104159.462000
282,1465104153.453000,1465104154.404329,1465104159.406384,1465104159.488000
283,1465104153.469000,1465104154.140460,1465104159.141879,1465104159.230000
284,1465104153.472000,1465104154.449806,1465104159.450990,1465104159.529000
285,1465104153.473000,1465104154.486368,1465104159.487588,1465104159.555000
286,1465104153.473000,1465104154.404154,1465104159.405425,1465104159.485000
287,1465104153.473000,1465104154.096246,1465104159.097480,1465104159.175000
288,1465104153.473000,1465104154.096857,1465104159.098698,1465104159.178000
289,1465104153.473000,1465104154.370104,1465104159.371269,1465104159.457000
290,1465104153.473000,1465104154.070588,1465104159.071941,1465104159.150000
291,1465104153.473000,1465104154.057493,1465104159.059076,1465104159.154000
292,1465104153.473000,1465104154.199116,1465104159.200301,1465104159.302000
293,1465104153.473000,1465104155.940214,1465104160.947704,1465104161.044000
294,1465104153.473000,1465104154.077919,1465104159.079523,1465104159.167000
295,1465104153.473000,1465104154.446132,1465104159.447317,1465104159.517000
296,1465104153.473000,1465104154.150015,1465104159.151270,1465104159.241000
297,1465104153.473000,1465104154.165260,1465104159.166548,1465104159.237000
298,1465104153.473000,1465104154.095842,1465104159.097254,1465104159.183000
299,1465104153.473000,1465104154.395137,1465104159.396388,1465104159.475000
300,1465104153.473000,1465104154.121676,1465104159.123296,1465104159.204000
301,1465104153.473000,1465104154.080874,1465104159.082285,1465104159.187000
302,1465104153.473000,1465104154.415123,1465104159.432675,1465104159.507000
303,1465104153.474000,1465104154.133820,1465104159.135022,1465104159.203000
304,1465104153.474000,1465104154.118568,1465104159.119746,1465104159.198000
305,1465104153.474000,1465104154.122859,1465104159.124468,1465104159.202000
306,1465104153.474000,1465104154.376690,1465104159.378051,1465104159.468000
307,1465104153.474000,1465104154.397747,1465104159.399292,1465104159.475000
308,1465104153.474000,1465104154.147221,1465104159.148731,1465104159.229000
309,1465104153.474000,1465104154.158459,1465104159.159610,1465104159.241000
310,1465104153.475000,1465104154.157114,1465104159.158905,1465104159.238000
311,1465104153.475000,1465104154.133516,1465104159.135333,1465104159.208000
312,1465104153.476000,1465104154.416902,1465104159.418111,1465104159.505000
313,1465104153.476000,1465104154.117561,1465104159.119020,1465104159.221000
314,1465104153.476000,1465104154.120472,1465104159.140545,1465104159.216000
315,1465104153.476000,1465104154.126778,1465104159.128037,1465104159.214000
316,1465104153.476000,1465104154.151444,1465104159.152641,1465104159.234000
317,1465104153.476000,1465104154.153242,1465104159.158713,1465104159.237000
318,1465104153.476000,1465104154.412226,1465104159.413423,1465104159.483000
319,1465104153.476000,1465104154.152394,1465104159.153613,1465104159.240000
320,1465104153.476000,1465104154.170156,1465104159.171445,1465104159.251000
321,1465104153.477000,1465104154.412137,1465104159.413872,1465104159.500000
322,1465104153.477000,1465104154.143843,1465104159.145223,1465104159.237000
323,1465104153.477000,1465104154.132673,1465104159.133949,1465104159.214000
324,1465104153.477000,1465104154.410473,1465104159.411766,1465104159.498000
325,1465104153.477000,1465104154.400102,1465104159.401413,1465104159.480000
326,1465104153.477000,1465104154.099765,1465104159.101075,1465104159.187000
327,1465104153.478000,1465104154.156326,1465104159.157651,1465104159.237000
328,1465104153.478000,1465104155.946414,1465104160.947907,1465104161.043000
329,1465104153.478000,1465104154.387568,1465104159.389036,1465104159.477000
330,1465104153.478000,1465104154.166801,1465104159.168116,1465104159.256000
331,1465104153.478000,1465104154.394177,1465104159.395467,1465104159.464000
332,1465104153.478000,1465104154.118656,1465104159.119890,1465104159.222000
333,1465104153.478000,1465104154.137336,1465104159.138966,1465104159.217000
334,1465104153.478000,1465104154.141518,1465104159.142724,1465104159.223000
335,1465104153.478000,1465104154.112308,1465104159.113531,1465104159.215000
336,1465104153.478000,1465104154.087748,1465104159.089002,1465104159.191000
337,1465104153.479000,1465104154.064795,1465104159.066012,1465104159.147000
338,1465104153.479000,1465104154.070545,1465104159.072113,1465104159.157000
339,1465104153.479000,1465104154.082551,1465104159.084313,1465104159.170000
340,1465104153.479000,1465104154.168550,1465104159.169741,1465104159.252000
341,1465104153.479000,1465104154.120519,1465104159.131293,1465104159.218000
342,1465104153.479000,1465104154.136561,1465104159.137816,1465104159.215000
343,1465104153.479000,1465104154.416173,1465104159.417517,1465104159.485000
344,1465104153.479000,1465104154.152131,1465104159.153520,1465104159.229000
345,1465104153.480000,0.000000,0.000000,0.000000
346,1465104153.480000,1465104154.127781,1465104159.128990,1465104159.225000
347,1465104153.480000,1465104154.099159,1465104159.100436,1465104159.205000
348,1465104153.480000,1465104154.127318,1465104159.128550,1465104159.220000
349,1465104153.480000,1465104154.099188,1465104159.101633,1465104159.183000
350,1465104153.480000,1465104154.116907,1465104159.118188,1465104159.199000
351,1465104153.480000,1465104154.372247,1465104159.373519,1465104159.441000
352,1465104153.480000,1465104154.145534,1465104159.146751,1465104159.244000
353,1465104153.480000,1465104154.411915,1465104159.413247,1465104159.482000
354,1465104153.480000,1465104154.093284,1465104159.094797,1465104159.175000
355,1465104153.481000,1465104154.114621,1465104159.116061,1465104159.221000
356,1465104153.481000,1465104154.135385,1465104159.136651,1465104159.216000
357,1465104153.481000,0.000000,0.000000,0.000000
358,1465104153.481000,1465104154.148331,1465104159.149656,1465104159.229000
359,1465104153.482000,1465104154.088798,1465104159.090008,1465104159.170000
360,1465104153.483000,1465104154.137292,1465104159.151076,1465104159.238000
361,1465104153.483000,1465104154.170108,1465104159.171838,1465104159.251000
362,1465104153.483000,1465104154.138764,1465104159.142245,1465104159.214000
363,1465104153.483000,1465104154.139644,1465104159.148577,1465104159.229000
364,1465104153.483000,1465104154.150983,1465104159.152292,1465104159.229000
365,1465104153.483000,1465104154.153641,1465104159.163641,1465104159.243000
366,1465104153.483000,1465104154.145840,1465104159.147132,1465104159.225000
367,1465104153.484000,1465104154.112171,1465104159.113682,1465104159.194000
368,1465104153.484000,1465104154.128330,1465104159.129683,1465104159.215000
369,1465104153.484000,1465104154.173808,1465104159.175392,1465104159.251000
370,1465104153.484000,1465104154.405909,1465104159.407131,1465104159.493000
371,1465104153.484000,1465104154.081960,1465104159.083223,1465104159.172000
372,1465104153.484000,1465104154.444950,1465104159.446889,1465104159.528000
373,1465104153.484000,1465104154.133153,1465104159.134686,1465104159.239000
374,1465104153.484000,1465104154.144229,1465104159.145524,1465104159.227000
375,1465104153.484000,1465104154.390905,1465104159.392327,1465104159.478000
376,1465104153.485000,1465104154.433834,1465104159.435006,1465104159.512000
377,1465104153.485000,1465104154.171428,1465104159.172750,1465104159.229000
378,1465104153.485000,1465104154.101072,1465104159.102332,1465104159.194000
379,1465104153.485000,1465104154.129586,1465104159.130748,1465104159.200000
380,1465104153.485000,1465104154.403795,1465104159.405037,1465104159.491000
381,1465104153.485000,1465104154.160696,1465104159.162304,1465104159.251000
382,1465104153.485000,1465104154.129319,1465104159.130947,1465104159.211000
383,1465104153.485000,1465104154.373245,1465104159.374425,1465104159.456000
384,1465104153.485000,1465104154.118865,1465104159.120139,1465104159.200000
385,1465104153.485000,1465104154.159858,1465104159.161459,1465104159.239000
386,1465104153.486000,1465104154.442956,1465104159.444168,1465104159.512000
387,1465104153.486000,1465104154.139662,1465104159.141455,1465104159.222000
388,1465104153.486000,1465104154.128678,1465104159.130097,1465104159.208000
389,1465104153.486000,1465104154.122155,1465104159.123692,1465104159.199000
390,1465104153.486000,1465104154.159665,1465104159.160902,1465104159.247000
391,1465104153.486000,1465104154.103328,1465104159.104846,1465104159.184000
392,1465104153.486000,1465104154.145914,1465104159.147328,1465104159.235000
393,1465104153.487000,1465104154.162102,1465104159.171768,1465104159.256000
394,1465104153.487000,1465104154.401567,1465104159.402872,1465104159.470000
395,1465104153.487000,1465104154.089331,1465104159.090591,1465104159.169000
396,1465104153.488000,1465104154.159320,1465104159.160645,1465104159.246000
397,1465104153.488000,1465104154.152259,1465104159.153926,1465104159.210000
398,1465104153.488000,1465104154.139225,1465104159.141051,1465104159.213000
399,1465104153.488000,1465104154.162718,1465104159.163999,1465104159.245000
400,1465104153.488000,1465104154.100162,1465104159.101373,1465104159.188000
401,1465104153.488000,1465104154.146521,1465104159.148320,1465104159.229000
402,1465104153.488000,1465104154.156802,1465104159.158429,1465104159.239000
403,1465104153.488000,1465104154.120850,1465104159.122543,1465104159.209000
404,1465104153.488000,1465104154.409898,1465104159.411398,1465104159.485000
405,1465104153.488000,1465104154.081467,1465104159.084406,1465104159.169000
406,1465104153.489000,1465104154.140267,1465104159.141434,1465104159.219000
407,1465104153.489000,1465104154.136671,1465104159.138313,1465104159.211000
408,1465104153.489000,1465104154.430404,1465104159.432083,1465104159.511000
409,1465104153.489000,1465104154.129226,1465104159.130398,1465104159.208000
410,1465104153.489000,1465104154.127692,1465104159.128934,1465104159.199000
411,1465104153.490000,1465104154.125533,1465104159.126745,1465104159.231000
412,1465104153.490000,1465104154.136686,1465104159.138129,1465104159.218000
413,1465104153.490000,1465104154.384302,1465104159.385631,1465104159.459000
414,1465104153.490000,1465104154.156655,1465104159.158146,1465104159.246000
415,1465104153.490000,1465104154.434873,1465104159.436050,1465104159.504000
416,1465104153.490000,1465104154.129870,1465104159.131118,1465104159.235000
417,1465104153.490000,1465104154.412330,1465104159.424025,1465104159.510000
418,1465104153.490000,1465104154.175114,1465104159.176609,1465104159.250000
419,1465104153.490000,1465104154.161432,1465104159.162891,1465104159.236000
420,1465104153.490000,1465104154.138217,1465104159.139603,1465104159.225000
421,1465104153.491000,1465104154.174881,1465104159.176387,1465104159.253000
422,1465104153.491000,1465104154.142081,1465104159.143280,1465104159.230000
423,1465104153.491000,1465104154.166902,1465104159.168970,1465104159.248000
424,1465104153.491000,1465104154.124615,1465104159.125804,1465104159.199000
425,1465104153.491000,1465104154.155543,1465104159.157944,1465104159.245000
426,1465104153.491000,1465104154.133860,1465104159.135496,1465104159.240000
427,1465104153.491000,1465104154.152114,1465104159.153271,1465104159.225000
428,1465104153.492000,1465104154.098879,1465104159.100150,1465104159.181000
429,1465104153.492000,1465104154.157607,1465104159.158824,1465104159.227000
430,1465104153.492000,1465104154.412306,1465104159.413788,1465104159.501000
431,1465104153.492000,1465104154.137872,1465104159.139385,1465104159.215000
432,1465104153.493000,1465104154.156504,1465104159.157800,1465104159.243000
433,1465104153.493000,1465104154.144687,1465104159.145972,1465104159.236000
434,1465104153.493000,1465104154.162675,1465104159.165432,1465104159.250000
435,1465104153.493000,1465104154.087980,1465104159.089167,1465104159.175000
436,1465104153.493000,1465104154.141292,1465104159.142607,1465104159.234000
437,1465104153.493000,1465104154.138980,1465104159.153699,1465104159.234000
438,1465104153.493000,1465104154.124481,1465104159.129159,1465104159.232000
439,1465104153.493000,1465104154.135250,1465104159.136733,1465104159.224000
440,1465104153.493000,1465104154.141983,1465104159.143680,1465104159.224000
441,1465104153.493000,1465104154.165534,1465104159.166977,1465104159.252000
442,1465104153.493000,1465104154.167218,1465104159.168439,1465104159.253000
443,1465104153.493000,1465104154.158650,1465104159.160331,1465104159.237000
444,1465104153.493000,1465104154.178997,1465104159.190077,1465104159.258000
445,1465104153.493000,1465104154.132472,1465104159.133691,1465104159.223000
446,1465104153.494000,1465104154.089694,1465104159.090954,1465104159.169000
447,1465104153.494000,1465104154.139163,1465104159.140424,1465104159.223000
448,1465104153.494000,1465104154.129172,1465104159.130365,1465104159.217000
449,1465104153.494000,1465104154.130510,1465104159.131716,1465104159.229000
450,1465104153.495000,1465104154.119090,1465104159.120229,1465104159.216000
451,1465104153.495000,1465104154.129680,1465104159.130953,1465104159.222000
452,1465104153.496000,1465104154.152010,1465104159.153361,1465104159.239000
453,1465104153.496000,1465104154.152508,1465104159.153794,1465104159.235000
454,1465104153.496000,1465104154.162769,1465104159.164061,1465104159.254000
455,1465104153.496000,1465104154.145592,1465104159.146820,1465104159.242000
456,1465104153.496000,1465104154.135964,1465104159.137489,1465104159.224000
457,1465104153.496000,1465104154.113678,1465104159.114852,1465104159.200000
458,1465104153.497000,1465104154.155790,1465104159.157062,1465104159.253000
459,1465104153.497000,1465104154.152828,1465104159.173729,1465104159.254000
460,1465104153.497000,1465104154.158886,1465104159.160500,1465104159.248000
461,1465104153.497000,1465104154.142999,1465104159.145906,1465104159.225000
462,1465104153.497000,1465104154.157852,1465104159.159453,1465104159.239000
463,1465104153.497000,1465104154.152336,1465104159.153661,1465104159.242000
464,1465104153.498000,1465104154.190302,1465104159.191618,1465104159.270000
465,1465104153.498000,1465104154.144944,1465104159.146130,1465104159.227000
466,1465104153.498000,1465104154.440567,1465104159.441932,1465104159.498000
467,1465104153.498000,1465104154.149675,1465104159.151389,1465104159.247000
468,1465104153.498000,1465104154.140124,1465104159.141307,1465104159.198000
469,1465104153.498000,1465104154.142362,1465104159.143805,1465104159.224000
470,1465104153.498000,1465104154.185482,1465104159.186851,1465104159.244000
471,1465104153.499000,1465104154.161527,1465104159.175643,1465104159.263000
472,1465104153.499000,1465104154.430656,1465104159.431846,1465104159.510000
473,1465104153.499000,1465104154.127325,1465104159.128734,1465104159.230000
474,1465104153.499000,1465104154.149978,1465104159.167370,1465104159.262000
475,1465104153.499000,1465104154.150625,1465104159.151799,1465104159.234000
476,1465104153.499000,1465104154.167155,1465104159.168984,1465104159.249000
477,1465104153.499000,1465104154.162228,1465104159.163730,1465104159.243000
478,1465104153.500000,1465104154.159614,1465104159.161373,1465104159.242000
479,1465104153.500000,1465104154.156056,1465104159.157259,1465104159.246000
480,1465104153.500000,1465104154.180316,1465104159.181707,1465104159.257000
481,1465104153.500000,1465104154.138459,1465104159.139842,1465104159.219000
482,1465104153.501000,1465104154.402218,1465104159.403636,1465104159.484000
483,1465104153.501000,1465104154.135787,1465104159.137396,1465104159.223000
484,1465104153.501000,1465104154.139155,1465104159.140393,1465104159.225000
485,1465104153.501000,1465104154.156683,1465104159.157874,1465104159.243000
486,1465104153.501000,1465104154.162785,1465104159.164224,1465104159.238000
487,1465104153.501000,1465104154.114887,1465104159.116138,1465104159.202000
488,1465104153.502000,1465104154.180280,1465104159.181546,1465104159.256000
489,1465104153.502000,1465104154.159043,1465104159.160248,1465104159.246000
490,1465104153.502000,1465104154.220458,1465104159.221669,1465104159.290000
491,1465104153.502000,1465104154.176916,1465104159.178253,1465104159.246000
492,1465104153.502000,1465104154.145529,1465104159.146745,1465104159.227000
493,1465104153.502000,1465104154.150705,1465104159.151919,1465104159.231000
494,1465104153.502000,1465104154.231993,1465104159.233243,1465104159.323000
495,1465104153.502000,1465104154.170684,1465104159.171853,1465104159.249000
496,1465104153.502000,1465104154.186995,1465104159.188319,1465104159.245000
497,1465104153.502000,1465104154.175616,1465104159.176865,1465104159.255000
498,1465104153.502000,1465104154.142136,1465104159.143430,1465104159.223000
499,1465104153.502000,1465104154.570667,1465104159.571852,1465104159.642000
500,1465104153.502000,1465104154.151923,1465104159.153127,1465104159.233000
501,1465104153.503000,1465104154.192817,1465104159.194062,1465104159.250000
502,1465104153.503000,1465104154.228137,1465104159.229346,1465104159.299000
503,1465104153.503000,1465104154.202546,1465104159.203801,1465104159.273000
504,1465104153.503000,1465104154.155695,1465104159.156919,1465104159.236000
505,1465104153.503000,1465104154.568701,1465104159.569960,1465104159.650000
506,1465104153.503000,1465104154.152261,1465104159.153498,1465104159.221000
507,1465104153.503000,1465104154.193357,1465104159.194602,1465104159.283000
508,1465104153.503000,1465104154.181359,1465104159.183150,1465104159.251000
509,1465104153.503000,1465104154.546540,1465104159.547855,1465104159.632000
510,1465104153.503000,1465104154.266374,1465104159.267625,1465104159.370000
511,1465104153.503000,1465104154.322323,1465104159.323598,1465104159.401000
512,1465104153.503000,1465104154.224907,1465104159.226101,1465104159.304000
513,1465104153.503000,1465104154.277557,1465104159.278798,1465104159.374000
514,1465104153.503000,1465104154.173885,1465104159.175552,1465104159.232000
515,1465104153.503000,1465104154.174985,1465104159.189602,1465104159.270000
516,1465104153.503000,1465104154.153641,1465104159.172225,1465104159.257000
517,1465104153.503000,1465104154.153614,1465104159.155356,1465104159.235000
518,1465104153.503000,1465104154.103274,1465104159.104423,1465104159.207000
519,1465104153.503000,1465104154.243603,1465104159.244835,1465104159.312000
520,1465104153.503000,1465104154.209008,1465104159.210233,1465104159.287000
521,1465104153.503000,1465104154.260857,1465104159.262294,1465104159.342000
522,1465104153.503000,1465104154.156799,1465104159.158040,1465104159.244000
523,1465104153.503000,1465104154.226653,1465104159.228012,1465104159.304000
524,1465104153.503000,1465104154.312676,1465104159.314905,1465104159.401000
525,1465104153.503000,1465104154.585629,1465104159.586894,1465104159.656000
526,1465104153.503000,1465104154.166674,1465104159.167961,1465104159.248000
527,1465104153.504000,1465104154.149544,1465104159.150801,1465104159.237000
528,1465104153.504000,1465104154.217412,1465104159.218570,1465104159.314000
529,1465104153.504000,1465104154.127058,1465104159.128433,1465104159.214000
530,1465104153.504000,1465104154.179843,1465104159.181139,1465104159.249000
531,1465104153.504000,1465104154.162315,1465104159.163642,1465104159.251000
532,1465104153.504000,1465104154.155683,1465104159.156853,1465104159.239000
533,1465104153.504000,1465104154.123251,1465104159.144453,1465104159.231000
534,1465104153.504000,1465104154.144178,1465104159.145489,1465104159.224000
535,1465104153.504000,1465104154.159330,1465104159.161373,1465104159.242000
536,1465104153.504000,1465104154.267098,1465104159.268540,1465104159.356000
537,1465104153.504000,1465104154.168822,1465104159.170108,1465104159.248000
538,1465104153.504000,1465104154.174443,1465104159.188710,1465104159.270000
539,1465104153.504000,1465104154.169033,1465104159.170338,1465104159.248000
540,1465104153.504000,1465104154.279629,1465104159.280916,1465104159.362000
541,1465104153.504000,1465104154.153953,1465104159.155333,1465104159.235000
542,1465104153.504000,1465104154.175413,1465104159.176960,1465104159.256000
543,1465104153.504000,1465104154.167503,1465104159.168825,1465104159.248000
544,1465104153.504000,1465104154.228590,1465104159.229786,1465104159.312000
545,1465104153.504000,1465104154.125621,1465104159.134990,1465104159.236000
546,1465104153.504000,1465104154.153148,1465104159.155187,1465104159.235000
547,1465104153.504000,1465104154.147649,1465104159.149009,1465104159.241000
548,1465104153.504000,1465104154.179182,1465104159.180834,1465104159.256000
549,1465104153.504000,1465104154.221912,1465104159.223403,1465104159.306000
550,1465104153.504000,1465104154.184949,1465104159.186269,1465104159.282000
551,1465104153.504000,1465104154.147663,1465104159.149397,1465104159.229000
552,1465104153.504000,1465104154.169066,1465104159.170358,1465104159.227000
553,1465104153.504000,1465104154.259016,1465104159.260461,1465104159.347000
554,1465104153.505000,1465104154.125786,1465104159.127092,1465104159.217000
555,1465104153.505000,1465104154.168305,1465104159.169519,1465104159.255000
556,1465104153.505000,1465104154.187746,1465104159.189151,1465104159.245000
557,1465104153.505000,1465104154.141437,1465104159.143046,1465104159.223000
558,1465104153.505000,1465104154.128153,1465104159.129659,1465104159.232000
559,1465104153.505000,1465104154.217100,1465104159.218241,1465104159.321000
560,1465104153.505000,1465104154.217921,1465104159.219704,1465104159.299000
561,1465104153.505000,1465104154.511808,1465104159.513092,1465104159.593000
562,1465104153.505000,1465104154.144850,1465104159.146179,1465104159.222000
563,1465104153.505000,1465104154.127979,1465104159.129242,1465104159.214000
564,1465104153.505000,1465104154.165949,1465104159.167263,1465104159.243000
565,1465104153.505000,1465104154.129548,1465104159.130751,1465104159.217000
566,1465104153.505000,1465104154.224857,1465104159.226099,1465104159.304000
567,1465104153.505000,1465104154.135304,1465104159.136558,1465104159.214000
568,1465104153.505000,1465104154.207076,1465104159.209347,1465104159.295000
569,1465104153.505000,1465104154.160228,1465104159.161478,1465104159.242000
570,1465104153.505000,1465104154.279743,1465104159.280959,1465104159.370000
571,1465104153.505000,1465104154.197706,1465104159.198996,1465104159.284000
572,1465104153.505000,1465104154.179904,1465104159.181132,1465104159.250000
573,1465104153.505000,1465104154.110600,1465104159.111853,1465104159.214000
574,1465104153.505000,1465104154.150425,1465104159.151683,1465104159.243000
575,1465104153.505000,1465104154.136872,1465104159.138032,1465104159.234000
576,1465104153.505000,1465104154.131427,1465104159.132637,1465104159.209000
577,1465104153.505000,1465104154.143598,1465104159.144851,1465104159.241000
578,1465104153.506000,1465104154.277945,1465104159.279099,1465104159.375000
579,1465104153.506000,1465104154.173529,1465104159.174846,1465104159.251000
580,1465104153.506000,1465104154.176462,1465104159.177887,1465104159.254000
581,1465104153.506000,1465104154.164143,1465104159.165573,1465104159.241000
582,1465104153.506000,1465104154.156587,1465104159.157801,1465104159.238000
583,1465104153.506000,1465104154.289953,1465104159.291277,1465104159.377000
584,1465104153.506000,1465104154.203288,1465104159.204543,1465104159.287000
585,1465104153.506000,1465104154.202076,1465104159.203563,1465104159.290000
586,1465104153.506000,1465104154.295725,1465104159.296993,1465104159.366000
587,1465104153.506000,1465104154.207922,1465104159.209678,1465104159.295000
588,1465104153.506000,1465104154.111106,1465104159.112371,1465104159.202000
589,1465104153.506000,1465104154.155864,1465104159.157318,1465104159.235000
590,1465104153.506000,1465104154.182931,1465104159.184641,1465104159.264000
591,1465104153.506000,1465104154.230787,1465104159.232212,1465104159.311000
592,1465104153.506000,1465104154.160106,1465104159.161400,1465104159.264000
593,1465104153.506000,1465104154.209505,1465104159.214397,1465104159.293000
594,1465104153.506000,1465104154.171646,1465104159.173000,1465104159.259000
595,1465104153.506000,1465104154.558056,1465104159.559488,1465104159.651000
596,1465104153.506000,1465104154.217320,1465104159.219282,1465104159.298000
597,1465104153.506000,1465104154.301519,1465104159.302750,1465104159.391000
598,1465104153.506000,1465104154.290956,1465104159.292406,1465104159.372000
599,1465104153.506000,1465104154.181389,1465104159.183044,1465104159.250000
600,1465104153.507000,1465104154.187198,1465104159.189290,1465104159.270000
601,1465104153.507000,1465104154.258343,1465104159.259593,1465104159.328000
602,1465104153.507000,1465104154.553934,1465104159.555123,1465104159.644000
603,1465104153.507000,1465104154.163059,1465104159.164192,1465104159.266000
604,1465104153.507000,1465104154.257083,1465104159.258339,1465104159.337000
605,1465104153.507000,1465104154.239729,1465104159.240867,1465104159.327000
606,1465104153.507000,1465104154.175255,1465104159.177628,1465104159.257000
607,1465104153.507000,1465104154.193516,1465104159.194743,1465104159.272000
608,1465104153.507000,1465104154.171390,1465104159.172693,1465104159.252000
609,1465104153.507000,1465104154.166759,1465104159.167949,1465104159.247000
610,1465104153.507000,1465104154.240853,1465104159.242137,1465104159.327000
611,1465104153.507000,1465104154.153585,1465104159.155071,1465104159.235000
612,1465104153.507000,1465104154.243197,1465104159.244818,1465104159.325000
613,1465104153.507000,1465104154.262490,1465104159.263804,1465104159.344000
614,1465104153.507000,1465104154.538029,1465104159.539385,1465104159.608000
615,1465104153.507000,1465104154.139344,1465104159.146782,1465104159.228000
616,1465104153.507000,1465104154.175359,1465104159.176763,1465104159.262000
617,1465104153.507000,1465104154.173984,1465104159.175629,1465104159.260000
618,1465104153.507000,1465104154.131851,1465104159.133068,1465104159.212000
619,1465104153.507000,1465104154.578261,1465104159.579517,1465104159.648000
620,1465104153.507000,1465104154.266997,1465104159.286884,1465104159.367000
621,1465104153.507000,1465104154.173129,1465104159.174345,1465104159.254000
622,1465104153.507000,1465104154.177183,1465104159.178434,1465104159.260000
623,1465104153.508000,1465104154.294975,1465104159.296269,1465104159.376000
624,1465104153.508000,1465104154.163662,1465104159.165688,1465104159.250000
625,1465104153.508000,1465104154.173337,1465104159.174783,1465104159.260000
626,1465104153.508000,1465104154.121485,1465104159.123925,1465104159.205000
627,1465104153.508000,1465104154.158673,1465104159.160804,1465104159.250000
628,1465104153.508000,1465104154.164621,1465104159.165845,1465104159.254000
629,1465104153.508000,1465104154.189091,1465104159.190343,1465104159.273000
630,1465104153.508000,1465104154.220173,1465104159.221452,1465104159.278000
631,1465104153.508000,1465104154.109790,1465104159.110998,1465104159.199000
632,1465104153.508000,1465104154.170501,1465104159.172618,1465104159.257000
633,1465104153.508000,1465104154.164892,1465104159.166081,1465104159.256000
634,1465104153.508000,1465104154.094605,1465104159.095781,1465104159.198000
635,1465104153.508000,1465104154.300398,1465104159.317550,1465104159.393000
636,1465104153.508000,1465104154.205120,1465104159.206404,1465104159.292000
637,1465104153.508000,1465104154.555205,1465104159.556498,1465104159.636000
638,1465104153.508000,1465104154.201820,1465104159.202981,1465104159.299000
639,1465104153.509000,1465104154.200551,1465104159.201820,1465104159.281000
640,1465104153.509000,1465104154.226831,1465104159.228198,1465104159.299000
641,1465104153.509000,1465104154.169265,1465104159.170552,1465104159.250000
642,1465104153.509000,1465104154.186000,1465104159.187283,1465104159.266000
643,1465104153.509000,1465104154.149581,1465104159.150828,1465104159.238000
644,1465104153.509000,1465104154.148298,1465104159.149435,1465104159.246000
645,1465104153.509000,1465104154.156037,1465104159.157387,1465104159.245000
646,1465104153.509000,1465104154.179909,1465104159.197783,1465104159.273000
647,1465104153.509000,1465104154.170446,1465104159.171674,1465104159.249000
648,1465104153.509000,1465104154.217358,1465104159.218594,1465104159.314000
649,1465104153.509000,1465104154.136771,1465104159.138679,1465104159.217000
650,1465104153.509000,1465104154.154643,1465104159.156679,1465104159.243000
651,1465104153.509000,1465104154.079484,1465104159.080979,1465104159.186000
652,1465104153.509000,1465104154.129766,1465104159.130963,1465104159.233000
653,1465104153.509000,1465104154.180622,1465104159.181864,1465104159.259000
654,1465104153.509000,1465104154.164809,1465104159.166003,1465104159.223000
655,1465104153.509000,1465104154.298602,1465104159.299807,1465104159.373000
656,1465104153.510000,1465104154.263226,1465104159.264429,1465104159.335000
657,1465104153.510000,1465104154.148272,1465104159.149661,1465104159.228000
658,1465104153.510000,1465104154.160760,1465104159.162097,1465104159.252000
659,1465104153.510000,1465104154.241444,1465104159.242677,1465104159.330000
660,1465104153.510000,1465104154.329467,1465104159.330706,1465104159.403000
661,1465104153.510000,1465104154.159545,1465104159.164226,1465104159.243000
662,1465104153.510000,1465104154.217418,1465104159.218690,1465104159.304000
663,1465104153.510000,1465104154.179989,1465104159.181161,1465104159.260000
664,1465104153.510000,1465104154.234539,1465104159.235787,1465104159.314000
665,1465104153.510000,1465104154.147283,1465104159.148470,1465104159.225000
666,1465104153.510000,1465104154.178326,1465104159.179557,1465104159.250000
667,1465104153.510000,1465104154.166324,1465104159.167620,1465104159.254000
668,1465104153.510000,1465104154.197670,1465104159.199306,1465104159.279000
669,1465104153.510000,1465104154.144825,1465104159.146282,1465104159.238000
670,1465104153.510000,1465104154.210441,1465104159.214421,1465104159.294000
671,1465104153.510000,1465104154.142059,1465104159.143625,1465104159.225000
672,1465104153.510000,1465104154.163198,1465104159.164428,1465104159.243000
673,1465104153.510000,1465104154.175353,1465104159.176671,1465104159.232000
674,1465104153.510000,1465104154.184440,1465104159.185723,1465104159.272000
675,1465104153.510000,1465104154.207827,1465104159.209087,1465104159.282000
676,1465104153.510000,1465104154.153943,1465104159.155161,1465104159.251000
677,1465104153.511000,1465104154.135630,1465104159.137074,1465104159.226000
678,1465104153.511000,1465104154.144323,1465104159.145685,1465104159.226000
679,1465104153.511000,1465104154.251616,1465104159.252928,1465104159.340000
680,1465104153.511000,1465104154.282552,1465104159.283841,1465104159.353000
681,1465104153.511000,1465104154.174641,1465104159.175857,1465104159.261000
682,1465104153.511000,1465104154.177772,1465104159.178931,1465104159.263000
683,1465104153.511000,1465104154.143205,1465104159.144370,1465104159.212000
684,1465104153.511000,1465104154.257298,1465104159.258682,1465104159.339000
685,1465104153.511000,1465104154.272722,1465104159.274250,1465104159.351000
686,1465104153.511000,1465104154.190955,1465104159.192025,1465104159.274000
687,1465104153.511000,1465104154.275242,1465104159.276652,1465104159.356000
688,1465104153.511000,1465104154.304098,1465104159.305638,1465104159.376000
689,1465104153.511000,1465104154.205711,1465104159.206888,1465104159.303000
690,1465104153.511000,1465104154.309961,1465104159.311151,1465104159.400000
691,1465104153.511000,1465104154.137234,1465104159.138456,1465104159.226000
692,1465104153.511000,1465104154.274907,1465104159.276113,1465104159.359000
693,1465104153.511000,1465104154.240315,1465104159.241697,1465104159.321000
694,1465104153.511000,1465104154.261679,1465104159.262886,1465104159.342000
695,1465104153.511000,1465104154.165831,1465104159.167002,1465104159.252000
696,1465104153.511000,1465104154.547335,1465104159.548582,1465104159.627000
697,1465104153.511000,1465104154.161586,1465104159.162740,1465104159.248000
698,1465104153.511000,1465104154.159336,1465104159.160534,1465104159.256000
699,1465104153.511000,1465104154.164509,1465104159.165696,1465104159.250000
700,1465104153.512000,1465104154.150450,1465104159.151718,1465104159.256000
701,1465104153.512000,1465104154.138788,1465104159.140044,1465104159.208000
702,1465104153.512000,1465104154.247521,1465104159.248778,1465104159.328000
703,1465104153.512000,1465104154.174358,1465104159.175569,1465104159.255000
704,1465104153.512000,1465104154.258421,1465104159.259585,1465104159.341000
705,1465104153.512000,1465104154.604453,1465104159.605815,1465104159.711000
706,1465104153.512000,1465104154.568004,1465104159.569215,1465104159.661000
707,1465104153.512000,1465104154.229762,1465104159.231105,1465104159.319000
708,1465104153.512000,1465104154.223401,1465104159.224769,1465104159.304000
709,1465104153.512000,1465104154.315913,1465104159.317063,1465104159.389000
710,1465104153.512000,1465104154.536853,1465104159.538229,1465104159.627000
711,1465104153.512000,1465104154.185879,1465104159.187236,1465104159.283000
712,1465104153.512000,1465104154.170039,1465104159.171420,1465104159.259000
713,1465104153.512000,1465104154.503300,1465104159.504490,1465104159.583000
714,1465104153.512000,1465104154.164298,1465104159.177989,1465104159.266000
715,1465104153.512000,1465104154.259737,1465104159.261183,1465104159.347000
716,1465104153.512000,1465104154.251872,1465104159.253258,1465104159.333000
717,1465104153.512000,1465104154.124942,1465104159.127203,1465104159.213000
718,1465104153.512000,1465104154.280771,1465104159.281988,1465104159.352000
719,1465104153.512000,1465104154.149073,1465104159.150571,1465104159.229000
720,1465104153.513000,1465104154.282113,1465104159.283375,1465104159.361000
721,1465104153.514000,1465104154.161577,1465104159.163085,1465104159.244000
722,1465104153.516000,1465104154.191122,1465104159.192384,1465104159.270000
723,1465104153.517000,1465104154.154260,1465104159.155871,1465104159.246000
724,1465104153.526000,1465104154.228692,1465104159.229922,1465104159.315000
725,1465104153.526000,1465104154.156827,1465104159.161577,1465104159.250000
726,1465104153.554000,1465104154.227177,1465104159.228735,1465104159.308000
727,1465104153.561000,1465104154.573044,1465104159.591405,1465104159.681000
728,1465104153.563000,1465104154.177364,1465104159.178569,1465104159.280000
729,1465104153.563000,1465104154.193433,1465104159.194758,1465104159.274000
730,1465104153.563000,1465104154.290292,1465104159.308657,1465104159.395000
731,1465104153.563000,1465104154.209732,1465104159.210980,1465104159.296000
732,1465104153.563000,1465104154.175998,1465104159.177140,1465104159.254000
733,1465104153.563000,1465104154.199406,1465104159.200926,1465104159.276000
734,1465104153.563000,1465104154.316355,1465104159.317871,1465104159.394000
735,1465104153.563000,1465104154.243562,1465104159.244986,1465104159.324000
736,1465104153.563000,1465104154.607006,1465104159.608447,1465104159.693000
737,1465104153.563000,1465104154.171778,1465104159.173146,1465104159.261000
738,1465104153.563000,1465104154.317041,1465104159.318320,1465104159.407000
739,1465104153.563000,1465104154.316822,1465104159.318077,1465104159.385000
740,1465104153.563000,1465104154.187726,1465104159.188996,1465104159.267000
741,1465104153.563000,1465104154.213990,1465104159.215283,1465104159.302000
742,1465104153.563000,1465104154.320011,1465104159.321248,1465104159.408000
743,1465104153.564000,1465104154.221372,1465104159.222734,1465104159.305000
744,1465104153.564000,1465104154.207032,1465104159.208690,1465104159.296000
745,1465104153.564000,1465104154.589047,1465104159.590216,1465104159.660000
746,1465104153.564000,1465104154.597454,1465104159.598694,1465104159.679000
747,1465104153.564000,1465104154.323727,1465104159.325146,1465104159.395000
748,1465104153.565000,1465104154.226545,1465104159.227923,1465104159.307000
749,1465104153.565000,0.000000,0.000000,0.000000
750,1465104153.565000,1465104154.583308,1465104159.584774,1465104159.661000
751,1465104153.565000,1465104154.223787,1465104159.224969,1465104159.302000
752,1465104153.565000,1465104154.181736,1465104159.183049,1465104159.269000
753,1465104153.566000,1465104154.215514,1465104159.216766,1465104159.303000
754,1465104153.566000,1465104154.179162,1465104159.180328,1465104159.262000
755,1465104153.566000,1465104154.211899,1465104159.213111,1465104159.309000
756,1465104153.566000,1465104154.582522,1465104159.583776,1465104159.665000
757,1465104153.566000,1465104154.211058,1465104159.212293,1465104159.291000
758,1465104153.566000,1465104154.308939,1465104159.310267,1465104159.380000
759,1465104153.567000,1465104154.249112,1465104159.250368,1465104159.320000
760,1465104153.567000,1465104154.316316,1465104159.318395,1465104159.405000
761,1465104153.567000,1465104154.174939,1465104159.177020,1465104159.256000
762,1465104153.567000,1465104154.188888,1465104159.190133,1465104159.279000
763,1465104153.567000,1465104154.544365,1465104159.545726,1465104159.631000
764,1465104153.567000,1465104154.305994,1465104159.307216,1465104159.385000
765,1465104153.567000,1465104154.200863,1465104159.202145,1465104159.282000
766,1465104153.568000,1465104154.291029,1465104159.292280,1465104159.379000
767,1465104153.568000,1465104154.207834,1465104159.209341,1465104159.297000
768,1465104153.568000,1465104154.280888,1465104159.282118,1465104159.360000
769,1465104153.568000,1465104154.547748,1465104159.549177,1465104159.635000
770,1465104153.568000,1465104154.175819,1465104159.177635,1465104159.257000
771,1465104153.568000,1465104154.540232,1465104159.541798,1465104159.629000
772,1465104153.569000,1465104154.172920,1465104159.174758,1465104159.256000
773,1465104153.569000,1465104154.279378,1465104159.280688,1465104159.367000
774,1465104153.569000,1465104154.254113,1465104159.255683,1465104159.335000
775,1465104153.569000,1465104154.308352,1465104159.310109,1465104159.391000
776,1465104153.570000,1465104154.207768,1465104159.208917,1465104159.305000
777,1465104153.570000,1465104154.281380,1465104159.282822,1465104159.370000
778,1465104153.571000,1465104154.299650,1465104159.300853,1465104159.378000
779,1465104153.571000,1465104154.316734,1465104159.318063,1465104159.397000
780,1465104153.571000,0.000000,0.000000,0.000000
781,1465104153.571000,1465104154.245066,1465104159.246335,1465104159.327000
782,1465104153.571000,1465104154.279421,1465104159.281079,1465104159.357000
783,1465104153.571000,1465104154.302802,1465104159.304031,1465104159.377000
784,1465104153.572000,1465104154.216916,1465104159.218201,1465104159.299000
785,1465104153.572000,1465104154.238840,1465104159.239962,1465104159.326000
786,1465104153.572000,1465104154.299371,1465104159.300638,1465104159.386000
787,1465104153.572000,1465104154.240885,1465104159.242163,1465104159.322000
788,1465104153.572000,1465104154.296786,1465104159.298448,1465104159.385000
789,1465104153.573000,1465104154.307965,1465104159.309176,1465104159.389000
790,1465104153.573000,1465104154.519147,1465104159.520399,1465104159.607000
791,1465104153.573000,1465104154.309328,1465104159.310522,1465104159.391000
792,1465104153.574000,1465104154.300448,1465104159.301778,1465104159.389000
793,1465104153.574000,1465104154.314005,1465104159.315381,1465104159.395000
794,1465104153.574000,1465104154.256608,1465104159.257897,1465104159.337000
795,1465104153.574000,1465104154.530485,1465104159.532095,1465104159.613000
796,1465104153.574000,1465104154.249674,1465104159.251308,1465104159.346000
797,1465104153.575000,1465104154.199357,1465104159.200615,1465104159.286000
798,1465104153.575000,1465104154.558288,1465104159.559836,1465104159.646000
799,1465104153.575000,1465104154.590040,1465104159.591218,1465104159.696000
800,1465104153.575000,1465104154.577263,1465104159.578482,1465104159.665000
801,1465104153.575000,1465104154.267646,1465104159.269025,1465104159.348000
802,1465104153.575000,1465104154.280556,1465104159.282174,1465104159.358000
803,1465104153.575000,1465104154.332165,1465104159.333384,1465104159.389000
804,1465104153.576000,1465104154.253311,1465104159.254972,1465104159.340000
805,1465104153.576000,0.000000,0.000000,0.000000
806,1465104153.577000,1465104154.298860,1465104159.317345,1465104159.393000
807,1465104153.577000,1465104154.576967,1465104159.583601,1465104159.688000
808,1465104153.577000,1465104154.272147,1465104159.273356,1465104159.360000
809,1465104153.577000,1465104154.280931,1465104159.282257,1465104159.352000
810,1465104153.577000,1465104154.541459,1465104159.542763,1465104159.611000
811,1465104153.577000,1465104154.555094,1465104159.556716,1465104159.637000
812,1465104153.578000,1465104154.200530,1465104159.201874,1465104159.276000
813,1465104153.578000,1465104154.282082,1465104159.283370,1465104159.379000
814,1465104153.578000,1465104154.303466,1465104159.304701,1465104159.361000
815,1465104153.578000,1465104154.324542,1465104159.326239,1465104159.408000
816,1465104153.578000,1465104154.309921,1465104159.311156,1465104159.383000
817,1465104153.578000,1465104154.263703,1465104159.265464,1465104159.342000
818,1465104153.579000,1465104154.323856,1465104159.325248,1465104159.405000
819,1465104153.579000,1465104154.550962,1465104159.552342,1465104159.640000
820,1465104153.579000,1465104154.594114,1465104159.595392,1465104159.700000
821,1465104153.579000,1465104156.083281,1465104161.084718,1465104161.189000
822,1465104153.579000,1465104154.558797,1465104159.560638,1465104159.636000
823,1465104153.580000,1465104154.294137,1465104159.295462,1465104159.371000
824,1465104153.580000,1465104154.283466,1465104159.284755,1465104159.380000
825,1465104153.581000,1465104154.543351,1465104159.544556,1465104159.632000
826,1465104153.581000,1465104154.305181,1465104159.306499,1465104159.377000
827,1465104153.581000,0.000000,0.000000,0.000000
828,1465104153.581000,1465104154.327283,1465104159.328655,1465104159.398000
829,1465104153.581000,1465104154.277606,1465104159.278942,1465104159.359000
830,1465104153.582000,1465104154.299311,1465104159.300894,1465104159.376000
831,1465104153.582000,1465104154.310608,1465104159.311791,1465104159.381000
832,1465104153.582000,1465104154.312022,1465104159.314859,1465104159.402000
833,1465104153.582000,1465104154.239963,1465104159.241443,1465104159.316000
834,1465104153.582000,0.000000,0.000000,0.000000
835,1465104153.582000,1465104154.314019,1465104159.315379,1465104159.388000
836,1465104153.583000,1465104154.291509,1465104159.292891,1465104159.372000
837,1465104153.583000,1465104154.236904,1465104159.238114,1465104159.317000
838,1465104153.583000,1465104154.559081,1465104159.568609,1465104159.654000
839,1465104153.584000,1465104154.530479,1465104159.532058,1465104159.608000
840,1465104153.584000,1465104154.295848,1465104159.301660,1465104159.383000
841,1465104153.585000,1465104154.236611,1465104159.238230,1465104159.325000
842,1465104153.585000,1465104154.295412,1465104159.296595,1465104159.374000
843,1465104153.585000,1465104154.556362,1465104159.557558,1465104159.635000
844,1465104153.586000,1465104154.554961,1465104159.556254,1465104159.625000
845,1465104153.586000,1465104154.337840,1465104159.339052,1465104159.408000
846,1465104153.587000,1465104154.305426,1465104159.306581,1465104159.392000
847,1465104153.587000,1465104154.335163,1465104159.336320,1465104159.407000
848,1465104153.587000,1465104154.287300,1465104159.288449,1465104159.370000
849,1465104153.587000,1465104154.309645,1465104159.311044,1465104159.407000
850,1465104153.587000,1465104154.560183,1465104159.561622,1465104159.639000
851,1465104153.587000,1465104154.309330,1465104159.310595,1465104159.391000
852,1465104153.588000,1465104154.310979,1465104159.312376,1465104159.386000
853,1465104153.588000,1465104154.239269,1465104159.240637,1465104159.320000
854,1465104153.588000,1465104154.321313,1465104159.323357,1465104159.404000
855,1465104153.588000,0.000000,0.000000,0.000000
856,1465104153.588000,1465104154.546225,1465104159.554421,1465104159.633000
857,1465104153.588000,1465104154.246250,1465104159.247569,1465104159.326000
858,1465104153.589000,1465104154.332295,1465104159.333707,1465104159.410000
859,1465104153.590000,1465104154.334568,1465104159.335901,1465104159.412000
860,1465104153.590000,1465104154.310253,1465104159.313980,1465104159.400000
861,1465104153.590000,1465104154.524966,1465104159.526358,1465104159.612000
862,1465104153.590000,1465104154.334172,1465104159.335344,1465104159.405000
863,1465104153.590000,1465104154.310445,1465104159.311732,1465104159.387000
864,1465104153.590000,1465104154.580586,1465104159.582289,1465104159.658000
865,1465104153.591000,1465104154.577708,1465104159.578918,1465104159.665000
866,1465104153.591000,1465104154.303908,1465104159.305117,1465104159.392000
867,1465104153.591000,1465104154.264958,1465104159.266305,1465104159.345000
868,1465104153.591000,1465104154.253519,1465104159.265550,1465104159.351000
869,1465104153.591000,1465104154.599552,1465104159.600800,1465104159.692000
870,1465104153.592000,1465104154.550689,1465104159.551930,1465104159.638000
871,1465104153.592000,1465104154.489761,1465104159.490997,1465104159.570000
872,1465104153.592000,1465104154.312322,1465104159.313559,1465104159.404000
873,1465104153.592000,1465104154.649607,1465104159.650894,1465104159.707000
874,1465104153.592000,1465104154.295251,1465104159.296553,1465104159.371000
875,1465104153.592000,1465104154.219492,1465104159.234231,1465104159.314000
876,1465104153.593000,1465104154.284826,1465104159.286012,1465104159.387000
877,1465104153.593000,1465104154.305645,1465104159.307023,1465104159.388000
878,1465104153.593000,1465104154.313020,1465104159.314307,1465104159.382000
879,1465104153.593000,1465104154.574578,1465104159.575797,1465104159.654000
880,1465104153.593000,1465104154.307309,1465104159.308800,1465104159.401000
881,1465104153.594000,1465104154.315832,1465104159.317007,1465104159.409000
882,1465104153.594000,1465104154.287579,1465104159.288977,1465104159.375000
883,1465104153.594000,1465104154.325909,1465104159.327090,1465104159.405000
884,1465104153.595000,1465104154.310348,1465104159.311685,1465104159.403000
885,1465104153.595000,1465104154.296315,1465104159.297690,1465104159.377000
886,1465104153.595000,1465104154.293973,1465104159.295206,1465104159.373000
887,1465104153.595000,1465104154.253165,1465104159.254318,1465104159.337000
888,1465104153.595000,1465104154.296829,1465104159.298094,1465104159.379000
889,1465104153.596000,1465104154.250475,1465104159.251964,1465104159.348000
890,1465104153.596000,1465104154.310466,1465104159.311626,1465104159.398000
891,1465104153.596000,0.000000,0.000000,0.000000
892,1465104153.597000,0.000000,0.000000,0.000000
893,1465104153.597000,1465104154.255039,1465104159.256366,1465104159.330000
894,1465104153.597000,1465104154.313049,1465104159.314336,1465104159.405000
895,1465104153.597000,1465104154.535406,1465104159.536651,1465104159.622000
896,1465104153.597000,0.000000,0.000000,0.000000
897,1465104153.597000,1465104154.318732,1465104159.319989,1465104159.398000
898,1465104153.597000,1465104154.541667,1465104159.542977,1465104159.623000
899,1465104153.597000,1465104154.225181,1465104159.226858,1465104159.297000
900,1465104153.597000,1465104154.544784,1465104159.546020,1465104159.627000
901,1465104153.597000,1465104154.310636,1465104159.312193,1465104159.408000
902,1465104153.597000,1465104154.288659,1465104159.289978,1465104159.364000
903,1465104153.598000,1465104154.309808,1465104159.311460,1465104159.401000
904,1465104153.598000,1465104154.315435,1465104159.317637,1465104159.404000
905,1465104153.598000,1465104154.528245,1465104159.529737,1465104159.610000
906,1465104153.599000,1465104154.283542,1465104159.284796,1465104159.364000
907,1465104153.599000,1465104154.305621,1465104159.306946,1465104159.393000
908,1465104153.599000,1465104154.590782,1465104159.592446,1465104159.673000
909,1465104153.599000,1465104154.603513,1465104159.605028,1465104159.709000
910,1465104153.599000,1465104154.296196,1465104159.305264,1465104159.383000
911,1465104153.599000,1465104154.306125,1465104159.307306,1465104159.380000
912,1465104153.599000,1465104154.576113,1465104159.577296,1465104159.673000
913,1465104153.599000,1465104154.293942,1465104159.295297,1465104159.387000
914,1465104153.599000,1465104154.312196,1465104159.313566,1465104159.390000
915,1465104153.599000,1465104154.280117,1465104159.281327,1465104159.383000
916,1465104153.600000,1465104154.317877,1465104159.319075,1465104159.388000
917,1465104153.600000,1465104154.298875,1465104159.300595,1465104159.383000
918,1465104153.600000,1465104154.321460,1465104159.322732,1465104159.409000
919,1465104153.600000,1465104154.293858,1465104159.295111,1465104159.400000
920,1465104153.600000,1465104154.328558,1465104159.329787,1465104159.403000
921,1465104153.600000,1465104154.302403,1465104159.303744,1465104159.380000
922,1465104153.600000,1465104154.326812,1465104159.328122,1465104159.409000
923,1465104153.601000,1465104154.324963,1465104159.326136,1465104159.398000
924,1465104153.601000,1465104154.326602,1465104159.327837,1465104159.408000
925,1465104153.601000,1465104154.270669,1465104159.271826,1465104159.342000
926,1465104153.601000,1465104154.306643,1465104159.307975,1465104159.378000
927,1465104153.601000,1465104154.294041,1465104159.295286,1465104159.374000
928,1465104153.601000,1465104154.322734,1465104159.324155,1465104159.398000
929,1465104153.601000,1465104154.311852,1465104159.322124,1465104159.400000
930,1465104153.602000,1465104154.299732,1465104159.301189,1465104159.381000
931,1465104153.602000,1465104154.327055,1465104159.328681,1465104159.409000
932,1465104153.602000,1465104154.290614,1465104159.291830,1465104159.360000
933,1465104153.602000,1465104154.302169,1465104159.303431,1465104159.384000
934,1465104153.602000,1465104154.277939,1465104159.279139,1465104159.349000
935,1465104153.602000,1465104154.289352,1465104159.290649,1465104159.371000
936,1465104153.603000,1465104154.281375,1465104159.282639,1465104159.368000
937,1465104153.603000,1465104154.321937,1465104159.323178,1465104159.393000
938,1465104153.603000,1465104154.327094,1465104159.328717,1465104159.408000
939,1465104153.603000,1465104154.265184,1465104159.266431,1465104159.346000
940,1465104153.603000,1465104154.615933,1465104159.634193,1465104159.720000
941,1465104153.603000,1465104154.327385,1465104159.329363,1465104159.409000
942,1465104153.604000,1465104154.242732,1465104159.244057,1465104159.325000
943,1465104153.604000,1465104154.316392,1465104159.318403,1465104159.405000
944,1465104153.604000,1465104154.612394,1465104159.613947,1465104159.689000
945,1465104153.604000,1465104154.295183,1465104159.296407,1465104159.381000
946,1465104153.604000,1465104154.300001,1465104159.301340,1465104159.387000
947,1465104153.604000,1465104154.537373,1465104159.538559,1465104159.625000
948,1465104153.604000,1465104154.317233,1465104159.318498,1465104159.399000
949,1465104153.604000,1465104154.272752,1465104159.274010,1465104159.370000
950,1465104153.605000,1465104154.330254,1465104159.337238,1465104159.413000
951,1465104153.605000,1465104154.262228,1465104159.263657,1465104159.351000
952,1465104153.605000,1465104154.328136,1465104159.329420,1465104159.400000
953,1465104153.605000,1465104154.296762,1465104159.299238,1465104159.386000
954,1465104153.606000,1465104154.620129,1465104159.621380,1465104159.699000
955,1465104153.606000,1465104154.294954,1465104159.296236,1465104159.383000
956,1465104153.606000,1465104154.579765,1465104159.581389,1465104159.660000
957,1465104153.606000,1465104154.331837,1465104159.332991,1465104159.411000
958,1465104153.606000,1465104154.298623,1465104159.300373,1465104159.382000
959,1465104153.606000,1465104154.557603,1465104159.559144,1465104159.646000
960,1465104153.606000,1465104154.240885,1465104159.242360,1465104159.331000
961,1465104153.607000,1465104154.325905,1465104159.327281,1465104159.407000
962,1465104153.607000,1465104154.306665,1465104159.307861,1465104159.394000
963,1465104153.607000,1465104154.309112,1465104159.312122,1465104159.408000
964,1465104153.607000,1465104154.321302,1465104159.322738,1465104159.398000
965,1465104153.607000,1465104154.316465,1465104159.317737,1465104159.398000
966,1465104153.607000,1465104154.611725,1465104159.613206,1465104159.701000
967,1465104153.607000,1465104154.324394,1465104159.326044,1465104159.405000
968,1465104153.607000,1465104154.319359,1465104159.320943,1465104159.395000
969,1465104153.607000,1465104154.612713,1465104159.614053,1465104159.699000
970,1465104153.608000,1465104154.282510,1465104159.283798,1465104159.372000
971,1465104153.608000,1465104154.566523,1465104159.567792,1465104159.637000
972,1465104153.608000,1465104154.303103,1465104159.304617,1465104159.391000
973,1465104153.608000,1465104154.292655,1465104159.294025,1465104159.368000
974,1465104153.609000,1465104154.301428,1465104159.302654,1465104159.382000
975,1465104153.609000,1465104154.321870,1465104159.323020,1465104159.409000
976,1465104153.609000,1465104154.271490,1465104159.272769,1465104159.346000
977,1465104153.609000,1465104154.561274,1465104159.562528,1465104159.640000
978,1465104153.609000,1465104154.318423,1465104159.319790,1465104159.396000
979,1465104153.609000,1465104154.623833,1465104159.625164,1465104159.695000
980,1465104153.610000,1465104154.287274,1465104159.288527,1465104159.394000
981,1465104153.610000,1465104154.302366,1465104159.304005,1465104159.389000
982,1465104153.610000,1465104154.312122,1465104159.313332,1465104159.398000
983,1465104153.610000,1465104154.578929,1465104159.580072,1465104159.676000
984,1465104153.610000,1465104154.269591,1465104159.270914,1465104159.339000
985,1465104153.610000,1465104154.263052,1465104159.264273,1465104159.367000
986,1465104153.611000,1465104154.268210,1465104159.269413,1465104159.351000
987,1465104153.611000,1465104154.315306,1465104159.316434,1465104159.399000
988,1465104153.611000,1465104154.314878,1465104159.316109,1465104159.386000
989,1465104153.611000,1465104154.311231,1465104159.312456,1465104159.391000
990,1465104153.611000,1465104154.569738,1465104159.571266,1465104159.661000
991,1465104153.611000,1465104154.323943,1465104159.327242,1465104159.407000
992,1465104153.611000,1465104154.296290,1465104159.299411,1465104159.386000
993,1465104153.611000,1465104154.613801,1465104159.615094,1465104159.695000
994,1465104153.612000,1465104154.277085,1465104159.278507,1465104159.366000
995,1465104153.613000,1465104154.324641,1465104159.325821,1465104159.403000
996,1465104153.614000,0.000000,0.000000,0.000000
997,1465104153.614000,1465104154.324065,1465104159.325394,1465104159.404000
998,1465104153.614000,1465104154.310579,1465104159.311994,1465104159.393000
999,1465104153.614000,1465104154.237827,1465104159.239288,1465104159.326000
