0,1465103877.808000,1465103878.482069,1465103883.483333,1465103883.550000
1,1465103877.808000,1465103878.482267,1465103883.483832,1465103883.563000
2,1465103877.808000,1465103878.526216,1465103883.527680,1465103883.605000
3,1465103877.808000,1465103878.733648,1465103883.734872,1465103883.823000
4,1465103877.808000,1465103878.441230,1465103883.442494,1465103883.539000
5,1465103877.809000,1465103878.461051,1465103883.462300,1465103883.540000
6,1465103877.809000,1465103878.465979,1465103883.467263,1465103883.546000
7,1465103877.809000,1465103878.749582,1465103883.750905,1465103883.837000
8,1465103877.809000,1465103878.494695,1465103883.495919,1465103883.583000
9,1465103877.809000,1465103878.432393,1465103883.433781,1465103883.543000
10,1465103877.809000,1465103878.424488,1465103883.425997,1465103883.535000
11,1465103877.809000,1465103878.440256,1465103883.441408,1465103883.550000
12,1465103877.809000,1465103878.555122,1465103883.556405,1465103883.623000
13,1465103877.809000,1465103878.508587,1465103883.521824,1465103883.604000
14,1465103877.809000,1465103878.415192,1465103883.416772,1465103883.496000
15,1465103877.809000,1465103878.493442,1465103883.494598,1465103883.572000
16,1465103877.809000,1465103878.751616,1465103883.752918,1465103883.833000
17,1465103877.809000,1465103878.537574,1465103883.555820,1465103883.634000
18,1465103877.809000,1465103878.457796,1465103883.459637,1465103883.536000
19,1465103877.810000,1465103878.536332,1465103883.538080,1465103883.615000
20,1465103877.810000,1465103878.786765,1465103883.788266,1465103883.869000
21,1465103877.810000,1465103878.481159,1465103883.482394,1465103883.553000
22,1465103877.810000,1465103878.404615,1465103883.406097,1465103883.502000
23,1465103877.810000,1465103878.481425,1465103883.483248,1465103883.560000
24,1465103877.810000,1465103878.545888,1465103883.547162,1465103883.613000
25,1465103877.810000,1465103878.508935,1465103883.510387,1465103883.596000
26,1465103877.810000,1465103880.307652,1465103885.309553,1465103885.385000
27,1465103877.811000,1465103878.525396,1465103883.526732,1465103883.608000
28,1465103877.811000,1465103878.481858,1465103883.502132,1465103883.579000
29,1465103877.811000,1465103878.558690,1465103883.567043,1465103883.649000
30,1465103877.811000,1465103878.730944,1465103883.732121,1465103883.826000
31,1465103877.811000,1465103878.515598,1465103883.517057,1465103883.597000
32,1465103877.811000,1465103878.520966,1465103883.522653,1465103883.604000
33,1465103877.812000,1465103878.457270,1465103883.459021,1465103883.539000
34,1465103877.812000,1465103878.520428,1465103883.521630,1465103883.609000
35,1465103877.812000,1465103878.452059,1465103883.453638,1465103883.539000
36,1465103877.812000,1465103878.487347,1465103883.488574,1465103883.560000
37,1465103877.814000,1465103878.442336,1465103883.443781,1465103883.521000
38,1465103877.814000,1465103878.409948,1465103883.411409,1465103883.500000
39,1465103877.814000,0.000000,0.000000,0.000000
40,1465103877.815000,1465103878.518147,1465103883.519347,1465103883.598000
41,1465103877.815000,1465103878.480042,1465103883.481309,1465103883.569000
42,1465103877.815000,1465103878.488458,1465103883.489917,1465103883.579000
43,1465103877.815000,0.000000,0.000000,0.000000
44,1465103877.815000,1465103878.535725,1465103883.537433,1465103883.623000
45,1465103877.815000,1465103878.469441,1465103883.470732,1465103883.565000
46,1465103877.815000,1465103878.437040,1465103883.438373,1465103883.531000
47,1465103877.815000,1465103878.485576,1465103883.487071,1465103883.548000
48,1465103877.815000,1465103878.502748,1465103883.504086,1465103883.583000
49,1465103877.815000,1465103878.863630,1465103883.878843,1465103883.958000
50,1465103877.815000,1465103878.571167,1465103883.572510,1465103883.639000
51,1465103877.815000,1465103878.557926,1465103883.564295,1465103883.649000
52,1465103877.816000,1465103878.490100,1465103883.491280,1465103883.579000
53,1465103877.817000,1465103878.798111,1465103883.799459,1465103883.880000
54,1465103877.817000,1465103878.794024,1465103883.795255,1465103883.882000
55,1465103877.817000,1465103878.499573,1465103883.500929,1465103883.588000
56,1465103877.818000,1465103878.481005,1465103883.482255,1465103883.564000
57,1465103877.818000,1465103878.413708,1465103883.415172,1465103883.497000
58,1465103877.821000,1465103878.509346,1465103883.511313,1465103883.593000
59,1465103877.822000,1465103878.465198,1465103883.466859,1465103883.546000
60,1465103877.822000,1465103878.808140,1465103883.809434,1465103883.888000
61,1465103877.822000,1465103878.545017,1465103883.546728,1465103883.628000
62,1465103877.822000,1465103878.475857,1465103883.477275,1465103883.568000
63,1465103877.822000,1465103878.435156,1465103883.436780,1465103883.530000
64,1465103877.822000,1465103878.472342,1465103883.473885,1465103883.552000
65,1465103877.822000,1465103878.438855,1465103883.440540,1465103883.532000
66,1465103877.822000,1465103878.762007,1465103883.763354,1465103883.854000
67,1465103877.822000,1465103878.450049,1465103883.451313,1465103883.560000
68,1465103877.822000,1465103878.542926,1465103883.544522,1465103883.625000
69,1465103877.823000,1465103878.505554,1465103883.506750,1465103883.599000
70,1465103877.823000,1465103878.529166,1465103883.530340,1465103883.601000
71,1465103877.823000,1465103878.779231,1465103883.795550,1465103883.883000
72,1465103877.823000,1465103878.489921,1465103883.493787,1465103883.575000
73,1465103877.823000,1465103878.776943,1465103883.778461,1465103883.864000
74,1465103877.823000,1465103878.436047,1465103883.437260,1465103883.546000
75,1465103877.823000,1465103878.528070,1465103883.529851,1465103883.615000
76,1465103877.823000,1465103878.555557,1465103883.556793,1465103883.645000
77,1465103877.823000,1465103878.756169,1465103883.757478,1465103883.845000
78,1465103877.823000,1465103878.527793,1465103883.546278,1465103883.624000
79,1465103877.823000,1465103878.567148,1465103883.568541,1465103883.647000
80,1465103877.823000,1465103878.527764,1465103883.529258,1465103883.597000
81,1465103877.823000,1465103878.498703,1465103883.499877,1465103883.566000
82,1465103877.823000,1465103878.500217,1465103883.501586,1465103883.568000
83,1465103877.823000,1465103878.468442,1465103883.470086,1465103883.537000
84,1465103877.824000,1465103878.528090,1465103883.529586,1465103883.608000
85,1465103877.824000,1465103878.527065,1465103883.528456,1465103883.606000
86,1465103877.824000,1465103878.769143,1465103883.770426,1465103883.858000
87,1465103877.824000,1465103878.481457,1465103883.482912,1465103883.549000
88,1465103877.824000,1465103878.531931,1465103883.533242,1465103883.614000
89,1465103877.824000,1465103878.794652,1465103883.796416,1465103883.890000
90,1465103877.824000,1465103878.540828,1465103883.542302,1465103883.628000
91,1465103877.824000,1465103878.836633,1465103883.837820,1465103883.898000
92,1465103877.824000,1465103878.484289,1465103883.485603,1465103883.564000
93,1465103877.824000,1465103878.475817,1465103883.477322,1465103883.565000
94,1465103877.824000,1465103878.464657,1465103883.466030,1465103883.546000
95,1465103877.824000,1465103878.755603,1465103883.756863,1465103883.834000
96,1465103877.824000,0.000000,0.000000,0.000000
97,1465103877.824000,1465103878.489487,1465103883.490815,1465103883.580000
98,1465103877.824000,1465103878.778165,1465103883.779420,1465103883.850000
99,1465103877.824000,1465103878.469988,1465103883.471401,1465103883.560000
100,1465103877.824000,1465103878.482393,1465103883.483807,1465103883.561000
101,1465103877.824000,1465103880.322145,1465103885.323522,1465103885.390000
102,1465103877.824000,1465103878.511595,1465103883.512891,1465103883.580000
103,1465103877.824000,1465103878.581198,1465103883.582556,1465103883.659000
104,1465103877.825000,1465103878.431971,1465103883.433539,1465103883.513000
105,1465103877.825000,1465103878.472289,1465103883.473440,1465103883.568000
106,1465103877.825000,1465103878.732154,1465103883.733537,1465103883.821000
107,1465103877.825000,1465103878.461911,1465103883.477982,1465103883.572000
108,1465103877.825000,1465103878.535083,1465103883.537110,1465103883.614000
109,1465103877.825000,1465103878.491982,1465103883.493181,1465103883.560000
110,1465103877.825000,1465103880.327012,1465103885.328253,1465103885.408000
111,1465103877.825000,1465103878.729687,1465103883.730901,1465103883.826000
112,1465103877.825000,1465103878.546004,1465103883.547334,1465103883.625000
113,1465103877.825000,1465103878.544311,1465103883.545548,1465103883.634000
114,1465103877.827000,1465103878.744892,1465103883.746058,1465103883.840000
115,1465103877.827000,1465103878.489630,1465103883.491550,1465103883.568000
116,1465103877.827000,1465103878.447815,1465103883.449352,1465103883.558000
117,1465103877.830000,1465103880.278419,1465103885.283967,1465103885.363000
118,1465103877.831000,1465103878.781835,1465103883.783095,1465103883.860000
119,1465103877.834000,1465103880.319257,1465103885.320717,1465103885.389000
120,1465103877.836000,1465103878.753274,1465103883.754519,1465103883.843000
121,1465103877.837000,1465103878.529042,1465103883.530475,1465103883.612000
122,1465103877.837000,1465103880.318240,1465103885.320514,1465103885.397000
123,1465103877.837000,1465103878.801803,1465103883.803371,1465103883.863000
124,1465103877.837000,1465103880.310450,1465103885.311914,1465103885.399000
125,1465103877.837000,1465103878.509295,1465103883.510659,1465103883.577000
126,1465103877.837000,1465103878.538717,1465103883.540222,1465103883.626000
127,1465103877.837000,1465103878.821400,1465103883.822585,1465103883.905000
128,1465103877.837000,1465103878.521261,1465103883.529395,1465103883.615000
129,1465103877.837000,1465103880.304297,1465103885.305776,1465103885.383000
130,1465103877.837000,1465103878.567832,1465103883.569447,1465103883.643000
131,1465103877.837000,1465103878.483326,1465103883.484796,1465103883.573000
132,1465103877.838000,1465103878.757849,1465103883.759080,1465103883.836000
133,1465103877.838000,1465103878.470509,1465103883.471749,1465103883.580000
134,1465103877.838000,1465103878.489989,1465103883.491178,1465103883.599000
135,1465103877.839000,1465103878.535716,1465103883.536923,1465103883.619000
136,1465103877.839000,1465103878.767367,1465103883.768613,1465103883.839000
137,1465103877.839000,1465103878.471547,1465103883.488999,1465103883.556000
138,1465103877.839000,1465103880.301017,1465103885.303228,1465103885.380000
139,1465103877.839000,1465103878.780621,1465103883.781879,1465103883.863000
140,1465103877.839000,1465103878.485628,1465103883.486873,1465103883.582000
141,1465103877.839000,1465103878.803256,1465103883.804673,1465103883.893000
142,1465103877.839000,1465103878.455661,1465103883.457151,1465103883.528000
143,1465103877.840000,1465103880.303471,1465103885.304948,1465103885.386000
144,1465103877.840000,1465103878.526244,1465103883.528187,1465103883.607000
145,1465103877.840000,1465103878.771317,1465103883.772917,1465103883.854000
146,1465103877.840000,1465103878.468346,1465103883.469959,1465103883.557000
147,1465103877.840000,1465103878.893479,1465103883.894675,1465103883.974000
148,1465103877.840000,1465103878.483577,1465103883.484863,1465103883.573000
149,1465103877.840000,1465103878.543819,1465103883.554838,1465103883.634000
150,1465103877.840000,1465103878.599307,1465103883.600527,1465103883.667000
151,1465103877.840000,1465103878.816392,1465103883.817741,1465103883.905000
152,1465103877.840000,1465103878.551394,1465103883.552703,1465103883.629000
153,1465103877.840000,1465103878.501928,1465103883.504719,1465103883.586000
154,1465103877.840000,1465103878.565858,1465103883.567173,1465103883.656000
155,1465103877.840000,1465103878.513937,1465103883.515931,1465103883.618000
156,1465103877.841000,1465103878.509825,1465103883.510984,1465103883.589000
157,1465103877.841000,1465103878.549655,1465103883.550838,1465103883.628000
158,1465103877.842000,1465103878.509652,1465103883.523673,1465103883.625000
159,1465103877.842000,1465103878.778181,1465103883.779393,1465103883.860000
160,1465103877.842000,1465103880.307169,1465103885.308401,1465103885.389000
161,1465103877.842000,1465103878.460824,1465103883.462081,1465103883.571000
162,1465103877.842000,1465103878.814407,1465103883.828549,1465103883.909000
163,1465103877.842000,1465103878.772384,1465103883.773791,1465103883.854000
164,1465103877.842000,1465103878.519559,1465103883.520762,1465103883.603000
165,1465103877.842000,1465103878.573646,1465103883.575003,1465103883.651000
166,1465103877.842000,1465103878.512443,1465103883.513718,1465103883.596000
167,1465103877.843000,1465103878.540085,1465103883.541637,1465103883.627000
168,1465103877.843000,1465103878.822456,1465103883.823666,1465103883.901000
169,1465103877.843000,1465103878.878465,1465103883.879800,1465103883.960000
170,1465103877.843000,1465103878.589602,1465103883.597492,1465103883.670000
171,1465103877.843000,1465103878.854134,1465103883.855406,1465103883.934000
172,1465103877.843000,1465103878.502379,1465103883.503529,1465103883.612000
173,1465103877.843000,1465103878.549276,1465103883.550617,1465103883.631000
174,1465103877.843000,1465103878.828726,1465103883.829947,1465103883.917000
175,1465103877.843000,1465103878.581648,1465103883.591822,1465103883.665000
176,1465103877.843000,1465103878.795545,1465103883.796803,1465103883.893000
177,1465103877.843000,1465103878.524538,1465103883.525827,1465103883.606000
178,1465103877.843000,1465103878.544107,1465103883.545672,1465103883.624000
179,1465103877.843000,1465103878.791879,1465103883.793198,1465103883.879000
180,1465103877.843000,1465103878.803026,1465103883.804551,1465103883.864000
181,1465103877.843000,1465103878.829802,1465103883.845520,1465103883.916000
182,1465103877.843000,1465103880.317946,1465103885.319820,1465103885.386000
183,1465103877.843000,1465103878.806957,1465103883.808533,1465103883.887000
184,1465103877.843000,1465103878.540588,1465103883.542039,1465103883.634000
185,1465103877.843000,1465103878.830688,1465103883.832041,1465103883.899000
186,1465103877.843000,1465103878.498019,1465103883.514898,1465103883.594000
187,1465103877.843000,1465103878.480605,1465103883.483772,1465103883.561000
188,1465103877.843000,1465103878.546048,1465103883.547284,1465103883.633000
189,1465103877.843000,1465103878.500897,1465103883.506523,1465103883.588000
190,1465103877.843000,1465103878.515528,1465103883.516707,1465103883.587000
191,1465103877.843000,1465103878.489746,1465103883.491042,1465103883.572000
192,1465103877.843000,1465103878.544391,1465103883.545644,1465103883.648000
193,1465103877.843000,1465103878.507173,1465103883.508665,1465103883.587000
194,1465103877.843000,1465103878.821176,1465103883.822450,1465103883.901000
195,1465103877.843000,1465103878.757949,1465103883.759176,1465103883.846000
196,1465103877.843000,1465103878.501022,1465103883.502185,1465103883.590000
197,1465103877.843000,1465103878.818127,1465103883.819596,1465103883.902000
198,1465103877.844000,1465103880.306720,1465103885.308059,1465103885.387000
199,1465103877.844000,1465103878.515528,1465103883.517001,1465103883.606000
200,1465103877.844000,1465103878.802872,1465103883.804107,1465103883.882000
201,1465103877.844000,1465103878.553404,1465103883.554867,1465103883.635000
202,1465103877.844000,1465103878.789252,1465103883.790536,1465103883.878000
203,1465103877.844000,1465103878.820319,1465103883.822166,1465103883.909000
204,1465103877.844000,1465103878.838801,1465103883.840041,1465103883.907000
205,1465103877.844000,1465103878.786508,1465103883.801252,1465103883.861000
206,1465103877.844000,1465103878.750088,1465103883.751403,1465103883.829000
207,1465103877.844000,0.000000,0.000000,0.000000
208,1465103877.844000,1465103878.550482,1465103883.551648,1465103883.637000
209,1465103877.844000,1465103878.770673,1465103883.771854,1465103883.859000
210,1465103877.844000,1465103878.517140,1465103883.518329,1465103883.584000
211,1465103877.844000,1465103878.815273,1465103883.816690,1465103883.897000
212,1465103877.844000,1465103878.831819,1465103883.833073,1465103883.920000
213,1465103877.844000,1465103878.773732,1465103883.775061,1465103883.861000
214,1465103877.844000,1465103878.844843,1465103883.846008,1465103883.906000
215,1465103877.844000,1465103878.794375,1465103883.795791,1465103883.890000
216,1465103877.844000,1465103878.801721,1465103883.802941,1465103883.899000
217,1465103877.844000,1465103880.315457,1465103885.316730,1465103885.396000
218,1465103877.844000,1465103878.790540,1465103883.791693,1465103883.879000
219,1465103877.844000,1465103878.521425,1465103883.528677,1465103883.615000
220,1465103877.844000,1465103878.536412,1465103883.537620,1465103883.604000
221,1465103877.844000,1465103878.529050,1465103883.530382,1465103883.609000
222,1465103877.844000,1465103878.495783,1465103883.497010,1465103883.578000
223,1465103877.844000,1465103878.512384,1465103883.513583,1465103883.609000
224,1465103877.844000,1465103878.789865,1465103883.791137,1465103883.879000
225,1465103877.844000,1465103878.580198,1465103883.581381,1465103883.652000
226,1465103877.844000,1465103878.547908,1465103883.549419,1465103883.625000
227,1465103877.844000,1465103878.513081,1465103883.523245,1465103883.615000
228,1465103877.844000,0.000000,0.000000,0.000000
229,1465103877.844000,1465103878.556476,1465103883.557773,1465103883.638000
230,1465103877.844000,1465103878.749336,1465103883.750578,1465103883.843000
231,1465103877.844000,1465103878.765614,1465103883.766876,1465103883.854000
232,1465103877.845000,1465103878.784579,1465103883.786049,1465103883.873000
233,1465103877.845000,1465103878.543484,1465103883.545248,1465103883.626000
234,1465103877.845000,1465103878.565846,1465103883.568338,1465103883.647000
235,1465103877.845000,1465103878.851201,1465103883.852451,1465103883.931000
236,1465103877.845000,1465103878.550060,1465103883.551649,1465103883.640000
237,1465103877.845000,1465103878.848331,1465103883.850284,1465103883.931000
238,1465103877.845000,1465103878.779697,1465103883.781084,1465103883.872000
239,1465103877.845000,1465103878.513093,1465103883.523677,1465103883.626000
240,1465103877.845000,1465103878.825626,1465103883.827177,1465103883.914000
241,1465103877.845000,1465103880.301100,1465103885.302738,1465103885.382000
242,1465103877.845000,1465103878.778851,1465103883.780177,1465103883.867000
243,1465103877.845000,1465103878.820675,1465103883.821951,1465103883.909000
244,1465103877.845000,1465103878.752112,1465103883.753241,1465103883.831000
245,1465103877.845000,1465103878.499308,1465103883.500708,1465103883.578000
246,1465103877.845000,1465103878.542088,1465103883.562122,1465103883.639000
247,1465103877.845000,1465103878.513752,1465103883.515543,1465103883.598000
248,1465103877.845000,1465103878.546029,1465103883.547417,1465103883.623000
249,1465103877.845000,1465103878.517384,1465103883.518899,1465103883.598000
250,1465103877.845000,1465103878.825189,1465103883.826497,1465103883.907000
251,1465103877.845000,1465103878.795150,1465103883.796360,1465103883.883000
252,1465103877.845000,1465103880.307512,1465103885.309018,1465103885.401000
253,1465103877.845000,1465103878.748988,1465103883.750624,1465103883.847000
254,1465103877.845000,1465103878.447270,1465103883.449693,1465103883.559000
255,1465103877.845000,1465103878.529396,1465103883.530693,1465103883.610000
256,1465103877.845000,1465103878.841733,1465103883.843599,1465103883.921000
257,1465103877.845000,1465103878.866905,1465103883.868152,1465103883.935000
258,1465103877.845000,1465103878.564813,1465103883.566008,1465103883.643000
259,1465103877.845000,1465103878.573061,1465103883.574351,1465103883.655000
260,1465103877.845000,1465103878.485774,1465103883.487029,1465103883.567000
261,1465103877.846000,1465103878.841601,1465103883.843357,1465103883.920000
262,1465103877.846000,1465103878.787211,1465103883.788506,1465103883.879000
263,1465103877.846000,1465103878.579989,1465103883.581296,1465103883.668000
264,1465103877.846000,1465103878.819513,1465103883.820695,1465103883.900000
265,1465103877.846000,1465103878.551182,1465103883.553847,1465103883.620000
266,1465103877.846000,1465103878.886013,1465103883.887232,1465103883.948000
267,1465103877.846000,1465103878.506563,1465103883.527504,1465103883.606000
268,1465103877.846000,1465103878.485084,1465103883.486275,1465103883.552000
269,1465103877.846000,1465103878.506115,1465103883.507947,1465103883.587000
270,1465103877.846000,1465103878.551375,1465103883.552678,1465103883.641000
271,1465103877.846000,1465103878.788887,1465103883.790133,1465103883.878000
272,1465103877.846000,1465103878.528394,1465103883.529595,1465103883.597000
273,1465103877.846000,1465103878.772830,1465103883.774101,1465103883.861000
274,1465103877.846000,1465103878.543315,1465103883.544676,1465103883.621000
275,1465103877.846000,1465103878.524637,1465103883.526008,1465103883.611000
276,1465103877.846000,1465103878.535422,1465103883.536659,1465103883.608000
277,1465103877.846000,1465103878.860400,1465103883.861910,1465103883.929000
278,1465103877.846000,1465103878.543895,1465103883.545654,1465103883.626000
279,1465103877.846000,1465103878.820489,1465103883.822172,1465103883.909000
280,1465103877.846000,1465103878.827770,1465103883.829067,1465103883.912000
281,1465103877.846000,1465103878.459848,1465103883.461414,1465103883.555000
282,1465103877.846000,1465103878.572068,1465103883.573974,1465103883.655000
283,1465103877.846000,1465103878.499156,1465103883.500472,1465103883.567000
284,1465103877.847000,1465103878.833163,1465103883.834554,1465103883.926000
285,1465103877.848000,1465103878.504654,1465103883.505852,1465103883.584000
286,1465103877.850000,1465103878.546672,1465103883.548003,1465103883.626000
287,1465103877.853000,1465103878.849069,1465103883.850256,1465103883.910000
288,1465103877.853000,1465103878.800596,1465103883.801892,1465103883.882000
289,1465103877.857000,0.000000,0.000000,0.000000
290,1465103877.873000,1465103878.542403,1465103883.543869,1465103883.631000
291,1465103877.876000,1465103878.537790,1465103883.539318,1465103883.626000
292,1465103877.876000,1465103878.490091,1465103883.491932,1465103883.572000
293,1465103877.876000,1465103878.514678,1465103883.515907,1465103883.593000
294,1465103877.876000,1465103878.848785,1465103883.850302,1465103883.933000
295,1465103877.876000,1465103878.464834,1465103883.466116,1465103883.558000
296,1465103877.876000,1465103878.579975,1465103883.581205,1465103883.642000
297,1465103877.876000,1465103878.529875,1465103883.531844,1465103883.634000
298,1465103877.876000,1465103878.530689,1465103883.531914,1465103883.610000
299,1465103877.876000,1465103878.502759,1465103883.506395,1465103883.588000
300,1465103877.876000,1465103878.555707,1465103883.557180,1465103883.643000
301,1465103877.876000,1465103878.548790,1465103883.549999,1465103883.638000
302,1465103877.876000,1465103878.809721,1465103883.810942,1465103883.890000
303,1465103877.877000,1465103878.841393,1465103883.842851,1465103883.922000
304,1465103877.877000,1465103878.823280,1465103883.824743,1465103883.915000
305,1465103877.877000,1465103878.803267,1465103883.804471,1465103883.891000
306,1465103877.877000,1465103878.480056,1465103883.481635,1465103883.562000
307,1465103877.877000,1465103878.780577,1465103883.781737,1465103883.869000
308,1465103877.878000,1465103878.794153,1465103883.795449,1465103883.875000
309,1465103877.878000,1465103878.473716,1465103883.474883,1465103883.583000
310,1465103877.878000,1465103878.578171,1465103883.579690,1465103883.668000
311,1465103877.878000,1465103878.485242,1465103883.486613,1465103883.573000
312,1465103877.878000,1465103878.835142,1465103883.836483,1465103883.897000
313,1465103877.879000,1465103878.518335,1465103883.519824,1465103883.609000
314,1465103877.879000,1465103878.480224,1465103883.481415,1465103883.574000
315,1465103877.879000,1465103878.812985,1465103883.814310,1465103883.906000
316,1465103877.879000,1465103878.810094,1465103883.811345,1465103883.872000
317,1465103877.879000,1465103878.528524,1465103883.530246,1465103883.609000
318,1465103877.879000,1465103878.543809,1465103883.545381,1465103883.626000
319,1465103877.879000,1465103878.786883,1465103883.788195,1465103883.875000
320,1465103877.879000,1465103878.850759,1465103883.851982,1465103883.940000
321,1465103877.879000,1465103878.544769,1465103883.546072,1465103883.632000
322,1465103877.879000,1465103878.537178,1465103883.538393,1465103883.615000
323,1465103877.879000,1465103878.792655,1465103883.793835,1465103883.865000
324,1465103877.879000,1465103878.565986,1465103883.567217,1465103883.638000
325,1465103877.879000,1465103878.811792,1465103883.812922,1465103883.873000
326,1465103877.879000,1465103878.546756,1465103883.549399,1465103883.630000
327,1465103877.880000,1465103878.532949,1465103883.534172,1465103883.626000
328,1465103877.880000,1465103878.785107,1465103883.786734,1465103883.874000
329,1465103877.880000,1465103878.512868,1465103883.514724,1465103883.597000
330,1465103877.880000,1465103878.848418,1465103883.849626,1465103883.927000
331,1465103877.881000,1465103878.488342,1465103883.489644,1465103883.578000
332,1465103877.881000,1465103878.554424,1465103883.555866,1465103883.645000
333,1465103877.881000,1465103878.572942,1465103883.574390,1465103883.646000
334,1465103877.881000,1465103878.824085,1465103883.825276,1465103883.915000
335,1465103877.881000,1465103878.864091,1465103883.865374,1465103883.946000
336,1465103877.881000,1465103878.645150,1465103883.646615,1465103883.719000
337,1465103877.881000,1465103878.526048,1465103883.527766,1465103883.607000
338,1465103877.882000,1465103878.561549,1465103883.563282,1465103883.652000
339,1465103877.882000,1465103878.543597,1465103883.544764,1465103883.638000
340,1465103877.882000,1465103878.812614,1465103883.813824,1465103883.892000
341,1465103877.882000,1465103878.574393,1465103883.575580,1465103883.653000
342,1465103877.882000,1465103878.559060,1465103883.561011,1465103883.640000
343,1465103877.882000,1465103878.870673,1465103883.871972,1465103883.939000
344,1465103877.882000,1465103878.752708,1465103883.753876,1465103883.849000
345,1465103877.882000,1465103878.496151,1465103883.497345,1465103883.576000
346,1465103877.883000,1465103878.550301,1465103883.551730,1465103883.628000
347,1465103877.883000,1465103878.579906,1465103883.581792,1465103883.664000
348,1465103877.883000,1465103878.776834,1465103883.778118,1465103883.856000
349,1465103877.883000,1465103878.535526,1465103883.537860,1465103883.615000
350,1465103877.883000,1465103880.293671,1465103885.295194,1465103885.380000
351,1465103877.883000,1465103878.830456,1465103883.831759,1465103883.899000
352,1465103877.883000,1465103878.559336,1465103883.560581,1465103883.642000
353,1465103877.883000,1465103878.814785,1465103883.816130,1465103883.904000
354,1465103877.883000,1465103878.786623,1465103883.787786,1465103883.882000
355,1465103877.883000,1465103878.750027,1465103883.751450,1465103883.848000
356,1465103877.883000,1465103878.808115,1465103883.809295,1465103883.880000
357,1465103877.884000,1465103878.778688,1465103883.780245,1465103883.871000
358,1465103877.884000,1465103878.850941,1465103883.852190,1465103883.931000
359,1465103877.884000,1465103878.549847,1465103883.551147,1465103883.631000
360,1465103877.884000,1465103878.557887,1465103883.561157,1465103883.647000
361,1465103877.884000,1465103878.531571,1465103883.532758,1465103883.611000
362,1465103877.884000,1465103878.835824,1465103883.836986,1465103883.925000
363,1465103877.885000,1465103878.833108,1465103883.834463,1465103883.922000
364,1465103877.885000,1465103878.787698,1465103883.788905,1465103883.867000
365,1465103877.885000,1465103878.531494,1465103883.533188,1465103883.616000
366,1465103877.886000,1465103878.528223,1465103883.529669,1465103883.611000
367,1465103877.886000,1465103878.516143,1465103883.517440,1465103883.599000
368,1465103877.886000,1465103878.537130,1465103883.538922,1465103883.626000
369,1465103877.886000,1465103878.550812,1465103883.552004,1465103883.623000
370,1465103877.886000,1465103878.829957,1465103883.831371,1465103883.898000
371,1465103877.886000,1465103878.561147,1465103883.562390,1465103883.648000
372,1465103877.886000,1465103878.555088,1465103883.556903,1465103883.630000
373,1465103877.886000,1465103878.575203,1465103883.576380,1465103883.655000
374,1465103877.887000,1465103878.533234,1465103883.534474,1465103883.602000
375,1465103877.887000,1465103878.565992,1465103883.567460,1465103883.648000
376,1465103877.887000,1465103878.515705,1465103883.517284,1465103883.619000
377,1465103877.887000,1465103878.770225,1465103883.771422,1465103883.867000
378,1465103877.887000,1465103878.516760,1465103883.518122,1465103883.596000
379,1465103877.887000,1465103878.523518,1465103883.525142,1465103883.611000
380,1465103877.887000,1465103878.787954,1465103883.789272,1465103883.870000
381,1465103877.887000,1465103878.545183,1465103883.546386,1465103883.632000
382,1465103877.887000,1465103878.564035,1465103883.565222,1465103883.651000
383,1465103877.888000,1465103878.537087,1465103883.542016,1465103883.628000
384,1465103877.888000,1465103878.795861,1465103883.797114,1465103883.880000
385,1465103877.888000,1465103878.556156,1465103883.557447,1465103883.646000
386,1465103877.888000,1465103878.823161,1465103883.824554,1465103883.926000
387,1465103877.888000,1465103878.663599,1465103883.666464,1465103883.748000
388,1465103877.888000,1465103878.543840,1465103883.545075,1465103883.625000
389,1465103877.888000,1465103878.553150,1465103883.554392,1465103883.632000
390,1465103877.888000,1465103878.499072,1465103883.500920,1465103883.578000
391,1465103877.889000,1465103878.846072,1465103883.847336,1465103883.928000
392,1465103877.889000,1465103878.522766,1465103883.523954,1465103883.603000
393,1465103877.889000,1465103878.517602,1465103883.519131,1465103883.601000
394,1465103877.889000,1465103878.539606,1465103883.541106,1465103883.627000
395,1465103877.889000,1465103878.564993,1465103883.571574,1465103883.663000
396,1465103877.889000,1465103878.861336,1465103883.862576,1465103883.950000
397,1465103877.889000,1465103878.573823,1465103883.575138,1465103883.654000
398,1465103877.890000,1465103878.547125,1465103883.548617,1465103883.637000
399,1465103877.890000,1465103878.563982,1465103883.565353,1465103883.650000
400,1465103877.890000,1465103878.669974,1465103883.671290,1465103883.749000
401,1465103877.890000,1465103878.519453,1465103883.520729,1465103883.609000
402,1465103877.890000,1465103878.516883,1465103883.519195,1465103883.598000
403,1465103877.890000,1465103878.527580,1465103883.528806,1465103883.606000
404,1465103877.891000,1465103878.556351,1465103883.557873,1465103883.631000
405,1465103877.891000,1465103878.814333,1465103883.815455,1465103883.910000
406,1465103877.892000,1465103878.845883,1465103883.847089,1465103883.914000
407,1465103877.892000,1465103878.853188,1465103883.854508,1465103883.921000
408,1465103877.892000,1465103878.800735,1465103883.821448,1465103883.903000
409,1465103877.892000,1465103878.567208,1465103883.580547,1465103883.656000
410,1465103877.892000,1465103878.509690,1465103883.510969,1465103883.590000
411,1465103877.892000,1465103878.829774,1465103883.840351,1465103883.917000
412,1465103877.892000,1465103878.584482,1465103883.585805,1465103883.662000
413,1465103877.892000,1465103878.546163,1465103883.547685,1465103883.633000
414,1465103877.892000,1465103878.498309,1465103883.499654,1465103883.586000
415,1465103877.892000,1465103878.536672,1465103883.538173,1465103883.626000
416,1465103877.893000,1465103878.572897,1465103883.574059,1465103883.641000
417,1465103877.893000,1465103878.512426,1465103883.513874,1465103883.590000
418,1465103877.893000,1465103878.536731,1465103883.539040,1465103883.624000
419,1465103877.893000,1465103878.550166,1465103883.551767,1465103883.634000
420,1465103877.893000,1465103878.556747,1465103883.557985,1465103883.654000
421,1465103877.893000,1465103878.545316,1465103883.546605,1465103883.638000
422,1465103877.894000,1465103878.819157,1465103883.820582,1465103883.907000
423,1465103877.894000,1465103878.801543,1465103883.804383,1465103883.865000
424,1465103877.894000,1465103878.826587,1465103883.827922,1465103883.910000
425,1465103877.894000,1465103878.565338,1465103883.566647,1465103883.651000
426,1465103877.894000,1465103878.530177,1465103883.531684,1465103883.610000
427,1465103877.894000,1465103878.552938,1465103883.554326,1465103883.633000
428,1465103877.894000,1465103878.567348,1465103883.569141,1465103883.642000
429,1465103877.894000,1465103878.593946,1465103883.595297,1465103883.671000
430,1465103877.894000,1465103878.528203,1465103883.529599,1465103883.606000
431,1465103877.895000,1465103878.834777,1465103883.836155,1465103883.928000
432,1465103877.895000,1465103878.554772,1465103883.556712,1465103883.624000
433,1465103877.895000,1465103878.518288,1465103883.520044,1465103883.599000
434,1465103877.895000,1465103878.543899,1465103883.545106,1465103883.634000
435,1465103877.896000,1465103878.563390,1465103883.567033,1465103883.646000
436,1465103877.896000,1465103878.533002,1465103883.534322,1465103883.637000
437,1465103877.896000,1465103878.861620,1465103883.862908,1465103883.929000
438,1465103877.896000,1465103878.562431,1465103883.563716,1465103883.660000
439,1465103877.896000,1465103878.522995,1465103883.524263,1465103883.604000
440,1465103877.897000,1465103878.534622,1465103883.535912,1465103883.602000
441,1465103877.897000,1465103878.538764,1465103883.540034,1465103883.627000
442,1465103877.897000,1465103878.561065,1465103883.563365,1465103883.643000
443,1465103877.897000,1465103878.537664,1465103883.539245,1465103883.621000
444,1465103877.897000,1465103878.536431,1465103883.538455,1465103883.641000
445,1465103877.897000,1465103878.575977,1465103883.577194,1465103883.659000
446,1465103877.897000,1465103878.558096,1465103883.560085,1465103883.636000
447,1465103877.897000,1465103878.574626,1465103883.575921,1465103883.661000
448,1465103877.897000,1465103878.545348,1465103883.547150,1465103883.623000
449,1465103877.897000,1465103878.868843,1465103883.870126,1465103883.957000
450,1465103877.897000,1465103878.570204,1465103883.571499,1465103883.656000
451,1465103877.898000,1465103878.540957,1465103883.542374,1465103883.631000
452,1465103877.898000,1465103878.479664,1465103883.480871,1465103883.589000
453,1465103877.898000,1465103878.527942,1465103883.529192,1465103883.614000
454,1465103877.898000,1465103878.559227,1465103883.560657,1465103883.637000
455,1465103877.898000,1465103878.824440,1465103883.825700,1465103883.904000
456,1465103877.899000,0.000000,0.000000,0.000000
457,1465103877.899000,1465103880.336072,1465103885.337352,1465103885.403000
458,1465103877.900000,1465103878.516307,1465103883.532117,1465103883.605000
459,1465103877.900000,1465103878.652131,1465103883.653308,1465103883.741000
460,1465103877.900000,1465103878.582950,1465103883.584380,1465103883.664000
461,1465103877.900000,1465103878.858296,1465103883.859573,1465103883.927000
462,1465103877.900000,1465103878.596295,1465103883.597551,1465103883.668000
463,1465103877.901000,1465103878.597114,1465103883.598357,1465103883.665000
464,1465103877.901000,1465103878.560993,1465103883.562283,1465103883.639000
465,1465103877.901000,1465103878.549903,1465103883.551165,1465103883.640000
466,1465103877.901000,1465103878.585918,1465103883.589046,1465103883.662000
467,1465103877.901000,1465103878.841699,1465103883.843154,1465103883.924000
468,1465103877.901000,1465103878.844577,1465103883.845846,1465103883.934000
469,1465103877.901000,1465103878.564641,1465103883.566591,1465103883.645000
470,1465103877.902000,1465103878.547582,1465103883.549413,1465103883.630000
471,1465103877.902000,1465103878.560225,1465103883.563365,1465103883.643000
472,1465103877.902000,1465103878.512668,1465103883.514765,1465103883.617000
473,1465103877.902000,1465103878.571921,1465103883.573462,1465103883.653000
474,1465103877.902000,1465103878.824922,1465103883.826224,1465103883.915000
475,1465103877.902000,1465103878.580714,1465103883.582905,1465103883.662000
476,1465103877.903000,1465103878.854896,1465103883.856234,1465103883.937000
477,1465103877.903000,1465103878.614712,1465103883.615973,1465103883.683000
478,1465103877.903000,1465103878.582937,1465103883.584134,1465103883.665000
479,1465103877.903000,1465103878.599081,1465103883.600793,1465103883.667000
480,1465103877.903000,1465103878.560989,1465103883.562804,1465103883.642000
481,1465103877.903000,1465103878.813030,1465103883.814257,1465103883.908000
482,1465103877.903000,1465103878.563168,1465103883.564333,1465103883.631000
483,1465103877.904000,1465103878.574861,1465103883.576052,1465103883.654000
484,1465103877.904000,1465103878.536939,1465103883.538373,1465103883.640000
485,1465103877.904000,1465103878.578097,1465103883.579491,1465103883.666000
486,1465103877.904000,1465103878.523767,1465103883.525044,1465103883.602000
487,1465103877.904000,1465103878.784558,1465103883.785817,1465103883.871000
488,1465103877.904000,1465103878.837912,1465103883.839240,1465103883.925000
489,1465103877.904000,1465103878.544932,1465103883.546195,1465103883.633000
490,1465103877.904000,1465103878.551608,1465103883.553738,1465103883.620000
491,1465103877.905000,1465103878.541731,1465103883.543492,1465103883.623000
492,1465103877.905000,1465103878.580596,1465103883.581848,1465103883.669000
493,1465103877.905000,1465103878.505053,1465103883.506274,1465103883.583000
494,1465103877.905000,1465103878.574874,1465103883.576111,1465103883.665000
495,1465103877.905000,1465103878.554074,1465103883.555382,1465103883.657000
496,1465103877.905000,1465103878.566708,1465103883.586846,1465103883.666000
497,1465103877.905000,1465103878.585700,1465103883.586869,1465103883.672000
498,1465103877.905000,1465103878.575620,1465103883.576981,1465103883.657000
499,1465103877.905000,1465103878.818031,1465103883.819287,1465103883.907000
500,1465103877.905000,1465103878.977206,1465103883.978564,1465103884.058000
501,1465103877.905000,1465103878.577544,1465103883.578785,1465103883.650000
502,1465103877.905000,1465103878.529089,1465103883.530479,1465103883.609000
503,1465103877.905000,1465103878.686946,1465103883.688372,1465103883.775000
504,1465103877.905000,1465103878.567082,1465103883.568336,1465103883.659000
505,1465103877.905000,1465103878.571911,1465103883.573153,1465103883.661000
506,1465103877.905000,1465103878.596312,1465103883.597539,1465103883.676000
507,1465103877.905000,1465103878.600950,1465103883.602153,1465103883.681000
508,1465103877.905000,1465103878.569482,1465103883.570789,1465103883.656000
509,1465103877.906000,1465103878.727470,1465103883.729099,1465103883.816000
510,1465103877.906000,1465103878.655886,1465103883.657194,1465103883.728000
511,1465103877.906000,1465103878.577013,1465103883.578472,1465103883.658000
512,1465103877.906000,1465103878.615672,1465103883.616908,1465103883.704000
513,1465103877.906000,1465103878.605002,1465103883.606286,1465103883.686000
514,1465103877.906000,1465103878.658460,1465103883.660149,1465103883.742000
515,1465103877.906000,1465103878.614940,1465103883.616203,1465103883.698000
516,1465103877.906000,1465103878.602403,1465103883.603664,1465103883.693000
517,1465103877.906000,1465103878.546777,1465103883.548086,1465103883.615000
518,1465103877.906000,1465103878.604153,1465103883.605417,1465103883.679000
519,1465103877.906000,1465103878.557548,1465103883.570991,1465103883.659000
520,1465103877.906000,1465103878.706090,1465103883.707564,1465103883.810000
521,1465103877.906000,1465103878.645918,1465103883.647236,1465103883.739000
522,1465103877.906000,1465103878.673073,1465103883.674511,1465103883.753000
523,1465103877.906000,1465103878.623619,1465103883.624805,1465103883.710000
524,1465103877.906000,1465103878.587192,1465103883.588575,1465103883.691000
525,1465103877.906000,1465103878.596632,1465103883.597982,1465103883.700000
526,1465103877.906000,1465103878.654296,1465103883.655561,1465103883.742000
527,1465103877.906000,1465103878.531308,1465103883.532597,1465103883.621000
528,1465103877.906000,1465103878.707134,1465103883.708360,1465103883.803000
529,1465103877.906000,1465103878.597954,1465103883.599164,1465103883.684000
530,1465103877.906000,1465103878.654249,1465103883.655443,1465103883.716000
531,1465103877.906000,1465103878.591493,1465103883.592731,1465103883.670000
532,1465103877.906000,1465103878.550566,1465103883.551744,1465103883.639000
533,1465103877.906000,1465103878.641082,1465103883.642328,1465103883.721000
534,1465103877.906000,1465103878.724044,1465103883.725345,1465103883.806000
535,1465103877.906000,1465103878.545407,1465103883.546799,1465103883.624000
536,1465103877.906000,1465103878.581695,1465103883.583810,1465103883.650000
537,1465103877.906000,1465103878.663756,1465103883.665279,1465103883.752000
538,1465103877.907000,1465103878.557975,1465103883.559178,1465103883.647000
539,1465103877.907000,1465103878.705937,1465103883.707326,1465103883.795000
540,1465103877.907000,1465103878.558280,1465103883.559840,1465103883.662000
541,1465103877.907000,1465103878.578609,1465103883.579810,1465103883.668000
542,1465103877.907000,1465103878.600772,1465103883.602067,1465103883.683000
543,1465103877.907000,1465103878.615305,1465103883.617148,1465103883.695000
544,1465103877.907000,1465103878.556753,1465103883.558102,1465103883.639000
545,1465103877.907000,1465103878.708045,1465103883.709422,1465103883.790000
546,1465103877.907000,1465103878.596333,1465103883.597707,1465103883.668000
547,1465103877.907000,1465103878.575275,1465103883.576530,1465103883.664000
548,1465103877.907000,1465103878.659429,1465103883.660648,1465103883.752000
549,1465103877.907000,1465103878.550675,1465103883.552971,1465103883.633000
550,1465103877.907000,1465103878.545938,1465103883.547717,1465103883.629000
551,1465103877.907000,1465103878.953346,1465103883.954550,1465103884.032000
552,1465103877.907000,1465103878.660322,1465103883.661532,1465103883.743000
553,1465103877.907000,1465103878.996135,1465103884.005348,1465103884.092000
554,1465103877.907000,1465103878.590836,1465103883.598259,1465103883.671000
555,1465103877.907000,1465103878.573854,1465103883.575722,1465103883.658000
556,1465103877.907000,1465103878.970012,1465103883.971357,1465103884.052000
557,1465103877.907000,1465103878.691048,1465103883.692334,1465103883.773000
558,1465103877.907000,1465103878.608626,1465103883.610004,1465103883.698000
559,1465103877.907000,1465103878.541175,1465103883.542613,1465103883.627000
560,1465103877.907000,1465103878.517798,1465103883.519075,1465103883.606000
561,1465103877.907000,1465103878.573660,1465103883.575205,1465103883.655000
562,1465103877.907000,1465103878.687698,1465103883.688936,1465103883.778000
563,1465103877.907000,1465103878.558887,1465103883.560167,1465103883.646000
564,1465103877.907000,1465103878.664229,1465103883.666059,1465103883.760000
565,1465103877.907000,1465103878.554437,1465103883.555710,1465103883.641000
566,1465103877.907000,1465103878.592394,1465103883.595525,1465103883.666000
567,1465103877.907000,1465103878.621289,1465103883.622528,1465103883.702000
568,1465103877.907000,1465103878.593578,1465103883.595215,1465103883.667000
569,1465103877.908000,1465103878.592715,1465103883.593953,1465103883.672000
570,1465103877.908000,1465103878.558642,1465103883.563687,1465103883.643000
571,1465103877.908000,1465103878.623197,1465103883.624944,1465103883.698000
572,1465103877.908000,1465103878.575533,1465103883.576803,1465103883.665000
573,1465103877.908000,1465103878.565433,1465103883.567682,1465103883.648000
574,1465103877.908000,1465103878.580552,1465103883.581879,1465103883.667000
575,1465103877.908000,1465103878.624571,1465103883.625794,1465103883.693000
576,1465103877.908000,1465103878.565037,1465103883.566379,1465103883.627000
577,1465103877.908000,1465103878.591593,1465103883.593352,1465103883.665000
578,1465103877.908000,1465103878.583989,1465103883.600317,1465103883.675000
579,1465103877.908000,1465103878.558105,1465103883.561403,1465103883.647000
580,1465103877.908000,1465103878.549709,1465103883.551047,1465103883.617000
581,1465103877.908000,1465103878.547905,1465103883.565342,1465103883.643000
582,1465103877.908000,1465103878.555288,1465103883.556862,1465103883.624000
583,1465103877.908000,1465103878.560709,1465103883.562549,1465103883.642000
584,1465103877.908000,1465103878.555435,1465103883.557222,1465103883.645000
585,1465103877.908000,1465103878.570113,1465103883.571309,1465103883.650000
586,1465103877.908000,1465103878.581559,1465103883.582795,1465103883.663000
587,1465103877.908000,1465103878.562036,1465103883.563451,1465103883.666000
588,1465103877.908000,1465103878.587065,1465103883.588375,1465103883.674000
589,1465103877.908000,1465103878.530157,1465103883.531552,1465103883.620000
590,1465103877.908000,1465103878.576018,1465103883.577285,1465103883.662000
591,1465103877.908000,1465103878.556199,1465103883.557504,1465103883.637000
592,1465103877.908000,1465103878.565460,1465103883.566666,1465103883.652000
593,1465103877.908000,1465103878.581016,1465103883.582450,1465103883.660000
594,1465103877.908000,1465103878.679224,1465103883.680449,1465103883.759000
595,1465103877.908000,1465103878.587444,1465103883.594493,1465103883.674000
596,1465103877.908000,1465103878.579156,1465103883.580365,1465103883.660000
597,1465103877.908000,1465103879.003517,1465103884.004792,1465103884.071000
598,1465103877.908000,1465103878.606134,1465103883.607415,1465103883.684000
599,1465103877.908000,1465103878.582614,1465103883.584085,1465103883.666000
600,1465103877.908000,1465103878.994724,1465103883.995929,1465103884.075000
601,1465103877.908000,1465103878.584213,1465103883.585560,1465103883.665000
602,1465103877.909000,1465103878.998560,1465103883.999870,1465103884.079000
603,1465103877.909000,1465103878.584604,1465103883.585941,1465103883.665000
604,1465103877.909000,1465103878.576628,1465103883.577906,1465103883.674000
605,1465103877.909000,1465103878.673124,1465103883.674384,1465103883.769000
606,1465103877.909000,1465103878.547134,1465103883.548494,1465103883.615000
607,1465103877.909000,1465103878.726295,1465103883.727436,1465103883.812000
608,1465103877.909000,1465103878.641735,1465103883.642894,1465103883.714000
609,1465103877.909000,1465103878.661103,1465103883.662399,1465103883.734000
610,1465103877.909000,1465103878.690684,1465103883.691890,1465103883.758000
611,1465103877.909000,1465103878.648319,1465103883.649500,1465103883.727000
612,1465103877.909000,1465103878.677997,1465103883.679422,1465103883.767000
613,1465103877.909000,1465103878.649084,1465103883.650442,1465103883.732000
614,1465103877.909000,1465103878.561037,1465103883.563683,1465103883.666000
615,1465103877.909000,1465103878.995393,1465103884.003009,1465103884.096000
616,1465103877.909000,1465103878.956657,1465103883.957908,1465103884.018000
617,1465103877.909000,1465103878.694643,1465103883.695973,1465103883.783000
618,1465103877.909000,1465103878.594309,1465103883.595501,1465103883.681000
619,1465103877.909000,1465103878.658587,1465103883.659921,1465103883.745000
620,1465103877.909000,1465103878.648606,1465103883.649800,1465103883.744000
621,1465103877.909000,1465103878.619378,1465103883.620734,1465103883.697000
622,1465103877.909000,1465103878.550273,1465103883.551641,1465103883.632000
623,1465103877.909000,1465103878.655078,1465103883.656350,1465103883.727000
624,1465103877.910000,1465103878.548704,1465103883.566649,1465103883.646000
625,1465103877.910000,1465103878.625771,1465103883.627073,1465103883.708000
626,1465103877.910000,1465103878.615961,1465103883.617259,1465103883.726000
627,1465103877.910000,1465103878.590880,1465103883.599419,1465103883.673000
628,1465103877.910000,1465103878.585698,1465103883.587045,1465103883.675000
629,1465103877.910000,1465103878.666035,1465103883.667303,1465103883.747000
630,1465103877.910000,1465103878.591837,1465103883.593160,1465103883.689000
631,1465103877.910000,1465103878.838499,1465103883.839809,1465103883.930000
632,1465103877.910000,1465103878.586886,1465103883.588327,1465103883.665000
633,1465103877.910000,1465103878.590251,1465103883.597115,1465103883.670000
634,1465103877.910000,1465103878.555198,1465103883.568612,1465103883.654000
635,1465103877.910000,1465103878.573955,1465103883.586526,1465103883.668000
636,1465103877.910000,1465103878.568005,1465103883.569166,1465103883.657000
637,1465103877.910000,1465103878.563857,1465103883.565090,1465103883.653000
638,1465103877.910000,1465103878.599135,1465103883.600393,1465103883.671000
639,1465103877.910000,1465103878.727970,1465103883.729758,1465103883.810000
640,1465103877.910000,1465103878.675541,1465103883.677692,1465103883.759000
641,1465103877.910000,1465103878.577564,1465103883.591687,1465103883.680000
642,1465103877.910000,1465103878.829684,1465103883.831335,1465103883.902000
643,1465103877.910000,1465103878.569245,1465103883.570446,1465103883.658000
644,1465103877.910000,1465103878.605492,1465103883.606701,1465103883.698000
645,1465103877.910000,1465103878.576412,1465103883.577581,1465103883.672000
646,1465103877.910000,1465103878.571955,1465103883.573343,1465103883.659000
647,1465103877.910000,1465103878.643700,1465103883.644940,1465103883.723000
648,1465103877.910000,1465103878.637071,1465103883.638342,1465103883.730000
649,1465103877.911000,1465103878.546679,1465103883.547982,1465103883.625000
650,1465103877.911000,1465103878.590318,1465103883.594093,1465103883.670000
651,1465103877.911000,1465103878.677893,1465103883.679064,1465103883.774000
652,1465103877.911000,1465103878.638349,1465103883.639722,1465103883.721000
653,1465103877.911000,1465103878.582965,1465103883.584212,1465103883.672000
654,1465103877.911000,1465103878.605479,1465103883.606643,1465103883.702000
655,1465103877.911000,1465103878.563732,1465103883.580416,1465103883.656000
656,1465103877.911000,1465103878.657053,1465103883.658219,1465103883.746000
657,1465103877.911000,1465103878.583488,1465103883.585018,1465103883.670000
658,1465103877.911000,1465103878.625015,1465103883.626943,1465103883.723000
659,1465103877.911000,1465103878.582141,1465103883.583738,1465103883.650000
660,1465103877.911000,1465103878.549254,1465103883.550793,1465103883.638000
661,1465103877.911000,1465103878.638775,1465103883.640046,1465103883.721000
662,1465103877.911000,1465103878.581058,1465103883.586439,1465103883.668000
663,1465103877.911000,1465103878.583485,1465103883.584790,1465103883.670000
664,1465103877.911000,1465103878.557760,1465103883.577220,1465103883.653000
665,1465103877.911000,1465103878.591376,1465103883.593251,1465103883.669000
666,1465103877.911000,1465103878.529944,1465103883.532175,1465103883.634000
667,1465103877.911000,1465103878.630816,1465103883.632111,1465103883.741000
668,1465103877.911000,1465103878.555669,1465103883.558016,1465103883.645000
669,1465103877.911000,1465103878.618952,1465103883.620213,1465103883.707000
670,1465103877.911000,1465103878.569813,1465103883.571075,1465103883.649000
671,1465103877.911000,1465103878.591952,1465103883.593527,1465103883.675000
672,1465103877.911000,1465103878.573433,1465103883.574654,1465103883.645000
673,1465103877.911000,1465103878.558706,1465103883.560621,1465103883.646000
674,1465103877.911000,1465103878.589166,1465103883.598476,1465103883.672000
675,1465103877.911000,1465103878.575520,1465103883.576750,1465103883.663000
676,1465103877.911000,1465103878.524695,1465103883.525936,1465103883.604000
677,1465103877.911000,1465103878.551191,1465103883.555815,1465103883.635000
678,1465103877.911000,1465103878.590244,1465103883.591458,1465103883.673000
679,1465103877.912000,1465103878.579480,1465103883.580775,1465103883.668000
680,1465103877.912000,1465103878.590502,1465103883.612199,1465103883.685000
681,1465103877.912000,1465103878.635700,1465103883.636958,1465103883.718000
682,1465103877.912000,1465103878.613112,1465103883.614532,1465103883.691000
683,1465103877.912000,1465103878.669873,1465103883.671084,1465103883.749000
684,1465103877.912000,1465103878.580599,1465103883.582072,1465103883.658000
685,1465103877.912000,1465103878.617140,1465103883.618358,1465103883.704000
686,1465103877.912000,1465103878.702394,1465103883.703594,1465103883.792000
687,1465103877.912000,1465103878.991902,1465103883.993107,1465103884.071000
688,1465103877.912000,1465103878.585223,1465103883.586852,1465103883.665000
689,1465103877.912000,1465103878.597073,1465103883.598413,1465103883.670000
690,1465103877.912000,1465103878.617516,1465103883.619096,1465103883.707000
691,1465103877.912000,1465103878.561832,1465103883.566246,1465103883.645000
692,1465103877.912000,1465103878.624368,1465103883.625608,1465103883.713000
693,1465103877.912000,1465103878.734079,1465103883.735370,1465103883.796000
694,1465103877.912000,1465103879.019701,1465103884.020869,1465103884.103000
695,1465103877.912000,1465103878.637875,1465103883.639078,1465103883.706000
696,1465103877.912000,1465103878.595123,1465103883.596653,1465103883.669000
697,1465103877.912000,1465103878.694509,1465103883.695857,1465103883.787000
698,1465103877.912000,1465103878.744211,1465103883.745446,1465103883.816000
699,1465103877.912000,1465103878.657477,1465103883.658767,1465103883.737000
700,1465103877.912000,1465103878.568857,1465103883.570379,1465103883.652000
701,1465103877.912000,1465103878.595132,1465103883.596663,1465103883.693000
702,1465103877.912000,1465103878.567794,1465103883.569019,1465103883.658000
703,1465103877.912000,1465103878.631371,1465103883.632722,1465103883.712000
704,1465103877.912000,1465103878.570892,1465103883.572230,1465103883.652000
705,1465103877.912000,1465103878.989573,1465103883.991083,1465103884.070000
706,1465103877.912000,1465103878.579281,1465103883.580797,1465103883.666000
707,1465103877.913000,1465103878.583846,1465103883.585698,1465103883.658000
708,1465103877.913000,1465103878.700516,1465103883.702143,1465103883.784000
709,1465103877.913000,1465103878.589192,1465103883.590412,1465103883.685000
710,1465103877.913000,1465103878.632796,1465103883.633991,1465103883.705000
711,1465103877.913000,1465103878.628880,1465103883.631008,1465103883.704000
712,1465103877.913000,1465103878.958107,1465103883.967242,1465103884.063000
713,1465103877.913000,1465103878.652192,1465103883.653397,1465103883.731000
714,1465103877.913000,1465103878.595800,1465103883.612098,1465103883.686000
715,1465103877.913000,1465103878.585284,1465103883.586562,1465103883.665000
716,1465103877.913000,1465103878.646249,1465103883.647413,1465103883.756000
717,1465103877.913000,1465103878.554758,1465103883.555933,1465103883.633000
718,1465103877.913000,1465103878.562348,1465103883.563986,1465103883.653000
719,1465103877.913000,1465103878.598414,1465103883.600011,1465103883.681000
720,1465103877.913000,1465103878.593522,1465103883.605254,1465103883.684000
721,1465103877.913000,1465103878.632365,1465103883.633584,1465103883.713000
722,1465103877.913000,1465103878.633560,1465103883.634773,1465103883.720000
723,1465103877.913000,1465103878.586135,1465103883.595567,1465103883.669000
724,1465103877.913000,1465103878.553403,1465103883.554643,1465103883.632000
725,1465103877.913000,1465103878.610654,1465103883.612235,1465103883.687000
726,1465103877.913000,1465103878.687646,1465103883.706909,1465103883.788000
727,1465103877.913000,1465103878.541507,1465103883.542931,1465103883.645000
728,1465103877.913000,1465103878.537525,1465103883.539451,1465103883.626000
729,1465103877.913000,1465103878.603428,1465103883.604644,1465103883.701000
730,1465103877.913000,1465103878.701086,1465103883.702282,1465103883.772000
731,1465103877.913000,1465103878.943390,1465103883.944554,1465103884.032000
732,1465103877.913000,1465103878.598670,1465103883.599903,1465103883.689000
733,1465103877.913000,1465103878.645916,1465103883.647112,1465103883.736000
734,1465103877.913000,1465103878.568404,1465103883.569660,1465103883.651000
735,1465103877.914000,1465103878.985597,1465103883.987075,1465103884.068000
736,1465103877.914000,1465103878.639445,1465103883.640621,1465103883.719000
737,1465103877.914000,1465103878.657126,1465103883.658748,1465103883.734000
738,1465103877.914000,1465103878.576175,1465103883.577639,1465103883.665000
739,1465103877.914000,1465103878.568281,1465103883.569524,1465103883.672000
740,1465103877.914000,1465103878.699345,1465103883.700590,1465103883.779000
741,1465103877.914000,1465103878.940163,1465103883.945440,1465103884.032000
742,1465103877.914000,1465103878.624035,1465103883.625302,1465103883.716000
743,1465103877.914000,1465103878.582882,1465103883.584163,1465103883.662000
744,1465103877.914000,1465103878.718592,1465103883.720221,1465103883.799000
745,1465103877.914000,1465103878.521274,1465103883.523013,1465103883.604000
746,1465103877.914000,1465103878.589207,1465103883.590428,1465103883.677000
747,1465103877.914000,1465103878.579754,1465103883.580946,1465103883.659000
748,1465103877.914000,1465103878.586040,1465103883.587542,1465103883.665000
749,1465103877.914000,1465103878.690285,1465103883.691902,1465103883.765000
750,1465103877.919000,1465103878.745753,1465103883.747022,1465103883.807000
751,1465103877.922000,1465103878.598757,1465103883.600793,1465103883.667000
752,1465103877.950000,1465103878.619346,1465103883.620722,1465103883.722000
753,1465103877.960000,1465103878.732894,1465103883.734065,1465103883.805000
754,1465103877.960000,1465103878.633448,1465103883.635154,1465103883.716000
755,1465103877.968000,1465103878.694933,1465103883.696191,1465103883.774000
756,1465103877.968000,1465103878.728237,1465103883.729596,1465103883.811000
757,1465103877.968000,1465103878.934943,1465103883.936230,1465103884.023000
758,1465103877.968000,1465103878.636832,1465103883.638221,1465103883.714000
759,1465103877.968000,1465103878.735007,1465103883.736168,1465103883.803000
760,1465103877.974000,1465103878.687906,1465103883.689157,1465103883.767000
761,1465103877.975000,1465103878.969469,1465103883.970645,1465103884.047000
762,1465103877.975000,1465103878.681689,1465103883.682921,1465103883.768000
763,1465103877.975000,1465103878.984703,1465103883.986186,1465103884.068000
764,1465103877.975000,1465103878.731909,1465103883.733125,1465103883.811000
765,1465103877.975000,1465103878.979140,1465103883.980306,1465103884.068000
766,1465103877.975000,1465103878.664011,1465103883.665226,1465103883.744000
767,1465103877.975000,1465103878.949028,1465103883.950258,1465103884.020000
768,1465103877.975000,1465103878.578119,1465103883.579673,1465103883.656000
769,1465103877.975000,1465103878.747977,1465103883.749294,1465103883.817000
770,1465103877.975000,1465103878.627321,1465103883.628917,1465103883.715000
771,1465103877.975000,1465103878.735300,1465103883.736605,1465103883.814000
772,1465103877.975000,1465103878.598590,1465103883.599833,1465103883.685000
773,1465103877.976000,1465103878.672882,1465103883.674077,1465103883.783000
774,1465103877.976000,1465103878.609965,1465103883.611474,1465103883.685000
775,1465103877.977000,1465103878.626654,1465103883.628653,1465103883.714000
776,1465103877.977000,1465103878.987208,1465103883.988393,1465103884.071000
777,1465103877.977000,1465103879.004425,1465103884.005776,1465103884.087000
778,1465103877.977000,1465103878.614949,1465103883.616121,1465103883.712000
779,1465103877.977000,1465103878.655276,1465103883.656672,1465103883.744000
780,1465103877.977000,1465103878.638930,1465103883.640049,1465103883.731000
781,1465103877.978000,1465103878.712834,1465103883.714039,1465103883.785000
782,1465103877.978000,1465103878.631196,1465103883.632474,1465103883.710000
783,1465103877.978000,1465103878.705980,1465103883.707325,1465103883.801000
784,1465103877.978000,1465103878.671528,1465103883.689887,1465103883.757000
785,1465103877.978000,1465103878.592144,1465103883.593362,1465103883.670000
786,1465103877.978000,1465103878.586365,1465103883.603519,1465103883.706000
787,1465103877.978000,1465103878.636586,1465103883.637980,1465103883.727000
788,1465103877.978000,1465103878.591754,1465103883.597336,1465103883.674000
789,1465103877.978000,1465103878.618436,1465103883.619772,1465103883.708000
790,1465103877.979000,1465103878.694298,1465103883.695904,1465103883.771000
791,1465103877.979000,1465103878.737082,1465103883.738365,1465103883.817000
792,1465103877.980000,1465103878.594104,1465103883.595363,1465103883.677000
793,1465103877.980000,1465103878.719855,1465103883.721029,1465103883.808000
794,1465103877.980000,1465103878.725708,1465103883.727210,1465103883.816000
795,1465103877.980000,1465103878.667352,1465103883.668567,1465103883.750000
796,1465103877.980000,1465103878.670284,1465103883.671613,1465103883.759000
797,1465103877.980000,1465103879.013105,1465103884.014454,1465103884.095000
798,1465103877.981000,1465103878.924632,1465103883.935918,1465103884.024000
799,1465103877.981000,1465103878.718787,1465103883.730305,1465103883.812000
800,1465103877.982000,1465103878.595026,1465103883.596814,1465103883.692000
801,1465103877.982000,1465103878.658123,1465103883.659372,1465103883.740000
802,1465103877.982000,1465103878.624889,1465103883.626162,1465103883.706000
803,1465103877.982000,1465103878.644254,1465103883.651734,1465103883.737000
804,1465103877.982000,1465103878.633186,1465103883.634396,1465103883.706000
805,1465103877.982000,1465103878.694625,1465103883.696078,1465103883.776000
806,1465103877.982000,1465103878.669991,1465103883.687194,1465103883.769000
807,1465103877.982000,1465103878.690001,1465103883.691215,1465103883.778000
808,1465103877.983000,1465103878.740204,1465103883.741544,1465103883.808000
809,1465103877.983000,1465103878.717144,1465103883.718462,1465103883.810000
810,1465103877.983000,0.000000,0.000000,0.000000
811,1465103877.983000,1465103878.689236,1465103883.690497,1465103883.800000
812,1465103877.983000,1465103878.638265,1465103883.639476,1465103883.717000
813,1465103877.984000,1465103878.714544,1465103883.716249,1465103883.795000
814,1465103877.984000,1465103878.699728,1465103883.700945,1465103883.778000
815,1465103877.984000,1465103878.727813,1465103883.729068,1465103883.818000
816,1465103877.985000,1465103878.711142,1465103883.712537,1465103883.786000
817,1465103877.985000,0.000000,0.000000,0.000000
818,1465103877.985000,1465103878.723843,1465103883.725207,1465103883.812000
819,1465103877.985000,1465103878.701680,1465103883.702874,1465103883.770000
820,1465103877.985000,1465103878.632218,1465103883.633433,1465103883.711000
821,1465103877.986000,1465103878.742224,1465103883.743484,1465103883.803000
822,1465103877.986000,1465103878.691047,1465103883.692235,1465103883.772000
823,1465103877.986000,1465103878.733245,1465103883.734514,1465103883.815000
824,1465103877.986000,1465103878.664595,1465103883.666057,1465103883.761000
825,1465103877.986000,1465103878.619670,1465103883.621168,1465103883.697000
826,1465103877.986000,0.000000,0.000000,0.000000
827,1465103877.987000,1465103878.668338,1465103883.669471,1465103883.764000
828,1465103877.987000,1465103878.684713,1465103883.686030,1465103883.775000
829,1465103877.987000,1465103878.642315,1465103883.643533,1465103883.752000
830,1465103877.987000,1465103878.992769,1465103883.994231,1465103884.066000
831,1465103877.987000,1465103878.670998,1465103883.672983,1465103883.739000
832,1465103877.987000,1465103878.723000,1465103883.724179,1465103883.819000
833,1465103877.988000,1465103879.046747,1465103884.063413,1465103884.130000
834,1465103877.988000,1465103878.639840,1465103883.641119,1465103883.702000
835,1465103877.989000,1465103879.030326,1465103884.032432,1465103884.103000
836,1465103877.989000,1465103878.731275,1465103883.732724,1465103883.821000
837,1465103877.989000,0.000000,0.000000,0.000000
838,1465103877.989000,1465103878.711980,1465103883.713247,1465103883.798000
839,1465103877.989000,1465103879.032910,1465103884.034085,1465103884.104000
840,1465103877.989000,1465103878.704615,1465103883.705885,1465103883.793000
841,1465103877.990000,1465103878.713981,1465103883.715198,1465103883.803000
842,1465103877.990000,0.000000,0.000000,0.000000
843,1465103877.991000,1465103878.710319,1465103883.711691,1465103883.814000
844,1465103877.991000,1465103878.690593,1465103883.691750,1465103883.801000
845,1465103877.991000,1465103878.696592,1465103883.697861,1465103883.784000
846,1465103877.991000,1465103878.692812,1465103883.694111,1465103883.767000
847,1465103877.992000,1465103878.715193,1465103883.716732,1465103883.798000
848,1465103877.993000,0.000000,0.000000,0.000000
849,1465103877.993000,1465103879.024125,1465103884.025554,1465103884.106000
850,1465103877.993000,1465103879.036658,1465103884.037948,1465103884.105000
851,1465103877.993000,1465103879.008319,1465103884.009772,1465103884.086000
852,1465103877.993000,1465103879.001865,1465103884.003018,1465103884.085000
853,1465103877.993000,1465103879.008040,1465103884.009220,1465103884.102000
854,1465103877.993000,1465103878.719462,1465103883.720656,1465103883.813000
855,1465103877.994000,1465103878.637807,1465103883.639015,1465103883.727000
856,1465103877.994000,1465103878.701963,1465103883.703246,1465103883.784000
857,1465103877.996000,1465103879.012753,1465103884.014536,1465103884.094000
858,1465103877.996000,1465103878.987156,1465103883.988369,1465103884.055000
859,1465103877.996000,1465103878.996624,1465103884.003613,1465103884.083000
860,1465103877.997000,1465103878.731246,1465103883.732651,1465103883.799000
861,1465103877.997000,1465103878.663926,1465103883.665240,1465103883.754000
862,1465103877.997000,1465103878.705202,1465103883.706402,1465103883.783000
863,1465103877.998000,1465103878.710656,1465103883.711901,1465103883.789000
864,1465103877.998000,1465103878.990762,1465103883.992218,1465103884.071000
865,1465103877.998000,1465103878.633065,1465103883.634325,1465103883.722000
866,1465103877.998000,1465103878.719509,1465103883.720705,1465103883.817000
867,1465103877.998000,1465103878.700113,1465103883.701409,1465103883.780000
868,1465103877.998000,1465103878.720671,1465103883.721912,1465103883.803000
869,1465103877.998000,1465103878.703324,1465103883.704673,1465103883.797000
870,1465103877.998000,1465103878.624877,1465103883.626281,1465103883.715000
871,1465103877.999000,1465103878.614934,1465103883.616899,1465103883.695000
872,1465103878.000000,1465103878.668524,1465103883.669957,1465103883.758000
873,1465103878.000000,1465103878.709977,1465103883.711191,1465103883.799000
874,1465103878.001000,1465103878.697904,1465103883.699174,1465103883.759000
875,1465103878.001000,1465103878.690558,1465103883.692194,1465103883.774000
876,1465103878.001000,1465103878.668597,1465103883.669898,1465103883.730000
877,1465103878.001000,1465103878.732136,1465103883.733536,1465103883.814000
878,1465103878.001000,1465103879.037371,1465103884.038635,1465103884.124000
879,1465103878.001000,1465103878.978457,1465103883.979757,1465103884.062000
880,1465103878.001000,1465103879.029063,1465103884.030234,1465103884.112000
881,1465103878.001000,0.000000,0.000000,0.000000
882,1465103878.002000,0.000000,0.000000,0.000000
883,1465103878.002000,1465103878.667572,1465103883.668852,1465103883.757000
884,1465103878.002000,1465103878.635410,1465103883.636695,1465103883.745000
885,1465103878.002000,1465103878.721305,1465103883.738575,1465103883.826000
886,1465103878.002000,1465103878.994496,1465103883.995995,1465103884.076000
887,1465103878.002000,1465103878.731404,1465103883.738060,1465103883.825000
888,1465103878.002000,1465103878.724710,1465103883.726266,1465103883.805000
889,1465103878.002000,1465103878.727099,1465103883.728377,1465103883.788000
890,1465103878.003000,1465103879.037986,1465103884.043311,1465103884.114000
891,1465103878.003000,1465103879.043519,1465103884.045328,1465103884.116000
892,1465103878.003000,1465103878.717427,1465103883.718936,1465103883.806000
893,1465103878.003000,1465103878.960101,1465103883.961427,1465103884.042000
894,1465103878.003000,1465103879.049108,1465103884.050331,1465103884.117000
895,1465103878.003000,1465103878.749657,1465103883.750890,1465103883.818000
896,1465103878.003000,1465103878.998149,1465103883.999420,1465103884.091000
897,1465103878.003000,1465103878.695646,1465103883.697264,1465103883.778000
898,1465103878.003000,0.000000,0.000000,0.000000
899,1465103878.004000,1465103878.716804,1465103883.718151,1465103883.799000
900,1465103878.004000,1465103878.974333,1465103883.975560,1465103884.054000
901,1465103878.004000,1465103878.708123,1465103883.709427,1465103883.800000
902,1465103878.004000,1465103878.676838,1465103883.678068,1465103883.773000
903,1465103878.004000,1465103878.983304,1465103883.985139,1465103884.061000
904,1465103878.004000,1465103878.698459,1465103883.699675,1465103883.781000
905,1465103878.004000,1465103878.704107,1465103883.705588,1465103883.783000
906,1465103878.004000,1465103878.684109,1465103883.685286,1465103883.794000
907,1465103878.004000,1465103878.721937,1465103883.723174,1465103883.802000
908,1465103878.004000,1465103878.707243,1465103883.711387,1465103883.803000
909,1465103878.004000,1465103878.717520,1465103883.718734,1465103883.813000
910,1465103878.005000,1465103878.629191,1465103883.631377,1465103883.704000
911,1465103878.005000,1465103878.985171,1465103883.986740,1465103884.053000
912,1465103878.005000,1465103878.729012,1465103883.730194,1465103883.823000
913,1465103878.005000,1465103878.706778,1465103883.708014,1465103883.789000
914,1465103878.005000,1465103878.691573,1465103883.692777,1465103883.777000
915,1465103878.005000,1465103878.719982,1465103883.721356,1465103883.800000
916,1465103878.005000,1465103878.719325,1465103883.721066,1465103883.806000
917,1465103878.006000,0.000000,0.000000,0.000000
918,1465103878.006000,1465103878.688698,1465103883.690024,1465103883.770000
919,1465103878.006000,1465103878.717817,1465103883.719109,1465103883.821000
920,1465103878.006000,1465103878.685868,1465103883.687109,1465103883.774000
921,1465103878.006000,0.000000,0.000000,0.000000
922,1465103878.006000,1465103878.731002,1465103883.732301,1465103883.810000
923,1465103878.007000,1465103878.709083,1465103883.710378,1465103883.777000
924,1465103878.007000,1465103879.029954,1465103884.031687,1465103884.102000
925,1465103878.007000,1465103878.704585,1465103883.706157,1465103883.788000
926,1465103878.007000,1465103878.757296,1465103883.758483,1465103883.819000
927,1465103878.007000,1465103878.714756,1465103883.716012,1465103883.797000
928,1465103878.007000,1465103878.739292,1465103883.740471,1465103883.822000
929,1465103878.007000,1465103878.735573,1465103883.736790,1465103883.808000
930,1465103878.007000,1465103878.675871,1465103883.677316,1465103883.759000
931,1465103878.008000,1465103878.740755,1465103883.741987,1465103883.821000
932,1465103878.008000,1465103878.715141,1465103883.716866,1465103883.795000
933,1465103878.009000,1465103878.993379,1465103883.994653,1465103884.077000
934,1465103878.009000,1465103878.974518,1465103883.975815,1465103884.054000
935,1465103878.009000,1465103878.748038,1465103883.749269,1465103883.820000
936,1465103878.009000,1465103878.696335,1465103883.697679,1465103883.784000
937,1465103878.009000,1465103878.729078,1465103883.730294,1465103883.819000
938,1465103878.009000,1465103879.020043,1465103884.021466,1465103884.101000
939,1465103878.009000,1465103878.637728,1465103883.638912,1465103883.748000
940,1465103878.010000,1465103878.730729,1465103883.732244,1465103883.808000
941,1465103878.010000,1465103878.726627,1465103883.727853,1465103883.806000
942,1465103878.010000,1465103878.738875,1465103883.740075,1465103883.819000
943,1465103878.010000,1465103878.728040,1465103883.729547,1465103883.817000
944,1465103878.010000,1465103878.753745,1465103883.755177,1465103883.815000
945,1465103878.010000,1465103878.661301,1465103883.662519,1465103883.771000
946,1465103878.010000,1465103878.719544,1465103883.731733,1465103883.817000
947,1465103878.010000,1465103878.633853,1465103883.635101,1465103883.720000
948,1465103878.010000,1465103878.724944,1465103883.726287,1465103883.814000
949,1465103878.010000,1465103878.713651,1465103883.715067,1465103883.796000
950,1465103878.010000,1465103878.695561,1465103883.696769,1465103883.793000
951,1465103878.010000,1465103878.738143,1465103883.739370,1465103883.818000
952,1465103878.010000,1465103878.699619,1465103883.700898,1465103883.788000
953,1465103878.010000,1465103878.671375,1465103883.672901,1465103883.755000
954,1465103878.011000,1465103878.704619,1465103883.706040,1465103883.783000
955,1465103878.012000,1465103879.040710,1465103884.042485,1465103884.119000
956,1465103878.012000,1465103878.697215,1465103883.698362,1465103883.785000
957,1465103878.013000,1465103878.726955,1465103883.728215,1465103883.816000
958,1465103878.013000,1465103878.702232,1465103883.703439,1465103883.788000
959,1465103878.013000,1465103878.705021,1465103883.706355,1465103883.787000
960,1465103878.013000,1465103878.731356,1465103883.732747,1465103883.814000
961,1465103878.013000,1465103878.991757,1465103883.993254,1465103884.063000
962,1465103878.013000,1465103878.711519,1465103883.712960,1465103883.783000
963,1465103878.013000,1465103878.727552,1465103883.729039,1465103883.816000
964,1465103878.013000,1465103878.703427,1465103883.704611,1465103883.782000
965,1465103878.013000,1465103878.731675,1465103883.738376,1465103883.826000
966,1465103878.014000,1465103878.719823,1465103883.721028,1465103883.799000
967,1465103878.014000,1465103878.993873,1465103883.995094,1465103884.066000
968,1465103878.014000,1465103878.724433,1465103883.725726,1465103883.805000
969,1465103878.014000,1465103878.702149,1465103883.703424,1465103883.795000
970,1465103878.015000,1465103878.760513,1465103883.761780,1465103883.822000
971,1465103878.015000,1465103878.699740,1465103883.700921,1465103883.797000
972,1465103878.015000,1465103878.706282,1465103883.707842,1465103883.800000
973,1465103878.015000,1465103879.017096,1465103884.018353,1465103884.099000
974,1465103878.015000,1465103878.735832,1465103883.750347,1465103883.831000
975,1465103878.015000,1465103878.956191,1465103883.957373,1465103884.045000
976,1465103878.015000,1465103878.730095,1465103883.731448,1465103883.799000
977,1465103878.016000,1465103878.755652,1465103883.756832,1465103883.824000
978,1465103878.016000,1465103879.008550,1465103884.009809,1465103884.076000
979,1465103878.016000,1465103878.728919,1465103883.730240,1465103883.817000
980,1465103878.016000,1465103878.677427,1465103883.678907,1465103883.767000
981,1465103878.017000,1465103878.681816,1465103883.683237,1465103883.786000
982,1465103878.017000,1465103878.730506,1465103883.731636,1465103883.818000
983,1465103878.017000,1465103878.724239,1465103883.725416,1465103883.818000
984,1465103878.018000,1465103878.736873,1465103883.738378,1465103883.820000
985,1465103878.018000,1465103878.992358,1465103883.993703,1465103884.086000
986,1465103878.018000,1465103878.722110,1465103883.723679,1465103883.812000
987,1465103878.018000,1465103878.732673,1465103883.734070,1465103883.812000
988,1465103878.018000,1465103878.715317,1465103883.716635,1465103883.796000
989,1465103878.018000,1465103878.740383,1465103883.741712,1465103883.822000
990,1465103878.018000,1465103878.714113,1465103883.715414,1465103883.807000
991,1465103878.018000,1465103878.729023,1465103883.730236,1465103883.808000
992,1465103878.018000,1465103878.718817,1465103883.720070,1465103883.799000
993,1465103878.019000,1465103879.002581,1465103884.003992,1465103884.080000
994,1465103878.019000,1465103878.651193,1465103883.652411,1465103883.734000
995,1465103878.019000,1465103878.725066,1465103883.726235,1465103883.820000
996,1465103878.019000,1465103878.725396,1465103883.726617,1465103883.805000
997,1465103878.019000,1465103878.725686,1465103883.727072,1465103883.806000
998,1465103878.020000,1465103878.705225,1465103883.706686,1465103883.787000
999,1465103878.020000,1465103878.719535,1465103883.720953,1465103883.809000
