0,1465103861.122000,1465103861.845222,1465103866.846811,1465103866.926000
1,1465103861.122000,1465103861.783369,1465103866.784868,1465103866.863000
2,1465103861.122000,1465103861.809039,1465103866.810424,1465103866.887000
3,1465103861.122000,1465103862.093647,1465103867.094880,1465103867.172000
4,1465103861.122000,1465103861.798170,1465103866.799658,1465103866.881000
5,1465103861.123000,1465103861.819440,1465103866.820930,1465103866.930000
6,1465103861.123000,1465103861.789966,1465103866.791512,1465103866.870000
7,1465103861.123000,1465103861.773710,1465103866.775398,1465103866.867000
8,1465103861.123000,1465103861.758985,1465103866.760480,1465103866.857000
9,1465103861.123000,1465103863.677737,1465103868.679239,1465103868.757000
10,1465103861.123000,1465103863.661996,1465103868.663661,1465103868.744000
11,1465103861.123000,1465103861.868517,1465103866.869802,1465103866.955000
12,1465103861.123000,1465103861.864964,1465103866.866757,1465103866.944000
13,1465103861.123000,1465103861.786648,1465103866.788173,1465103866.866000
14,1465103861.123000,1465103861.817415,1465103866.818712,1465103866.885000
15,1465103861.123000,1465103862.124892,1465103867.126778,1465103867.204000
16,1465103861.123000,1465103861.819341,1465103866.820969,1465103866.887000
17,1465103861.123000,1465103862.156619,1465103867.157875,1465103867.218000
18,1465103861.123000,1465103861.857004,1465103866.859495,1465103866.938000
19,1465103861.123000,0.000000,0.000000,0.000000
20,1465103861.123000,1465103861.781739,1465103866.783276,1465103866.864000
21,1465103861.124000,1465103861.790939,1465103866.792664,1465103866.869000
22,1465103861.124000,1465103862.052277,1465103867.053481,1465103867.140000
23,1465103861.124000,1465103861.871813,1465103866.873249,1465103866.940000
24,1465103861.125000,1465103861.853627,1465103866.854995,1465103866.922000
25,1465103861.125000,1465103861.855071,1465103866.856530,1465103866.942000
26,1465103861.125000,1465103861.812452,1465103866.813648,1465103866.923000
27,1465103861.125000,1465103862.067012,1465103867.068283,1465103867.154000
28,1465103861.125000,0.000000,0.000000,0.000000
29,1465103861.126000,1465103861.822557,1465103866.823866,1465103866.904000
30,1465103861.126000,1465103861.865603,1465103866.867377,1465103866.944000
31,1465103861.127000,1465103861.793930,1465103866.795387,1465103866.878000
32,1465103861.127000,1465103861.823641,1465103866.825054,1465103866.914000
33,1465103861.128000,1465103861.760349,1465103866.761819,1465103866.850000
34,1465103861.128000,0.000000,0.000000,0.000000
35,1465103861.128000,1465103862.064287,1465103867.065577,1465103867.145000
36,1465103861.128000,1465103861.805359,1465103866.807012,1465103866.883000
37,1465103861.128000,1465103861.863651,1465103866.875942,1465103866.954000
38,1465103861.128000,1465103862.102121,1465103867.103622,1465103867.197000
39,1465103861.128000,1465103861.758706,1465103866.760676,1465103866.837000
40,1465103861.128000,1465103861.840611,1465103866.841834,1465103866.920000
41,1465103861.128000,1465103861.811296,1465103866.812755,1465103866.880000
42,1465103861.128000,1465103861.890272,1465103866.911059,1465103866.999000
43,1465103861.128000,1465103861.837559,1465103866.839210,1465103866.918000
44,1465103861.128000,1465103862.054151,1465103867.055297,1465103867.143000
45,1465103861.128000,1465103861.812109,1465103866.813414,1465103866.893000
46,1465103861.129000,1465103862.097679,1465103867.098911,1465103867.182000
47,1465103861.129000,1465103861.792001,1465103866.793276,1465103866.873000
48,1465103861.129000,1465103861.835201,1465103866.836499,1465103866.929000
49,1465103861.130000,1465103863.668510,1465103868.670087,1465103868.750000
50,1465103861.131000,1465103861.806102,1465103866.807404,1465103866.894000
51,1465103861.132000,1465103861.765259,1465103866.766500,1465103866.862000
52,1465103861.132000,1465103862.118524,1465103867.120493,1465103867.208000
53,1465103861.132000,1465103862.130175,1465103867.131619,1465103867.208000
54,1465103861.133000,1465103862.120539,1465103867.121993,1465103867.209000
55,1465103861.134000,1465103861.843444,1465103866.844728,1465103866.921000
56,1465103861.134000,1465103861.828765,1465103866.829981,1465103866.911000
57,1465103861.134000,1465103862.063550,1465103867.064737,1465103867.153000
58,1465103861.134000,1465103861.846186,1465103866.847622,1465103866.927000
59,1465103861.134000,1465103861.865575,1465103866.867154,1465103866.946000
60,1465103861.134000,1465103862.120196,1465103867.121435,1465103867.200000
61,1465103861.134000,1465103861.817821,1465103866.819065,1465103866.899000
62,1465103861.134000,1465103862.095657,1465103867.096974,1465103867.176000
63,1465103861.134000,1465103861.767432,1465103866.768893,1465103866.861000
64,1465103861.134000,1465103863.663712,1465103868.665006,1465103868.749000
65,1465103861.134000,1465103862.141566,1465103867.143722,1465103867.222000
66,1465103861.135000,1465103862.043110,1465103867.044704,1465103867.141000
67,1465103861.135000,1465103862.051540,1465103867.052727,1465103867.137000
68,1465103861.135000,1465103861.793640,1465103866.795205,1465103866.862000
69,1465103861.135000,1465103861.871141,1465103866.872782,1465103866.953000
70,1465103861.135000,1465103861.799624,1465103866.800847,1465103866.878000
71,1465103861.135000,1465103861.761590,1465103866.763096,1465103866.857000
72,1465103861.135000,1465103862.166724,1465103867.168358,1465103867.235000
73,1465103861.135000,1465103862.142405,1465103867.143589,1465103867.221000
74,1465103861.135000,1465103862.097577,1465103867.117234,1465103867.193000
75,1465103861.135000,1465103861.797630,1465103866.799031,1465103866.881000
76,1465103861.135000,1465103862.042375,1465103867.045664,1465103867.142000
77,1465103861.135000,1465103861.882613,1465103866.884042,1465103866.972000
78,1465103861.135000,1465103861.827252,1465103866.828498,1465103866.894000
79,1465103861.135000,1465103861.792784,1465103866.794101,1465103866.886000
80,1465103861.135000,1465103862.093519,1465103867.094768,1465103867.161000
81,1465103861.135000,1465103861.841288,1465103866.843041,1465103866.919000
82,1465103861.136000,1465103861.794825,1465103866.796043,1465103866.874000
83,1465103861.136000,1465103862.131919,1465103867.133157,1465103867.212000
84,1465103861.136000,1465103862.096183,1465103867.097747,1465103867.174000
85,1465103861.136000,1465103861.871495,1465103866.872859,1465103866.961000
86,1465103861.136000,1465103862.106412,1465103867.107829,1465103867.188000
87,1465103861.136000,1465103863.681127,1465103868.682699,1465103868.749000
88,1465103861.136000,1465103863.671617,1465103868.673006,1465103868.750000
89,1465103861.136000,1465103862.128103,1465103867.129952,1465103867.197000
90,1465103861.136000,1465103861.864166,1465103866.865465,1465103866.945000
91,1465103861.136000,1465103861.801764,1465103866.803049,1465103866.896000
92,1465103861.136000,1465103862.059270,1465103867.060468,1465103867.148000
93,1465103861.136000,1465103863.693210,1465103868.710097,1465103868.777000
94,1465103861.136000,1465103862.133487,1465103867.134749,1465103867.208000
95,1465103861.136000,1465103862.093931,1465103867.095238,1465103867.187000
96,1465103861.136000,1465103863.660479,1465103868.673823,1465103868.755000
97,1465103861.136000,1465103862.121183,1465103867.123097,1465103867.201000
98,1465103861.136000,1465103862.117952,1465103867.119265,1465103867.192000
99,1465103861.136000,1465103861.779007,1465103866.780214,1465103866.875000
100,1465103861.136000,1465103861.810969,1465103866.812526,1465103866.893000
101,1465103861.137000,1465103861.804295,1465103866.806279,1465103866.886000
102,1465103861.137000,1465103861.871546,1465103866.872811,1465103866.939000
103,1465103861.137000,1465103862.178017,1465103867.179243,1465103867.240000
104,1465103861.137000,1465103861.865111,1465103866.866271,1465103866.938000
105,1465103861.138000,1465103861.879368,1465103866.881521,1465103866.957000
106,1465103861.141000,1465103861.872561,1465103866.874000,1465103866.953000
107,1465103861.143000,1465103862.079860,1465103867.081023,1465103867.159000
108,1465103861.143000,1465103862.108807,1465103867.110149,1465103867.191000
109,1465103861.147000,1465103862.095561,1465103867.096933,1465103867.184000
110,1465103861.147000,1465103862.148068,1465103867.149326,1465103867.235000
111,1465103861.147000,1465103861.766763,1465103866.768338,1465103866.856000
112,1465103861.147000,1465103862.152539,1465103867.163479,1465103867.242000
113,1465103861.147000,1465103861.839311,1465103866.840661,1465103866.920000
114,1465103861.147000,1465103861.839299,1465103866.840698,1465103866.928000
115,1465103861.147000,1465103862.112336,1465103867.113731,1465103867.223000
116,1465103861.147000,1465103861.805462,1465103866.806717,1465103866.903000
117,1465103861.147000,1465103862.049317,1465103867.050837,1465103867.137000
118,1465103861.147000,0.000000,0.000000,0.000000
119,1465103861.147000,1465103862.117137,1465103867.118434,1465103867.205000
120,1465103861.149000,1465103862.051614,1465103867.053204,1465103867.163000
121,1465103861.149000,1465103862.041607,1465103867.043920,1465103867.140000
122,1465103861.149000,1465103861.795454,1465103866.796695,1465103866.877000
123,1465103861.149000,1465103862.113133,1465103867.114429,1465103867.195000
124,1465103861.149000,1465103861.817201,1465103866.818634,1465103866.894000
125,1465103861.150000,1465103862.124519,1465103867.126004,1465103867.203000
126,1465103861.150000,1465103862.127428,1465103867.129258,1465103867.217000
127,1465103861.150000,1465103863.683604,1465103868.685062,1465103868.766000
128,1465103861.150000,1465103861.855649,1465103866.856862,1465103866.936000
129,1465103861.150000,1465103862.127398,1465103867.129039,1465103867.216000
130,1465103861.150000,1465103861.834177,1465103866.854456,1465103866.933000
131,1465103861.150000,1465103861.886350,1465103866.887579,1465103866.980000
132,1465103861.151000,1465103862.136229,1465103867.137852,1465103867.214000
133,1465103861.151000,1465103861.793803,1465103866.810841,1465103866.892000
134,1465103861.151000,1465103862.057255,1465103867.058540,1465103867.152000
135,1465103861.151000,1465103862.162858,1465103867.164128,1465103867.244000
136,1465103861.151000,1465103861.843346,1465103866.844657,1465103866.923000
137,1465103861.151000,1465103861.803893,1465103866.805364,1465103866.882000
138,1465103861.151000,1465103861.897571,1465103866.898839,1465103866.966000
139,1465103861.151000,1465103861.828162,1465103866.829384,1465103866.926000
140,1465103861.152000,1465103861.779118,1465103866.780608,1465103866.841000
141,1465103861.152000,1465103861.894781,1465103866.900591,1465103866.978000
142,1465103861.152000,1465103862.102235,1465103867.103895,1465103867.192000
143,1465103861.152000,1465103862.131207,1465103867.132634,1465103867.206000
144,1465103861.153000,0.000000,0.000000,0.000000
145,1465103861.153000,1465103862.093246,1465103867.094583,1465103867.174000
146,1465103861.153000,1465103862.110349,1465103867.111626,1465103867.184000
147,1465103861.153000,1465103861.842961,1465103866.844886,1465103866.923000
148,1465103861.154000,1465103861.792121,1465103866.793729,1465103866.876000
149,1465103861.154000,1465103862.073073,1465103867.074208,1465103867.184000
150,1465103861.154000,0.000000,0.000000,0.000000
151,1465103861.154000,1465103861.848437,1465103866.849921,1465103866.937000
152,1465103861.154000,1465103861.811095,1465103866.812733,1465103866.892000
153,1465103861.154000,1465103862.105080,1465103867.106391,1465103867.183000
154,1465103861.154000,1465103861.857407,1465103866.859076,1465103866.941000
155,1465103861.154000,1465103861.785974,1465103866.787512,1465103866.873000
156,1465103861.155000,1465103862.088262,1465103867.089589,1465103867.168000
157,1465103861.155000,1465103861.803392,1465103866.804828,1465103866.892000
158,1465103861.155000,1465103862.119470,1465103867.120688,1465103867.202000
159,1465103861.155000,1465103862.097853,1465103867.099082,1465103867.166000
160,1465103861.155000,1465103862.154599,1465103867.155830,1465103867.242000
161,1465103861.155000,1465103861.888582,1465103866.890263,1465103866.972000
162,1465103861.155000,1465103861.855950,1465103866.857484,1465103866.942000
163,1465103861.156000,1465103862.171326,1465103867.172561,1465103867.258000
164,1465103861.156000,1465103862.119109,1465103867.120926,1465103867.209000
165,1465103861.156000,1465103862.103646,1465103867.104877,1465103867.182000
166,1465103861.156000,1465103862.154159,1465103867.155473,1465103867.235000
167,1465103861.156000,1465103863.683851,1465103868.685548,1465103868.765000
168,1465103861.156000,1465103862.095506,1465103867.096738,1465103867.175000
169,1465103861.156000,1465103863.685940,1465103868.687203,1465103868.768000
170,1465103861.156000,1465103861.818449,1465103866.820156,1465103866.894000
171,1465103861.156000,1465103862.078470,1465103867.079691,1465103867.164000
172,1465103861.157000,1465103862.194024,1465103867.195264,1465103867.275000
173,1465103861.157000,1465103862.065171,1465103867.066339,1465103867.145000
174,1465103861.157000,0.000000,0.000000,0.000000
175,1465103861.157000,1465103862.168475,1465103867.169705,1465103867.251000
176,1465103861.157000,1465103862.133826,1465103867.135046,1465103867.195000
177,1465103861.157000,1465103863.711287,1465103868.712634,1465103868.776000
178,1465103861.157000,1465103862.082009,1465103867.083355,1465103867.154000
179,1465103861.157000,1465103863.703158,1465103868.704622,1465103868.771000
180,1465103861.157000,1465103862.134936,1465103867.136638,1465103867.212000
181,1465103861.157000,1465103862.137809,1465103867.159123,1465103867.238000
182,1465103861.157000,1465103862.073519,1465103867.074957,1465103867.157000
183,1465103861.157000,1465103862.109530,1465103867.110791,1465103867.191000
184,1465103861.157000,1465103861.848758,1465103866.850010,1465103866.930000
185,1465103861.157000,1465103861.839139,1465103866.840319,1465103866.932000
186,1465103861.157000,1465103861.842859,1465103866.844231,1465103866.932000
187,1465103861.157000,1465103861.861853,1465103866.865328,1465103866.944000
188,1465103861.157000,1465103862.089864,1465103867.091505,1465103867.168000
189,1465103861.157000,1465103862.125978,1465103867.127232,1465103867.206000
190,1465103861.157000,1465103861.830828,1465103866.832086,1465103866.898000
191,1465103861.157000,1465103862.062816,1465103867.064020,1465103867.145000
192,1465103861.157000,1465103862.063425,1465103867.064727,1465103867.156000
193,1465103861.157000,1465103861.831477,1465103866.833427,1465103866.911000
194,1465103861.157000,1465103862.123431,1465103867.124753,1465103867.192000
195,1465103861.157000,1465103862.130618,1465103867.131860,1465103867.217000
196,1465103861.157000,1465103861.815505,1465103866.816846,1465103866.888000
197,1465103861.157000,1465103862.151667,1465103867.153640,1465103867.235000
198,1465103861.157000,1465103861.878905,1465103866.880795,1465103866.956000
199,1465103861.157000,0.000000,0.000000,0.000000
200,1465103861.157000,1465103861.863546,1465103866.866040,1465103866.944000
201,1465103861.157000,1465103862.135884,1465103867.137134,1465103867.203000
202,1465103861.157000,0.000000,0.000000,0.000000
203,1465103861.157000,1465103861.824023,1465103866.825283,1465103866.904000
204,1465103861.157000,1465103861.893335,1465103866.894599,1465103866.983000
205,1465103861.157000,1465103862.132063,1465103867.133383,1465103867.221000
206,1465103861.158000,1465103861.837792,1465103866.838949,1465103866.916000
207,1465103861.158000,1465103861.815794,1465103866.817234,1465103866.894000
208,1465103861.158000,1465103862.088051,1465103867.089443,1465103867.170000
209,1465103861.158000,1465103861.841063,1465103866.843656,1465103866.945000
210,1465103861.158000,1465103862.064717,1465103867.065868,1465103867.175000
211,1465103861.158000,1465103863.710237,1465103868.711455,1465103868.778000
212,1465103861.158000,1465103861.815709,1465103866.816929,1465103866.895000
213,1465103861.158000,1465103861.860954,1465103866.862431,1465103866.948000
214,1465103861.158000,1465103862.104438,1465103867.106381,1465103867.193000
215,1465103861.158000,1465103862.090664,1465103867.092031,1465103867.180000
216,1465103861.158000,1465103861.849209,1465103866.850766,1465103866.929000
217,1465103861.158000,1465103861.878517,1465103866.879949,1465103866.953000
218,1465103861.158000,1465103862.087672,1465103867.089158,1465103867.177000
219,1465103861.158000,1465103861.823381,1465103866.824702,1465103866.927000
220,1465103861.158000,1465103862.098845,1465103867.100067,1465103867.193000
221,1465103861.158000,1465103861.872067,1465103866.873356,1465103866.947000
222,1465103861.158000,1465103862.122001,1465103867.123452,1465103867.199000
223,1465103861.158000,1465103861.849652,1465103866.850914,1465103866.953000
224,1465103861.158000,1465103861.839743,1465103866.862247,1465103866.938000
225,1465103861.158000,1465103862.115178,1465103867.116437,1465103867.199000
226,1465103861.158000,1465103861.869625,1465103866.871260,1465103866.953000
227,1465103861.158000,0.000000,0.000000,0.000000
228,1465103861.158000,1465103861.882390,1465103866.883784,1465103866.961000
229,1465103861.158000,1465103862.106822,1465103867.107953,1465103867.202000
230,1465103861.158000,1465103861.816763,1465103866.825269,1465103866.904000
231,1465103861.158000,1465103862.106344,1465103867.107555,1465103867.186000
232,1465103861.158000,1465103861.841950,1465103866.843930,1465103866.925000
233,1465103861.158000,1465103861.855598,1465103866.857148,1465103866.945000
234,1465103861.158000,1465103861.831300,1465103866.832486,1465103866.925000
235,1465103861.158000,1465103861.867424,1465103866.868889,1465103866.940000
236,1465103861.158000,1465103861.861833,1465103866.863129,1465103866.943000
237,1465103861.158000,1465103861.858771,1465103866.860257,1465103866.937000
238,1465103861.158000,1465103862.142000,1465103867.143651,1465103867.223000
239,1465103861.158000,1465103861.771100,1465103866.772346,1465103866.882000
240,1465103861.158000,1465103862.065033,1465103867.066374,1465103867.154000
241,1465103861.159000,1465103862.169638,1465103867.170889,1465103867.237000
242,1465103861.159000,1465103861.847911,1465103866.849119,1465103866.928000
243,1465103861.159000,1465103863.671100,1465103868.672592,1465103868.750000
244,1465103861.159000,1465103861.841550,1465103866.842802,1465103866.914000
245,1465103861.159000,1465103862.138349,1465103867.139632,1465103867.231000
246,1465103861.159000,1465103861.862447,1465103866.864083,1465103866.943000
247,1465103861.159000,1465103862.101529,1465103867.102906,1465103867.183000
248,1465103861.159000,1465103861.808803,1465103866.810041,1465103866.888000
249,1465103861.159000,1465103862.139862,1465103867.141082,1465103867.229000
250,1465103861.159000,1465103862.167765,1465103867.169437,1465103867.230000
251,1465103861.159000,1465103861.849593,1465103866.850948,1465103866.927000
252,1465103861.159000,1465103861.849054,1465103866.850253,1465103866.931000
253,1465103861.159000,1465103861.885925,1465103866.887884,1465103866.968000
254,1465103861.159000,1465103861.857230,1465103866.858477,1465103866.943000
255,1465103861.159000,1465103861.842446,1465103866.843875,1465103866.925000
256,1465103861.159000,1465103861.819607,1465103866.821266,1465103866.923000
257,1465103861.159000,1465103862.089230,1465103867.090569,1465103867.186000
258,1465103861.159000,1465103861.845834,1465103866.848731,1465103866.929000
259,1465103861.159000,1465103861.834928,1465103866.836227,1465103866.913000
260,1465103861.159000,1465103863.689874,1465103868.691594,1465103868.772000
261,1465103861.159000,1465103861.848340,1465103866.849954,1465103866.928000
262,1465103861.159000,1465103861.823491,1465103866.824862,1465103866.910000
263,1465103861.159000,1465103862.080523,1465103867.081716,1465103867.173000
264,1465103861.159000,1465103861.865673,1465103866.868055,1465103866.948000
265,1465103861.159000,1465103863.682707,1465103868.684508,1465103868.764000
266,1465103861.159000,1465103861.812150,1465103866.813384,1465103866.906000
267,1465103861.159000,1465103862.111072,1465103867.112288,1465103867.199000
268,1465103861.159000,1465103862.068578,1465103867.069729,1465103867.179000
269,1465103861.159000,1465103862.044214,1465103867.045503,1465103867.147000
270,1465103861.159000,1465103861.855268,1465103866.856756,1465103866.943000
271,1465103861.159000,1465103862.130960,1465103867.132161,1465103867.213000
272,1465103861.159000,1465103862.121766,1465103867.123100,1465103867.202000
273,1465103861.159000,1465103862.152717,1465103867.153937,1465103867.214000
274,1465103861.160000,1465103862.103254,1465103867.104732,1465103867.193000
275,1465103861.159000,1465103861.826264,1465103866.827538,1465103866.906000
276,1465103861.160000,1465103861.804442,1465103866.805764,1465103866.898000
277,1465103861.160000,1465103862.104885,1465103867.125377,1465103867.212000
278,1465103861.160000,1465103862.055457,1465103867.056725,1465103867.153000
279,1465103861.160000,1465103861.831935,1465103866.834256,1465103866.912000
280,1465103861.160000,1465103863.708087,1465103868.721212,1465103868.781000
281,1465103861.160000,1465103862.173516,1465103867.174792,1465103867.254000
282,1465103861.160000,1465103862.123183,1465103867.124569,1465103867.195000
283,1465103861.160000,1465103861.814378,1465103866.816144,1465103866.888000
284,1465103861.160000,1465103861.833800,1465103866.835074,1465103866.915000
285,1465103861.163000,1465103862.130096,1465103867.131348,1465103867.212000
286,1465103861.165000,1465103861.832259,1465103866.833637,1465103866.913000
287,1465103861.165000,1465103862.167252,1465103867.168820,1465103867.229000
288,1465103861.173000,1465103862.137452,1465103867.139065,1465103867.228000
289,1465103861.173000,1465103862.051210,1465103867.055091,1465103867.165000
290,1465103861.173000,1465103861.874103,1465103866.875911,1465103866.963000
291,1465103861.173000,1465103862.122888,1465103867.124160,1465103867.215000
292,1465103861.181000,1465103861.889928,1465103866.892609,1465103866.964000
293,1465103861.183000,1465103862.105009,1465103867.106262,1465103867.187000
294,1465103861.183000,1465103861.767580,1465103866.769106,1465103866.878000
295,1465103861.184000,1465103861.822844,1465103866.824104,1465103866.911000
296,1465103861.184000,1465103862.145554,1465103867.147020,1465103867.214000
297,1465103861.184000,1465103861.832431,1465103866.833662,1465103866.912000
298,1465103861.184000,1465103861.850068,1465103866.851343,1465103866.938000
299,1465103861.184000,1465103861.840178,1465103866.841664,1465103866.927000
300,1465103861.184000,1465103861.859574,1465103866.860881,1465103866.942000
301,1465103861.184000,1465103861.884754,1465103866.886020,1465103866.971000
302,1465103861.184000,1465103862.093513,1465103867.094691,1465103867.204000
303,1465103861.184000,1465103861.899168,1465103866.900571,1465103866.976000
304,1465103861.184000,1465103861.867916,1465103866.869113,1465103866.946000
305,1465103861.184000,1465103862.115873,1465103867.117056,1465103867.227000
306,1465103861.184000,1465103862.111402,1465103867.115602,1465103867.203000
307,1465103861.184000,1465103861.893074,1465103866.894283,1465103866.979000
308,1465103861.185000,1465103861.877653,1465103866.878826,1465103866.956000
309,1465103861.185000,1465103862.092894,1465103867.094105,1465103867.175000
310,1465103861.185000,1465103862.152124,1465103867.153550,1465103867.235000
311,1465103861.185000,1465103862.127648,1465103867.129047,1465103867.210000
312,1465103861.185000,1465103861.856199,1465103866.857438,1465103866.960000
313,1465103861.185000,1465103861.804744,1465103866.814374,1465103866.894000
314,1465103861.185000,1465103861.825069,1465103866.826594,1465103866.905000
315,1465103861.186000,1465103862.097314,1465103867.098687,1465103867.191000
316,1465103861.186000,1465103861.874282,1465103866.875806,1465103866.963000
317,1465103861.186000,0.000000,0.000000,0.000000
318,1465103861.186000,1465103861.868279,1465103866.870032,1465103866.953000
319,1465103861.186000,1465103861.861774,1465103866.863414,1465103866.935000
320,1465103861.186000,1465103861.842587,1465103866.844122,1465103866.920000
321,1465103861.186000,1465103861.876786,1465103866.892156,1465103866.981000
322,1465103861.186000,1465103861.890658,1465103866.891932,1465103866.973000
323,1465103861.186000,1465103863.694110,1465103868.703381,1465103868.774000
324,1465103861.186000,1465103862.116025,1465103867.117579,1465103867.209000
325,1465103861.186000,1465103861.872772,1465103866.874204,1465103866.941000
326,1465103861.186000,1465103861.825363,1465103866.826617,1465103866.906000
327,1465103861.187000,1465103862.183270,1465103867.184491,1465103867.251000
328,1465103861.187000,1465103861.857704,1465103866.859462,1465103866.938000
329,1465103861.187000,1465103861.810149,1465103866.811468,1465103866.921000
330,1465103861.187000,1465103861.870451,1465103866.872114,1465103866.949000
331,1465103861.187000,1465103862.140192,1465103867.141415,1465103867.220000
332,1465103861.187000,1465103861.912148,1465103866.913588,1465103866.981000
333,1465103861.187000,1465103861.879994,1465103866.892271,1465103866.965000
334,1465103861.188000,1465103862.155423,1465103867.156635,1465103867.244000
335,1465103861.188000,1465103861.859266,1465103866.874975,1465103866.954000
336,1465103861.188000,1465103861.798509,1465103866.799873,1465103866.877000
337,1465103861.188000,1465103862.156118,1465103867.157358,1465103867.249000
338,1465103861.188000,1465103863.705084,1465103868.706306,1465103868.773000
339,1465103861.188000,1465103862.177257,1465103867.178600,1465103867.259000
340,1465103861.188000,1465103861.864411,1465103866.866004,1465103866.943000
341,1465103861.188000,1465103862.112538,1465103867.113813,1465103867.202000
342,1465103861.188000,1465103862.130516,1465103867.131735,1465103867.241000
343,1465103861.188000,1465103861.796814,1465103866.798149,1465103866.881000
344,1465103861.188000,1465103862.127318,1465103867.128476,1465103867.199000
345,1465103861.189000,1465103861.796753,1465103866.798033,1465103866.907000
346,1465103861.189000,1465103862.106268,1465103867.107758,1465103867.183000
347,1465103861.189000,1465103861.862880,1465103866.864121,1465103866.950000
348,1465103861.189000,1465103861.827568,1465103866.828762,1465103866.938000
349,1465103861.190000,1465103862.098850,1465103867.100078,1465103867.187000
350,1465103861.190000,1465103861.879890,1465103866.881679,1465103866.963000
351,1465103861.190000,1465103861.873357,1465103866.889920,1465103866.957000
352,1465103861.190000,1465103861.833660,1465103866.854836,1465103866.934000
353,1465103861.190000,1465103862.117482,1465103867.118690,1465103867.185000
354,1465103861.190000,1465103862.113895,1465103867.115199,1465103867.195000
355,1465103861.190000,1465103862.167614,1465103867.169004,1465103867.235000
356,1465103861.190000,1465103861.824668,1465103866.841460,1465103866.917000
357,1465103861.190000,1465103862.118974,1465103867.120239,1465103867.212000
358,1465103861.190000,1465103861.843353,1465103866.858731,1465103866.938000
359,1465103861.190000,1465103862.167795,1465103867.169317,1465103867.261000
360,1465103861.190000,1465103861.858149,1465103866.861517,1465103866.938000
361,1465103861.191000,1465103862.126391,1465103867.129963,1465103867.217000
362,1465103861.191000,1465103861.864077,1465103866.865616,1465103866.944000
363,1465103861.191000,1465103861.816447,1465103866.835290,1465103866.945000
364,1465103861.191000,1465103861.890981,1465103866.892616,1465103866.981000
365,1465103861.191000,1465103862.142580,1465103867.143988,1465103867.233000
366,1465103861.191000,1465103862.160531,1465103867.161740,1465103867.223000
367,1465103861.191000,1465103861.798157,1465103866.799359,1465103866.909000
368,1465103861.192000,1465103862.141694,1465103867.143021,1465103867.239000
369,1465103861.192000,1465103861.829762,1465103866.830925,1465103866.913000
370,1465103861.192000,1465103861.822167,1465103866.823404,1465103866.891000
371,1465103861.192000,1465103862.125063,1465103867.126319,1465103867.193000
372,1465103861.192000,1465103861.840656,1465103866.842327,1465103866.919000
373,1465103861.192000,1465103861.849142,1465103866.850636,1465103866.929000
374,1465103861.192000,1465103861.859792,1465103866.860985,1465103866.927000
375,1465103861.192000,1465103862.112803,1465103867.114256,1465103867.181000
376,1465103861.193000,1465103861.901277,1465103866.902664,1465103866.981000
377,1465103861.194000,1465103861.758213,1465103866.759688,1465103866.849000
378,1465103861.194000,1465103861.795344,1465103866.796642,1465103866.885000
379,1465103861.194000,1465103861.826258,1465103866.827471,1465103866.908000
380,1465103861.194000,1465103862.143460,1465103867.144735,1465103867.236000
381,1465103861.195000,1465103862.124171,1465103867.125341,1465103867.235000
382,1465103861.195000,1465103861.876972,1465103866.878769,1465103866.966000
383,1465103861.195000,1465103861.898911,1465103866.906748,1465103866.988000
384,1465103861.195000,1465103862.199370,1465103867.200584,1465103867.280000
385,1465103861.195000,1465103861.823980,1465103866.825329,1465103866.935000
386,1465103861.196000,1465103862.121686,1465103867.137808,1465103867.233000
387,1465103861.196000,1465103861.862986,1465103866.864605,1465103866.943000
388,1465103861.196000,1465103861.866040,1465103866.867638,1465103866.950000
389,1465103861.196000,1465103861.858506,1465103866.859802,1465103866.927000
390,1465103861.197000,1465103862.193674,1465103867.194846,1465103867.262000
391,1465103861.197000,1465103861.890034,1465103866.891266,1465103866.969000
392,1465103861.197000,1465103861.936168,1465103866.937382,1465103867.003000
393,1465103861.197000,1465103861.846438,1465103866.847887,1465103866.927000
394,1465103861.197000,1465103861.827509,1465103866.841454,1465103866.924000
395,1465103861.197000,1465103861.829159,1465103866.830520,1465103866.923000
396,1465103861.197000,1465103862.111217,1465103867.112478,1465103867.208000
397,1465103861.197000,1465103861.832624,1465103866.834243,1465103866.922000
398,1465103861.197000,1465103862.125007,1465103867.126159,1465103867.221000
399,1465103861.197000,1465103862.098961,1465103867.100190,1465103867.178000
400,1465103861.197000,1465103861.875910,1465103866.877193,1465103866.944000
401,1465103861.198000,1465103861.868456,1465103866.869945,1465103866.955000
402,1465103861.198000,1465103861.863039,1465103866.864292,1465103866.950000
403,1465103861.198000,1465103861.891708,1465103866.912121,1465103866.998000
404,1465103861.198000,1465103861.882376,1465103866.894920,1465103866.974000
405,1465103861.198000,1465103861.876922,1465103866.878466,1465103866.954000
406,1465103861.199000,1465103862.124797,1465103867.126321,1465103867.197000
407,1465103861.199000,1465103862.120453,1465103867.121689,1465103867.194000
408,1465103861.199000,1465103861.835704,1465103866.836974,1465103866.914000
409,1465103861.199000,1465103862.119687,1465103867.121226,1465103867.208000
410,1465103861.199000,1465103862.141516,1465103867.144669,1465103867.224000
411,1465103861.199000,1465103861.867975,1465103866.869380,1465103866.950000
412,1465103861.199000,1465103861.889251,1465103866.903355,1465103866.975000
413,1465103861.199000,1465103861.869348,1465103866.870658,1465103866.951000
414,1465103861.199000,1465103861.877195,1465103866.897981,1465103866.985000
415,1465103861.199000,1465103861.804912,1465103866.806322,1465103866.892000
416,1465103861.199000,1465103861.892012,1465103866.893053,1465103866.981000
417,1465103861.200000,1465103861.900828,1465103866.902072,1465103866.968000
418,1465103861.200000,1465103862.118394,1465103867.119613,1465103867.228000
419,1465103861.200000,1465103862.156060,1465103867.157333,1465103867.238000
420,1465103861.201000,1465103861.840181,1465103866.841761,1465103866.913000
421,1465103861.201000,1465103861.851359,1465103866.852576,1465103866.934000
422,1465103861.201000,1465103861.872856,1465103866.874065,1465103866.962000
423,1465103861.201000,1465103861.874626,1465103866.875788,1465103866.943000
424,1465103861.201000,1465103861.845191,1465103866.846345,1465103866.925000
425,1465103861.201000,1465103861.815409,1465103866.816868,1465103866.908000
426,1465103861.201000,1465103861.887734,1465103866.892211,1465103866.981000
427,1465103861.201000,1465103861.821649,1465103866.822960,1465103866.932000
428,1465103861.202000,1465103861.866691,1465103866.868079,1465103866.956000
429,1465103861.202000,1465103862.129658,1465103867.138767,1465103867.217000
430,1465103861.202000,1465103862.165097,1465103867.166431,1465103867.233000
431,1465103861.202000,1465103861.887036,1465103866.906492,1465103866.988000
432,1465103861.203000,1465103861.850844,1465103866.852201,1465103866.931000
433,1465103861.203000,1465103861.880148,1465103866.881373,1465103866.983000
434,1465103861.203000,1465103861.792528,1465103866.793762,1465103866.903000
435,1465103861.203000,1465103861.862153,1465103866.863671,1465103866.940000
436,1465103861.203000,1465103861.833753,1465103866.835046,1465103866.923000
437,1465103861.203000,1465103861.868817,1465103866.870053,1465103866.948000
438,1465103861.203000,1465103861.846368,1465103866.847888,1465103866.923000
439,1465103861.203000,1465103861.869384,1465103866.871186,1465103866.947000
440,1465103861.204000,1465103861.884587,1465103866.886059,1465103866.974000
441,1465103861.204000,1465103861.834991,1465103866.836479,1465103866.911000
442,1465103861.204000,1465103861.846521,1465103866.847821,1465103866.950000
443,1465103861.204000,1465103861.877782,1465103866.879525,1465103866.956000
444,1465103861.204000,1465103862.147153,1465103867.148490,1465103867.229000
445,1465103861.204000,1465103861.866346,1465103866.868103,1465103866.944000
446,1465103861.204000,1465103861.885129,1465103866.886884,1465103866.964000
447,1465103861.204000,1465103861.875098,1465103866.892016,1465103866.965000
448,1465103861.205000,1465103861.874673,1465103866.876006,1465103866.963000
449,1465103861.205000,1465103861.882736,1465103866.883913,1465103866.962000
450,1465103861.205000,1465103862.101824,1465103867.103617,1465103867.198000
451,1465103861.205000,1465103861.874508,1465103866.875730,1465103866.964000
452,1465103861.205000,1465103861.857606,1465103866.858908,1465103866.944000
453,1465103861.206000,1465103862.153558,1465103867.155154,1465103867.243000
454,1465103861.206000,1465103861.844290,1465103866.845772,1465103866.948000
455,1465103861.206000,1465103861.818642,1465103866.819883,1465103866.898000
456,1465103861.207000,1465103861.865210,1465103866.866520,1465103866.940000
457,1465103861.207000,1465103861.859085,1465103866.861869,1465103866.937000
458,1465103861.207000,1465103861.854619,1465103866.855843,1465103866.927000
459,1465103861.207000,1465103861.854761,1465103866.874326,1465103866.961000
460,1465103861.207000,1465103861.908608,1465103866.909757,1465103866.981000
461,1465103861.207000,1465103861.825138,1465103866.826369,1465103866.907000
462,1465103861.207000,1465103861.861822,1465103866.863036,1465103866.957000
463,1465103861.208000,1465103862.147643,1465103867.148929,1465103867.222000
464,1465103861.208000,1465103861.866255,1465103866.869675,1465103866.950000
465,1465103861.208000,1465103861.862894,1465103866.864355,1465103866.952000
466,1465103861.208000,1465103861.890144,1465103866.891417,1465103866.977000
467,1465103861.209000,1465103861.858232,1465103866.859546,1465103866.927000
468,1465103861.209000,1465103862.146717,1465103867.147967,1465103867.209000
469,1465103861.209000,1465103862.175820,1465103867.177207,1465103867.237000
470,1465103861.209000,1465103861.863408,1465103866.864597,1465103866.950000
471,1465103861.209000,1465103862.176149,1465103867.177311,1465103867.244000
472,1465103861.209000,1465103862.113782,1465103867.115102,1465103867.176000
473,1465103861.210000,1465103861.874221,1465103866.875764,1465103866.958000
474,1465103861.210000,1465103862.137267,1465103867.138665,1465103867.219000
475,1465103861.210000,1465103861.895998,1465103866.897234,1465103866.968000
476,1465103861.210000,1465103861.884785,1465103866.893661,1465103866.975000
477,1465103861.210000,1465103861.878368,1465103866.879558,1465103866.965000
478,1465103861.211000,1465103861.883151,1465103866.884618,1465103866.974000
479,1465103861.211000,1465103861.879912,1465103866.881149,1465103866.967000
480,1465103861.211000,1465103861.778516,1465103866.780240,1465103866.859000
481,1465103861.211000,1465103861.915970,1465103866.917191,1465103866.988000
482,1465103861.211000,1465103861.831974,1465103866.833283,1465103866.914000
483,1465103861.211000,1465103861.866907,1465103866.868424,1465103866.949000
484,1465103861.211000,1465103861.894225,1465103866.914592,1465103866.992000
485,1465103861.211000,1465103861.869116,1465103866.873967,1465103866.960000
486,1465103861.212000,1465103861.899384,1465103866.900589,1465103866.989000
487,1465103861.212000,1465103861.862865,1465103866.864335,1465103866.952000
488,1465103861.212000,1465103861.880057,1465103866.881257,1465103866.959000
489,1465103861.212000,1465103861.889254,1465103866.890500,1465103866.971000
490,1465103861.213000,1465103861.881141,1465103866.882614,1465103866.964000
491,1465103861.213000,1465103862.167484,1465103867.169433,1465103867.260000
492,1465103861.213000,1465103861.873763,1465103866.875036,1465103866.953000
493,1465103861.213000,1465103861.872900,1465103866.874198,1465103866.961000
494,1465103861.213000,1465103861.873934,1465103866.875301,1465103866.956000
495,1465103861.213000,1465103861.860412,1465103866.877364,1465103866.954000
496,1465103861.213000,1465103862.024579,1465103867.025802,1465103867.118000
497,1465103861.213000,1465103862.003821,1465103867.005204,1465103867.097000
498,1465103861.213000,1465103862.049889,1465103867.051058,1465103867.130000
499,1465103861.213000,1465103862.168414,1465103867.169717,1465103867.251000
500,1465103861.213000,1465103861.877793,1465103866.879048,1465103866.967000
501,1465103861.213000,1465103861.879241,1465103866.880795,1465103866.966000
502,1465103861.213000,1465103862.000562,1465103867.001933,1465103867.094000
503,1465103861.213000,1465103862.161632,1465103867.162907,1465103867.241000
504,1465103861.214000,1465103862.349531,1465103867.350731,1465103867.428000
505,1465103861.214000,1465103861.893530,1465103866.894912,1465103866.966000
506,1465103861.214000,1465103861.868461,1465103866.870034,1465103866.958000
507,1465103861.214000,1465103862.039927,1465103867.042015,1465103867.115000
508,1465103861.214000,1465103861.945208,1465103866.946592,1465103867.034000
509,1465103861.214000,1465103862.249253,1465103867.250411,1465103867.345000
510,1465103861.214000,1465103861.983992,1465103866.985184,1465103867.063000
511,1465103861.214000,1465103862.023472,1465103867.024667,1465103867.120000
512,1465103861.214000,1465103862.301834,1465103867.303144,1465103867.370000
513,1465103861.214000,1465103861.858891,1465103866.874359,1465103866.953000
514,1465103861.214000,1465103861.898956,1465103866.900245,1465103866.973000
515,1465103861.214000,1465103861.880319,1465103866.892181,1465103866.977000
516,1465103861.214000,1465103861.826738,1465103866.835291,1465103866.945000
517,1465103861.214000,1465103861.886561,1465103866.887800,1465103866.973000
518,1465103861.214000,1465103861.879007,1465103866.880301,1465103866.972000
519,1465103861.214000,1465103861.884264,1465103866.885620,1465103866.972000
520,1465103861.214000,1465103861.904724,1465103866.906358,1465103866.992000
521,1465103861.214000,1465103861.841322,1465103866.855000,1465103866.935000
522,1465103861.214000,1465103861.859448,1465103866.860662,1465103866.939000
523,1465103861.214000,1465103861.884150,1465103866.885412,1465103866.965000
524,1465103861.214000,1465103861.962625,1465103866.963814,1465103867.059000
525,1465103861.214000,1465103862.142310,1465103867.143547,1465103867.224000
526,1465103861.214000,1465103861.978479,1465103866.979876,1465103867.068000
527,1465103861.214000,1465103861.998835,1465103867.000090,1465103867.082000
528,1465103861.214000,1465103861.878672,1465103866.880387,1465103866.960000
529,1465103861.214000,1465103862.049298,1465103867.050572,1465103867.121000
530,1465103861.215000,1465103861.890111,1465103866.891402,1465103866.993000
531,1465103861.215000,1465103861.879228,1465103866.898179,1465103866.986000
532,1465103861.215000,1465103861.998770,1465103867.003186,1465103867.096000
533,1465103861.215000,1465103861.900844,1465103866.902368,1465103866.988000
534,1465103861.215000,1465103861.879009,1465103866.880919,1465103866.963000
535,1465103861.215000,1465103861.900195,1465103866.901480,1465103866.961000
536,1465103861.215000,1465103861.962005,1465103866.963276,1465103867.034000
537,1465103861.215000,1465103861.903230,1465103866.904804,1465103866.988000
538,1465103861.215000,1465103861.871750,1465103866.873225,1465103866.956000
539,1465103861.215000,1465103861.889944,1465103866.891394,1465103866.980000
540,1465103861.215000,1465103861.858681,1465103866.860048,1465103866.937000
541,1465103861.215000,1465103861.891306,1465103866.893477,1465103866.982000
542,1465103861.215000,1465103861.875887,1465103866.877139,1465103866.964000
543,1465103861.215000,1465103861.878021,1465103866.891668,1465103866.977000
544,1465103861.215000,1465103861.888662,1465103866.890069,1465103866.975000
545,1465103861.215000,1465103861.908734,1465103866.910457,1465103866.990000
546,1465103861.215000,1465103861.982907,1465103866.984255,1465103867.086000
547,1465103861.215000,1465103861.867184,1465103866.868742,1465103866.947000
548,1465103861.215000,1465103861.901206,1465103866.902997,1465103866.982000
549,1465103861.215000,1465103861.961037,1465103866.962206,1465103867.048000
550,1465103861.215000,1465103861.850810,1465103866.852103,1465103866.938000
551,1465103861.215000,1465103861.892834,1465103866.894082,1465103866.996000
552,1465103861.215000,1465103861.893799,1465103866.894953,1465103866.972000
553,1465103861.215000,1465103861.839429,1465103866.840928,1465103866.917000
554,1465103861.215000,1465103861.953852,1465103866.955070,1465103867.043000
555,1465103861.215000,1465103861.872081,1465103866.873317,1465103866.958000
556,1465103861.215000,1465103861.905631,1465103866.906987,1465103866.984000
557,1465103861.216000,1465103861.948468,1465103866.949703,1465103867.052000
558,1465103861.216000,1465103861.900592,1465103866.904537,1465103866.984000
559,1465103861.216000,1465103861.898855,1465103866.906931,1465103866.985000
560,1465103861.216000,1465103861.872474,1465103866.875716,1465103866.955000
561,1465103861.216000,1465103861.892836,1465103866.894428,1465103866.975000
562,1465103861.216000,1465103861.864774,1465103866.866004,1465103866.952000
563,1465103861.216000,1465103861.866973,1465103866.868248,1465103866.954000
564,1465103861.216000,1465103862.325944,1465103867.327197,1465103867.388000
565,1465103861.216000,1465103861.911457,1465103866.912847,1465103866.988000
566,1465103861.216000,1465103861.867141,1465103866.868811,1465103866.956000
567,1465103861.216000,1465103861.958203,1465103866.959417,1465103867.030000
568,1465103861.216000,1465103861.871568,1465103866.872818,1465103866.958000
569,1465103861.216000,1465103861.905670,1465103866.907431,1465103866.980000
570,1465103861.216000,1465103861.895912,1465103866.897055,1465103866.986000
571,1465103861.216000,1465103861.998218,1465103866.999833,1465103867.073000
572,1465103861.216000,1465103861.906742,1465103866.907986,1465103866.994000
573,1465103861.216000,1465103861.882489,1465103866.884053,1465103866.963000
574,1465103861.216000,1465103862.064046,1465103867.065234,1465103867.136000
575,1465103861.216000,1465103861.890136,1465103866.891491,1465103866.970000
576,1465103861.216000,1465103861.854311,1465103866.856156,1465103866.943000
577,1465103861.216000,1465103861.806893,1465103866.808175,1465103866.901000
578,1465103861.216000,1465103861.899200,1465103866.900452,1465103866.981000
579,1465103861.216000,1465103861.886951,1465103866.888467,1465103866.977000
580,1465103861.216000,1465103861.894439,1465103866.895712,1465103866.981000
581,1465103861.216000,1465103861.904256,1465103866.905506,1465103866.985000
582,1465103861.217000,1465103862.262925,1465103867.264158,1465103867.343000
583,1465103861.217000,1465103861.875211,1465103866.886321,1465103866.967000
584,1465103861.217000,1465103861.903793,1465103866.905298,1465103866.976000
585,1465103861.217000,1465103861.981472,1465103866.982660,1465103867.070000
586,1465103861.217000,1465103861.883376,1465103866.884657,1465103866.961000
587,1465103861.217000,1465103862.034163,1465103867.054895,1465103867.132000
588,1465103861.217000,1465103861.995596,1465103866.997119,1465103867.078000
589,1465103861.217000,1465103861.983234,1465103866.984564,1465103867.076000
590,1465103861.217000,1465103861.868763,1465103866.870558,1465103866.957000
591,1465103861.217000,1465103862.041572,1465103867.042785,1465103867.129000
592,1465103861.217000,1465103861.958886,1465103866.960084,1465103867.039000
593,1465103861.217000,1465103861.932887,1465103866.934217,1465103867.007000
594,1465103861.217000,1465103861.880021,1465103866.881214,1465103866.969000
595,1465103861.217000,1465103861.924263,1465103866.925437,1465103867.004000
596,1465103861.217000,1465103861.879642,1465103866.880840,1465103866.966000
597,1465103861.217000,1465103861.983942,1465103866.987032,1465103867.058000
598,1465103861.217000,1465103862.058798,1465103867.060066,1465103867.120000
599,1465103861.217000,1465103861.875640,1465103866.886210,1465103866.965000
600,1465103861.217000,1465103861.991717,1465103866.992939,1465103867.073000
601,1465103861.217000,1465103862.045169,1465103867.046498,1465103867.134000
602,1465103861.217000,1465103861.961780,1465103866.970965,1465103867.060000
603,1465103861.217000,1465103862.010037,1465103867.011290,1465103867.107000
604,1465103861.217000,1465103861.881172,1465103866.882528,1465103866.961000
605,1465103861.217000,1465103861.912550,1465103866.914070,1465103867.002000
606,1465103861.218000,1465103861.960057,1465103866.961339,1465103867.044000
607,1465103861.218000,1465103861.917729,1465103866.918985,1465103866.985000
608,1465103861.218000,1465103861.899396,1465103866.900555,1465103866.988000
609,1465103861.218000,1465103861.885538,1465103866.886823,1465103866.959000
610,1465103861.218000,1465103861.938712,1465103866.940023,1465103867.020000
611,1465103861.218000,1465103862.019272,1465103867.020781,1465103867.102000
612,1465103861.218000,1465103861.987798,1465103866.989049,1465103867.071000
613,1465103861.218000,1465103861.902186,1465103866.903795,1465103866.982000
614,1465103861.218000,1465103861.988657,1465103866.990260,1465103867.073000
615,1465103861.218000,1465103861.929511,1465103866.947442,1465103867.026000
616,1465103861.218000,1465103861.893670,1465103866.895190,1465103866.984000
617,1465103861.218000,1465103861.967106,1465103866.968371,1465103867.055000
618,1465103861.218000,1465103861.874214,1465103866.875766,1465103866.954000
619,1465103861.218000,1465103861.890891,1465103866.892750,1465103866.964000
620,1465103861.218000,1465103861.905506,1465103866.906724,1465103866.984000
621,1465103861.218000,1465103861.913653,1465103866.915052,1465103866.992000
622,1465103861.218000,1465103861.999169,1465103867.000350,1465103867.088000
623,1465103861.218000,1465103862.036019,1465103867.037253,1465103867.116000
624,1465103861.218000,1465103862.043622,1465103867.046100,1465103867.128000
625,1465103861.218000,1465103862.349056,1465103867.350358,1465103867.429000
626,1465103861.218000,1465103861.933715,1465103866.934942,1465103867.022000
627,1465103861.218000,1465103862.017205,1465103867.018610,1465103867.092000
628,1465103861.218000,1465103862.044138,1465103867.045899,1465103867.133000
629,1465103861.218000,1465103861.928674,1465103866.930332,1465103867.009000
630,1465103861.218000,1465103861.920257,1465103866.921553,1465103867.002000
631,1465103861.218000,1465103861.883228,1465103866.885299,1465103866.965000
632,1465103861.219000,1465103861.990553,1465103866.992011,1465103867.094000
633,1465103861.219000,1465103861.847484,1465103866.848825,1465103866.930000
634,1465103861.219000,1465103861.873403,1465103866.874929,1465103866.954000
635,1465103861.219000,1465103861.840243,1465103866.841470,1465103866.919000
636,1465103861.219000,1465103861.888318,1465103866.890481,1465103866.979000
637,1465103861.219000,1465103861.904100,1465103866.905248,1465103866.982000
638,1465103861.219000,1465103861.869450,1465103866.874375,1465103866.954000
639,1465103861.219000,1465103861.852930,1465103866.854434,1465103866.939000
640,1465103861.219000,1465103861.956731,1465103866.958342,1465103867.040000
641,1465103861.219000,1465103862.034291,1465103867.049051,1465103867.130000
642,1465103861.219000,1465103861.860248,1465103866.861514,1465103866.955000
643,1465103861.219000,1465103862.039259,1465103867.040462,1465103867.119000
644,1465103861.219000,1465103861.931024,1465103866.932238,1465103867.003000
645,1465103861.220000,1465103861.879138,1465103866.880554,1465103866.959000
646,1465103861.220000,1465103861.879121,1465103866.880937,1465103866.959000
647,1465103861.220000,1465103861.886390,1465103866.887881,1465103866.968000
648,1465103861.220000,1465103861.895388,1465103866.896794,1465103866.973000
649,1465103861.220000,1465103861.870683,1465103866.872013,1465103866.960000
650,1465103861.220000,1465103861.918606,1465103866.919788,1465103866.991000
651,1465103861.220000,1465103861.866628,1465103866.868008,1465103866.947000
652,1465103861.220000,1465103861.872240,1465103866.873463,1465103866.976000
653,1465103861.220000,1465103861.903320,1465103866.905395,1465103866.976000
654,1465103861.220000,1465103861.898884,1465103866.901973,1465103866.980000
655,1465103861.220000,1465103862.016437,1465103867.017625,1465103867.088000
656,1465103861.220000,1465103862.248240,1465103867.249640,1465103867.346000
657,1465103861.220000,1465103861.870089,1465103866.871739,1465103866.951000
658,1465103861.220000,1465103861.912785,1465103866.922233,1465103867.000000
659,1465103861.220000,1465103861.894278,1465103866.895647,1465103866.967000
660,1465103861.220000,1465103861.861030,1465103866.862367,1465103866.948000
661,1465103861.220000,1465103861.876662,1465103866.877923,1465103866.957000
662,1465103861.220000,1465103861.878958,1465103866.886828,1465103866.967000
663,1465103861.220000,1465103861.954919,1465103866.956387,1465103867.038000
664,1465103861.220000,1465103861.888861,1465103866.890144,1465103866.968000
665,1465103861.220000,1465103861.937290,1465103866.938519,1465103867.009000
666,1465103861.220000,1465103861.906563,1465103866.907800,1465103866.968000
667,1465103861.220000,1465103861.875908,1465103866.877254,1465103866.955000
668,1465103861.220000,1465103861.893483,1465103866.894691,1465103866.982000
669,1465103861.220000,1465103861.894973,1465103866.896171,1465103866.974000
670,1465103861.221000,1465103861.914590,1465103866.915815,1465103867.003000
671,1465103861.221000,1465103861.891818,1465103866.911843,1465103866.997000
672,1465103861.221000,1465103861.999233,1465103867.000412,1465103867.086000
673,1465103861.221000,1465103861.842015,1465103866.843592,1465103866.945000
674,1465103861.221000,1465103862.349743,1465103867.351047,1465103867.418000
675,1465103861.221000,1465103861.867827,1465103866.869318,1465103866.949000
676,1465103861.221000,1465103861.878923,1465103866.880372,1465103866.957000
677,1465103861.221000,1465103861.882049,1465103866.883521,1465103866.962000
678,1465103861.221000,1465103862.139030,1465103867.140318,1465103867.221000
679,1465103861.221000,1465103861.959579,1465103866.960804,1465103867.063000
680,1465103861.221000,1465103861.913353,1465103866.914723,1465103867.017000
681,1465103861.221000,1465103862.048548,1465103867.050194,1465103867.130000
682,1465103861.221000,1465103861.928944,1465103866.930138,1465103867.007000
683,1465103861.221000,1465103861.901718,1465103866.903834,1465103866.983000
684,1465103861.221000,1465103862.013785,1465103867.014955,1465103867.109000
685,1465103861.221000,1465103861.908861,1465103866.910052,1465103866.988000
686,1465103861.221000,1465103861.992273,1465103867.003191,1465103867.096000
687,1465103861.221000,1465103861.901348,1465103866.902872,1465103866.999000
688,1465103861.221000,1465103861.986897,1465103866.988069,1465103867.081000
689,1465103861.221000,1465103861.916468,1465103866.917721,1465103866.985000
690,1465103861.221000,1465103861.890089,1465103866.891304,1465103866.978000
691,1465103861.221000,1465103861.884927,1465103866.886674,1465103866.964000
692,1465103861.221000,1465103861.904074,1465103866.905308,1465103866.984000
693,1465103861.222000,1465103862.044431,1465103867.045825,1465103867.133000
694,1465103861.222000,1465103861.904694,1465103866.906399,1465103866.978000
695,1465103861.222000,1465103861.977351,1465103866.978515,1465103867.049000
696,1465103861.222000,1465103862.289891,1465103867.291151,1465103867.370000
697,1465103861.222000,1465103862.049240,1465103867.050498,1465103867.137000
698,1465103861.222000,1465103861.968701,1465103866.969895,1465103867.040000
699,1465103861.222000,1465103861.899612,1465103866.900881,1465103866.981000
700,1465103861.222000,1465103861.917900,1465103866.919078,1465103866.990000
701,1465103861.222000,1465103861.962783,1465103866.963923,1465103867.041000
702,1465103861.222000,1465103862.006849,1465103867.008207,1465103867.100000
703,1465103861.222000,1465103862.003845,1465103867.005526,1465103867.088000
704,1465103861.222000,1465103861.946046,1465103866.947243,1465103867.032000
705,1465103861.222000,1465103861.882128,1465103866.883436,1465103866.972000
706,1465103861.222000,1465103862.290540,1465103867.291804,1465103867.380000
707,1465103861.222000,1465103862.033408,1465103867.034822,1465103867.126000
708,1465103861.222000,1465103862.021704,1465103867.023630,1465103867.095000
709,1465103861.222000,1465103862.042862,1465103867.044160,1465103867.129000
710,1465103861.222000,1465103861.853693,1465103866.855206,1465103866.962000
711,1465103861.222000,1465103861.935703,1465103866.937265,1465103867.016000
712,1465103861.222000,1465103862.020163,1465103867.021612,1465103867.102000
713,1465103861.222000,1465103862.024929,1465103867.026197,1465103867.093000
714,1465103861.222000,1465103862.345029,1465103867.346313,1465103867.424000
715,1465103861.222000,1465103862.004383,1465103867.005606,1465103867.072000
716,1465103861.222000,1465103861.946267,1465103866.947587,1465103867.019000
717,1465103861.223000,1465103861.913334,1465103866.914594,1465103866.982000
718,1465103861.223000,1465103861.981799,1465103866.986281,1465103867.057000
719,1465103861.223000,1465103861.911357,1465103866.913004,1465103866.990000
720,1465103861.223000,1465103862.029795,1465103867.030987,1465103867.112000
721,1465103861.223000,1465103861.875999,1465103866.877410,1465103866.960000
722,1465103861.223000,1465103861.857925,1465103866.859249,1465103866.937000
723,1465103861.223000,1465103861.907808,1465103866.909082,1465103866.982000
724,1465103861.223000,1465103861.953655,1465103866.957952,1465103867.045000
725,1465103861.223000,1465103862.302529,1465103867.303941,1465103867.385000
726,1465103861.223000,1465103861.972861,1465103866.974277,1465103867.053000
727,1465103861.225000,1465103862.043921,1465103867.045200,1465103867.128000
728,1465103861.231000,1465103862.040342,1465103867.041749,1465103867.120000
729,1465103861.243000,1465103862.027214,1465103867.028470,1465103867.120000
730,1465103861.263000,1465103861.990333,1465103866.991480,1465103867.079000
731,1465103861.268000,1465103862.028863,1465103867.030219,1465103867.112000
732,1465103861.268000,1465103861.964118,1465103866.965511,1465103867.046000
733,1465103861.268000,1465103861.886373,1465103866.887517,1465103866.965000
734,1465103861.268000,1465103861.934829,1465103866.936087,1465103867.015000
735,1465103861.268000,1465103862.042116,1465103867.061620,1465103867.143000
736,1465103861.268000,1465103862.285895,1465103867.295640,1465103867.383000
737,1465103861.268000,1465103861.947751,1465103866.948924,1465103867.034000
738,1465103861.268000,1465103862.332012,1465103867.333205,1465103867.414000
739,1465103861.268000,1465103861.924804,1465103866.926277,1465103867.003000
740,1465103861.268000,1465103862.060385,1465103867.061608,1465103867.129000
741,1465103861.268000,1465103862.042735,1465103867.051955,1465103867.125000
742,1465103861.268000,1465103861.996030,1465103866.997260,1465103867.091000
743,1465103861.268000,1465103862.055383,1465103867.056657,1465103867.137000
744,1465103861.269000,1465103861.993084,1465103866.994432,1465103867.091000
745,1465103861.269000,1465103862.314725,1465103867.316155,1465103867.404000
746,1465103861.269000,1465103862.039374,1465103867.040771,1465103867.121000
747,1465103861.269000,1465103862.010699,1465103867.011970,1465103867.104000
748,1465103861.269000,1465103862.322487,1465103867.323715,1465103867.412000
749,1465103861.269000,1465103861.902948,1465103866.904150,1465103866.990000
750,1465103861.269000,1465103861.896843,1465103866.898187,1465103866.976000
751,1465103861.269000,1465103861.984283,1465103866.985776,1465103867.056000
752,1465103861.269000,1465103861.944836,1465103866.946078,1465103867.042000
753,1465103861.269000,1465103862.007277,1465103867.008491,1465103867.089000
754,1465103861.269000,1465103862.282063,1465103867.283842,1465103867.372000
755,1465103861.269000,0.000000,0.000000,0.000000
756,1465103861.269000,1465103861.907842,1465103866.909176,1465103866.995000
757,1465103861.270000,1465103862.000253,1465103867.001533,1465103867.097000
758,1465103861.270000,1465103861.986260,1465103866.987475,1465103867.068000
759,1465103861.270000,1465103861.960795,1465103866.962080,1465103867.048000
760,1465103861.270000,1465103862.028904,1465103867.035618,1465103867.123000
761,1465103861.270000,1465103862.317421,1465103867.318737,1465103867.407000
762,1465103861.270000,1465103861.989613,1465103866.990798,1465103867.069000
763,1465103861.270000,1465103862.320361,1465103867.321679,1465103867.402000
764,1465103861.270000,1465103861.878985,1465103866.881072,1465103866.968000
765,1465103861.270000,1465103861.943615,1465103866.944844,1465103867.027000
766,1465103861.270000,1465103861.930071,1465103866.931372,1465103867.010000
767,1465103861.270000,1465103861.915734,1465103866.916875,1465103867.005000
768,1465103861.270000,1465103861.930216,1465103866.931538,1465103867.021000
769,1465103861.271000,1465103861.970080,1465103866.971240,1465103867.057000
770,1465103861.272000,1465103862.029015,1465103867.030647,1465103867.118000
771,1465103861.272000,1465103862.258164,1465103867.259442,1465103867.356000
772,1465103861.272000,1465103862.011728,1465103867.012862,1465103867.100000
773,1465103861.272000,1465103862.025088,1465103867.026286,1465103867.114000
774,1465103861.272000,1465103862.041199,1465103867.042446,1465103867.131000
775,1465103861.272000,1465103861.981760,1465103866.982994,1465103867.065000
776,1465103861.272000,1465103861.967306,1465103866.968473,1465103867.050000
777,1465103861.272000,1465103862.012244,1465103867.013656,1465103867.101000
778,1465103861.272000,1465103862.354830,1465103867.356066,1465103867.422000
779,1465103861.272000,0.000000,0.000000,0.000000
780,1465103861.272000,1465103862.043237,1465103867.061574,1465103867.144000
781,1465103861.272000,1465103861.983782,1465103866.985019,1465103867.071000
782,1465103861.272000,1465103862.038678,1465103867.048768,1465103867.129000
783,1465103861.273000,1465103862.015327,1465103867.016519,1465103867.095000
784,1465103861.273000,1465103861.946132,1465103866.947303,1465103867.026000
785,1465103861.273000,1465103862.020286,1465103867.022077,1465103867.103000
786,1465103861.273000,1465103862.043257,1465103867.044421,1465103867.115000
787,1465103861.273000,1465103861.952924,1465103866.954360,1465103867.034000
788,1465103861.273000,1465103862.034076,1465103867.046363,1465103867.129000
789,1465103861.273000,1465103861.999198,1465103867.000596,1465103867.089000
790,1465103861.273000,1465103862.067067,1465103867.068313,1465103867.128000
791,1465103861.273000,1465103862.050816,1465103867.051978,1465103867.123000
792,1465103861.273000,1465103861.986543,1465103866.987755,1465103867.079000
793,1465103861.273000,1465103861.966075,1465103866.967600,1465103867.056000
794,1465103861.275000,1465103862.024927,1465103867.026111,1465103867.111000
795,1465103861.275000,1465103862.022189,1465103867.023543,1465103867.095000
796,1465103861.275000,1465103862.360555,1465103867.361775,1465103867.429000
797,1465103861.276000,1465103861.952772,1465103866.954281,1465103867.041000
798,1465103861.276000,1465103862.028530,1465103867.042381,1465103867.125000
799,1465103861.276000,1465103862.352231,1465103867.353627,1465103867.434000
800,1465103861.276000,1465103861.932925,1465103866.934085,1465103867.021000
801,1465103861.276000,1465103861.968359,1465103866.969555,1465103867.062000
802,1465103861.276000,1465103861.909156,1465103866.910394,1465103866.995000
803,1465103861.276000,1465103861.996459,1465103866.997707,1465103867.080000
804,1465103861.277000,1465103861.986236,1465103866.987975,1465103867.075000
805,1465103861.277000,1465103862.044059,1465103867.045479,1465103867.119000
806,1465103861.277000,1465103861.986966,1465103866.988152,1465103867.076000
807,1465103861.277000,1465103861.935062,1465103866.936349,1465103867.025000
808,1465103861.277000,1465103862.309891,1465103867.311152,1465103867.372000
809,1465103861.278000,1465103861.975011,1465103866.988573,1465103867.075000
810,1465103861.278000,1465103861.965289,1465103866.966547,1465103867.047000
811,1465103861.278000,1465103862.013609,1465103867.015005,1465103867.100000
812,1465103861.278000,1465103862.031071,1465103867.032393,1465103867.120000
813,1465103861.278000,1465103862.267127,1465103867.268334,1465103867.350000
814,1465103861.279000,1465103861.997986,1465103866.999192,1465103867.087000
815,1465103861.279000,1465103861.935656,1465103866.951097,1465103867.039000
816,1465103861.279000,1465103861.885561,1465103866.886708,1465103866.973000
817,1465103861.279000,1465103862.029705,1465103867.031109,1465103867.113000
818,1465103861.279000,1465103861.975359,1465103866.976538,1465103867.054000
819,1465103861.279000,1465103862.034032,1465103867.035269,1465103867.103000
820,1465103861.279000,1465103861.993087,1465103866.994355,1465103867.096000
821,1465103861.279000,1465103861.883758,1465103866.885083,1465103866.988000
822,1465103861.280000,1465103861.939655,1465103866.940767,1465103867.018000
823,1465103861.280000,1465103862.050508,1465103867.051765,1465103867.132000
824,1465103861.280000,1465103861.888358,1465103866.889587,1465103866.974000
825,1465103861.280000,1465103861.990944,1465103866.992247,1465103867.073000
826,1465103861.280000,1465103862.016156,1465103867.017326,1465103867.102000
827,1465103861.280000,1465103861.981604,1465103866.982746,1465103867.075000
828,1465103861.280000,1465103861.984094,1465103866.986255,1465103867.075000
829,1465103861.280000,1465103861.982723,1465103866.984187,1465103867.071000
830,1465103861.281000,1465103862.337674,1465103867.338868,1465103867.399000
831,1465103861.282000,1465103862.016595,1465103867.017918,1465103867.078000
832,1465103861.282000,1465103861.980540,1465103866.981834,1465103867.062000
833,1465103861.282000,1465103861.983854,1465103866.985095,1465103867.064000
834,1465103861.282000,1465103862.322565,1465103867.324132,1465103867.413000
835,1465103861.282000,1465103862.028514,1465103867.029858,1465103867.111000
836,1465103861.282000,1465103862.028089,1465103867.029945,1465103867.106000
837,1465103861.282000,1465103862.037120,1465103867.038333,1465103867.123000
838,1465103861.282000,1465103862.028095,1465103867.029362,1465103867.110000
839,1465103861.282000,1465103861.910879,1465103866.912146,1465103867.008000
840,1465103861.283000,1465103862.024617,1465103867.025940,1465103867.108000
841,1465103861.284000,1465103861.924600,1465103866.925831,1465103867.004000
842,1465103861.284000,1465103861.927442,1465103866.928773,1465103867.008000
843,1465103861.284000,1465103862.028551,1465103867.029762,1465103867.122000
844,1465103861.284000,1465103862.030000,1465103867.031129,1465103867.125000
845,1465103861.284000,1465103861.925917,1465103866.927127,1465103866.998000
846,1465103861.284000,1465103862.311036,1465103867.312343,1465103867.409000
847,1465103861.284000,1465103862.008361,1465103867.009582,1465103867.101000
848,1465103861.284000,1465103861.893871,1465103866.895692,1465103866.974000
849,1465103861.284000,1465103861.955544,1465103866.957160,1465103867.039000
850,1465103861.284000,1465103861.998792,1465103867.000027,1465103867.103000
851,1465103861.285000,1465103862.278644,1465103867.280051,1465103867.357000
852,1465103861.285000,1465103862.339822,1465103867.341035,1465103867.429000
853,1465103861.285000,1465103862.305281,1465103867.306475,1465103867.387000
854,1465103861.286000,1465103861.929126,1465103866.930308,1465103867.016000
855,1465103861.286000,1465103861.987064,1465103866.988821,1465103867.076000
856,1465103861.286000,1465103862.038779,1465103867.051645,1465103867.140000
857,1465103861.286000,1465103862.052370,1465103867.053710,1465103867.127000
858,1465103861.286000,1465103862.047965,1465103867.049251,1465103867.137000
859,1465103861.286000,1465103862.048019,1465103867.049503,1465103867.137000
860,1465103861.287000,1465103861.939493,1465103866.940724,1465103867.043000
861,1465103861.287000,1465103861.981615,1465103866.983049,1465103867.072000
862,1465103861.287000,1465103861.995697,1465103866.996871,1465103867.075000
863,1465103861.287000,1465103862.335616,1465103867.336835,1465103867.432000
864,1465103861.288000,1465103861.980789,1465103866.982018,1465103867.069000
865,1465103861.288000,1465103862.339391,1465103867.350006,1465103867.417000
866,1465103861.289000,1465103861.984354,1465103866.985575,1465103867.071000
867,1465103861.289000,1465103862.027543,1465103867.028855,1465103867.131000
868,1465103861.289000,1465103862.030552,1465103867.031952,1465103867.099000
869,1465103861.290000,1465103861.934752,1465103866.936396,1465103867.018000
870,1465103861.290000,1465103862.317121,1465103867.318352,1465103867.399000
871,1465103861.290000,1465103861.952397,1465103866.954362,1465103867.033000
872,1465103861.290000,1465103862.008153,1465103867.009302,1465103867.103000
873,1465103861.290000,1465103861.971895,1465103866.973049,1465103867.061000
874,1465103861.290000,1465103861.983348,1465103866.986795,1465103867.057000
875,1465103861.290000,1465103863.847765,1465103868.849521,1465103868.929000
876,1465103861.290000,1465103861.912388,1465103866.922167,1465103866.999000
877,1465103861.291000,1465103862.285952,1465103867.287300,1465103867.368000
878,1465103861.291000,1465103861.945139,1465103866.946281,1465103867.034000
879,1465103861.291000,1465103861.931995,1465103866.933413,1465103867.015000
880,1465103861.292000,1465103861.984453,1465103866.985661,1465103867.074000
881,1465103861.292000,1465103862.324483,1465103867.325792,1465103867.414000
882,1465103861.292000,1465103861.899506,1465103866.900934,1465103866.979000
883,1465103861.292000,1465103862.292183,1465103867.293490,1465103867.395000
884,1465103861.292000,1465103862.032118,1465103867.033465,1465103867.122000
885,1465103861.293000,1465103862.030528,1465103867.031904,1465103867.119000
886,1465103861.293000,1465103861.974856,1465103866.983310,1465103867.076000
887,1465103861.293000,1465103862.044706,1465103867.045914,1465103867.135000
888,1465103861.293000,1465103861.966219,1465103866.967576,1465103867.060000
889,1465103861.294000,1465103862.047642,1465103867.049577,1465103867.137000
890,1465103861.294000,1465103862.042046,1465103867.043350,1465103867.131000
891,1465103861.294000,1465103861.959309,1465103866.960539,1465103867.042000
892,1465103861.294000,1465103861.981034,1465103866.982296,1465103867.077000
893,1465103861.294000,1465103861.939437,1465103866.940691,1465103867.007000
894,1465103861.294000,1465103861.928658,1465103866.945256,1465103867.023000
895,1465103861.294000,1465103862.002678,1465103867.003898,1465103867.089000
896,1465103861.295000,1465103862.033682,1465103867.034869,1465103867.113000
897,1465103861.295000,1465103862.037872,1465103867.039188,1465103867.117000
898,1465103861.295000,1465103862.282714,1465103867.284008,1465103867.375000
899,1465103861.295000,1465103862.345784,1465103867.347171,1465103867.414000
900,1465103861.296000,1465103861.991601,1465103866.992793,1465103867.079000
901,1465103861.296000,1465103862.039120,1465103867.040788,1465103867.123000
902,1465103861.296000,1465103862.283023,1465103867.284632,1465103867.373000
903,1465103861.296000,1465103861.973862,1465103866.975713,1465103867.061000
904,1465103861.296000,1465103862.024674,1465103867.025889,1465103867.104000
905,1465103861.296000,1465103862.002977,1465103867.004174,1465103867.100000
906,1465103861.296000,1465103861.938165,1465103866.939370,1465103867.028000
907,1465103861.296000,1465103862.333231,1465103867.334513,1465103867.423000
908,1465103861.297000,1465103862.001261,1465103867.002480,1465103867.073000
909,1465103861.297000,1465103861.955177,1465103866.956449,1465103867.041000
910,1465103861.297000,1465103861.999334,1465103867.005358,1465103867.076000
911,1465103861.298000,1465103861.974133,1465103866.975713,1465103867.061000
912,1465103861.299000,1465103861.972016,1465103866.973234,1465103867.063000
913,1465103861.299000,1465103862.037429,1465103867.039802,1465103867.134000
914,1465103861.299000,1465103861.998476,1465103867.000565,1465103867.071000
915,1465103861.299000,1465103861.970079,1465103866.971526,1465103867.059000
916,1465103861.299000,1465103861.967085,1465103866.968369,1465103867.058000
917,1465103861.299000,1465103862.043754,1465103867.045452,1465103867.133000
918,1465103861.300000,1465103862.021307,1465103867.022619,1465103867.117000
919,1465103861.300000,1465103861.986279,1465103866.988817,1465103867.076000
920,1465103861.300000,1465103862.042547,1465103867.043799,1465103867.125000
921,1465103861.300000,1465103862.007426,1465103867.008718,1465103867.088000
922,1465103861.300000,1465103862.011009,1465103867.012243,1465103867.078000
923,1465103861.301000,1465103862.034985,1465103867.036222,1465103867.114000
924,1465103861.301000,0.000000,0.000000,0.000000
925,1465103861.301000,1465103862.343246,1465103867.344534,1465103867.423000
926,1465103861.302000,1465103862.058335,1465103867.059486,1465103867.137000
927,1465103861.302000,1465103862.051162,1465103867.052456,1465103867.130000
928,1465103861.303000,1465103862.041585,1465103867.044617,1465103867.141000
929,1465103861.303000,1465103862.310317,1465103867.311669,1465103867.393000
930,1465103861.304000,1465103862.222735,1465103867.224015,1465103867.305000
931,1465103861.304000,1465103862.308113,1465103867.309267,1465103867.403000
932,1465103861.305000,1465103861.888801,1465103866.890409,1465103866.978000
933,1465103861.305000,1465103862.039720,1465103867.040943,1465103867.118000
934,1465103861.305000,1465103862.028209,1465103867.029770,1465103867.112000
935,1465103861.306000,1465103862.352585,1465103867.353798,1465103867.431000
936,1465103861.306000,1465103862.033052,1465103867.034542,1465103867.115000
937,1465103861.306000,1465103861.909261,1465103866.910442,1465103867.002000
938,1465103861.307000,1465103862.338577,1465103867.339774,1465103867.421000
939,1465103861.307000,1465103861.995337,1465103866.996560,1465103867.082000
940,1465103861.307000,1465103862.032867,1465103867.034217,1465103867.119000
941,1465103861.307000,1465103862.059186,1465103867.060522,1465103867.131000
942,1465103861.307000,1465103862.007488,1465103867.008736,1465103867.094000
943,1465103861.308000,1465103862.031245,1465103867.032599,1465103867.120000
944,1465103861.308000,1465103862.038235,1465103867.039404,1465103867.118000
945,1465103861.308000,1465103861.975900,1465103866.977165,1465103867.069000
946,1465103861.308000,1465103862.299281,1465103867.300493,1465103867.366000
947,1465103861.309000,1465103862.044297,1465103867.045605,1465103867.106000
948,1465103861.309000,1465103862.051201,1465103867.052375,1465103867.130000
949,1465103861.309000,1465103862.367844,1465103867.369143,1465103867.429000
950,1465103861.309000,1465103862.067547,1465103867.068733,1465103867.136000
951,1465103861.309000,1465103862.349696,1465103867.350936,1465103867.411000
952,1465103861.309000,1465103862.058034,1465103867.059277,1465103867.132000
953,1465103861.310000,1465103862.019158,1465103867.020376,1465103867.080000
954,1465103861.311000,1465103861.991370,1465103866.992545,1465103867.075000
955,1465103861.311000,1465103862.025017,1465103867.038485,1465103867.132000
956,1465103861.311000,1465103862.017301,1465103867.018464,1465103867.103000
957,1465103861.311000,1465103862.038001,1465103867.039217,1465103867.127000
958,1465103861.311000,1465103862.325854,1465103867.327065,1465103867.408000
959,1465103861.311000,1465103861.975341,1465103866.976626,1465103867.065000
960,1465103861.311000,1465103862.023529,1465103867.024807,1465103867.110000
961,1465103861.312000,1465103862.043187,1465103867.044719,1465103867.126000
962,1465103861.312000,1465103862.024554,1465103867.026414,1465103867.121000
963,1465103861.312000,1465103862.039482,1465103867.040845,1465103867.129000
964,1465103861.313000,1465103862.031580,1465103867.032794,1465103867.135000
965,1465103861.313000,1465103861.959403,1465103866.960706,1465103867.049000
966,1465103861.313000,1465103862.046288,1465103867.047556,1465103867.121000
967,1465103861.313000,1465103861.975579,1465103866.977258,1465103867.059000
968,1465103861.314000,1465103862.035130,1465103867.036527,1465103867.125000
969,1465103861.314000,1465103862.029753,1465103867.031095,1465103867.104000
970,1465103861.314000,1465103861.994412,1465103866.995691,1465103867.088000
971,1465103861.314000,1465103862.053929,1465103867.055150,1465103867.136000
972,1465103861.314000,1465103861.966452,1465103866.967806,1465103867.056000
973,1465103861.315000,0.000000,0.000000,0.000000
974,1465103861.315000,1465103861.997619,1465103866.998905,1465103867.084000
975,1465103861.315000,1465103862.000730,1465103867.001941,1465103867.091000
976,1465103861.315000,1465103862.037199,1465103867.038491,1465103867.125000
977,1465103861.316000,1465103862.012400,1465103867.013581,1465103867.099000
978,1465103861.316000,1465103862.012012,1465103867.013196,1465103867.109000
979,1465103861.316000,1465103862.003434,1465103867.004638,1465103867.092000
980,1465103861.316000,1465103862.034255,1465103867.035507,1465103867.130000
981,1465103861.316000,1465103862.025558,1465103867.027340,1465103867.108000
982,1465103861.316000,1465103862.311899,1465103867.313095,1465103867.394000
983,1465103861.316000,1465103862.325661,1465103867.326849,1465103867.415000
984,1465103861.317000,1465103862.039786,1465103867.043373,1465103867.140000
985,1465103861.317000,1465103862.020966,1465103867.022487,1465103867.111000
986,1465103861.317000,1465103862.045284,1465103867.046662,1465103867.134000
987,1465103861.317000,1465103862.058360,1465103867.059793,1465103867.130000
988,1465103861.317000,1465103862.002200,1465103867.008820,1465103867.089000
989,1465103861.317000,1465103862.041629,1465103867.042826,1465103867.121000
990,1465103861.317000,1465103862.041108,1465103867.042433,1465103867.123000
991,1465103861.318000,1465103862.041881,1465103867.043004,1465103867.137000
992,1465103861.318000,1465103862.001778,1465103867.003697,1465103867.084000
993,1465103861.318000,1465103862.026139,1465103867.027700,1465103867.109000
994,1465103861.318000,1465103862.037482,1465103867.051577,1465103867.139000
995,1465103861.318000,1465103862.038284,1465103867.058180,1465103867.152000
996,1465103861.319000,1465103861.984146,1465103866.985455,1465103867.052000
997,1465103861.319000,1465103862.072381,1465103867.073676,1465103867.134000
998,1465103861.319000,1465103862.037382,1465103867.038585,1465103867.126000
999,1465103861.319000,1465103862.043413,1465103867.055700,1465103867.144000
