0,1465104002.912000,1465104003.546710,1465104008.548377,1465104008.652000
1,1465104002.912000,1465104003.593163,1465104008.594416,1465104008.652000
2,1465104002.912000,1465104003.603060,1465104008.604312,1465104008.685000
3,1465104002.912000,1465104003.639417,1465104008.640772,1465104008.722000
4,1465104002.912000,1465104003.623459,1465104008.624720,1465104008.703000
5,1465104002.912000,1465104003.610727,1465104008.617466,1465104008.694000
6,1465104002.912000,1465104003.576588,1465104008.578084,1465104008.646000
7,1465104002.912000,1465104003.855129,1465104008.856398,1465104008.936000
8,1465104002.912000,1465104003.548387,1465104008.563589,1465104008.632000
9,1465104002.912000,1465104003.701379,1465104008.702751,1465104008.769000
10,1465104002.913000,1465104003.615133,1465104008.616777,1465104008.695000
11,1465104002.913000,1465104003.847722,1465104008.849114,1465104008.935000
12,1465104002.913000,1465104003.670735,1465104008.673379,1465104008.758000
13,1465104002.913000,1465104005.425846,1465104010.427399,1465104010.507000
14,1465104002.913000,1465104003.567439,1465104008.569505,1465104008.645000
15,1465104002.913000,1465104003.610196,1465104008.611726,1465104008.700000
16,1465104002.913000,1465104003.602953,1465104008.604394,1465104008.693000
17,1465104002.913000,1465104003.648257,1465104008.649530,1465104008.735000
18,1465104002.914000,1465104003.601439,1465104008.603746,1465104008.671000
19,1465104002.914000,1465104003.659554,1465104008.661375,1465104008.727000
20,1465104002.914000,1465104003.845223,1465104008.846458,1465104008.932000
21,1465104002.914000,1465104003.862893,1465104008.864107,1465104008.949000
22,1465104002.915000,1465104003.566435,1465104008.567969,1465104008.654000
23,1465104002.915000,1465104003.658692,1465104008.660027,1465104008.755000
24,1465104002.915000,1465104003.558354,1465104008.559901,1465104008.618000
25,1465104002.915000,1465104003.549061,1465104008.550616,1465104008.630000
26,1465104002.916000,1465104003.569967,1465104008.571660,1465104008.662000
27,1465104002.916000,1465104003.567228,1465104008.568673,1465104008.646000
28,1465104002.916000,1465104003.571618,1465104008.572954,1465104008.653000
29,1465104002.916000,1465104003.576371,1465104008.578822,1465104008.654000
30,1465104002.916000,1465104003.622733,1465104008.624000,1465104008.701000
31,1465104002.919000,1465104003.940340,1465104008.941754,1465104009.011000
32,1465104002.919000,1465104003.637406,1465104008.638680,1465104008.719000
33,1465104002.919000,1465104003.588764,1465104008.590369,1465104008.670000
34,1465104002.919000,1465104003.942110,1465104008.943433,1465104009.017000
35,1465104002.919000,1465104003.638836,1465104008.640102,1465104008.729000
36,1465104002.919000,1465104003.893774,1465104008.909034,1465104008.995000
37,1465104002.919000,1465104003.663227,1465104008.664529,1465104008.745000
38,1465104002.919000,1465104003.611987,1465104008.627067,1465104008.706000
39,1465104002.920000,1465104003.566851,1465104008.568421,1465104008.654000
40,1465104002.920000,1465104003.893887,1465104008.895046,1465104008.977000
41,1465104002.920000,1465104003.555716,1465104008.557193,1465104008.645000
42,1465104002.920000,1465104003.589356,1465104008.590865,1465104008.686000
43,1465104002.920000,1465104003.560610,1465104008.569996,1465104008.637000
44,1465104002.920000,1465104003.850785,1465104008.852146,1465104008.933000
45,1465104002.920000,1465104003.916400,1465104008.917712,1465104008.986000
46,1465104002.920000,1465104003.551793,1465104008.553552,1465104008.634000
47,1465104002.920000,1465104003.597440,1465104008.598733,1465104008.685000
48,1465104002.921000,1465104003.607969,1465104008.609159,1465104008.686000
49,1465104002.921000,1465104003.659118,1465104008.660697,1465104008.727000
50,1465104002.922000,1465104003.635257,1465104008.636490,1465104008.714000
51,1465104002.922000,1465104003.857484,1465104008.858648,1465104008.936000
52,1465104002.922000,1465104003.578792,1465104008.580286,1465104008.685000
53,1465104002.922000,1465104003.879635,1465104008.880802,1465104008.952000
54,1465104002.922000,1465104003.859341,1465104008.863612,1465104008.968000
55,1465104002.923000,1465104003.617820,1465104008.619057,1465104008.699000
56,1465104002.926000,1465104003.730336,1465104008.731610,1465104008.789000
57,1465104002.928000,1465104003.575342,1465104008.576562,1465104008.671000
58,1465104002.928000,1465104005.473243,1465104010.485602,1465104010.564000
59,1465104002.928000,1465104003.852651,1465104008.854150,1465104008.933000
60,1465104002.928000,1465104003.601551,1465104008.602766,1465104008.690000
61,1465104002.928000,1465104003.857910,1465104008.859114,1465104008.947000
62,1465104002.928000,1465104003.590926,1465104008.592398,1465104008.662000
63,1465104002.928000,1465104003.663281,1465104008.664521,1465104008.734000
64,1465104002.928000,1465104003.895243,1465104008.896652,1465104008.976000
65,1465104002.928000,1465104003.576371,1465104008.578822,1465104008.655000
66,1465104002.928000,1465104003.627734,1465104008.628948,1465104008.711000
67,1465104002.929000,0.000000,0.000000,0.000000
68,1465104002.929000,1465104003.877335,1465104008.878627,1465104008.967000
69,1465104002.929000,1465104003.526209,1465104008.527669,1465104008.633000
70,1465104002.929000,0.000000,0.000000,0.000000
71,1465104002.929000,1465104003.606930,1465104008.608517,1465104008.694000
72,1465104002.929000,1465104003.638001,1465104008.639183,1465104008.705000
73,1465104002.929000,1465104003.675688,1465104008.677346,1465104008.762000
74,1465104002.929000,1465104003.628750,1465104008.630017,1465104008.709000
75,1465104002.929000,1465104003.636253,1465104008.637562,1465104008.717000
76,1465104002.929000,1465104005.465446,1465104010.481212,1465104010.539000
77,1465104002.929000,1465104003.611252,1465104008.612543,1465104008.701000
78,1465104002.929000,1465104003.642516,1465104008.643754,1465104008.729000
79,1465104002.929000,1465104003.855777,1465104008.857193,1465104008.937000
80,1465104002.929000,1465104003.627956,1465104008.629174,1465104008.708000
81,1465104002.929000,1465104003.954355,1465104008.955539,1465104009.025000
82,1465104002.930000,1465104003.664830,1465104008.666145,1465104008.752000
83,1465104002.930000,1465104003.900432,1465104008.901757,1465104008.975000
84,1465104002.930000,1465104003.647452,1465104008.648972,1465104008.730000
85,1465104002.930000,1465104003.891639,1465104008.911710,1465104008.996000
86,1465104002.930000,1465104003.594677,1465104008.604004,1465104008.683000
87,1465104002.930000,1465104003.616269,1465104008.617490,1465104008.687000
88,1465104002.930000,1465104003.606574,1465104008.607844,1465104008.665000
89,1465104002.930000,1465104003.929800,1465104008.931771,1465104009.000000
90,1465104002.930000,1465104003.619974,1465104008.621237,1465104008.725000
91,1465104002.930000,1465104003.633249,1465104008.634426,1465104008.721000
92,1465104002.930000,1465104003.607760,1465104008.608890,1465104008.714000
93,1465104002.930000,1465104003.929928,1465104008.931557,1465104008.999000
94,1465104002.930000,1465104003.885995,1465104008.887139,1465104008.982000
95,1465104002.930000,1465104003.605956,1465104008.608520,1465104008.694000
96,1465104002.930000,1465104003.594699,1465104008.596261,1465104008.677000
97,1465104002.930000,1465104003.677421,1465104008.678604,1465104008.736000
98,1465104002.930000,1465104003.942629,1465104008.943818,1465104009.030000
99,1465104002.930000,1465104003.927131,1465104008.928384,1465104009.010000
100,1465104002.931000,1465104003.860384,1465104008.861655,1465104008.952000
101,1465104002.931000,1465104003.592209,1465104008.593509,1465104008.684000
102,1465104002.932000,1465104003.641203,1465104008.642873,1465104008.729000
103,1465104002.932000,1465104003.658382,1465104008.659903,1465104008.738000
104,1465104002.932000,1465104003.563287,1465104008.564775,1465104008.653000
105,1465104002.932000,1465104003.914551,1465104008.915750,1465104009.011000
106,1465104002.932000,1465104003.568351,1465104008.569566,1465104008.675000
107,1465104002.935000,1465104003.886755,1465104008.887956,1465104008.959000
108,1465104002.937000,1465104003.936039,1465104008.940360,1465104009.016000
109,1465104002.939000,1465104003.926276,1465104008.927533,1465104009.014000
110,1465104002.939000,0.000000,0.000000,0.000000
111,1465104002.941000,1465104003.924005,1465104008.925189,1465104009.007000
112,1465104002.941000,1465104003.913135,1465104008.914446,1465104009.003000
113,1465104002.941000,1465104003.643076,1465104008.644210,1465104008.739000
114,1465104002.941000,1465104003.572457,1465104008.573828,1465104008.640000
115,1465104002.942000,1465104003.630589,1465104008.632070,1465104008.711000
116,1465104002.942000,1465104003.893378,1465104008.894660,1465104008.999000
117,1465104002.942000,1465104003.894112,1465104008.908927,1465104008.995000
118,1465104002.942000,1465104003.632303,1465104008.633460,1465104008.739000
119,1465104002.942000,1465104003.911329,1465104008.912718,1465104008.986000
120,1465104002.942000,1465104003.675526,1465104008.690500,1465104008.756000
121,1465104002.942000,1465104003.618381,1465104008.619629,1465104008.712000
122,1465104002.943000,1465104003.607588,1465104008.608815,1465104008.675000
123,1465104002.943000,1465104003.845847,1465104008.847030,1465104008.933000
124,1465104002.943000,1465104003.916997,1465104008.918192,1465104008.989000
125,1465104002.943000,1465104003.591782,1465104008.593062,1465104008.697000
126,1465104002.943000,0.000000,0.000000,0.000000
127,1465104002.944000,1465104003.682284,1465104008.683740,1465104008.761000
128,1465104002.944000,1465104003.928283,1465104008.929522,1465104009.016000
129,1465104002.944000,1465104003.648621,1465104008.649910,1465104008.730000
130,1465104002.944000,1465104003.692318,1465104008.701320,1465104008.759000
131,1465104002.944000,1465104003.865626,1465104008.866835,1465104008.953000
132,1465104002.944000,1465104003.673206,1465104008.674524,1465104008.770000
133,1465104002.944000,1465104003.626379,1465104008.627632,1465104008.715000
134,1465104002.945000,1465104003.626957,1465104008.628380,1465104008.695000
135,1465104002.945000,1465104003.868445,1465104008.869715,1465104008.938000
136,1465104002.945000,1465104003.936281,1465104008.937507,1465104009.041000
137,1465104002.945000,1465104003.657245,1465104008.660860,1465104008.741000
138,1465104002.945000,1465104003.664863,1465104008.666165,1465104008.754000
139,1465104002.945000,1465104003.922378,1465104008.924110,1465104009.003000
140,1465104002.945000,1465104005.454426,1465104010.456124,1465104010.530000
141,1465104002.945000,1465104003.673564,1465104008.674949,1465104008.761000
142,1465104002.945000,1465104003.574794,1465104008.578195,1465104008.673000
143,1465104002.945000,1465104003.617423,1465104008.618751,1465104008.697000
144,1465104002.945000,1465104003.655573,1465104008.656827,1465104008.737000
145,1465104002.945000,1465104003.661283,1465104008.662557,1465104008.743000
146,1465104002.945000,1465104003.625458,1465104008.626685,1465104008.704000
147,1465104002.946000,1465104003.920567,1465104008.924608,1465104009.010000
148,1465104002.946000,1465104003.865448,1465104008.866876,1465104008.946000
149,1465104002.946000,1465104003.627607,1465104008.628933,1465104008.709000
150,1465104002.946000,1465104003.926819,1465104008.928116,1465104009.005000
151,1465104002.946000,1465104003.887951,1465104008.889263,1465104008.976000
152,1465104002.946000,1465104003.591145,1465104008.592372,1465104008.685000
153,1465104002.946000,1465104005.466772,1465104010.468026,1465104010.547000
154,1465104002.946000,1465104003.874426,1465104008.875671,1465104008.971000
155,1465104002.946000,1465104003.910699,1465104008.912361,1465104008.988000
156,1465104002.947000,1465104003.653198,1465104008.654467,1465104008.735000
157,1465104002.947000,1465104003.642530,1465104008.643960,1465104008.729000
158,1465104002.947000,0.000000,0.000000,0.000000
159,1465104002.947000,1465104003.626355,1465104008.630493,1465104008.711000
160,1465104002.947000,1465104003.570205,1465104008.571891,1465104008.652000
161,1465104002.947000,0.000000,0.000000,0.000000
162,1465104002.948000,1465104003.869658,1465104008.871317,1465104008.952000
163,1465104002.948000,1465104003.945864,1465104008.947165,1465104009.026000
164,1465104002.948000,1465104003.661034,1465104008.662401,1465104008.750000
165,1465104002.948000,1465104003.861770,1465104008.863140,1465104008.934000
166,1465104002.948000,1465104005.430285,1465104010.431809,1465104010.513000
167,1465104002.948000,1465104003.664783,1465104008.666237,1465104008.750000
168,1465104002.948000,1465104003.891154,1465104008.892365,1465104008.998000
169,1465104002.948000,1465104003.887384,1465104008.888774,1465104008.968000
170,1465104002.948000,1465104003.642190,1465104008.643819,1465104008.725000
171,1465104002.949000,1465104003.635095,1465104008.636462,1465104008.721000
172,1465104002.949000,1465104005.464159,1465104010.465869,1465104010.526000
173,1465104002.949000,1465104003.619100,1465104008.620312,1465104008.698000
174,1465104002.949000,0.000000,0.000000,0.000000
175,1465104002.949000,1465104003.883073,1465104008.884353,1465104008.975000
176,1465104002.949000,1465104003.597422,1465104008.598802,1465104008.679000
177,1465104002.949000,1465104003.900377,1465104008.901980,1465104008.978000
178,1465104002.949000,1465104003.879791,1465104008.881525,1465104008.962000
179,1465104002.949000,1465104003.664653,1465104008.666230,1465104008.751000
180,1465104002.949000,1465104003.948519,1465104008.949825,1465104009.030000
181,1465104002.949000,1465104005.475731,1465104010.476925,1465104010.555000
182,1465104002.949000,1465104003.922641,1465104008.924817,1465104009.010000
183,1465104002.949000,1465104003.661163,1465104008.662647,1465104008.741000
184,1465104002.949000,1465104003.605616,1465104008.613854,1465104008.699000
185,1465104002.949000,1465104003.857590,1465104008.859032,1465104008.963000
186,1465104002.949000,1465104003.622865,1465104008.624107,1465104008.720000
187,1465104002.949000,1465104003.581839,1465104008.583308,1465104008.688000
188,1465104002.949000,1465104003.580555,1465104008.581844,1465104008.662000
189,1465104002.949000,1465104003.952085,1465104008.953385,1465104009.031000
190,1465104002.949000,1465104003.625054,1465104008.629897,1465104008.696000
191,1465104002.949000,1465104003.946347,1465104008.947657,1465104009.019000
192,1465104002.949000,1465104003.678288,1465104008.695779,1465104008.783000
193,1465104002.949000,1465104003.575373,1465104008.576552,1465104008.643000
194,1465104002.949000,1465104003.603351,1465104008.604908,1465104008.681000
195,1465104002.949000,1465104003.651223,1465104008.652456,1465104008.739000
196,1465104002.949000,1465104003.925988,1465104008.927439,1465104009.001000
197,1465104002.949000,1465104003.895855,1465104008.897221,1465104008.970000
198,1465104002.949000,1465104003.668984,1465104008.670405,1465104008.750000
199,1465104002.949000,1465104003.624892,1465104008.626126,1465104008.724000
200,1465104002.949000,1465104003.617749,1465104008.619262,1465104008.687000
201,1465104002.949000,1465104003.921385,1465104008.923733,1465104009.010000
202,1465104002.950000,1465104003.616518,1465104008.617778,1465104008.698000
203,1465104002.950000,1465104003.620589,1465104008.623483,1465104008.691000
204,1465104002.950000,1465104003.905580,1465104008.906705,1465104009.012000
205,1465104002.950000,1465104003.937810,1465104008.939003,1465104009.016000
206,1465104002.950000,1465104003.860576,1465104008.862012,1465104008.933000
207,1465104002.950000,1465104003.614132,1465104008.615427,1465104008.673000
208,1465104002.950000,1465104003.904031,1465104008.909150,1465104008.977000
209,1465104002.950000,1465104003.934806,1465104008.953912,1465104009.039000
210,1465104002.950000,1465104003.621151,1465104008.628531,1465104008.709000
211,1465104002.950000,1465104003.912565,1465104008.913882,1465104009.000000
212,1465104002.950000,1465104003.645609,1465104008.647113,1465104008.713000
213,1465104002.950000,1465104003.927836,1465104008.929105,1465104009.002000
214,1465104002.950000,1465104003.581060,1465104008.582507,1465104008.687000
215,1465104002.950000,1465104003.947483,1465104008.948891,1465104009.024000
216,1465104002.950000,1465104003.869160,1465104008.870507,1465104008.950000
217,1465104002.950000,1465104003.953301,1465104008.954479,1465104009.031000
218,1465104002.950000,1465104003.604456,1465104008.605784,1465104008.686000
219,1465104002.950000,1465104003.914318,1465104008.916558,1465104008.998000
220,1465104002.950000,1465104003.870752,1465104008.871978,1465104008.951000
221,1465104002.950000,1465104005.466222,1465104010.467905,1465104010.549000
222,1465104002.950000,1465104003.598687,1465104008.600235,1465104008.681000
223,1465104002.950000,1465104003.983504,1465104008.984950,1465104009.065000
224,1465104002.950000,1465104003.859215,1465104008.860757,1465104008.936000
225,1465104002.950000,1465104003.649041,1465104008.650276,1465104008.717000
226,1465104002.950000,0.000000,0.000000,0.000000
227,1465104002.950000,1465104003.935026,1465104008.936273,1465104009.014000
228,1465104002.950000,1465104003.606027,1465104008.607505,1465104008.692000
229,1465104002.950000,1465104005.462933,1465104010.464328,1465104010.542000
230,1465104002.950000,1465104003.658899,1465104008.660488,1465104008.747000
231,1465104002.950000,1465104003.669734,1465104008.671010,1465104008.761000
232,1465104002.950000,1465104003.859656,1465104008.861622,1465104008.965000
233,1465104002.951000,1465104003.927273,1465104008.928480,1465104009.016000
234,1465104002.951000,1465104003.883718,1465104008.885001,1465104008.953000
235,1465104002.951000,1465104003.875991,1465104008.877338,1465104008.957000
236,1465104002.951000,1465104003.638789,1465104008.639987,1465104008.735000
237,1465104002.951000,1465104003.620555,1465104008.621812,1465104008.726000
238,1465104002.951000,1465104003.698150,1465104008.699429,1465104008.773000
239,1465104002.951000,1465104003.647411,1465104008.648591,1465104008.733000
240,1465104002.951000,1465104003.642571,1465104008.643743,1465104008.721000
241,1465104002.951000,1465104003.676543,1465104008.679428,1465104008.761000
242,1465104002.951000,1465104003.637656,1465104008.639124,1465104008.725000
243,1465104002.951000,1465104003.589965,1465104008.600336,1465104008.676000
244,1465104002.951000,1465104003.640023,1465104008.641399,1465104008.722000
245,1465104002.951000,1465104003.864847,1465104008.866200,1465104008.944000
246,1465104002.951000,1465104003.942008,1465104008.943678,1465104009.024000
247,1465104002.951000,1465104003.590727,1465104008.592203,1465104008.683000
248,1465104002.951000,1465104003.925640,1465104008.926914,1465104009.015000
249,1465104002.951000,1465104003.998662,1465104009.000517,1465104009.068000
250,1465104002.951000,1465104003.903682,1465104008.904921,1465104008.994000
251,1465104002.951000,1465104003.635386,1465104008.636640,1465104008.706000
252,1465104002.951000,1465104003.629861,1465104008.631064,1465104008.689000
253,1465104002.951000,1465104003.666544,1465104008.668469,1465104008.753000
254,1465104002.951000,1465104003.667158,1465104008.668478,1465104008.754000
255,1465104002.951000,1465104003.619451,1465104008.620659,1465104008.708000
256,1465104002.951000,1465104003.668583,1465104008.669940,1465104008.750000
257,1465104002.951000,1465104003.910029,1465104008.911243,1465104008.997000
258,1465104002.951000,1465104003.664197,1465104008.665431,1465104008.745000
259,1465104002.951000,1465104003.595434,1465104008.596930,1465104008.672000
260,1465104002.952000,1465104003.918222,1465104008.919420,1465104008.977000
261,1465104002.952000,1465104003.929881,1465104008.940727,1465104009.016000
262,1465104002.952000,1465104003.906994,1465104008.908200,1465104008.986000
263,1465104002.952000,1465104003.625684,1465104008.631823,1465104008.718000
264,1465104002.952000,1465104003.661626,1465104008.662997,1465104008.742000
265,1465104002.952000,1465104003.945709,1465104008.946998,1465104009.027000
266,1465104002.952000,1465104003.879478,1465104008.880715,1465104008.986000
267,1465104002.952000,1465104003.906016,1465104008.907317,1465104008.992000
268,1465104002.953000,1465104003.862505,1465104008.863871,1465104008.968000
269,1465104002.953000,1465104003.630510,1465104008.632055,1465104008.720000
270,1465104002.953000,1465104003.658562,1465104008.660098,1465104008.728000
271,1465104002.953000,0.000000,0.000000,0.000000
272,1465104002.953000,1465104003.900716,1465104008.901989,1465104008.960000
273,1465104002.954000,1465104003.851549,1465104008.852822,1465104008.937000
274,1465104002.954000,1465104003.846210,1465104008.847596,1465104008.952000
275,1465104002.956000,1465104003.914698,1465104008.926907,1465104009.008000
276,1465104002.958000,1465104003.642107,1465104008.643353,1465104008.731000
277,1465104002.958000,1465104003.625430,1465104008.627041,1465104008.714000
278,1465104002.963000,1465104003.662987,1465104008.664309,1465104008.752000
279,1465104002.963000,1465104005.469214,1465104010.470629,1465104010.551000
280,1465104002.974000,1465104003.652846,1465104008.658125,1465104008.739000
281,1465104002.978000,1465104003.900350,1465104008.901642,1465104008.981000
282,1465104002.978000,1465104003.928957,1465104008.930362,1465104008.998000
283,1465104002.978000,1465104003.683278,1465104008.684477,1465104008.765000
284,1465104002.978000,1465104003.954457,1465104008.974794,1465104009.052000
285,1465104002.978000,1465104003.628872,1465104008.630103,1465104008.716000
286,1465104002.978000,1465104003.646968,1465104008.648172,1465104008.736000
287,1465104002.978000,1465104003.647245,1465104008.648557,1465104008.715000
288,1465104002.978000,1465104003.931261,1465104008.932496,1465104009.036000
289,1465104002.979000,1465104003.948042,1465104008.963481,1465104009.031000
290,1465104002.979000,1465104003.892474,1465104008.893809,1465104008.976000
291,1465104002.979000,1465104005.442589,1465104010.443976,1465104010.521000
292,1465104002.979000,1465104003.557659,1465104008.559076,1465104008.654000
293,1465104002.979000,1465104003.898157,1465104008.899424,1465104008.965000
294,1465104002.979000,1465104003.617291,1465104008.618590,1465104008.696000
295,1465104002.979000,1465104003.888443,1465104008.889635,1465104008.982000
296,1465104002.979000,1465104003.870120,1465104008.871344,1465104008.959000
297,1465104002.979000,1465104003.679778,1465104008.681299,1465104008.759000
298,1465104002.979000,1465104005.452751,1465104010.453977,1465104010.531000
299,1465104002.979000,1465104003.904323,1465104008.909300,1465104008.978000
300,1465104002.979000,1465104003.636148,1465104008.637678,1465104008.713000
301,1465104002.979000,1465104003.660368,1465104008.661554,1465104008.747000
302,1465104002.979000,1465104003.902357,1465104008.904071,1465104008.983000
303,1465104002.979000,1465104003.644160,1465104008.645648,1465104008.712000
304,1465104002.980000,1465104003.569946,1465104008.571436,1465104008.663000
305,1465104002.980000,1465104003.632345,1465104008.633576,1465104008.703000
306,1465104002.980000,1465104003.970674,1465104008.971954,1465104009.060000
307,1465104002.981000,1465104003.658812,1465104008.660460,1465104008.736000
308,1465104002.981000,1465104003.656106,1465104008.660487,1465104008.741000
309,1465104002.981000,1465104003.904937,1465104008.906452,1465104008.992000
310,1465104002.981000,1465104003.585766,1465104008.587021,1465104008.692000
311,1465104002.981000,1465104003.685677,1465104008.687071,1465104008.767000
312,1465104002.981000,1465104003.889027,1465104008.890237,1465104008.995000
313,1465104002.981000,1465104003.670300,1465104008.671955,1465104008.767000
314,1465104002.981000,1465104003.958091,1465104008.974219,1465104009.062000
315,1465104002.981000,1465104003.665086,1465104008.676287,1465104008.763000
316,1465104002.982000,1465104003.651509,1465104008.652921,1465104008.741000
317,1465104002.982000,1465104003.622755,1465104008.623990,1465104008.694000
318,1465104002.982000,1465104003.645680,1465104008.647292,1465104008.715000
319,1465104002.982000,1465104003.871371,1465104008.872688,1465104008.968000
320,1465104002.982000,1465104003.663798,1465104008.665005,1465104008.760000
321,1465104002.982000,1465104003.608120,1465104008.621841,1465104008.704000
322,1465104002.982000,1465104003.665681,1465104008.666835,1465104008.761000
323,1465104002.982000,1465104003.668384,1465104008.669633,1465104008.757000
324,1465104002.983000,1465104003.976181,1465104008.977403,1465104009.056000
325,1465104002.983000,1465104003.876030,1465104008.877525,1465104008.966000
326,1465104002.983000,0.000000,0.000000,0.000000
327,1465104002.983000,1465104003.614408,1465104008.615951,1465104008.695000
328,1465104002.983000,1465104003.688274,1465104008.690709,1465104008.769000
329,1465104002.983000,1465104003.664810,1465104008.666067,1465104008.758000
330,1465104002.983000,1465104003.640635,1465104008.641937,1465104008.726000
331,1465104002.983000,1465104003.628226,1465104008.629547,1465104008.697000
332,1465104002.984000,1465104003.675237,1465104008.676447,1465104008.756000
333,1465104002.984000,1465104003.894436,1465104008.895651,1465104008.988000
334,1465104002.984000,1465104003.692870,1465104008.694197,1465104008.784000
335,1465104002.984000,1465104003.957145,1465104008.958582,1465104009.037000
336,1465104002.984000,1465104003.601762,1465104008.603254,1465104008.683000
337,1465104002.984000,1465104003.906180,1465104008.907436,1465104008.975000
338,1465104002.984000,1465104004.000099,1465104009.001466,1465104009.075000
339,1465104002.985000,1465104003.678835,1465104008.680396,1465104008.763000
340,1465104002.985000,1465104003.681117,1465104008.682375,1465104008.762000
341,1465104002.985000,1465104003.661913,1465104008.663154,1465104008.749000
342,1465104002.985000,1465104003.961375,1465104008.962562,1465104009.040000
343,1465104002.985000,1465104003.892076,1465104008.893291,1465104008.971000
344,1465104002.985000,1465104003.914051,1465104008.915339,1465104009.005000
345,1465104002.985000,1465104003.907937,1465104008.909174,1465104009.014000
346,1465104002.985000,1465104003.955810,1465104008.957242,1465104009.035000
347,1465104002.985000,1465104003.644196,1465104008.651389,1465104008.742000
348,1465104002.985000,1465104003.615174,1465104008.616497,1465104008.695000
349,1465104002.986000,1465104003.632280,1465104008.633675,1465104008.712000
350,1465104002.986000,1465104003.897453,1465104008.898719,1465104008.989000
351,1465104002.986000,1465104003.673884,1465104008.675127,1465104008.743000
352,1465104002.987000,1465104003.658862,1465104008.661678,1465104008.742000
353,1465104002.987000,1465104003.933927,1465104008.935543,1465104009.017000
354,1465104002.987000,1465104003.682663,1465104008.683893,1465104008.762000
355,1465104002.987000,1465104003.645849,1465104008.647039,1465104008.716000
356,1465104002.987000,1465104003.599694,1465104008.601000,1465104008.680000
357,1465104002.987000,1465104003.667669,1465104008.669118,1465104008.756000
358,1465104002.987000,1465104003.666494,1465104008.667899,1465104008.753000
359,1465104002.987000,1465104003.665990,1465104008.667673,1465104008.747000
360,1465104002.987000,1465104003.628872,1465104008.630136,1465104008.734000
361,1465104002.987000,1465104003.671654,1465104008.673289,1465104008.768000
362,1465104002.988000,1465104003.629153,1465104008.630427,1465104008.721000
363,1465104002.988000,1465104003.949005,1465104008.950246,1465104009.027000
364,1465104002.988000,1465104003.597893,1465104008.599151,1465104008.694000
365,1465104002.988000,1465104003.935303,1465104008.953960,1465104009.040000
366,1465104002.988000,1465104003.848050,1465104008.849284,1465104008.954000
367,1465104002.989000,1465104003.650018,1465104008.656874,1465104008.744000
368,1465104002.989000,1465104003.980238,1465104008.981424,1465104009.047000
369,1465104002.989000,1465104003.631530,1465104008.632798,1465104008.712000
370,1465104002.989000,1465104003.691019,1465104008.692711,1465104008.751000
371,1465104002.989000,1465104003.946048,1465104008.947647,1465104009.023000
372,1465104002.989000,1465104003.606184,1465104008.607494,1465104008.698000
373,1465104002.990000,1465104003.920323,1465104008.922101,1465104009.008000
374,1465104002.990000,1465104003.968512,1465104008.969694,1465104009.039000
375,1465104002.990000,1465104003.902114,1465104008.903554,1465104008.992000
376,1465104002.990000,1465104003.660608,1465104008.679810,1465104008.762000
377,1465104002.990000,1465104003.677482,1465104008.679073,1465104008.765000
378,1465104002.990000,1465104003.660513,1465104008.661916,1465104008.749000
379,1465104002.991000,1465104003.915629,1465104008.916866,1465104009.022000
380,1465104002.991000,1465104003.670726,1465104008.672040,1465104008.751000
381,1465104002.991000,1465104003.661735,1465104008.663383,1465104008.744000
382,1465104002.991000,1465104003.650840,1465104008.656331,1465104008.743000
383,1465104002.991000,1465104003.616694,1465104008.618044,1465104008.710000
384,1465104002.991000,1465104003.961546,1465104008.962780,1465104009.029000
385,1465104002.991000,1465104005.463222,1465104010.465071,1465104010.523000
386,1465104002.992000,1465104003.621918,1465104008.623656,1465104008.704000
387,1465104002.992000,1465104003.691581,1465104008.693883,1465104008.752000
388,1465104002.992000,1465104003.884771,1465104008.886078,1465104008.972000
389,1465104002.993000,1465104003.650089,1465104008.651410,1465104008.720000
390,1465104002.993000,1465104003.635681,1465104008.655963,1465104008.743000
391,1465104002.993000,1465104003.953340,1465104008.955176,1465104009.034000
392,1465104002.993000,1465104003.927214,1465104008.928585,1465104009.008000
393,1465104002.993000,1465104003.634981,1465104008.636424,1465104008.717000
394,1465104002.993000,1465104003.659332,1465104008.660499,1465104008.729000
395,1465104002.994000,1465104003.708867,1465104008.710132,1465104008.784000
396,1465104002.994000,1465104003.907770,1465104008.908952,1465104009.001000
397,1465104002.994000,1465104003.936056,1465104008.937486,1465104009.018000
398,1465104002.994000,1465104003.643352,1465104008.658397,1465104008.739000
399,1465104002.994000,1465104003.648737,1465104008.649983,1465104008.730000
400,1465104002.995000,1465104003.941574,1465104008.942962,1465104009.011000
401,1465104002.995000,1465104003.935791,1465104008.937249,1465104009.005000
402,1465104002.995000,1465104003.660323,1465104008.661798,1465104008.740000
403,1465104002.995000,1465104003.665284,1465104008.669070,1465104008.753000
404,1465104002.995000,1465104003.930436,1465104008.931817,1465104009.008000
405,1465104002.996000,1465104003.897350,1465104008.898711,1465104008.984000
406,1465104002.996000,1465104003.905260,1465104008.923621,1465104009.028000
407,1465104002.996000,1465104003.658067,1465104008.659314,1465104008.717000
408,1465104002.996000,1465104003.709392,1465104008.710676,1465104008.768000
409,1465104002.997000,1465104003.646066,1465104008.647558,1465104008.728000
410,1465104002.998000,1465104005.567202,1465104010.568860,1465104010.650000
411,1465104002.998000,1465104003.638542,1465104008.639860,1465104008.722000
412,1465104002.998000,1465104003.636677,1465104008.637956,1465104008.726000
413,1465104002.999000,1465104003.957723,1465104008.959328,1465104009.040000
414,1465104002.999000,1465104003.638845,1465104008.640056,1465104008.727000
415,1465104002.999000,1465104003.658942,1465104008.661144,1465104008.749000
416,1465104002.999000,1465104003.941203,1465104008.942532,1465104009.018000
417,1465104002.999000,1465104003.660103,1465104008.661293,1465104008.747000
418,1465104002.999000,1465104003.636915,1465104008.657366,1465104008.744000
419,1465104002.999000,1465104003.661282,1465104008.664988,1465104008.746000
420,1465104002.999000,1465104003.976948,1465104008.978217,1465104009.064000
421,1465104002.999000,1465104003.670922,1465104008.672604,1465104008.759000
422,1465104002.999000,1465104003.680298,1465104008.681479,1465104008.762000
423,1465104002.999000,1465104003.667834,1465104008.674246,1465104008.751000
424,1465104002.999000,1465104003.682883,1465104008.684185,1465104008.764000
425,1465104003.000000,1465104003.672429,1465104008.674259,1465104008.752000
426,1465104003.000000,1465104003.639471,1465104008.640750,1465104008.718000
427,1465104003.000000,1465104003.623244,1465104008.624687,1465104008.712000
428,1465104003.001000,1465104003.611514,1465104008.612747,1465104008.697000
429,1465104003.001000,1465104003.604477,1465104008.611573,1465104008.702000
430,1465104003.001000,1465104003.688894,1465104008.690236,1465104008.769000
431,1465104003.001000,1465104003.638131,1465104008.639423,1465104008.720000
432,1465104003.002000,1465104003.623813,1465104008.625157,1465104008.706000
433,1465104003.002000,1465104003.943263,1465104008.944501,1465104009.049000
434,1465104003.002000,1465104003.919065,1465104008.920317,1465104009.002000
435,1465104003.002000,1465104003.677230,1465104008.679180,1465104008.770000
436,1465104003.002000,1465104003.688345,1465104008.689798,1465104008.763000
437,1465104003.002000,1465104003.645303,1465104008.646637,1465104008.725000
438,1465104003.002000,1465104003.682714,1465104008.684201,1465104008.762000
439,1465104003.002000,1465104003.956302,1465104008.957883,1465104009.036000
440,1465104003.002000,1465104003.662185,1465104008.663629,1465104008.739000
441,1465104003.003000,1465104003.648065,1465104008.649469,1465104008.736000
442,1465104003.003000,1465104003.672649,1465104008.690172,1465104008.756000
443,1465104003.003000,1465104003.633155,1465104008.634341,1465104008.722000
444,1465104003.003000,1465104003.661088,1465104008.662293,1465104008.740000
445,1465104003.003000,1465104003.637314,1465104008.638766,1465104008.719000
446,1465104003.003000,1465104003.680916,1465104008.682193,1465104008.769000
447,1465104003.004000,1465104003.677066,1465104008.685899,1465104008.755000
448,1465104003.004000,1465104003.624182,1465104008.631026,1465104008.719000
449,1465104003.004000,1465104003.742712,1465104008.744199,1465104008.832000
450,1465104003.004000,1465104003.661271,1465104008.670472,1465104008.751000
451,1465104003.004000,1465104003.647673,1465104008.648960,1465104008.729000
452,1465104003.004000,1465104003.942947,1465104008.944117,1465104009.031000
453,1465104003.005000,1465104003.684554,1465104008.685983,1465104008.756000
454,1465104003.005000,1465104003.675298,1465104008.676751,1465104008.767000
455,1465104003.005000,1465104003.672147,1465104008.673425,1465104008.743000
456,1465104003.005000,1465104003.905057,1465104008.923856,1465104009.028000
457,1465104003.005000,1465104003.657533,1465104008.658771,1465104008.745000
458,1465104003.005000,1465104003.656200,1465104008.658006,1465104008.738000
459,1465104003.005000,1465104003.902005,1465104008.903179,1465104008.980000
460,1465104003.005000,1465104003.651461,1465104008.652690,1465104008.734000
461,1465104003.006000,1465104003.652192,1465104008.653666,1465104008.734000
462,1465104003.006000,1465104003.616764,1465104008.618291,1465104008.699000
463,1465104003.006000,1465104003.693170,1465104008.694391,1465104008.765000
464,1465104003.006000,1465104003.625240,1465104008.627376,1465104008.713000
465,1465104003.006000,1465104003.700488,1465104008.702613,1465104008.760000
466,1465104003.007000,1465104003.662096,1465104008.663242,1465104008.729000
467,1465104003.008000,1465104003.691929,1465104008.693105,1465104008.775000
468,1465104003.008000,1465104003.674896,1465104008.676920,1465104008.764000
469,1465104003.008000,1465104003.671383,1465104008.673137,1465104008.752000
470,1465104003.008000,1465104003.655732,1465104008.657065,1465104008.743000
471,1465104003.008000,1465104003.628943,1465104008.630126,1465104008.707000
472,1465104003.008000,1465104003.670559,1465104008.671705,1465104008.757000
473,1465104003.008000,1465104003.702172,1465104008.703577,1465104008.784000
474,1465104003.008000,1465104003.946613,1465104008.948029,1465104009.036000
475,1465104003.009000,1465104003.665131,1465104008.666444,1465104008.753000
476,1465104003.009000,1465104003.666401,1465104008.667951,1465104008.755000
477,1465104003.009000,1465104003.689217,1465104008.691135,1465104008.783000
478,1465104003.009000,1465104003.667965,1465104008.669480,1465104008.755000
479,1465104003.009000,1465104003.688728,1465104008.690188,1465104008.769000
480,1465104003.009000,1465104003.655228,1465104008.656822,1465104008.724000
481,1465104003.009000,1465104003.633096,1465104008.634466,1465104008.723000
482,1465104003.009000,1465104003.654422,1465104008.655917,1465104008.734000
483,1465104003.010000,1465104003.675880,1465104008.689953,1465104008.756000
484,1465104003.010000,1465104003.700369,1465104008.701817,1465104008.768000
485,1465104003.010000,1465104003.635737,1465104008.637153,1465104008.732000
486,1465104003.010000,1465104003.675758,1465104008.680323,1465104008.756000
487,1465104003.011000,1465104003.806225,1465104008.807523,1465104008.876000
488,1465104003.011000,1465104003.670846,1465104008.684025,1465104008.769000
489,1465104003.011000,1465104003.677147,1465104008.678379,1465104008.744000
490,1465104003.011000,1465104003.676767,1465104008.677944,1465104008.773000
491,1465104003.011000,1465104003.676036,1465104008.677276,1465104008.757000
492,1465104003.011000,1465104003.656510,1465104008.658147,1465104008.724000
493,1465104003.011000,1465104003.675930,1465104008.691345,1465104008.782000
494,1465104003.011000,1465104003.737733,1465104008.739038,1465104008.819000
495,1465104003.012000,1465104003.661558,1465104008.663255,1465104008.750000
496,1465104003.012000,1465104003.680868,1465104008.684392,1465104008.762000
497,1465104003.012000,1465104003.789680,1465104008.797943,1465104008.885000
498,1465104003.012000,1465104003.631429,1465104008.632911,1465104008.719000
499,1465104003.012000,1465104003.687080,1465104008.688564,1465104008.776000
500,1465104003.012000,1465104003.803046,1465104008.804620,1465104008.890000
501,1465104003.012000,1465104003.817473,1465104008.825731,1465104008.904000
502,1465104003.012000,1465104003.629394,1465104008.630635,1465104008.736000
503,1465104003.012000,1465104003.655218,1465104008.656629,1465104008.751000
504,1465104003.012000,1465104004.077353,1465104009.078663,1465104009.161000
505,1465104003.012000,1465104003.658110,1465104008.659413,1465104008.750000
506,1465104003.012000,1465104003.742499,1465104008.743844,1465104008.818000
507,1465104003.012000,1465104003.651266,1465104008.652443,1465104008.719000
508,1465104003.012000,1465104003.671344,1465104008.673156,1465104008.759000
509,1465104003.012000,1465104003.675904,1465104008.677194,1465104008.758000
510,1465104003.012000,1465104003.718955,1465104008.720213,1465104008.799000
511,1465104003.012000,1465104003.695335,1465104008.696653,1465104008.782000
512,1465104003.012000,1465104003.681088,1465104008.682321,1465104008.777000
513,1465104003.012000,1465104003.689129,1465104008.690437,1465104008.776000
514,1465104003.012000,1465104003.781377,1465104008.782613,1465104008.859000
515,1465104003.012000,1465104003.768905,1465104008.770616,1465104008.846000
516,1465104003.012000,1465104003.754728,1465104008.756235,1465104008.829000
517,1465104003.012000,1465104003.704179,1465104008.717703,1465104008.794000
518,1465104003.012000,1465104003.800206,1465104008.801413,1465104008.859000
519,1465104003.013000,1465104003.809341,1465104008.810640,1465104008.886000
520,1465104003.013000,1465104003.779289,1465104008.780727,1465104008.854000
521,1465104003.013000,1465104003.787980,1465104008.789250,1465104008.876000
522,1465104003.013000,1465104004.021576,1465104009.022843,1465104009.127000
523,1465104003.013000,1465104003.690484,1465104008.691699,1465104008.770000
524,1465104003.013000,1465104003.667789,1465104008.669341,1465104008.756000
525,1465104003.013000,1465104003.670235,1465104008.671503,1465104008.752000
526,1465104003.013000,1465104003.832142,1465104008.833726,1465104008.913000
527,1465104003.013000,1465104003.702221,1465104008.703599,1465104008.782000
528,1465104003.013000,1465104003.669486,1465104008.670734,1465104008.749000
529,1465104003.013000,1465104003.797644,1465104008.798863,1465104008.884000
530,1465104003.013000,1465104003.728009,1465104008.729203,1465104008.811000
531,1465104003.013000,1465104003.699879,1465104008.702161,1465104008.781000
532,1465104003.013000,1465104003.689590,1465104008.691138,1465104008.784000
533,1465104003.013000,1465104003.647313,1465104008.655724,1465104008.743000
534,1465104003.013000,1465104003.770064,1465104008.771268,1465104008.837000
535,1465104003.013000,1465104003.701702,1465104008.702942,1465104008.788000
536,1465104003.013000,1465104003.765054,1465104008.766315,1465104008.852000
537,1465104003.013000,1465104003.717367,1465104008.718638,1465104008.797000
538,1465104003.013000,1465104003.728337,1465104008.729772,1465104008.798000
539,1465104003.013000,1465104003.756973,1465104008.758284,1465104008.840000
540,1465104003.013000,1465104004.116221,1465104009.117490,1465104009.206000
541,1465104003.013000,1465104003.810813,1465104008.813631,1465104008.894000
542,1465104003.013000,1465104003.697208,1465104008.698698,1465104008.785000
543,1465104003.013000,1465104004.117834,1465104009.119012,1465104009.197000
544,1465104003.014000,1465104003.679850,1465104008.681156,1465104008.762000
545,1465104003.014000,1465104003.789979,1465104008.791232,1465104008.863000
546,1465104003.014000,1465104003.715425,1465104008.716597,1465104008.786000
547,1465104003.014000,1465104003.846207,1465104008.847719,1465104008.918000
548,1465104003.014000,1465104003.922519,1465104008.924027,1465104008.991000
549,1465104003.014000,1465104003.796387,1465104008.797656,1465104008.883000
550,1465104003.014000,1465104003.668069,1465104008.669413,1465104008.760000
551,1465104003.014000,1465104003.706889,1465104008.708036,1465104008.790000
552,1465104003.014000,1465104003.756789,1465104008.758547,1465104008.831000
553,1465104003.014000,1465104003.705940,1465104008.707884,1465104008.794000
554,1465104003.014000,1465104003.813143,1465104008.814403,1465104008.883000
555,1465104003.014000,1465104003.670700,1465104008.687288,1465104008.783000
556,1465104003.014000,1465104003.602724,1465104008.603952,1465104008.681000
557,1465104003.014000,1465104003.704126,1465104008.705361,1465104008.775000
558,1465104003.014000,1465104003.673122,1465104008.674951,1465104008.754000
559,1465104003.014000,1465104003.955311,1465104008.956769,1465104009.032000
560,1465104003.014000,1465104003.686177,1465104008.687426,1465104008.782000
561,1465104003.014000,1465104003.621834,1465104008.623055,1465104008.728000
562,1465104003.014000,1465104003.664953,1465104008.666263,1465104008.743000
563,1465104003.014000,1465104003.677620,1465104008.678995,1465104008.765000
564,1465104003.014000,1465104003.657422,1465104008.658699,1465104008.738000
565,1465104003.014000,1465104003.676826,1465104008.679823,1465104008.761000
566,1465104003.014000,1465104003.681919,1465104008.683223,1465104008.774000
567,1465104003.014000,1465104003.682126,1465104008.683571,1465104008.762000
568,1465104003.014000,1465104003.680984,1465104008.682190,1465104008.752000
569,1465104003.014000,1465104004.131643,1465104009.132841,1465104009.214000
570,1465104003.014000,1465104003.704974,1465104008.706188,1465104008.777000
571,1465104003.015000,1465104003.701977,1465104008.703205,1465104008.785000
572,1465104003.015000,1465104003.628371,1465104008.629670,1465104008.717000
573,1465104003.015000,1465104003.632859,1465104008.638130,1465104008.733000
574,1465104003.015000,1465104003.685781,1465104008.692085,1465104008.768000
575,1465104003.015000,1465104003.758899,1465104008.760565,1465104008.839000
576,1465104003.015000,1465104003.663831,1465104008.664994,1465104008.747000
577,1465104003.015000,1465104003.856061,1465104008.857445,1465104008.931000
578,1465104003.015000,1465104003.673878,1465104008.685373,1465104008.771000
579,1465104003.015000,1465104003.736972,1465104008.738475,1465104008.824000
580,1465104003.015000,1465104003.669996,1465104008.671275,1465104008.758000
581,1465104003.015000,1465104003.660290,1465104008.661422,1465104008.756000
582,1465104003.015000,1465104003.672049,1465104008.691729,1465104008.780000
583,1465104003.015000,1465104003.689999,1465104008.691262,1465104008.777000
584,1465104003.015000,1465104003.641644,1465104008.642905,1465104008.747000
585,1465104003.015000,1465104003.675059,1465104008.676533,1465104008.756000
586,1465104003.015000,1465104003.793180,1465104008.794867,1465104008.874000
587,1465104003.015000,1465104003.831606,1465104008.832874,1465104008.927000
588,1465104003.015000,1465104003.656454,1465104008.657839,1465104008.748000
589,1465104003.015000,1465104003.696189,1465104008.697381,1465104008.776000
590,1465104003.015000,1465104003.735889,1465104008.737189,1465104008.816000
591,1465104003.015000,1465104003.654071,1465104008.655310,1465104008.740000
592,1465104003.015000,1465104003.702704,1465104008.704028,1465104008.773000
593,1465104003.015000,1465104003.706132,1465104008.707387,1465104008.786000
594,1465104003.015000,1465104003.661543,1465104008.663259,1465104008.750000
595,1465104003.015000,1465104003.688557,1465104008.689766,1465104008.767000
596,1465104003.015000,1465104003.677364,1465104008.678698,1465104008.748000
597,1465104003.016000,1465104003.779194,1465104008.780439,1465104008.858000
598,1465104003.016000,1465104003.669620,1465104008.670800,1465104008.755000
599,1465104003.016000,1465104003.630509,1465104008.631927,1465104008.717000
600,1465104003.016000,1465104003.677408,1465104008.679166,1465104008.755000
601,1465104003.016000,1465104003.667633,1465104008.669389,1465104008.747000
602,1465104003.016000,1465104003.665224,1465104008.666537,1465104008.747000
603,1465104003.016000,1465104003.668315,1465104008.669559,1465104008.755000
604,1465104003.016000,1465104003.688365,1465104008.689618,1465104008.780000
605,1465104003.016000,1465104003.766583,1465104008.767849,1465104008.839000
606,1465104003.016000,1465104003.728665,1465104008.729930,1465104008.803000
607,1465104003.016000,1465104003.701105,1465104008.702493,1465104008.760000
608,1465104003.016000,1465104003.696312,1465104008.698161,1465104008.775000
609,1465104003.016000,1465104003.773533,1465104008.774735,1465104008.861000
610,1465104003.016000,1465104003.748063,1465104008.749298,1465104008.815000
611,1465104003.016000,1465104003.693518,1465104008.694789,1465104008.775000
612,1465104003.016000,1465104003.700194,1465104008.702153,1465104008.781000
613,1465104003.016000,1465104003.693778,1465104008.698529,1465104008.785000
614,1465104003.016000,1465104003.683198,1465104008.684515,1465104008.765000
615,1465104003.016000,1465104003.838090,1465104008.839511,1465104008.925000
616,1465104003.016000,1465104003.705369,1465104008.706936,1465104008.786000
617,1465104003.016000,1465104003.777774,1465104008.778931,1465104008.860000
618,1465104003.016000,1465104003.704045,1465104008.714764,1465104008.794000
619,1465104003.016000,1465104003.821935,1465104008.823133,1465104008.918000
620,1465104003.016000,1465104003.758901,1465104008.760960,1465104008.848000
621,1465104003.016000,1465104003.744603,1465104008.745851,1465104008.832000
622,1465104003.016000,1465104003.796386,1465104008.797645,1465104008.878000
623,1465104003.017000,1465104003.680539,1465104008.682700,1465104008.760000
624,1465104003.017000,0.000000,0.000000,0.000000
625,1465104003.017000,1465104003.772087,1465104008.773367,1465104008.865000
626,1465104003.017000,1465104003.804908,1465104008.806283,1465104008.874000
627,1465104003.017000,1465104003.833362,1465104008.834564,1465104008.920000
628,1465104003.017000,1465104003.670387,1465104008.672558,1465104008.751000
629,1465104003.017000,1465104003.694001,1465104008.695240,1465104008.775000
630,1465104003.017000,1465104003.687670,1465104008.689168,1465104008.768000
631,1465104003.017000,1465104003.695922,1465104008.698155,1465104008.775000
632,1465104003.017000,1465104003.703028,1465104008.704222,1465104008.791000
633,1465104003.017000,1465104003.837790,1465104008.840360,1465104008.925000
634,1465104003.017000,1465104003.823753,1465104008.825230,1465104008.901000
635,1465104003.017000,0.000000,0.000000,0.000000
636,1465104003.017000,1465104003.747887,1465104008.749028,1465104008.844000
637,1465104003.018000,1465104003.692848,1465104008.694329,1465104008.781000
638,1465104003.018000,1465104003.789106,1465104008.790452,1465104008.895000
639,1465104003.018000,1465104003.734052,1465104008.735290,1465104008.816000
640,1465104003.018000,1465104003.709156,1465104008.710359,1465104008.795000
641,1465104003.018000,1465104003.721381,1465104008.722624,1465104008.795000
642,1465104003.018000,1465104004.046946,1465104009.048212,1465104009.130000
643,1465104003.018000,1465104003.673799,1465104008.675423,1465104008.765000
644,1465104003.018000,1465104003.721359,1465104008.722811,1465104008.798000
645,1465104003.018000,1465104003.657858,1465104008.667046,1465104008.762000
646,1465104003.018000,1465104003.697136,1465104008.698394,1465104008.776000
647,1465104003.018000,1465104003.759354,1465104008.760933,1465104008.848000
648,1465104003.018000,1465104003.669740,1465104008.670983,1465104008.729000
649,1465104003.018000,1465104003.675486,1465104008.691752,1465104008.776000
650,1465104003.018000,1465104003.689874,1465104008.691185,1465104008.777000
651,1465104003.018000,1465104003.723420,1465104008.724580,1465104008.820000
652,1465104003.018000,1465104003.690154,1465104008.692165,1465104008.779000
653,1465104003.018000,1465104003.661695,1465104008.664062,1465104008.744000
654,1465104003.018000,1465104003.783396,1465104008.784712,1465104008.863000
655,1465104003.018000,0.000000,0.000000,0.000000
656,1465104003.018000,1465104003.627921,1465104008.631925,1465104008.717000
657,1465104003.018000,1465104003.687791,1465104008.688937,1465104008.784000
658,1465104003.018000,1465104004.093017,1465104009.094443,1465104009.168000
659,1465104003.018000,1465104003.671848,1465104008.673195,1465104008.755000
660,1465104003.018000,1465104003.690918,1465104008.692132,1465104008.772000
661,1465104003.018000,1465104003.697728,1465104008.698873,1465104008.768000
662,1465104003.019000,1465104003.693161,1465104008.694337,1465104008.773000
663,1465104003.019000,1465104003.677225,1465104008.678596,1465104008.768000
664,1465104003.019000,1465104003.691701,1465104008.693060,1465104008.779000
665,1465104003.019000,1465104003.684235,1465104008.685704,1465104008.757000
666,1465104003.019000,1465104003.775641,1465104008.776786,1465104008.863000
667,1465104003.019000,1465104003.706010,1465104008.707929,1465104008.794000
668,1465104003.019000,1465104003.732788,1465104008.734054,1465104008.808000
669,1465104003.019000,1465104003.661810,1465104008.663789,1465104008.749000
670,1465104003.019000,1465104003.692123,1465104008.693325,1465104008.780000
671,1465104003.019000,1465104003.668576,1465104008.669924,1465104008.750000
672,1465104003.019000,1465104004.007208,1465104009.008925,1465104009.090000
673,1465104003.019000,1465104003.698740,1465104008.699971,1465104008.784000
674,1465104003.019000,1465104003.699626,1465104008.700873,1465104008.778000
675,1465104003.019000,1465104003.679509,1465104008.680946,1465104008.768000
676,1465104003.019000,1465104004.115453,1465104009.116729,1465104009.196000
677,1465104003.019000,1465104003.789066,1465104008.791115,1465104008.878000
678,1465104003.019000,1465104003.709288,1465104008.710557,1465104008.777000
679,1465104003.019000,1465104003.663806,1465104008.671655,1465104008.762000
680,1465104003.019000,1465104003.675264,1465104008.677468,1465104008.753000
681,1465104003.019000,1465104003.689650,1465104008.697932,1465104008.785000
682,1465104003.019000,1465104003.678366,1465104008.679921,1465104008.757000
683,1465104003.019000,1465104003.772254,1465104008.773500,1465104008.868000
684,1465104003.019000,1465104003.756033,1465104008.757231,1465104008.852000
685,1465104003.019000,1465104003.703450,1465104008.704967,1465104008.784000
686,1465104003.019000,1465104003.714944,1465104008.716284,1465104008.794000
687,1465104003.019000,1465104003.733210,1465104008.734444,1465104008.792000
688,1465104003.020000,1465104003.688064,1465104008.689475,1465104008.778000
689,1465104003.020000,1465104003.670440,1465104008.671737,1465104008.741000
690,1465104003.020000,1465104003.677739,1465104008.679546,1465104008.763000
691,1465104003.020000,1465104003.782290,1465104008.783525,1465104008.841000
692,1465104003.020000,1465104003.668033,1465104008.669285,1465104008.755000
693,1465104003.020000,1465104003.701968,1465104008.714932,1465104008.794000
694,1465104003.020000,1465104003.724367,1465104008.725553,1465104008.811000
695,1465104003.020000,1465104003.752636,1465104008.753857,1465104008.833000
696,1465104003.020000,1465104003.713337,1465104008.714517,1465104008.800000
697,1465104003.020000,1465104003.714242,1465104008.715493,1465104008.801000
698,1465104003.020000,1465104003.659299,1465104008.662677,1465104008.743000
699,1465104003.020000,1465104003.694374,1465104008.695824,1465104008.771000
700,1465104003.020000,1465104003.708301,1465104008.709564,1465104008.788000
701,1465104003.020000,1465104003.722207,1465104008.723436,1465104008.801000
702,1465104003.020000,1465104003.658362,1465104008.660478,1465104008.748000
703,1465104003.020000,1465104003.729411,1465104008.730651,1465104008.813000
704,1465104003.020000,1465104003.680328,1465104008.681703,1465104008.772000
705,1465104003.020000,1465104003.694273,1465104008.696026,1465104008.769000
706,1465104003.020000,1465104003.712676,1465104008.714291,1465104008.792000
707,1465104003.020000,1465104003.695964,1465104008.711943,1465104008.785000
708,1465104003.020000,1465104003.743284,1465104008.744523,1465104008.831000
709,1465104003.020000,1465104003.681697,1465104008.682961,1465104008.770000
710,1465104003.020000,1465104003.833447,1465104008.836024,1465104008.923000
711,1465104003.020000,1465104003.828543,1465104008.829781,1465104008.910000
712,1465104003.021000,1465104003.661838,1465104008.667291,1465104008.763000
713,1465104003.021000,1465104003.656029,1465104008.657444,1465104008.746000
714,1465104003.021000,1465104003.759979,1465104008.761179,1465104008.856000
715,1465104003.021000,1465104003.782327,1465104008.783463,1465104008.879000
716,1465104003.021000,1465104003.685552,1465104008.686795,1465104008.782000
717,1465104003.021000,1465104003.711450,1465104008.712646,1465104008.782000
718,1465104003.021000,1465104003.782336,1465104008.783642,1465104008.862000
719,1465104003.021000,1465104004.009371,1465104009.010663,1465104009.084000
720,1465104003.021000,1465104003.668253,1465104008.669599,1465104008.765000
721,1465104003.021000,1465104003.742747,1465104008.743927,1465104008.838000
722,1465104003.021000,1465104003.768943,1465104008.770202,1465104008.874000
723,1465104003.021000,1465104003.731170,1465104008.732731,1465104008.809000
724,1465104003.021000,1465104003.699970,1465104008.701231,1465104008.788000
725,1465104003.021000,1465104003.735317,1465104008.736986,1465104008.816000
726,1465104003.021000,1465104003.694915,1465104008.696074,1465104008.784000
727,1465104003.021000,1465104003.778129,1465104008.779384,1465104008.849000
728,1465104003.021000,1465104003.789543,1465104008.790699,1465104008.896000
729,1465104003.021000,1465104003.679003,1465104008.680262,1465104008.760000
730,1465104003.021000,0.000000,0.000000,0.000000
731,1465104003.021000,1465104003.769366,1465104008.770835,1465104008.850000
732,1465104003.021000,1465104003.769526,1465104008.770705,1465104008.848000
733,1465104003.021000,1465104003.759029,1465104008.760411,1465104008.846000
734,1465104003.021000,1465104003.729875,1465104008.731189,1465104008.817000
735,1465104003.021000,1465104003.696214,1465104008.697538,1465104008.767000
736,1465104003.021000,1465104003.664167,1465104008.676007,1465104008.763000
737,1465104003.021000,1465104003.775896,1465104008.777099,1465104008.869000
738,1465104003.021000,1465104003.663873,1465104008.665190,1465104008.769000
739,1465104003.022000,1465104003.760007,1465104008.771961,1465104008.845000
740,1465104003.022000,1465104003.742107,1465104008.743554,1465104008.819000
741,1465104003.022000,1465104003.643602,1465104008.644912,1465104008.729000
742,1465104003.022000,1465104003.722228,1465104008.723531,1465104008.810000
743,1465104003.022000,1465104003.792454,1465104008.794757,1465104008.874000
744,1465104003.022000,1465104003.693188,1465104008.694489,1465104008.773000
745,1465104003.023000,1465104004.003530,1465104009.005198,1465104009.086000
746,1465104003.025000,1465104003.639871,1465104008.641130,1465104008.720000
747,1465104003.026000,1465104003.761894,1465104008.763162,1465104008.834000
748,1465104003.034000,1465104003.803531,1465104008.804714,1465104008.863000
749,1465104003.067000,1465104003.700999,1465104008.702989,1465104008.782000
750,1465104003.077000,1465104003.738051,1465104008.739469,1465104008.835000
751,1465104003.082000,1465104003.811598,1465104008.812971,1465104008.893000
752,1465104003.082000,1465104003.830092,1465104008.831380,1465104008.917000
753,1465104003.082000,1465104004.121843,1465104009.123092,1465104009.181000
754,1465104003.082000,1465104003.788116,1465104008.789609,1465104008.894000
755,1465104003.082000,0.000000,0.000000,0.000000
756,1465104003.082000,1465104003.716291,1465104008.717541,1465104008.803000
757,1465104003.082000,1465104003.729309,1465104008.735688,1465104008.822000
758,1465104003.082000,1465104003.704347,1465104008.705806,1465104008.783000
759,1465104003.082000,1465104003.759942,1465104008.761197,1465104008.865000
760,1465104003.082000,1465104003.823187,1465104008.824474,1465104008.902000
761,1465104003.082000,1465104003.786426,1465104008.787750,1465104008.867000
762,1465104003.082000,1465104003.795991,1465104008.797236,1465104008.883000
763,1465104003.082000,1465104003.708362,1465104008.711760,1465104008.796000
764,1465104003.083000,1465104003.755246,1465104008.756428,1465104008.834000
765,1465104003.083000,1465104003.833768,1465104008.835099,1465104008.914000
766,1465104003.084000,1465104003.846320,1465104008.847837,1465104008.916000
767,1465104003.084000,1465104003.755699,1465104008.756862,1465104008.842000
768,1465104003.084000,1465104004.125061,1465104009.126426,1465104009.194000
769,1465104003.084000,1465104003.741135,1465104008.742504,1465104008.823000
770,1465104003.084000,1465104004.116903,1465104009.118395,1465104009.186000
771,1465104003.084000,1465104004.128614,1465104009.129882,1465104009.222000
772,1465104003.084000,1465104003.995222,1465104008.996373,1465104009.074000
773,1465104003.085000,1465104003.805993,1465104008.807173,1465104008.894000
774,1465104003.085000,1465104003.710280,1465104008.728579,1465104008.814000
775,1465104003.085000,1465104003.794769,1465104008.796152,1465104008.883000
776,1465104003.085000,1465104003.849296,1465104008.858438,1465104008.935000
777,1465104003.085000,1465104003.848050,1465104008.865382,1465104008.943000
778,1465104003.086000,1465104003.802375,1465104008.803925,1465104008.891000
779,1465104003.086000,1465104003.827850,1465104008.829340,1465104008.897000
780,1465104003.086000,1465104003.770699,1465104008.771936,1465104008.868000
781,1465104003.086000,1465104003.740051,1465104008.741374,1465104008.828000
782,1465104003.086000,1465104003.756370,1465104008.757732,1465104008.863000
783,1465104003.086000,1465104003.798697,1465104008.801210,1465104008.880000
784,1465104003.086000,1465104003.734270,1465104008.735688,1465104008.823000
785,1465104003.086000,0.000000,0.000000,0.000000
786,1465104003.087000,1465104003.794268,1465104008.795500,1465104008.875000
787,1465104003.087000,1465104004.062840,1465104009.064115,1465104009.168000
788,1465104003.087000,1465104003.735422,1465104008.736580,1465104008.823000
789,1465104003.087000,1465104003.836840,1465104008.838325,1465104008.917000
790,1465104003.087000,1465104003.769483,1465104008.770651,1465104008.857000
791,1465104003.087000,1465104003.778096,1465104008.779299,1465104008.850000
792,1465104003.087000,1465104003.749294,1465104008.750657,1465104008.831000
793,1465104003.087000,1465104004.013689,1465104009.015090,1465104009.082000
794,1465104003.087000,1465104003.818219,1465104008.819877,1465104008.897000
795,1465104003.088000,1465104003.831706,1465104008.832939,1465104008.913000
796,1465104003.088000,1465104003.725468,1465104008.726779,1465104008.806000
797,1465104003.088000,0.000000,0.000000,0.000000
798,1465104003.088000,1465104003.821852,1465104008.823956,1465104008.904000
799,1465104003.089000,1465104003.716495,1465104008.717816,1465104008.803000
800,1465104003.089000,1465104003.837072,1465104008.838327,1465104008.916000
801,1465104003.089000,1465104003.839407,1465104008.840642,1465104008.926000
802,1465104003.089000,1465104003.801240,1465104008.802493,1465104008.888000
803,1465104003.089000,1465104003.709511,1465104008.710726,1465104008.792000
804,1465104003.089000,1465104003.767763,1465104008.769025,1465104008.847000
805,1465104003.089000,1465104003.770955,1465104008.772394,1465104008.848000
806,1465104003.089000,1465104003.796874,1465104008.798172,1465104008.866000
807,1465104003.090000,1465104004.000297,1465104009.001546,1465104009.079000
808,1465104003.091000,1465104003.787833,1465104008.789036,1465104008.868000
809,1465104003.091000,1465104003.831049,1465104008.832792,1465104008.904000
810,1465104003.091000,1465104003.825559,1465104008.826922,1465104008.907000
811,1465104003.091000,1465104004.126214,1465104009.127374,1465104009.204000
812,1465104003.091000,1465104003.736848,1465104008.744019,1465104008.829000
813,1465104003.091000,1465104003.699123,1465104008.700358,1465104008.789000
814,1465104003.092000,1465104003.805931,1465104008.807139,1465104008.878000
815,1465104003.092000,1465104003.849716,1465104008.850935,1465104008.928000
816,1465104003.093000,1465104003.806339,1465104008.807582,1465104008.911000
817,1465104003.094000,1465104003.811772,1465104008.812945,1465104008.899000
818,1465104003.094000,1465104003.831197,1465104008.832418,1465104008.923000
819,1465104003.094000,1465104004.090877,1465104009.092214,1465104009.173000
820,1465104003.094000,1465104003.843416,1465104008.844734,1465104008.916000
821,1465104003.095000,1465104003.815215,1465104008.817025,1465104008.892000
822,1465104003.095000,1465104003.711701,1465104008.712851,1465104008.808000
823,1465104003.095000,1465104004.120058,1465104009.121286,1465104009.202000
824,1465104003.095000,1465104003.799601,1465104008.801186,1465104008.905000
825,1465104003.095000,1465104003.782377,1465104008.783630,1465104008.863000
826,1465104003.096000,1465104003.781727,1465104008.782995,1465104008.876000
827,1465104003.096000,1465104004.126564,1465104009.128163,1465104009.209000
828,1465104003.096000,1465104003.792248,1465104008.798766,1465104008.877000
829,1465104003.096000,1465104004.099442,1465104009.100726,1465104009.189000
830,1465104003.097000,1465104003.770377,1465104008.771552,1465104008.857000
831,1465104003.097000,1465104003.808405,1465104008.809574,1465104008.887000
832,1465104003.097000,1465104004.092527,1465104009.093954,1465104009.161000
833,1465104003.097000,1465104003.822632,1465104008.823857,1465104008.909000
834,1465104003.097000,1465104003.785726,1465104008.803273,1465104008.874000
835,1465104003.097000,1465104003.846166,1465104008.849008,1465104008.917000
836,1465104003.098000,0.000000,0.000000,0.000000
837,1465104003.098000,1465104003.816877,1465104008.818109,1465104008.897000
838,1465104003.099000,1465104003.755431,1465104008.756617,1465104008.852000
839,1465104003.099000,1465104003.846279,1465104008.848347,1465104008.930000
840,1465104003.099000,1465104003.737167,1465104008.738577,1465104008.833000
841,1465104003.099000,1465104003.790419,1465104008.791855,1465104008.884000
842,1465104003.100000,1465104004.037722,1465104009.039043,1465104009.144000
843,1465104003.100000,1465104003.828977,1465104008.830232,1465104008.908000
844,1465104003.100000,1465104003.827004,1465104008.845260,1465104008.915000
845,1465104003.101000,1465104003.848196,1465104008.851124,1465104008.932000
846,1465104003.101000,1465104003.804417,1465104008.805656,1465104008.891000
847,1465104003.101000,1465104003.821181,1465104008.822316,1465104008.908000
848,1465104003.102000,1465104004.101803,1465104009.102964,1465104009.181000
849,1465104003.102000,1465104003.806072,1465104008.807821,1465104008.887000
850,1465104003.102000,1465104003.753508,1465104008.754761,1465104008.841000
851,1465104003.102000,0.000000,0.000000,0.000000
852,1465104003.103000,1465104003.759054,1465104008.760318,1465104008.855000
853,1465104003.103000,1465104003.806588,1465104008.808402,1465104008.888000
854,1465104003.103000,1465104003.791262,1465104008.792691,1465104008.885000
855,1465104003.104000,1465104003.792983,1465104008.811115,1465104008.899000
856,1465104003.104000,1465104003.836837,1465104008.838046,1465104008.923000
857,1465104003.104000,1465104003.863680,1465104008.865135,1465104008.933000
858,1465104003.104000,1465104003.850293,1465104008.851966,1465104008.920000
859,1465104003.104000,1465104003.828025,1465104008.829365,1465104008.916000
860,1465104003.104000,1465104003.837820,1465104008.839341,1465104008.915000
861,1465104003.105000,1465104003.810305,1465104008.812174,1465104008.905000
862,1465104003.105000,1465104003.765950,1465104008.767546,1465104008.846000
863,1465104003.106000,1465104003.859322,1465104008.860812,1465104008.928000
864,1465104003.106000,1465104003.807230,1465104008.808525,1465104008.884000
865,1465104003.106000,1465104003.820644,1465104008.821851,1465104008.907000
866,1465104003.107000,1465104003.818482,1465104008.825639,1465104008.904000
867,1465104003.107000,1465104003.849224,1465104008.851243,1465104008.927000
868,1465104003.107000,1465104003.834302,1465104008.835798,1465104008.922000
869,1465104003.108000,1465104003.809700,1465104008.810979,1465104008.888000
870,1465104003.108000,1465104003.804557,1465104008.805783,1465104008.884000
871,1465104003.108000,1465104004.072324,1465104009.073977,1465104009.153000
872,1465104003.108000,1465104003.850440,1465104008.851829,1465104008.931000
873,1465104003.108000,1465104003.830377,1465104008.847077,1465104008.926000
874,1465104003.108000,0.000000,0.000000,0.000000
875,1465104003.108000,1465104003.805781,1465104008.807819,1465104008.887000
876,1465104003.109000,1465104003.823925,1465104008.825242,1465104008.913000
877,1465104003.109000,1465104003.799169,1465104008.800515,1465104008.887000
878,1465104003.109000,1465104003.863312,1465104008.864964,1465104008.932000
879,1465104003.109000,1465104003.803956,1465104008.806769,1465104008.883000
880,1465104003.110000,1465104003.761660,1465104008.762956,1465104008.841000
881,1465104003.110000,1465104003.847258,1465104008.848470,1465104008.928000
882,1465104003.110000,1465104003.830344,1465104008.831760,1465104008.912000
883,1465104003.110000,1465104003.786915,1465104008.788532,1465104008.876000
884,1465104003.111000,1465104003.752881,1465104008.754118,1465104008.846000
885,1465104003.111000,1465104003.841450,1465104008.842852,1465104008.914000
886,1465104003.111000,1465104003.799236,1465104008.800667,1465104008.880000
887,1465104003.111000,1465104003.825136,1465104008.826356,1465104008.905000
888,1465104003.111000,1465104003.793141,1465104008.811116,1465104008.899000
889,1465104003.111000,1465104004.140037,1465104009.141295,1465104009.233000
890,1465104003.112000,1465104003.843859,1465104008.845185,1465104008.924000
891,1465104003.112000,0.000000,0.000000,0.000000
892,1465104003.112000,1465104003.838437,1465104008.852018,1465104008.936000
893,1465104003.112000,1465104003.832604,1465104008.833860,1465104008.921000
894,1465104003.112000,1465104004.070734,1465104009.083795,1465104009.188000
895,1465104003.112000,1465104004.018925,1465104009.020267,1465104009.113000
896,1465104003.112000,1465104003.828652,1465104008.829980,1465104008.916000
897,1465104003.112000,1465104003.821617,1465104008.822915,1465104008.908000
898,1465104003.113000,1465104004.078531,1465104009.083502,1465104009.150000
899,1465104003.113000,1465104003.830955,1465104008.843445,1465104008.914000
900,1465104003.113000,0.000000,0.000000,0.000000
901,1465104003.113000,1465104004.107930,1465104009.109375,1465104009.188000
902,1465104003.113000,1465104003.856428,1465104008.858411,1465104008.934000
903,1465104003.114000,1465104003.820065,1465104008.821552,1465104008.907000
904,1465104003.114000,1465104003.835128,1465104008.836371,1465104008.914000
905,1465104003.114000,0.000000,0.000000,0.000000
906,1465104003.114000,1465104003.838837,1465104008.840117,1465104008.919000
907,1465104003.114000,1465104003.713655,1465104008.714953,1465104008.802000
908,1465104003.115000,1465104003.799150,1465104008.800970,1465104008.905000
909,1465104003.115000,1465104004.125763,1465104009.127024,1465104009.208000
910,1465104003.115000,1465104003.825455,1465104008.826629,1465104008.903000
911,1465104003.115000,1465104003.839149,1465104008.840894,1465104008.921000
912,1465104003.115000,1465104003.828792,1465104008.830194,1465104008.918000
913,1465104003.115000,1465104003.826596,1465104008.828487,1465104008.898000
914,1465104003.115000,1465104003.804189,1465104008.806328,1465104008.882000
915,1465104003.115000,1465104003.775735,1465104008.777460,1465104008.853000
916,1465104003.115000,1465104003.807748,1465104008.808987,1465104008.877000
917,1465104003.116000,1465104003.813288,1465104008.814479,1465104008.902000
918,1465104003.116000,1465104003.817880,1465104008.819334,1465104008.895000
919,1465104003.116000,1465104003.813285,1465104008.814559,1465104008.893000
920,1465104003.116000,1465104003.812185,1465104008.813458,1465104008.917000
921,1465104003.116000,1465104003.823197,1465104008.824833,1465104008.900000
922,1465104003.117000,1465104003.808164,1465104008.809485,1465104008.893000
923,1465104003.117000,1465104003.787555,1465104008.788720,1465104008.866000
924,1465104003.117000,1465104003.847541,1465104008.848984,1465104008.922000
925,1465104003.117000,1465104003.801402,1465104008.802641,1465104008.881000
926,1465104003.117000,1465104003.795227,1465104008.796778,1465104008.865000
927,1465104003.117000,1465104003.792459,1465104008.794024,1465104008.874000
928,1465104003.117000,1465104003.826716,1465104008.828342,1465104008.909000
929,1465104003.118000,1465104003.793694,1465104008.795434,1465104008.875000
930,1465104003.118000,1465104004.109927,1465104009.111158,1465104009.199000
931,1465104003.118000,1465104003.774397,1465104008.775693,1465104008.847000
932,1465104003.118000,1465104003.843145,1465104008.844345,1465104008.932000
933,1465104003.119000,1465104004.116024,1465104009.117316,1465104009.210000
934,1465104003.119000,1465104003.814254,1465104008.815763,1465104008.904000
935,1465104003.119000,1465104004.048784,1465104009.050074,1465104009.128000
936,1465104003.119000,1465104003.795095,1465104008.796255,1465104008.891000
937,1465104003.120000,1465104003.837883,1465104008.840600,1465104008.925000
938,1465104003.120000,1465104003.818892,1465104008.820040,1465104008.915000
939,1465104003.120000,1465104003.838688,1465104008.839952,1465104008.919000
940,1465104003.120000,1465104004.079540,1465104009.080904,1465104009.158000
941,1465104003.120000,1465104004.057130,1465104009.058315,1465104009.136000
942,1465104003.120000,1465104003.805380,1465104008.806619,1465104008.899000
943,1465104003.120000,1465104003.803235,1465104008.804563,1465104008.883000
944,1465104003.120000,1465104003.842126,1465104008.857627,1465104008.933000
945,1465104003.120000,1465104003.863164,1465104008.865191,1465104008.933000
946,1465104003.121000,1465104003.795854,1465104008.797554,1465104008.879000
947,1465104003.121000,1465104003.841212,1465104008.842526,1465104008.923000
948,1465104003.121000,1465104003.788073,1465104008.789324,1465104008.877000
949,1465104003.121000,1465104003.828146,1465104008.829606,1465104008.917000
950,1465104003.121000,1465104003.824942,1465104008.826758,1465104008.914000
951,1465104003.122000,1465104003.834094,1465104008.835408,1465104008.915000
952,1465104003.122000,0.000000,0.000000,0.000000
953,1465104003.122000,1465104004.147067,1465104009.148332,1465104009.227000
954,1465104003.123000,1465104003.754965,1465104008.756355,1465104008.835000
955,1465104003.123000,1465104003.834811,1465104008.836332,1465104008.925000
956,1465104003.123000,1465104003.838494,1465104008.854195,1465104008.933000
957,1465104003.123000,1465104003.849234,1465104008.850478,1465104008.932000
958,1465104003.123000,1465104004.090726,1465104009.092679,1465104009.169000
959,1465104003.123000,1465104003.841634,1465104008.842832,1465104008.920000
960,1465104003.124000,1465104003.850073,1465104008.851542,1465104008.927000
961,1465104003.124000,1465104003.821369,1465104008.823039,1465104008.904000
962,1465104003.124000,1465104003.835625,1465104008.836765,1465104008.929000
963,1465104003.124000,1465104003.833045,1465104008.834253,1465104008.929000
964,1465104003.124000,1465104003.836354,1465104008.837648,1465104008.918000
965,1465104003.124000,1465104003.790450,1465104008.806496,1465104008.887000
966,1465104003.124000,1465104004.112439,1465104009.113684,1465104009.195000
967,1465104003.124000,1465104003.846045,1465104008.853663,1465104008.934000
968,1465104003.124000,1465104003.812310,1465104008.813554,1465104008.885000
969,1465104003.125000,1465104003.831461,1465104008.832788,1465104008.912000
970,1465104003.125000,1465104003.757882,1465104008.759141,1465104008.847000
971,1465104003.125000,1465104003.838909,1465104008.848838,1465104008.935000
972,1465104003.125000,1465104003.846716,1465104008.848194,1465104008.934000
973,1465104003.125000,1465104003.813580,1465104008.814898,1465104008.891000
974,1465104003.126000,1465104003.801120,1465104008.802533,1465104008.881000
975,1465104003.126000,1465104003.854033,1465104008.862165,1465104008.940000
976,1465104003.127000,1465104003.810818,1465104008.823067,1465104008.916000
977,1465104003.127000,0.000000,0.000000,0.000000
978,1465104003.127000,1465104003.812196,1465104008.813394,1465104008.909000
979,1465104003.127000,1465104003.779333,1465104008.780615,1465104008.861000
980,1465104003.127000,1465104004.083218,1465104009.084695,1465104009.173000
981,1465104003.128000,1465104003.824216,1465104008.825404,1465104008.930000
982,1465104003.128000,1465104003.847678,1465104008.848931,1465104008.928000
983,1465104003.129000,1465104003.826753,1465104008.828697,1465104008.897000
984,1465104003.129000,1465104003.834312,1465104008.836332,1465104008.925000
985,1465104003.131000,1465104005.640501,1465104010.641815,1465104010.720000
986,1465104003.132000,1465104003.775270,1465104008.776587,1465104008.863000
987,1465104003.132000,1465104003.844712,1465104008.845963,1465104008.924000
988,1465104003.132000,1465104003.791324,1465104008.792836,1465104008.879000
989,1465104003.132000,1465104003.847342,1465104008.848598,1465104008.920000
990,1465104003.133000,1465104003.806708,1465104008.808307,1465104008.887000
991,1465104003.133000,1465104003.837297,1465104008.838506,1465104008.926000
992,1465104003.135000,1465104003.872520,1465104008.873759,1465104008.931000
993,1465104003.135000,1465104003.826009,1465104008.827981,1465104008.915000
994,1465104003.135000,1465104003.848526,1465104008.867463,1465104008.949000
995,1465104003.136000,1465104003.848178,1465104008.850847,1465104008.932000
996,1465104003.136000,1465104003.815578,1465104008.816823,1465104008.888000
997,1465104003.136000,1465104003.839518,1465104008.840750,1465104008.918000
998,1465104003.137000,1465104003.843365,1465104008.844875,1465104008.921000
999,1465104003.137000,1465104003.832601,1465104008.833800,1465104008.921000
