0,1465103994.524000,1465103995.117859,1465104000.119370,1465104000.212000
1,1465103994.524000,1465103995.184739,1465104000.186194,1465104000.262000
2,1465103994.524000,1465103995.143674,1465104000.145174,1465104000.231000
3,1465103994.524000,1465103995.219306,1465104000.220423,1465104000.297000
4,1465103994.524000,1465103995.182803,1465104000.184416,1465104000.280000
5,1465103994.524000,1465103995.143546,1465104000.145509,1465104000.221000
6,1465103994.524000,1465103995.170142,1465104000.171601,1465104000.248000
7,1465103994.524000,1465103995.166697,1465104000.168181,1465104000.246000
8,1465103994.525000,1465103995.260390,1465104000.265916,1465104000.345000
9,1465103994.525000,1465103995.202691,1465104000.203918,1465104000.271000
10,1465103994.525000,1465103995.176194,1465104000.178029,1465104000.259000
11,1465103994.525000,1465103995.195741,1465104000.197296,1465104000.276000
12,1465103994.525000,1465103995.202258,1465104000.203759,1465104000.284000
13,1465103994.525000,1465103997.035466,1465104002.047071,1465104002.127000
14,1465103994.525000,1465103995.181051,1465104000.182533,1465104000.249000
15,1465103994.525000,1465103995.191459,1465104000.192969,1465104000.281000
16,1465103994.525000,1465103995.238378,1465104000.239680,1465104000.319000
17,1465103994.525000,1465103995.542575,1465104000.543955,1465104000.620000
18,1465103994.525000,1465103995.175027,1465104000.176528,1465104000.255000
19,1465103994.525000,1465103995.220050,1465104000.221304,1465104000.310000
20,1465103994.526000,1465103995.248586,1465104000.250756,1465104000.337000
21,1465103994.526000,1465103995.172959,1465104000.174475,1465104000.244000
22,1465103994.526000,1465103995.192298,1465104000.194030,1465104000.275000
23,1465103994.526000,1465103995.193912,1465104000.195571,1465104000.300000
24,1465103994.526000,1465103995.178021,1465104000.179186,1465104000.285000
25,1465103994.526000,1465103995.209488,1465104000.215002,1465104000.320000
26,1465103994.527000,1465103995.183308,1465104000.184579,1465104000.263000
27,1465103994.527000,1465103995.203698,1465104000.204970,1465104000.274000
28,1465103994.528000,1465103995.237807,1465104000.246889,1465104000.326000
29,1465103994.528000,1465103995.241104,1465104000.242381,1465104000.320000
30,1465103994.528000,1465103995.140880,1465104000.142550,1465104000.216000
31,1465103994.529000,1465103995.221002,1465104000.222421,1465104000.301000
32,1465103994.528000,1465103995.190323,1465104000.191652,1465104000.280000
33,1465103994.529000,1465103995.192288,1465104000.193720,1465104000.265000
34,1465103994.530000,1465103995.188770,1465104000.190009,1465104000.268000
35,1465103994.532000,1465103995.203224,1465104000.204856,1465104000.283000
36,1465103994.532000,1465103995.483523,1465104000.484841,1465104000.573000
37,1465103994.532000,1465103995.216777,1465104000.218221,1465104000.286000
38,1465103994.532000,1465103995.526903,1465104000.528492,1465104000.609000
39,1465103994.532000,1465103995.153340,1465104000.155058,1465104000.234000
40,1465103994.532000,1465103995.172895,1465104000.174627,1465104000.255000
41,1465103994.532000,1465103995.174759,1465104000.176031,1465104000.282000
42,1465103994.532000,1465103995.187887,1465104000.189151,1465104000.257000
43,1465103994.532000,1465103995.269178,1465104000.270468,1465104000.344000
44,1465103994.532000,1465103995.151307,1465104000.152790,1465104000.258000
45,1465103994.532000,1465103995.191814,1465104000.192973,1465104000.298000
46,1465103994.532000,1465103995.446057,1465104000.447299,1465104000.543000
47,1465103994.533000,1465103995.169277,1465104000.170546,1465104000.275000
48,1465103994.535000,1465103995.166752,1465104000.168250,1465104000.253000
49,1465103994.535000,1465103995.521078,1465104000.522243,1465104000.628000
50,1465103994.535000,1465103995.172941,1465104000.174182,1465104000.252000
51,1465103994.535000,1465103995.528884,1465104000.530070,1465104000.596000
52,1465103994.536000,1465103995.245414,1465104000.246654,1465104000.332000
53,1465103994.535000,1465103995.186770,1465104000.188571,1465104000.269000
54,1465103994.537000,1465103995.152986,1465104000.154202,1465104000.246000
55,1465103994.537000,1465103995.171327,1465104000.172583,1465104000.251000
56,1465103994.538000,1465103995.224705,1465104000.225925,1465104000.303000
57,1465103994.538000,1465103995.205535,1465104000.206776,1465104000.284000
58,1465103994.538000,1465103995.180153,1465104000.181713,1465104000.263000
59,1465103994.539000,1465103995.269056,1465104000.270349,1465104000.347000
60,1465103994.539000,1465103995.128436,1465104000.143674,1465104000.248000
61,1465103994.539000,1465103995.232977,1465104000.234146,1465104000.311000
62,1465103994.539000,0.000000,0.000000,0.000000
63,1465103994.539000,1465103995.493740,1465104000.494922,1465104000.582000
64,1465103994.539000,1465103995.567893,1465104000.569234,1465104000.648000
65,1465103994.539000,1465103995.497968,1465104000.499339,1465104000.604000
66,1465103994.539000,1465103995.211317,1465104000.212704,1465104000.289000
67,1465103994.539000,1465103995.157422,1465104000.158987,1465104000.247000
68,1465103994.539000,1465103995.574287,1465104000.575509,1465104000.663000
69,1465103994.539000,1465103997.043831,1465104002.045455,1465104002.112000
70,1465103994.539000,1465103995.218585,1465104000.219778,1465104000.298000
71,1465103994.539000,1465103997.041444,1465104002.043602,1465104002.112000
72,1465103994.540000,1465103995.189963,1465104000.197670,1465104000.274000
73,1465103994.540000,1465103995.179111,1465104000.180633,1465104000.249000
74,1465103994.540000,1465103995.438631,1465104000.455010,1465104000.560000
75,1465103994.540000,1465103995.223631,1465104000.224876,1465104000.304000
76,1465103994.540000,1465103995.215795,1465104000.217092,1465104000.295000
77,1465103994.540000,1465103997.008124,1465104002.024008,1465104002.103000
78,1465103994.540000,1465103995.215506,1465104000.216702,1465104000.305000
79,1465103994.540000,1465103995.217976,1465104000.219351,1465104000.298000
80,1465103994.540000,1465103995.229000,1465104000.231889,1465104000.312000
81,1465103994.540000,1465103995.566531,1465104000.568285,1465104000.647000
82,1465103994.540000,1465103995.496941,1465104000.498209,1465104000.586000
83,1465103994.540000,1465103995.568367,1465104000.569914,1465104000.649000
84,1465103994.540000,1465103995.228780,1465104000.230142,1465104000.316000
85,1465103994.540000,1465103995.240331,1465104000.241658,1465104000.309000
86,1465103994.540000,1465103995.176489,1465104000.177699,1465104000.255000
87,1465103994.540000,1465103995.525924,1465104000.538632,1465104000.617000
88,1465103994.540000,1465103995.504390,1465104000.505594,1465104000.586000
89,1465103994.540000,1465103995.210029,1465104000.211540,1465104000.317000
90,1465103994.540000,1465103995.215046,1465104000.216336,1465104000.284000
91,1465103994.541000,1465103995.202257,1465104000.213826,1465104000.294000
92,1465103994.541000,1465103995.263978,1465104000.265353,1465104000.351000
93,1465103994.541000,1465103995.569067,1465104000.570378,1465104000.651000
94,1465103994.541000,1465103995.228646,1465104000.230286,1465104000.310000
95,1465103994.541000,1465103995.257822,1465104000.258991,1465104000.364000
96,1465103994.541000,1465103995.248834,1465104000.250105,1465104000.337000
97,1465103994.541000,1465103995.511279,1465104000.512584,1465104000.600000
98,1465103994.541000,1465103995.233837,1465104000.235279,1465104000.311000
99,1465103994.541000,1465103995.489174,1465104000.490336,1465104000.569000
100,1465103994.541000,1465103995.196328,1465104000.197826,1465104000.279000
101,1465103994.541000,1465103995.216577,1465104000.217867,1465104000.302000
102,1465103994.541000,1465103995.195092,1465104000.196338,1465104000.289000
103,1465103994.541000,1465103995.243654,1465104000.262118,1465104000.340000
104,1465103994.541000,1465103995.266231,1465104000.268285,1465104000.363000
105,1465103994.541000,1465103995.195005,1465104000.206503,1465104000.288000
106,1465103994.541000,1465103995.172210,1465104000.180541,1465104000.256000
107,1465103994.541000,1465103995.461747,1465104000.463078,1465104000.551000
108,1465103994.541000,1465103995.257284,1465104000.258739,1465104000.331000
109,1465103994.541000,1465103995.192644,1465104000.193952,1465104000.273000
110,1465103994.541000,1465103995.295748,1465104000.297057,1465104000.370000
111,1465103994.542000,1465103995.204727,1465104000.206007,1465104000.285000
112,1465103994.542000,1465103995.222897,1465104000.224097,1465104000.302000
113,1465103994.543000,1465103995.231655,1465104000.232913,1465104000.310000
114,1465103994.545000,1465103995.264184,1465104000.266244,1465104000.346000
115,1465103994.552000,1465103995.551622,1465104000.553057,1465104000.629000
116,1465103994.552000,1465103995.235331,1465104000.245447,1465104000.323000
117,1465103994.552000,1465103995.535658,1465104000.536930,1465104000.618000
118,1465103994.552000,1465103995.260553,1465104000.262286,1465104000.366000
119,1465103994.552000,1465103995.542466,1465104000.543787,1465104000.622000
120,1465103994.552000,1465103995.284927,1465104000.294469,1465104000.373000
121,1465103994.553000,1465103995.241945,1465104000.243181,1465104000.324000
122,1465103994.553000,1465103995.225731,1465104000.227014,1465104000.306000
123,1465103994.554000,1465103995.210845,1465104000.212012,1465104000.280000
124,1465103994.554000,1465103995.585649,1465104000.586940,1465104000.655000
125,1465103994.554000,1465103995.305342,1465104000.317490,1465104000.393000
126,1465103994.554000,1465103995.254646,1465104000.256051,1465104000.342000
127,1465103994.554000,1465103995.290811,1465104000.292099,1465104000.372000
128,1465103994.554000,1465103995.452364,1465104000.453608,1465104000.534000
129,1465103994.554000,1465103995.495706,1465104000.496890,1465104000.602000
130,1465103994.554000,1465103995.187788,1465104000.189061,1465104000.267000
131,1465103994.554000,1465103997.036310,1465104002.037869,1465104002.105000
132,1465103994.554000,1465103995.446839,1465104000.448125,1465104000.535000
133,1465103994.554000,1465103995.489355,1465104000.490720,1465104000.577000
134,1465103994.554000,1465103995.489749,1465104000.491168,1465104000.578000
135,1465103994.555000,1465103995.199742,1465104000.201252,1465104000.282000
136,1465103994.555000,1465103995.224923,1465104000.226178,1465104000.292000
137,1465103994.555000,1465103995.471632,1465104000.476070,1465104000.563000
138,1465103994.555000,1465103995.178190,1465104000.179442,1465104000.264000
139,1465103994.555000,1465103995.198441,1465104000.199661,1465104000.268000
140,1465103994.555000,1465103995.188799,1465104000.190114,1465104000.258000
141,1465103994.555000,1465103995.200758,1465104000.202067,1465104000.272000
142,1465103994.555000,1465103995.491889,1465104000.493349,1465104000.578000
143,1465103994.555000,1465103995.487504,1465104000.488692,1465104000.571000
144,1465103994.555000,1465103995.478729,1465104000.479991,1465104000.547000
145,1465103994.555000,1465103995.263990,1465104000.265338,1465104000.333000
146,1465103994.555000,1465103995.488593,1465104000.489748,1465104000.575000
147,1465103994.556000,1465103995.220174,1465104000.221805,1465104000.290000
148,1465103994.556000,1465103995.482948,1465104000.484220,1465104000.571000
149,1465103994.556000,1465103995.227428,1465104000.228783,1465104000.320000
150,1465103994.556000,1465103995.273629,1465104000.275528,1465104000.361000
151,1465103994.556000,1465103995.188752,1465104000.203482,1465104000.274000
152,1465103994.556000,1465103995.255976,1465104000.257529,1465104000.333000
153,1465103994.556000,1465103995.228912,1465104000.231208,1465104000.319000
154,1465103994.556000,1465103995.258334,1465104000.264617,1465104000.368000
155,1465103994.557000,0.000000,0.000000,0.000000
156,1465103994.557000,1465103995.195099,1465104000.196349,1465104000.265000
157,1465103994.557000,1465103995.214934,1465104000.216333,1465104000.296000
158,1465103994.557000,1465103995.462533,1465104000.463787,1465104000.554000
159,1465103994.558000,1465103995.251673,1465104000.253319,1465104000.331000
160,1465103994.558000,1465103995.259812,1465104000.261018,1465104000.347000
161,1465103994.558000,0.000000,0.000000,0.000000
162,1465103994.558000,1465103995.478254,1465104000.479565,1465104000.560000
163,1465103994.558000,1465103995.292154,1465104000.293452,1465104000.364000
164,1465103994.558000,1465103995.222382,1465104000.223637,1465104000.291000
165,1465103994.558000,1465103995.208982,1465104000.210536,1465104000.290000
166,1465103994.558000,1465103995.263352,1465104000.264590,1465104000.331000
167,1465103994.558000,1465103995.255386,1465104000.257051,1465104000.343000
168,1465103994.558000,1465103995.236298,1465104000.237740,1465104000.316000
169,1465103994.558000,1465103995.536462,1465104000.537668,1465104000.632000
170,1465103994.558000,1465103995.238556,1465104000.240157,1465104000.344000
171,1465103994.559000,1465103995.197709,1465104000.198878,1465104000.304000
172,1465103994.559000,1465103997.031039,1465104002.032791,1465104002.113000
173,1465103994.559000,1465103995.520365,1465104000.521629,1465104000.591000
174,1465103994.559000,1465103995.494269,1465104000.495536,1465104000.581000
175,1465103994.559000,1465103995.245954,1465104000.254549,1465104000.333000
176,1465103994.559000,0.000000,0.000000,0.000000
177,1465103994.559000,1465103995.520551,1465104000.521855,1465104000.602000
178,1465103994.559000,1465103995.484565,1465104000.485818,1465104000.566000
179,1465103994.559000,1465103995.233999,1465104000.235284,1465104000.324000
180,1465103994.559000,1465103995.212201,1465104000.213665,1465104000.289000
181,1465103994.559000,1465103995.494754,1465104000.495963,1465104000.575000
182,1465103994.559000,1465103997.052325,1465104002.053699,1465104002.134000
183,1465103994.559000,1465103995.262831,1465104000.264253,1465104000.332000
184,1465103994.559000,1465103995.207235,1465104000.208573,1465104000.289000
185,1465103994.559000,1465103995.251117,1465104000.252717,1465104000.331000
186,1465103994.559000,1465103995.503007,1465104000.504433,1465104000.591000
187,1465103994.559000,1465103995.226628,1465104000.228302,1465104000.316000
188,1465103994.559000,1465103995.481980,1465104000.483212,1465104000.571000
189,1465103994.559000,1465103995.165813,1465104000.167121,1465104000.271000
190,1465103994.559000,1465103995.584245,1465104000.585416,1465104000.680000
191,1465103994.559000,1465103995.230091,1465104000.231259,1465104000.309000
192,1465103994.559000,1465103995.239647,1465104000.240918,1465104000.328000
193,1465103994.559000,1465103995.219248,1465104000.220796,1465104000.306000
194,1465103994.559000,1465103995.484779,1465104000.486058,1465104000.571000
195,1465103994.559000,1465103995.510330,1465104000.511564,1465104000.599000
196,1465103994.559000,1465103995.232609,1465104000.234034,1465104000.314000
197,1465103994.559000,1465103995.232186,1465104000.233474,1465104000.301000
198,1465103994.559000,1465103995.519326,1465104000.520557,1465104000.625000
199,1465103994.559000,1465103995.511440,1465104000.525382,1465104000.611000
200,1465103994.559000,1465103995.216794,1465104000.218273,1465104000.304000
201,1465103994.559000,1465103995.211962,1465104000.213418,1465104000.294000
202,1465103994.559000,1465103995.533689,1465104000.534870,1465104000.622000
203,1465103994.559000,1465103995.538053,1465104000.539298,1465104000.644000
204,1465103994.559000,1465103995.276624,1465104000.278104,1465104000.354000
205,1465103994.560000,1465103995.221844,1465104000.223073,1465104000.304000
206,1465103994.560000,1465103995.250487,1465104000.251756,1465104000.344000
207,1465103994.560000,1465103995.502370,1465104000.503707,1465104000.584000
208,1465103994.560000,1465103995.207697,1465104000.209650,1465104000.298000
209,1465103994.560000,1465103995.220673,1465104000.221912,1465104000.280000
210,1465103994.560000,1465103995.216814,1465104000.218029,1465104000.276000
211,1465103994.560000,1465103995.228491,1465104000.229859,1465104000.306000
212,1465103994.560000,1465103995.494387,1465104000.511484,1465104000.597000
213,1465103994.560000,1465103995.173504,1465104000.174701,1465104000.280000
214,1465103994.560000,1465103995.223749,1465104000.225010,1465104000.313000
215,1465103994.560000,1465103995.204966,1465104000.206127,1465104000.312000
216,1465103994.560000,1465103995.511650,1465104000.512898,1465104000.597000
217,1465103994.560000,1465103995.242894,1465104000.244484,1465104000.321000
218,1465103994.560000,1465103995.496949,1465104000.498451,1465104000.603000
219,1465103994.560000,0.000000,0.000000,0.000000
220,1465103994.560000,1465103997.045200,1465104002.046641,1465104002.127000
221,1465103994.560000,1465103995.513546,1465104000.517935,1465104000.599000
222,1465103994.560000,1465103995.238883,1465104000.240082,1465104000.316000
223,1465103994.560000,1465103995.219841,1465104000.221709,1465104000.290000
224,1465103994.560000,1465103995.477797,1465104000.479271,1465104000.555000
225,1465103994.560000,1465103995.187128,1465104000.188411,1465104000.257000
226,1465103994.560000,1465103995.220802,1465104000.222477,1465104000.304000
227,1465103994.560000,1465103995.300518,1465104000.301746,1465104000.379000
228,1465103994.560000,1465103995.507649,1465104000.509134,1465104000.567000
229,1465103994.560000,1465103995.515440,1465104000.516633,1465104000.597000
230,1465103994.560000,1465103995.262855,1465104000.264293,1465104000.350000
231,1465103994.560000,1465103995.298518,1465104000.309029,1465104000.382000
232,1465103994.560000,1465103995.269750,1465104000.277420,1465104000.353000
233,1465103994.560000,1465103997.061888,1465104002.063084,1465104002.131000
234,1465103994.560000,1465103995.253808,1465104000.254992,1465104000.343000
235,1465103994.560000,1465103995.491552,1465104000.511732,1465104000.596000
236,1465103994.560000,1465103995.249069,1465104000.250376,1465104000.331000
237,1465103994.560000,1465103995.519244,1465104000.520463,1465104000.601000
238,1465103994.561000,1465103997.042844,1465104002.044574,1465104002.112000
239,1465103994.561000,1465103995.209394,1465104000.214819,1465104000.293000
240,1465103994.561000,1465103995.248383,1465104000.249650,1465104000.327000
241,1465103994.561000,1465103995.225996,1465104000.228770,1465104000.315000
242,1465103994.561000,1465103997.056084,1465104002.057435,1465104002.125000
243,1465103994.561000,1465103995.208120,1465104000.209570,1465104000.298000
244,1465103994.561000,1465103995.497894,1465104000.499109,1465104000.595000
245,1465103994.561000,1465103995.264412,1465104000.265668,1465104000.353000
246,1465103994.561000,1465103997.079719,1465104002.081021,1465104002.149000
247,1465103994.561000,1465103995.503283,1465104000.504556,1465104000.592000
248,1465103994.561000,1465103995.226952,1465104000.229200,1465104000.317000
249,1465103994.561000,1465103995.252189,1465104000.265522,1465104000.369000
250,1465103994.561000,1465103995.529680,1465104000.530858,1465104000.600000
251,1465103994.561000,1465103995.215117,1465104000.216816,1465104000.275000
252,1465103994.561000,1465103995.460221,1465104000.461496,1465104000.566000
253,1465103994.561000,1465103995.544613,1465104000.545802,1465104000.625000
254,1465103994.561000,1465103997.054259,1465104002.055582,1465104002.148000
255,1465103994.561000,1465103995.177607,1465104000.179215,1465104000.247000
256,1465103994.561000,1465103995.242907,1465104000.244170,1465104000.349000
257,1465103994.561000,1465103995.475221,1465104000.476364,1465104000.581000
258,1465103994.561000,1465103995.526017,1465104000.529863,1465104000.610000
259,1465103994.561000,1465103995.230801,1465104000.232111,1465104000.300000
260,1465103994.561000,1465103995.270078,1465104000.271474,1465104000.352000
261,1465103994.561000,1465103995.575023,1465104000.576528,1465104000.643000
262,1465103994.561000,1465103995.219846,1465104000.221069,1465104000.305000
263,1465103994.561000,1465103995.256654,1465104000.264575,1465104000.368000
264,1465103994.561000,1465103997.057675,1465104002.058952,1465104002.126000
265,1465103994.561000,1465103995.553318,1465104000.554774,1465104000.642000
266,1465103994.561000,0.000000,0.000000,0.000000
267,1465103994.561000,1465103995.178663,1465104000.180009,1465104000.259000
268,1465103994.561000,1465103995.183415,1465104000.194217,1465104000.282000
269,1465103994.561000,1465103995.577186,1465104000.578350,1465104000.645000
270,1465103994.562000,1465103995.256024,1465104000.257774,1465104000.339000
271,1465103994.562000,1465103995.571481,1465104000.572852,1465104000.653000
272,1465103994.562000,1465103995.592891,1465104000.594062,1465104000.663000
273,1465103994.562000,1465103995.208607,1465104000.210882,1465104000.291000
274,1465103994.562000,1465103995.250457,1465104000.251736,1465104000.323000
275,1465103994.562000,1465103995.476799,1465104000.477958,1465104000.563000
276,1465103994.562000,1465103995.478310,1465104000.479620,1465104000.558000
277,1465103994.562000,1465103995.162503,1465104000.164066,1465104000.243000
278,1465103994.562000,1465103995.539741,1465104000.554918,1465104000.632000
279,1465103994.562000,1465103995.242345,1465104000.245022,1465104000.322000
280,1465103994.562000,1465103995.576441,1465104000.577770,1465104000.647000
281,1465103994.562000,1465103995.247078,1465104000.250517,1465104000.336000
282,1465103994.562000,1465103995.206495,1465104000.207692,1465104000.284000
283,1465103994.562000,1465103995.541498,1465104000.542889,1465104000.632000
284,1465103994.562000,1465103997.009150,1465104002.010675,1465104002.103000
285,1465103994.562000,1465103995.231116,1465104000.232363,1465104000.328000
286,1465103994.562000,1465103995.454858,1465104000.472138,1465104000.562000
287,1465103994.562000,1465103995.543885,1465104000.545057,1465104000.611000
288,1465103994.562000,1465103995.282461,1465104000.294176,1465104000.373000
289,1465103994.562000,1465103995.473462,1465104000.474687,1465104000.561000
290,1465103994.562000,1465103995.499821,1465104000.501116,1465104000.581000
291,1465103994.562000,1465103995.277984,1465104000.279217,1465104000.358000
292,1465103994.562000,1465103995.257374,1465104000.258827,1465104000.340000
293,1465103994.562000,1465103995.232313,1465104000.233549,1465104000.304000
294,1465103994.562000,1465103995.479176,1465104000.480456,1465104000.562000
295,1465103994.562000,1465103995.224590,1465104000.226646,1465104000.332000
296,1465103994.562000,1465103995.217762,1465104000.219060,1465104000.298000
297,1465103994.562000,1465103995.253630,1465104000.255151,1465104000.334000
298,1465103994.562000,1465103995.278023,1465104000.279423,1465104000.366000
299,1465103994.562000,1465103995.275128,1465104000.278257,1465104000.354000
300,1465103994.562000,1465103995.221028,1465104000.222453,1465104000.310000
301,1465103994.562000,1465103995.227713,1465104000.228919,1465104000.287000
302,1465103994.562000,1465103995.510708,1465104000.511936,1465104000.600000
303,1465103994.562000,1465103995.255381,1465104000.256656,1465104000.324000
304,1465103994.562000,1465103995.273950,1465104000.275531,1465104000.361000
305,1465103994.563000,1465103995.569730,1465104000.571022,1465104000.661000
306,1465103994.563000,0.000000,0.000000,0.000000
307,1465103994.564000,1465103995.508414,1465104000.510060,1465104000.591000
308,1465103994.566000,1465103995.516924,1465104000.535031,1465104000.640000
309,1465103994.570000,1465103995.254539,1465104000.255845,1465104000.335000
310,1465103994.591000,1465103995.202593,1465104000.203896,1465104000.283000
311,1465103994.591000,1465103995.258702,1465104000.259988,1465104000.346000
312,1465103994.591000,1465103995.519935,1465104000.521221,1465104000.588000
313,1465103994.591000,1465103995.252045,1465104000.253678,1465104000.333000
314,1465103994.591000,1465103995.251129,1465104000.252375,1465104000.338000
315,1465103994.591000,1465103995.513684,1465104000.514878,1465104000.602000
316,1465103994.591000,1465103995.540846,1465104000.542273,1465104000.610000
317,1465103994.591000,1465103995.521144,1465104000.522475,1465104000.601000
318,1465103994.592000,1465103995.229675,1465104000.231226,1465104000.311000
319,1465103994.592000,1465103995.288381,1465104000.289613,1465104000.369000
320,1465103994.592000,1465103995.534194,1465104000.535630,1465104000.627000
321,1465103994.596000,1465103995.536309,1465104000.540824,1465104000.616000
322,1465103994.596000,1465103995.539307,1465104000.540511,1465104000.621000
323,1465103994.596000,1465103995.286597,1465104000.287717,1465104000.365000
324,1465103994.596000,1465103995.213751,1465104000.215183,1465104000.301000
325,1465103994.596000,1465103995.495909,1465104000.497100,1465104000.592000
326,1465103994.596000,1465103995.526146,1465104000.527399,1465104000.614000
327,1465103994.596000,1465103995.185733,1465104000.187015,1465104000.282000
328,1465103994.596000,1465103995.282521,1465104000.283907,1465104000.365000
329,1465103994.596000,1465103995.249714,1465104000.251346,1465104000.336000
330,1465103994.596000,1465103995.480676,1465104000.482091,1465104000.568000
331,1465103994.596000,1465103995.230665,1465104000.232004,1465104000.313000
332,1465103994.596000,1465103995.569339,1465104000.570534,1465104000.665000
333,1465103994.596000,1465103995.250016,1465104000.251301,1465104000.337000
334,1465103994.596000,1465103995.466135,1465104000.467321,1465104000.572000
335,1465103994.596000,1465103995.238594,1465104000.239918,1465104000.316000
336,1465103994.597000,1465103995.210505,1465104000.212638,1465104000.294000
337,1465103994.597000,1465103995.275077,1465104000.276411,1465104000.349000
338,1465103994.597000,1465103995.491288,1465104000.492520,1465104000.588000
339,1465103994.597000,0.000000,0.000000,0.000000
340,1465103994.597000,1465103995.514740,1465104000.516080,1465104000.606000
341,1465103994.597000,1465103995.550708,1465104000.552223,1465104000.628000
342,1465103994.597000,1465103995.272687,1465104000.275137,1465104000.354000
343,1465103994.597000,1465103995.259010,1465104000.267936,1465104000.363000
344,1465103994.598000,1465103997.057251,1465104002.058568,1465104002.139000
345,1465103994.598000,1465103995.265775,1465104000.267066,1465104000.345000
346,1465103994.598000,1465103995.225652,1465104000.238061,1465104000.333000
347,1465103994.598000,1465103995.260491,1465104000.261663,1465104000.347000
348,1465103994.598000,1465103995.224538,1465104000.225799,1465104000.318000
349,1465103994.599000,1465103995.288249,1465104000.289726,1465104000.376000
350,1465103994.599000,1465103995.493542,1465104000.494819,1465104000.575000
351,1465103994.599000,1465103995.211986,1465104000.213615,1465104000.291000
352,1465103994.599000,1465103995.212004,1465104000.213554,1465104000.301000
353,1465103994.600000,1465103995.270614,1465104000.271802,1465104000.349000
354,1465103994.600000,1465103995.537315,1465104000.538588,1465104000.607000
355,1465103994.600000,1465103995.600744,1465104000.601954,1465104000.680000
356,1465103994.600000,1465103995.272074,1465104000.273232,1465104000.351000
357,1465103994.600000,1465103995.269861,1465104000.271430,1465104000.347000
358,1465103994.600000,1465103995.292267,1465104000.293485,1465104000.352000
359,1465103994.600000,1465103995.282783,1465104000.283858,1465104000.353000
360,1465103994.600000,1465103995.218463,1465104000.220571,1465104000.306000
361,1465103994.600000,1465103995.246997,1465104000.248304,1465104000.329000
362,1465103994.600000,1465103995.226039,1465104000.227542,1465104000.305000
363,1465103994.600000,1465103995.249297,1465104000.250628,1465104000.343000
364,1465103994.600000,1465103995.555465,1465104000.556865,1465104000.626000
365,1465103994.600000,1465103995.252852,1465104000.255844,1465104000.360000
366,1465103994.601000,1465103995.547651,1465104000.548920,1465104000.629000
367,1465103994.601000,1465103995.243601,1465104000.245021,1465104000.331000
368,1465103994.602000,1465103995.267416,1465104000.268694,1465104000.348000
369,1465103994.602000,1465103995.226725,1465104000.227940,1465104000.309000
370,1465103994.602000,1465103995.235145,1465104000.236939,1465104000.315000
371,1465103994.602000,1465103995.559405,1465104000.561210,1465104000.648000
372,1465103994.602000,1465103995.282642,1465104000.283899,1465104000.370000
373,1465103994.602000,1465103995.263392,1465104000.264734,1465104000.344000
374,1465103994.602000,1465103995.287756,1465104000.289016,1465104000.371000
375,1465103994.602000,1465103995.291447,1465104000.293024,1465104000.372000
376,1465103994.602000,1465103995.281999,1465104000.285232,1465104000.363000
377,1465103994.602000,1465103995.299580,1465104000.301064,1465104000.377000
378,1465103994.602000,0.000000,0.000000,0.000000
379,1465103994.602000,1465103995.270446,1465104000.271750,1465104000.352000
380,1465103994.602000,1465103995.261999,1465104000.263233,1465104000.342000
381,1465103994.602000,1465103995.286285,1465104000.301678,1465104000.359000
382,1465103994.602000,1465103995.233922,1465104000.235498,1465104000.316000
383,1465103994.603000,1465103995.495690,1465104000.496995,1465104000.587000
384,1465103994.603000,1465103995.208518,1465104000.209801,1465104000.304000
385,1465103994.603000,1465103995.535083,1465104000.536961,1465104000.613000
386,1465103994.603000,1465103995.585457,1465104000.586897,1465104000.675000
387,1465103994.603000,1465103995.232283,1465104000.233472,1465104000.318000
388,1465103994.603000,1465103995.229512,1465104000.234529,1465104000.323000
389,1465103994.603000,1465103995.557039,1465104000.558373,1465104000.635000
390,1465103994.604000,1465103995.582517,1465104000.583776,1465104000.661000
391,1465103994.604000,1465103995.302078,1465104000.303351,1465104000.384000
392,1465103994.604000,1465103995.227942,1465104000.229571,1465104000.321000
393,1465103994.605000,1465103995.560451,1465104000.561739,1465104000.639000
394,1465103994.605000,1465103995.279234,1465104000.280465,1465104000.368000
395,1465103994.605000,1465103995.240338,1465104000.254332,1465104000.340000
396,1465103994.605000,1465103995.279382,1465104000.292015,1465104000.365000
397,1465103994.606000,1465103995.499610,1465104000.500826,1465104000.581000
398,1465103994.606000,1465103995.332930,1465104000.334285,1465104000.425000
399,1465103994.606000,1465103995.272144,1465104000.273818,1465104000.358000
400,1465103994.606000,1465103995.271707,1465104000.272958,1465104000.341000
401,1465103994.606000,1465103995.287826,1465104000.289198,1465104000.368000
402,1465103994.606000,1465103995.249261,1465104000.253963,1465104000.331000
403,1465103994.606000,0.000000,0.000000,0.000000
404,1465103994.606000,1465103995.249869,1465104000.251098,1465104000.335000
405,1465103994.606000,1465103995.527753,1465104000.529460,1465104000.610000
406,1465103994.607000,1465103995.277368,1465104000.278686,1465104000.349000
407,1465103994.607000,1465103995.260598,1465104000.261798,1465104000.348000
408,1465103994.607000,1465103995.291326,1465104000.292805,1465104000.368000
409,1465103994.608000,1465103995.226795,1465104000.228114,1465104000.295000
410,1465103994.608000,1465103995.267741,1465104000.269027,1465104000.349000
411,1465103994.608000,1465103995.266693,1465104000.268090,1465104000.363000
412,1465103994.608000,1465103995.293785,1465104000.296578,1465104000.378000
413,1465103994.608000,1465103995.232188,1465104000.233448,1465104000.312000
414,1465103994.608000,1465103995.269035,1465104000.270224,1465104000.328000
415,1465103994.608000,1465103995.254362,1465104000.255687,1465104000.327000
416,1465103994.608000,1465103995.260937,1465104000.262734,1465104000.351000
417,1465103994.608000,1465103995.502906,1465104000.504185,1465104000.608000
418,1465103994.608000,1465103995.303318,1465104000.305097,1465104000.373000
419,1465103994.608000,1465103995.274193,1465104000.275563,1465104000.355000
420,1465103994.608000,1465103995.232681,1465104000.234078,1465104000.320000
421,1465103994.609000,1465103995.576723,1465104000.578019,1465104000.655000
422,1465103994.609000,1465103995.281527,1465104000.282822,1465104000.365000
423,1465103994.609000,1465103995.263604,1465104000.267331,1465104000.348000
424,1465103994.609000,1465103995.271485,1465104000.272789,1465104000.352000
425,1465103994.609000,1465103995.200655,1465104000.201869,1465104000.286000
426,1465103994.610000,1465103995.517466,1465104000.534361,1465104000.622000
427,1465103994.610000,1465103995.328508,1465104000.329708,1465104000.418000
428,1465103994.610000,1465103995.227920,1465104000.229074,1465104000.315000
429,1465103994.610000,1465103995.240311,1465104000.254332,1465104000.340000
430,1465103994.610000,1465103995.526018,1465104000.527303,1465104000.608000
431,1465103994.611000,1465103995.272061,1465104000.273224,1465104000.365000
432,1465103994.611000,1465103995.247550,1465104000.251394,1465104000.329000
433,1465103994.611000,1465103995.275867,1465104000.277069,1465104000.355000
434,1465103994.611000,1465103995.578176,1465104000.579325,1465104000.649000
435,1465103994.611000,1465103995.277948,1465104000.279109,1465104000.364000
436,1465103994.612000,1465103995.554205,1465104000.555449,1465104000.636000
437,1465103994.612000,1465103995.277287,1465104000.278457,1465104000.374000
438,1465103994.612000,1465103995.274453,1465104000.286691,1465104000.368000
439,1465103994.612000,1465103995.262172,1465104000.263370,1465104000.345000
440,1465103994.612000,1465103995.520588,1465104000.521813,1465104000.608000
441,1465103994.612000,1465103995.287094,1465104000.308550,1465104000.387000
442,1465103994.613000,1465103995.275127,1465104000.276370,1465104000.362000
443,1465103994.613000,1465103995.272766,1465104000.274471,1465104000.359000
444,1465103994.613000,1465103995.345575,1465104000.346767,1465104000.424000
445,1465103994.613000,1465103995.247046,1465104000.248293,1465104000.326000
446,1465103994.613000,1465103995.247060,1465104000.248215,1465104000.343000
447,1465103994.614000,1465103995.261103,1465104000.263455,1465104000.343000
448,1465103994.614000,1465103995.294262,1465104000.295939,1465104000.377000
449,1465103994.614000,1465103995.555870,1465104000.557173,1465104000.643000
450,1465103994.614000,1465103995.574365,1465104000.575898,1465104000.652000
451,1465103994.614000,1465103995.305699,1465104000.307125,1465104000.375000
452,1465103994.614000,1465103995.225144,1465104000.226542,1465104000.331000
453,1465103994.614000,1465103995.208341,1465104000.209600,1465104000.291000
454,1465103994.614000,1465103997.041715,1465104002.043293,1465104002.129000
455,1465103994.614000,1465103995.561182,1465104000.562420,1465104000.643000
456,1465103994.614000,1465103995.236774,1465104000.238151,1465104000.318000
457,1465103994.614000,1465103995.193729,1465104000.195653,1465104000.299000
458,1465103994.614000,1465103995.265693,1465104000.266948,1465104000.347000
459,1465103994.615000,1465103995.287639,1465104000.288955,1465104000.377000
460,1465103994.615000,1465103995.276103,1465104000.281671,1465104000.363000
461,1465103994.616000,1465103995.215156,1465104000.216659,1465104000.297000
462,1465103994.616000,1465103995.286120,1465104000.287274,1465104000.366000
463,1465103994.616000,1465103995.274130,1465104000.278186,1465104000.354000
464,1465103994.616000,1465103995.265892,1465104000.267139,1465104000.360000
465,1465103994.616000,1465103995.248058,1465104000.255151,1465104000.334000
466,1465103994.616000,1465103995.263753,1465104000.265283,1465104000.344000
467,1465103994.616000,1465103995.281678,1465104000.282921,1465104000.357000
468,1465103994.617000,1465103995.280318,1465104000.281511,1465104000.350000
469,1465103994.617000,1465103995.535566,1465104000.540302,1465104000.616000
470,1465103994.617000,1465103995.214990,1465104000.216179,1465104000.293000
471,1465103994.617000,1465103995.302450,1465104000.303636,1465104000.382000
472,1465103994.617000,1465103995.425675,1465104000.427026,1465104000.518000
473,1465103994.617000,1465103995.251474,1465104000.252716,1465104000.339000
474,1465103994.617000,1465103995.283586,1465104000.291046,1465104000.379000
475,1465103994.618000,1465103995.286545,1465104000.288394,1465104000.362000
476,1465103994.618000,1465103995.280839,1465104000.282149,1465104000.351000
477,1465103994.618000,1465103995.558589,1465104000.559767,1465104000.626000
478,1465103994.618000,1465103995.277791,1465104000.279353,1465104000.366000
479,1465103994.619000,1465103995.268441,1465104000.269714,1465104000.347000
480,1465103994.619000,1465103995.213326,1465104000.214587,1465104000.295000
481,1465103994.619000,1465103995.382080,1465104000.383232,1465104000.469000
482,1465103994.619000,1465103995.257030,1465104000.258194,1465104000.353000
483,1465103994.619000,1465103995.534694,1465104000.536390,1465104000.617000
484,1465103994.619000,1465103995.509382,1465104000.510690,1465104000.597000
485,1465103994.619000,1465103995.531085,1465104000.532364,1465104000.623000
486,1465103994.619000,1465103995.294542,1465104000.295877,1465104000.374000
487,1465103994.619000,1465103995.258114,1465104000.264053,1465104000.368000
488,1465103994.619000,1465103995.289273,1465104000.290443,1465104000.372000
489,1465103994.620000,1465103995.534637,1465104000.536290,1465104000.617000
490,1465103994.620000,1465103995.288459,1465104000.289813,1465104000.365000
491,1465103994.620000,1465103995.228593,1465104000.229835,1465104000.322000
492,1465103994.620000,1465103995.451271,1465104000.452529,1465104000.533000
493,1465103994.620000,1465103995.258523,1465104000.259675,1465104000.337000
494,1465103994.620000,1465103995.563055,1465104000.564203,1465104000.642000
495,1465103994.621000,1465103995.376075,1465104000.377293,1465104000.458000
496,1465103994.621000,1465103995.309590,1465104000.318036,1465104000.405000
497,1465103994.621000,1465103995.242520,1465104000.243866,1465104000.336000
498,1465103994.621000,1465103995.247530,1465104000.249315,1465104000.342000
499,1465103994.621000,1465103995.301554,1465104000.302788,1465104000.374000
500,1465103994.621000,1465103995.298506,1465104000.299747,1465104000.371000
501,1465103994.621000,1465103995.341798,1465104000.343107,1465104000.420000
502,1465103994.621000,1465103995.280016,1465104000.281559,1465104000.361000
503,1465103994.621000,1465103995.274624,1465104000.275908,1465104000.362000
504,1465103994.621000,1465103995.338017,1465104000.339534,1465104000.410000
505,1465103994.621000,1465103995.314764,1465104000.316416,1465104000.398000
506,1465103994.621000,1465103995.277566,1465104000.278778,1465104000.357000
507,1465103994.621000,1465103995.285946,1465104000.287332,1465104000.369000
508,1465103994.621000,1465103995.272618,1465104000.273890,1465104000.359000
509,1465103994.622000,1465103995.740394,1465104000.741568,1465104000.808000
510,1465103994.622000,1465103995.274393,1465104000.287827,1465104000.369000
511,1465103994.622000,1465103995.443730,1465104000.445016,1465104000.525000
512,1465103994.622000,1465103995.298918,1465104000.300310,1465104000.377000
513,1465103994.622000,1465103995.262054,1465104000.263395,1465104000.367000
514,1465103994.622000,1465103995.251831,1465104000.255207,1465104000.359000
515,1465103994.622000,1465103995.299468,1465104000.301761,1465104000.369000
516,1465103994.622000,1465103995.309872,1465104000.311113,1465104000.393000
517,1465103994.622000,1465103995.307823,1465104000.309100,1465104000.388000
518,1465103994.622000,1465103995.268393,1465104000.274788,1465104000.355000
519,1465103994.622000,1465103995.311723,1465104000.313111,1465104000.386000
520,1465103994.622000,1465103995.274787,1465104000.276115,1465104000.354000
521,1465103994.622000,1465103995.391703,1465104000.399342,1465104000.478000
522,1465103994.622000,1465103995.339499,1465104000.340760,1465104000.426000
523,1465103994.622000,1465103995.427257,1465104000.428461,1465104000.506000
524,1465103994.622000,1465103995.328145,1465104000.337820,1465104000.432000
525,1465103994.622000,1465103995.278230,1465104000.279611,1465104000.383000
526,1465103994.622000,1465103995.428018,1465104000.441220,1465104000.499000
527,1465103994.622000,1465103995.369954,1465104000.371476,1465104000.457000
528,1465103994.622000,1465103995.353716,1465104000.355176,1465104000.432000
529,1465103994.622000,1465103995.338105,1465104000.339380,1465104000.418000
530,1465103994.622000,1465103995.372778,1465104000.392428,1465104000.466000
531,1465103994.622000,1465103995.663068,1465104000.664537,1465104000.744000
532,1465103994.622000,1465103995.284480,1465104000.285755,1465104000.366000
533,1465103994.623000,1465103995.430103,1465104000.431271,1465104000.490000
534,1465103994.623000,1465103995.327768,1465104000.331943,1465104000.416000
535,1465103994.623000,1465103995.359697,1465104000.361096,1465104000.440000
536,1465103994.623000,1465103995.294056,1465104000.295301,1465104000.382000
537,1465103994.623000,1465103995.254255,1465104000.255545,1465104000.343000
538,1465103994.623000,1465103995.550728,1465104000.552019,1465104000.644000
539,1465103994.623000,1465103995.269318,1465104000.270967,1465104000.366000
540,1465103994.623000,1465103995.287877,1465104000.292651,1465104000.366000
541,1465103994.623000,1465103995.282224,1465104000.283408,1465104000.378000
542,1465103994.623000,1465103995.296072,1465104000.297255,1465104000.376000
543,1465103994.623000,1465103995.395447,1465104000.396953,1465104000.477000
544,1465103994.623000,1465103995.261841,1465104000.263610,1465104000.343000
545,1465103994.623000,1465103995.264684,1465104000.265916,1465104000.344000
546,1465103994.623000,1465103995.324763,1465104000.326120,1465104000.402000
547,1465103994.623000,1465103995.266800,1465104000.286954,1465104000.383000
548,1465103994.623000,1465103995.269484,1465104000.271895,1465104000.348000
549,1465103994.623000,1465103995.282507,1465104000.283857,1465104000.360000
550,1465103994.623000,1465103995.423906,1465104000.425138,1465104000.495000
551,1465103994.623000,1465103995.295816,1465104000.297169,1465104000.384000
552,1465103994.623000,1465103995.293707,1465104000.295535,1465104000.381000
553,1465103994.623000,1465103995.260931,1465104000.274222,1465104000.363000
554,1465103994.623000,1465103995.225656,1465104000.227399,1465104000.322000
555,1465103994.623000,1465103995.277868,1465104000.279309,1465104000.352000
556,1465103994.623000,1465103995.246414,1465104000.254721,1465104000.340000
557,1465103994.623000,1465103995.305339,1465104000.308297,1465104000.387000
558,1465103994.623000,1465103995.261918,1465104000.263130,1465104000.356000
559,1465103994.623000,1465103995.320218,1465104000.321477,1465104000.408000
560,1465103994.623000,1465103995.443006,1465104000.444318,1465104000.525000
561,1465103994.623000,1465103995.360473,1465104000.381213,1465104000.439000
562,1465103994.624000,1465103995.273719,1465104000.274930,1465104000.379000
563,1465103994.624000,1465103995.423902,1465104000.425565,1465104000.511000
564,1465103994.624000,1465103995.335819,1465104000.337378,1465104000.424000
565,1465103994.624000,1465103995.294272,1465104000.295749,1465104000.378000
566,1465103994.624000,1465103995.342886,1465104000.344152,1465104000.435000
567,1465103994.624000,1465103995.300054,1465104000.301763,1465104000.370000
568,1465103994.624000,1465103995.268495,1465104000.270046,1465104000.345000
569,1465103994.624000,1465103995.299011,1465104000.300700,1465104000.382000
570,1465103994.624000,1465103995.288788,1465104000.290177,1465104000.363000
571,1465103994.624000,1465103995.269839,1465104000.286924,1465104000.366000
572,1465103994.624000,1465103995.256667,1465104000.257831,1465104000.343000
573,1465103994.624000,1465103995.241354,1465104000.242603,1465104000.347000
574,1465103994.624000,1465103995.269065,1465104000.274127,1465104000.354000
575,1465103994.624000,1465103995.283139,1465104000.284407,1465104000.363000
576,1465103994.624000,1465103995.436750,1465104000.437913,1465104000.515000
577,1465103994.624000,1465103995.397543,1465104000.398790,1465104000.479000
578,1465103994.624000,1465103995.306494,1465104000.307697,1465104000.379000
579,1465103994.624000,1465103995.369805,1465104000.370925,1465104000.457000
580,1465103994.624000,1465103995.305477,1465104000.307843,1465104000.383000
581,1465103994.624000,1465103995.281617,1465104000.282931,1465104000.353000
582,1465103994.624000,1465103995.253752,1465104000.255218,1465104000.337000
583,1465103994.624000,1465103995.285602,1465104000.287083,1465104000.366000
584,1465103994.624000,1465103995.301029,1465104000.302464,1465104000.383000
585,1465103994.624000,1465103995.293514,1465104000.295018,1465104000.368000
586,1465103994.624000,1465103995.417201,1465104000.418452,1465104000.505000
587,1465103994.624000,1465103995.292502,1465104000.293704,1465104000.379000
588,1465103994.624000,1465103995.403068,1465104000.404562,1465104000.474000
589,1465103994.624000,1465103995.268099,1465104000.269513,1465104000.364000
590,1465103994.624000,1465103995.342066,1465104000.343400,1465104000.424000
591,1465103994.624000,1465103995.306141,1465104000.308302,1465104000.384000
592,1465103994.625000,1465103995.328747,1465104000.329984,1465104000.407000
593,1465103994.625000,1465103995.307514,1465104000.308838,1465104000.375000
594,1465103994.625000,1465103995.271407,1465104000.272667,1465104000.367000
595,1465103994.625000,1465103995.389181,1465104000.390454,1465104000.464000
596,1465103994.625000,1465103995.306197,1465104000.307826,1465104000.389000
597,1465103994.625000,1465103995.332689,1465104000.333940,1465104000.416000
598,1465103994.625000,1465103995.290331,1465104000.291816,1465104000.363000
599,1465103994.625000,1465103995.301693,1465104000.302906,1465104000.398000
600,1465103994.625000,1465103995.283526,1465104000.284825,1465104000.364000
601,1465103994.625000,1465103995.360364,1465104000.361622,1465104000.451000
602,1465103994.625000,1465103995.265716,1465104000.266906,1465104000.353000
603,1465103994.625000,1465103995.381933,1465104000.383258,1465104000.473000
604,1465103994.625000,1465103995.322552,1465104000.334702,1465104000.413000
605,1465103994.625000,1465103995.304408,1465104000.305748,1465104000.387000
606,1465103994.625000,1465103995.282379,1465104000.285473,1465104000.363000
607,1465103994.625000,1465103995.348654,1465104000.349861,1465104000.408000
608,1465103994.625000,0.000000,0.000000,0.000000
609,1465103994.625000,1465103995.279745,1465104000.293855,1465104000.379000
610,1465103994.625000,1465103995.282245,1465104000.283457,1465104000.368000
611,1465103994.625000,1465103995.262294,1465104000.263665,1465104000.343000
612,1465103994.625000,1465103995.424129,1465104000.425298,1465104000.513000
613,1465103994.625000,1465103995.282898,1465104000.284598,1465104000.363000
614,1465103994.625000,1465103995.266943,1465104000.268299,1465104000.349000
615,1465103994.625000,1465103995.293046,1465104000.294312,1465104000.381000
616,1465103994.625000,1465103995.341926,1465104000.343128,1465104000.423000
617,1465103994.625000,1465103995.264213,1465104000.265755,1465104000.352000
618,1465103994.625000,1465103995.429804,1465104000.430984,1465104000.525000
619,1465103994.626000,1465103995.386677,1465104000.388139,1465104000.467000
620,1465103994.626000,1465103995.283229,1465104000.285473,1465104000.365000
621,1465103994.626000,1465103995.356937,1465104000.358288,1465104000.436000
622,1465103994.626000,1465103995.435226,1465104000.436366,1465104000.522000
623,1465103994.626000,1465103995.323331,1465104000.324685,1465104000.407000
624,1465103994.626000,1465103995.297279,1465104000.298545,1465104000.381000
625,1465103994.626000,1465103995.294339,1465104000.295693,1465104000.372000
626,1465103994.626000,1465103995.389893,1465104000.391042,1465104000.477000
627,1465103994.626000,1465103995.362447,1465104000.363994,1465104000.454000
628,1465103994.626000,1465103995.325024,1465104000.326193,1465104000.413000
629,1465103994.626000,1465103995.306850,1465104000.308253,1465104000.396000
630,1465103994.626000,1465103995.408298,1465104000.409458,1465104000.488000
631,1465103994.626000,1465103995.426487,1465104000.427951,1465104000.506000
632,1465103994.626000,1465103995.296622,1465104000.297884,1465104000.378000
633,1465103994.626000,1465103995.306338,1465104000.307562,1465104000.377000
634,1465103994.627000,1465103995.558838,1465104000.560557,1465104000.648000
635,1465103994.627000,1465103995.259439,1465104000.260624,1465104000.348000
636,1465103994.627000,1465103995.390693,1465104000.392000,1465104000.463000
637,1465103994.627000,1465103995.254849,1465104000.256096,1465104000.335000
638,1465103994.627000,1465103995.306528,1465104000.307922,1465104000.376000
639,1465103994.627000,1465103995.299944,1465104000.301251,1465104000.375000
640,1465103994.627000,1465103995.302467,1465104000.303705,1465104000.381000
641,1465103994.627000,1465103995.358695,1465104000.359888,1465104000.436000
642,1465103994.627000,1465103995.302935,1465104000.304426,1465104000.389000
643,1465103994.627000,1465103995.434710,1465104000.435924,1465104000.505000
644,1465103994.627000,1465103995.286874,1465104000.288233,1465104000.376000
645,1465103994.627000,1465103995.397575,1465104000.399238,1465104000.485000
646,1465103994.627000,1465103995.302154,1465104000.303899,1465104000.383000
647,1465103994.627000,1465103995.273470,1465104000.274696,1465104000.354000
648,1465103994.627000,1465103995.360760,1465104000.362061,1465104000.457000
649,1465103994.627000,1465103995.299068,1465104000.300338,1465104000.377000
650,1465103994.627000,1465103995.354345,1465104000.355550,1465104000.413000
651,1465103994.627000,1465103995.323905,1465104000.325128,1465104000.403000
652,1465103994.627000,1465103995.317943,1465104000.319201,1465104000.398000
653,1465103994.627000,1465103995.252590,1465104000.253837,1465104000.334000
654,1465103994.627000,1465103995.276302,1465104000.278717,1465104000.358000
655,1465103994.627000,1465103995.253144,1465104000.254557,1465104000.342000
656,1465103994.627000,1465103995.455483,1465104000.461212,1465104000.519000
657,1465103994.627000,1465103995.326534,1465104000.327915,1465104000.409000
658,1465103994.627000,1465103995.300270,1465104000.301611,1465104000.381000
659,1465103994.628000,1465103995.256436,1465104000.257764,1465104000.338000
660,1465103994.628000,1465103995.601448,1465104000.602718,1465104000.707000
661,1465103994.628000,1465103995.302926,1465104000.304198,1465104000.408000
662,1465103994.628000,1465103995.368107,1465104000.369806,1465104000.456000
663,1465103994.628000,1465103995.381897,1465104000.383258,1465104000.478000
664,1465103994.628000,1465103995.347257,1465104000.348593,1465104000.435000
665,1465103994.628000,1465103995.369470,1465104000.370690,1465104000.456000
666,1465103994.628000,1465103995.322848,1465104000.324095,1465104000.411000
667,1465103994.628000,1465103995.655776,1465104000.657235,1465104000.762000
668,1465103994.628000,1465103995.371448,1465104000.373064,1465104000.452000
669,1465103994.628000,1465103995.436615,1465104000.437873,1465104000.496000
670,1465103994.628000,1465103995.310454,1465104000.311596,1465104000.389000
671,1465103994.628000,1465103995.261683,1465104000.273877,1465104000.354000
672,1465103994.628000,1465103995.328509,1465104000.329804,1465104000.409000
673,1465103994.628000,1465103995.402007,1465104000.403281,1465104000.484000
674,1465103994.628000,1465103995.253140,1465104000.254687,1465104000.359000
675,1465103994.628000,1465103995.285593,1465104000.287064,1465104000.375000
676,1465103994.628000,1465103995.321762,1465104000.323350,1465104000.404000
677,1465103994.628000,1465103995.361218,1465104000.362532,1465104000.439000
678,1465103994.628000,1465103995.293670,1465104000.295322,1465104000.381000
679,1465103994.628000,1465103995.295171,1465104000.297657,1465104000.380000
680,1465103994.628000,1465103995.311840,1465104000.313229,1465104000.399000
681,1465103994.628000,1465103995.276156,1465104000.277641,1465104000.354000
682,1465103994.628000,1465103995.364172,1465104000.365404,1465104000.453000
683,1465103994.628000,1465103995.416405,1465104000.417513,1465104000.512000
684,1465103994.629000,1465103995.255591,1465104000.256926,1465104000.333000
685,1465103994.629000,1465103995.285091,1465104000.286299,1465104000.354000
686,1465103994.629000,1465103995.296038,1465104000.297234,1465104000.385000
687,1465103994.629000,1465103995.330353,1465104000.331789,1465104000.407000
688,1465103994.629000,1465103995.295880,1465104000.297070,1465104000.376000
689,1465103994.629000,1465103995.321241,1465104000.322466,1465104000.402000
690,1465103994.629000,1465103995.348939,1465104000.350130,1465104000.419000
691,1465103994.629000,1465103995.273649,1465104000.274908,1465104000.371000
692,1465103994.629000,1465103995.414678,1465104000.416003,1465104000.501000
693,1465103994.629000,1465103995.319841,1465104000.321041,1465104000.392000
694,1465103994.629000,1465103995.357177,1465104000.358330,1465104000.428000
695,1465103994.629000,1465103995.304726,1465104000.305944,1465104000.383000
696,1465103994.629000,1465103995.349379,1465104000.350821,1465104000.417000
697,1465103994.629000,1465103995.304529,1465104000.306259,1465104000.379000
698,1465103994.629000,1465103995.259304,1465104000.268641,1465104000.364000
699,1465103994.629000,1465103995.319624,1465104000.320903,1465104000.397000
700,1465103994.629000,1465103995.299796,1465104000.305304,1465104000.383000
701,1465103994.629000,1465103995.440694,1465104000.442193,1465104000.522000
702,1465103994.629000,1465103995.396840,1465104000.398135,1465104000.478000
703,1465103994.629000,1465103995.310042,1465104000.311224,1465104000.377000
704,1465103994.629000,1465103995.424615,1465104000.425833,1465104000.521000
705,1465103994.629000,1465103995.306146,1465104000.307584,1465104000.383000
706,1465103994.629000,1465103995.273280,1465104000.274894,1465104000.353000
707,1465103994.630000,1465103995.307733,1465104000.308954,1465104000.395000
708,1465103994.630000,1465103995.291304,1465104000.292557,1465104000.370000
709,1465103994.630000,1465103995.233052,1465104000.234532,1465104000.320000
710,1465103994.630000,1465103995.335789,1465104000.337081,1465104000.432000
711,1465103994.630000,1465103995.283175,1465104000.284482,1465104000.370000
712,1465103994.630000,1465103995.380145,1465104000.381464,1465104000.453000
713,1465103994.630000,1465103995.311532,1465104000.312695,1465104000.380000
714,1465103994.630000,1465103995.434383,1465104000.435685,1465104000.513000
715,1465103994.630000,1465103995.396270,1465104000.397549,1465104000.476000
716,1465103994.630000,1465103995.245038,1465104000.246302,1465104000.338000
717,1465103994.630000,1465103995.311116,1465104000.326914,1465104000.409000
718,1465103994.630000,1465103995.420517,1465104000.431282,1465104000.519000
719,1465103994.630000,1465103995.287623,1465104000.288857,1465104000.375000
720,1465103994.630000,1465103995.442275,1465104000.443842,1465104000.531000
721,1465103994.630000,1465103995.643584,1465104000.644849,1465104000.749000
722,1465103994.630000,1465103995.388336,1465104000.389527,1465104000.459000
723,1465103994.630000,1465103995.431379,1465104000.432560,1465104000.511000
724,1465103994.630000,1465103995.382406,1465104000.383780,1465104000.464000
725,1465103994.630000,1465103995.320089,1465104000.321346,1465104000.407000
726,1465103994.630000,1465103995.334626,1465104000.335905,1465104000.415000
727,1465103994.630000,1465103995.276715,1465104000.278720,1465104000.357000
728,1465103994.630000,1465103995.541463,1465104000.542784,1465104000.623000
729,1465103994.630000,1465103995.285073,1465104000.287114,1465104000.368000
730,1465103994.630000,1465103995.712727,1465104000.713983,1465104000.800000
731,1465103994.630000,1465103995.327039,1465104000.328914,1465104000.411000
732,1465103994.630000,1465103995.364652,1465104000.365838,1465104000.460000
733,1465103994.630000,1465103995.354363,1465104000.355538,1465104000.442000
734,1465103994.631000,1465103995.343715,1465104000.345365,1465104000.424000
735,1465103994.631000,1465103995.405206,1465104000.406672,1465104000.488000
736,1465103994.631000,1465103995.337201,1465104000.338699,1465104000.410000
737,1465103994.631000,1465103995.425474,1465104000.444039,1465104000.530000
738,1465103994.631000,1465103995.228214,1465104000.229665,1465104000.305000
739,1465103994.631000,1465103995.327348,1465104000.328922,1465104000.410000
740,1465103994.631000,1465103995.355756,1465104000.356993,1465104000.428000
741,1465103994.631000,1465103995.430812,1465104000.432376,1465104000.509000
742,1465103994.631000,1465103995.428232,1465104000.429506,1465104000.510000
743,1465103994.631000,1465103995.308999,1465104000.310268,1465104000.381000
744,1465103994.631000,1465103995.270567,1465104000.272055,1465104000.366000
745,1465103994.631000,1465103995.321267,1465104000.322674,1465104000.396000
746,1465103994.631000,1465103995.306167,1465104000.307752,1465104000.386000
747,1465103994.631000,1465103995.392126,1465104000.398797,1465104000.477000
748,1465103994.631000,1465103995.274141,1465104000.275451,1465104000.353000
749,1465103994.631000,1465103995.272130,1465104000.273412,1465104000.368000
750,1465103994.631000,1465103995.372937,1465104000.374340,1465104000.460000
751,1465103994.631000,1465103995.399776,1465104000.401135,1465104000.487000
752,1465103994.631000,1465103995.307089,1465104000.308440,1465104000.381000
753,1465103994.631000,1465103995.366989,1465104000.368264,1465104000.446000
754,1465103994.631000,1465103995.373821,1465104000.374987,1465104000.453000
755,1465103994.631000,1465103995.223094,1465104000.224335,1465104000.328000
756,1465103994.631000,1465103995.263832,1465104000.265274,1465104000.341000
757,1465103994.631000,1465103995.251330,1465104000.252468,1465104000.329000
758,1465103994.631000,1465103995.264830,1465104000.266479,1465104000.348000
759,1465103994.631000,1465103995.301117,1465104000.302358,1465104000.389000
760,1465103994.632000,1465103995.368586,1465104000.369823,1465104000.454000
761,1465103994.632000,1465103995.305206,1465104000.306490,1465104000.392000
762,1465103994.632000,1465103995.420138,1465104000.431135,1465104000.519000
763,1465103994.632000,1465103995.249906,1465104000.253859,1465104000.332000
764,1465103994.632000,1465103995.291852,1465104000.293050,1465104000.380000
765,1465103994.632000,1465103995.557733,1465104000.558900,1465104000.628000
766,1465103994.632000,1465103995.274043,1465104000.275104,1465104000.370000
767,1465103994.632000,1465103995.370450,1465104000.371753,1465104000.450000
768,1465103994.632000,1465103995.301457,1465104000.302802,1465104000.382000
769,1465103994.632000,1465103995.350651,1465104000.351924,1465104000.418000
770,1465103994.632000,1465103995.242819,1465104000.244061,1465104000.325000
771,1465103994.634000,1465103995.408554,1465104000.409803,1465104000.483000
772,1465103994.642000,1465103995.689591,1465104000.691133,1465104000.778000
773,1465103994.645000,1465103995.445147,1465104000.455562,1465104000.543000
774,1465103994.670000,1465103995.427713,1465104000.428898,1465104000.506000
775,1465103994.680000,1465103995.401125,1465104000.402324,1465104000.488000
776,1465103994.680000,1465103995.348297,1465104000.349473,1465104000.436000
777,1465103994.680000,1465103995.399735,1465104000.400999,1465104000.486000
778,1465103994.681000,1465103995.259246,1465104000.261216,1465104000.365000
779,1465103994.691000,1465103995.317322,1465104000.318555,1465104000.405000
780,1465103994.692000,1465103995.407288,1465104000.408435,1465104000.478000
781,1465103994.692000,1465103995.415162,1465104000.435897,1465104000.523000
782,1465103994.692000,1465103995.355187,1465104000.356462,1465104000.444000
783,1465103994.692000,1465103995.409831,1465104000.411081,1465104000.469000
784,1465103994.692000,1465103995.747371,1465104000.748851,1465104000.817000
785,1465103994.692000,1465103995.365364,1465104000.366798,1465104000.447000
786,1465103994.692000,1465103995.338591,1465104000.339924,1465104000.426000
787,1465103994.692000,1465103995.399158,1465104000.400375,1465104000.466000
788,1465103994.692000,1465103995.408422,1465104000.409920,1465104000.497000
789,1465103994.693000,1465103995.674131,1465104000.675665,1465104000.755000
790,1465103994.693000,1465103995.377806,1465104000.379044,1465104000.464000
791,1465103994.693000,1465103995.389205,1465104000.390511,1465104000.478000
792,1465103994.694000,1465103995.411138,1465104000.412300,1465104000.482000
793,1465103994.694000,1465103995.395091,1465104000.396468,1465104000.475000
794,1465103994.694000,1465103995.412857,1465104000.414027,1465104000.499000
795,1465103994.694000,1465103995.372285,1465104000.374249,1465104000.447000
796,1465103994.694000,1465103995.428381,1465104000.429653,1465104000.510000
797,1465103994.695000,1465103995.355513,1465104000.356682,1465104000.423000
798,1465103994.695000,1465103995.731611,1465104000.732901,1465104000.800000
799,1465103994.695000,1465103995.719861,1465104000.721108,1465104000.811000
800,1465103994.695000,1465103995.378519,1465104000.379740,1465104000.467000
801,1465103994.696000,1465103995.361425,1465104000.362561,1465104000.448000
802,1465103994.696000,1465103995.409930,1465104000.411281,1465104000.500000
803,1465103994.696000,1465103995.388833,1465104000.390344,1465104000.469000
804,1465103994.696000,1465103995.623385,1465104000.624779,1465104000.701000
805,1465103994.696000,1465103995.342476,1465104000.343766,1465104000.426000
806,1465103994.697000,1465103995.405278,1465104000.406452,1465104000.477000
807,1465103994.697000,1465103995.383231,1465104000.384409,1465104000.480000
808,1465103994.697000,1465103995.374349,1465104000.375590,1465104000.445000
809,1465103994.697000,1465103995.339696,1465104000.340948,1465104000.428000
810,1465103994.697000,1465103995.380465,1465104000.381758,1465104000.455000
811,1465103994.697000,1465103995.349472,1465104000.350690,1465104000.437000
812,1465103994.697000,1465103995.690036,1465104000.691344,1465104000.782000
813,1465103994.697000,1465103995.433491,1465104000.441517,1465104000.523000
814,1465103994.697000,1465103995.374152,1465104000.375563,1465104000.457000
815,1465103994.698000,1465103995.401243,1465104000.402348,1465104000.481000
816,1465103994.698000,1465103995.394630,1465104000.395878,1465104000.475000
817,1465103994.698000,1465103995.368265,1465104000.385351,1465104000.472000
818,1465103994.698000,1465103995.387268,1465104000.388457,1465104000.484000
819,1465103994.699000,1465103995.752826,1465104000.754067,1465104000.833000
820,1465103994.699000,1465103995.329045,1465104000.330768,1465104000.410000
821,1465103994.699000,1465103995.419801,1465104000.421075,1465104000.500000
822,1465103994.699000,1465103995.408625,1465104000.409840,1465104000.481000
823,1465103994.699000,1465103995.385968,1465104000.387288,1465104000.467000
824,1465103994.699000,1465103995.424864,1465104000.426316,1465104000.503000
825,1465103994.700000,1465103995.426825,1465104000.428090,1465104000.516000
826,1465103994.700000,1465103995.437669,1465104000.438900,1465104000.516000
827,1465103994.700000,1465103995.676354,1465104000.677611,1465104000.762000
828,1465103994.700000,1465103995.360353,1465104000.362037,1465104000.420000
829,1465103994.700000,1465103995.338026,1465104000.339252,1465104000.426000
830,1465103994.700000,1465103995.436668,1465104000.438502,1465104000.524000
831,1465103994.700000,1465103995.395027,1465104000.396388,1465104000.487000
832,1465103994.700000,1465103995.380112,1465104000.382227,1465104000.478000
833,1465103994.700000,1465103995.323208,1465104000.324347,1465104000.411000
834,1465103994.701000,1465103995.446965,1465104000.448219,1465104000.534000
835,1465103994.701000,1465103995.426106,1465104000.427306,1465104000.494000
836,1465103994.701000,1465103995.705064,1465104000.706420,1465104000.785000
837,1465103994.701000,1465103995.456267,1465104000.457627,1465104000.516000
838,1465103994.702000,1465103995.629856,1465104000.631219,1465104000.707000
839,1465103994.702000,1465103995.727154,1465104000.728418,1465104000.795000
840,1465103994.702000,1465103995.393552,1465104000.399328,1465104000.478000
841,1465103994.703000,1465103995.670652,1465104000.671956,1465104000.751000
842,1465103994.703000,1465103995.680336,1465104000.681593,1465104000.767000
843,1465103994.703000,1465103995.366133,1465104000.367645,1465104000.453000
844,1465103994.703000,1465103995.423759,1465104000.425027,1465104000.512000
845,1465103994.703000,1465103995.648510,1465104000.649797,1465104000.716000
846,1465103994.704000,1465103995.415593,1465104000.416825,1465104000.504000
847,1465103994.704000,1465103995.422861,1465104000.424590,1465104000.510000
848,1465103994.704000,1465103995.451456,1465104000.452670,1465104000.522000
849,1465103994.704000,1465103995.445927,1465104000.447458,1465104000.530000
850,1465103994.705000,1465103995.700844,1465104000.702050,1465104000.786000
851,1465103994.705000,1465103995.724092,1465104000.725295,1465104000.806000
852,1465103994.705000,1465103995.447083,1465104000.448329,1465104000.530000
853,1465103994.705000,1465103995.745098,1465104000.746463,1465104000.826000
854,1465103994.705000,1465103995.747170,1465104000.748327,1465104000.814000
855,1465103994.705000,1465103995.402932,1465104000.405435,1465104000.475000
856,1465103994.707000,1465103995.379144,1465104000.380591,1465104000.476000
857,1465103994.707000,1465103995.462485,1465104000.463739,1465104000.522000
858,1465103994.707000,1465103995.719511,1465104000.720878,1465104000.799000
859,1465103994.707000,1465103995.427054,1465104000.428238,1465104000.506000
860,1465103994.708000,1465103995.415042,1465104000.416421,1465104000.511000
861,1465103994.709000,1465103995.417052,1465104000.418263,1465104000.497000
862,1465103994.709000,1465103995.427298,1465104000.428455,1465104000.514000
863,1465103994.709000,1465103995.379294,1465104000.380520,1465104000.461000
864,1465103994.709000,1465103995.405257,1465104000.406522,1465104000.494000
865,1465103994.710000,1465103995.428151,1465104000.429426,1465104000.508000
866,1465103994.710000,1465103995.717993,1465104000.719186,1465104000.800000
867,1465103994.710000,1465103995.364809,1465104000.366436,1465104000.452000
868,1465103994.710000,1465103995.456109,1465104000.457363,1465104000.536000
869,1465103994.710000,1465103995.388960,1465104000.390217,1465104000.478000
870,1465103994.712000,1465103995.389607,1465104000.391137,1465104000.462000
871,1465103994.711000,1465103995.453174,1465104000.454460,1465104000.534000
872,1465103994.711000,1465103995.382153,1465104000.383454,1465104000.472000
873,1465103994.711000,1465103995.405669,1465104000.406880,1465104000.492000
874,1465103994.714000,1465103995.303841,1465104000.305118,1465104000.398000
875,1465103994.713000,1465103995.471614,1465104000.473776,1465104000.532000
876,1465103994.713000,1465103995.431127,1465104000.432430,1465104000.519000
877,1465103994.713000,1465103995.411262,1465104000.412557,1465104000.491000
878,1465103994.713000,1465103995.384845,1465104000.386315,1465104000.473000
879,1465103994.714000,1465103995.441845,1465104000.443329,1465104000.523000
880,1465103994.715000,1465103995.441396,1465104000.442574,1465104000.528000
881,1465103994.715000,1465103995.423031,1465104000.440284,1465104000.516000
882,1465103994.716000,1465103995.439422,1465104000.440735,1465104000.521000
883,1465103994.716000,1465103995.302280,1465104000.303486,1465104000.391000
884,1465103994.716000,1465103995.715875,1465104000.717126,1465104000.808000
885,1465103994.717000,1465103995.381201,1465104000.382388,1465104000.468000
886,1465103994.717000,1465103995.404819,1465104000.406123,1465104000.488000
887,1465103994.717000,1465103995.401689,1465104000.402907,1465104000.490000
888,1465103994.717000,1465103995.436014,1465104000.437774,1465104000.524000
889,1465103994.717000,1465103995.364910,1465104000.366202,1465104000.456000
890,1465103994.717000,1465103995.379784,1465104000.381026,1465104000.460000
891,1465103994.718000,1465103995.729336,1465104000.730571,1465104000.811000
892,1465103994.718000,1465103995.685945,1465104000.687623,1465104000.769000
893,1465103994.719000,1465103995.421575,1465104000.422924,1465104000.513000
894,1465103994.719000,1465103995.367329,1465104000.369018,1465104000.455000
895,1465103994.719000,1465103995.712865,1465104000.714163,1465104000.795000
896,1465103994.719000,1465103995.433217,1465104000.434485,1465104000.522000
897,1465103994.719000,0.000000,0.000000,0.000000
898,1465103994.720000,1465103995.444479,1465104000.458218,1465104000.545000
899,1465103994.720000,1465103995.397644,1465104000.399125,1465104000.476000
900,1465103994.720000,1465103995.430896,1465104000.432161,1465104000.499000
901,1465103994.720000,1465103995.410708,1465104000.411899,1465104000.491000
902,1465103994.720000,1465103995.445488,1465104000.446857,1465104000.533000
903,1465103994.720000,1465103995.388594,1465104000.389819,1465104000.484000
904,1465103994.720000,1465103995.446533,1465104000.447700,1465104000.525000
905,1465103994.720000,1465103995.390442,1465104000.391860,1465104000.486000
906,1465103994.720000,1465103995.420517,1465104000.422623,1465104000.511000
907,1465103994.721000,1465103995.439385,1465104000.440732,1465104000.529000
908,1465103994.721000,1465103995.429330,1465104000.430563,1465104000.518000
909,1465103994.721000,1465103995.435155,1465104000.436456,1465104000.515000
910,1465103994.721000,1465103995.435182,1465104000.438427,1465104000.525000
911,1465103994.722000,1465103995.436285,1465104000.437534,1465104000.525000
912,1465103994.722000,1465103995.706976,1465104000.708285,1465104000.788000
913,1465103994.722000,1465103995.690327,1465104000.691882,1465104000.772000
914,1465103994.723000,1465103995.427942,1465104000.430329,1465104000.488000
915,1465103994.723000,1465103995.426097,1465104000.427431,1465104000.514000
916,1465103994.723000,1465103995.439716,1465104000.440963,1465104000.528000
917,1465103994.723000,1465103995.434593,1465104000.435900,1465104000.521000
918,1465103994.723000,1465103995.421591,1465104000.422899,1465104000.496000
919,1465103994.723000,1465103995.448926,1465104000.450262,1465104000.530000
920,1465103994.724000,1465103995.328090,1465104000.329705,1465104000.425000
921,1465103994.724000,1465103995.685900,1465104000.687683,1465104000.768000
922,1465103994.724000,1465103995.430694,1465104000.431967,1465104000.516000
923,1465103994.725000,1465103995.436710,1465104000.438214,1465104000.504000
924,1465103994.725000,1465103995.439617,1465104000.440931,1465104000.522000
925,1465103994.725000,1465103995.388153,1465104000.389384,1465104000.467000
926,1465103994.725000,1465103995.737074,1465104000.738319,1465104000.817000
927,1465103994.725000,1465103995.367835,1465104000.369317,1465104000.443000
928,1465103994.725000,1465103995.415433,1465104000.416646,1465104000.512000
929,1465103994.726000,0.000000,0.000000,0.000000
930,1465103994.726000,1465103995.705180,1465104000.706705,1465104000.786000
931,1465103994.726000,1465103995.432151,1465104000.433384,1465104000.521000
932,1465103994.726000,1465103995.741889,1465104000.743180,1465104000.822000
933,1465103994.726000,1465103995.645732,1465104000.647030,1465104000.724000
934,1465103994.727000,1465103995.694126,1465104000.695421,1465104000.786000
935,1465103994.727000,1465103995.389732,1465104000.391120,1465104000.486000
936,1465103994.728000,1465103995.420058,1465104000.421260,1465104000.516000
937,1465103994.728000,1465103995.380414,1465104000.381607,1465104000.451000
938,1465103994.728000,0.000000,0.000000,0.000000
939,1465103994.728000,1465103995.431763,1465104000.433045,1465104000.520000
940,1465103994.728000,1465103995.479086,1465104000.480275,1465104000.538000
941,1465103994.728000,1465103995.436208,1465104000.437402,1465104000.522000
942,1465103994.728000,1465103995.450855,1465104000.452103,1465104000.529000
943,1465103994.729000,1465103995.471754,1465104000.473375,1465104000.531000
944,1465103994.729000,1465103995.386580,1465104000.392303,1465104000.465000
945,1465103994.729000,1465103995.433960,1465104000.435535,1465104000.522000
946,1465103994.730000,0.000000,0.000000,0.000000
947,1465103994.730000,1465103995.694119,1465104000.695340,1465104000.776000
948,1465103994.730000,1465103995.447382,1465104000.448946,1465104000.525000
949,1465103994.730000,1465103995.733305,1465104000.734556,1465104000.825000
950,1465103994.730000,1465103995.406337,1465104000.407683,1465104000.490000
951,1465103994.730000,1465103995.723822,1465104000.725105,1465104000.804000
952,1465103994.730000,1465103995.444499,1465104000.445940,1465104000.514000
953,1465103994.731000,1465103995.453805,1465104000.460281,1465104000.536000
954,1465103994.731000,1465103995.445073,1465104000.446392,1465104000.526000
955,1465103994.731000,1465103995.437736,1465104000.439080,1465104000.505000
956,1465103994.731000,1465103995.372316,1465104000.373511,1465104000.458000
957,1465103994.731000,1465103995.407882,1465104000.409103,1465104000.494000
958,1465103994.732000,0.000000,0.000000,0.000000
959,1465103994.732000,1465103995.431280,1465104000.432552,1465104000.505000
960,1465103994.732000,1465103995.365582,1465104000.366865,1465104000.447000
961,1465103994.732000,1465103995.463079,1465104000.464308,1465104000.534000
962,1465103994.732000,1465103995.442700,1465104000.443907,1465104000.529000
963,1465103994.732000,1465103995.432570,1465104000.433946,1465104000.511000
964,1465103994.732000,1465103995.444593,1465104000.446210,1465104000.522000
965,1465103994.732000,1465103995.370407,1465104000.371658,1465104000.452000
966,1465103994.732000,1465103995.445156,1465104000.446491,1465104000.527000
967,1465103994.732000,1465103995.424040,1465104000.425168,1465104000.520000
968,1465103994.733000,1465103995.469487,1465104000.470927,1465104000.529000
969,1465103994.733000,1465103995.431972,1465104000.445413,1465104000.532000
970,1465103994.733000,1465103995.398693,1465104000.399941,1465104000.478000
971,1465103994.733000,1465103995.418970,1465104000.420596,1465104000.496000
972,1465103994.733000,1465103995.415348,1465104000.417172,1465104000.504000
973,1465103994.734000,1465103995.706951,1465104000.708265,1465104000.785000
974,1465103994.734000,1465103995.439869,1465104000.441004,1465104000.527000
975,1465103994.734000,0.000000,0.000000,0.000000
976,1465103994.734000,1465103995.409399,1465104000.410684,1465104000.491000
977,1465103994.734000,1465103995.430797,1465104000.432346,1465104000.518000
978,1465103994.734000,1465103995.692743,1465104000.694086,1465104000.774000
979,1465103994.734000,1465103995.435309,1465104000.436486,1465104000.524000
980,1465103994.734000,1465103995.357402,1465104000.358614,1465104000.445000
981,1465103994.734000,1465103995.721810,1465104000.723097,1465104000.804000
982,1465103994.734000,1465103995.385842,1465104000.387171,1465104000.445000
983,1465103994.734000,1465103995.412639,1465104000.413790,1465104000.499000
984,1465103994.735000,1465103995.391911,1465104000.393114,1465104000.474000
985,1465103994.735000,1465103995.411292,1465104000.412512,1465104000.499000
986,1465103994.735000,1465103995.404997,1465104000.406188,1465104000.472000
987,1465103994.735000,0.000000,0.000000,0.000000
988,1465103994.736000,1465103995.427292,1465104000.428542,1465104000.534000
989,1465103994.736000,1465103995.391676,1465104000.392999,1465104000.472000
990,1465103994.736000,1465103995.442889,1465104000.444442,1465104000.532000
991,1465103994.736000,1465103995.434194,1465104000.435509,1465104000.494000
992,1465103994.736000,1465103995.420755,1465104000.425023,1465104000.510000
993,1465103994.736000,1465103995.431399,1465104000.445478,1465104000.532000
994,1465103994.736000,1465103995.432174,1465104000.433517,1465104000.512000
995,1465103994.736000,1465103995.442670,1465104000.453860,1465104000.540000
996,1465103994.736000,0.000000,0.000000,0.000000
997,1465103994.737000,1465103995.450468,1465104000.451705,1465104000.532000
998,1465103994.737000,1465103995.457531,1465104000.458912,1465104000.530000
999,1465103994.737000,1465103995.441965,1465104000.443205,1465104000.522000
