0,1465104337.053000,1465104337.621037,1465104342.622491,1465104342.710000
1,1465104337.053000,1465104337.626109,1465104342.627326,1465104342.715000
2,1465104337.053000,1465104337.669921,1465104342.671779,1465104342.752000
3,1465104337.053000,1465104337.657215,1465104342.658456,1465104342.742000
4,1465104337.053000,1465104337.635376,1465104342.636841,1465104342.710000
5,1465104337.053000,1465104337.664373,1465104342.665643,1465104342.752000
6,1465104337.054000,1465104337.655449,1465104342.656948,1465104342.716000
7,1465104337.054000,1465104337.625455,1465104342.627043,1465104342.707000
8,1465104337.054000,1465104337.631632,1465104342.633095,1465104342.731000
9,1465104337.054000,1465104337.656529,1465104342.658134,1465104342.742000
10,1465104337.054000,1465104337.633139,1465104342.634396,1465104342.723000
11,1465104337.054000,1465104337.639450,1465104342.645496,1465104342.732000
12,1465104337.054000,1465104337.660347,1465104342.674900,1465104342.752000
13,1465104337.054000,1465104337.681864,1465104342.683075,1465104342.753000
14,1465104337.054000,1465104337.643786,1465104342.644977,1465104342.730000
15,1465104337.054000,1465104337.640199,1465104342.641767,1465104342.727000
16,1465104337.054000,1465104337.625352,1465104342.626964,1465104342.716000
17,1465104337.054000,1465104337.681280,1465104342.682565,1465104342.763000
18,1465104337.054000,1465104337.679063,1465104342.689370,1465104342.761000
19,1465104337.054000,1465104337.643088,1465104342.644553,1465104342.714000
20,1465104337.054000,1465104337.656963,1465104342.658186,1465104342.741000
21,1465104337.055000,1465104337.667859,1465104342.669065,1465104342.756000
22,1465104337.055000,1465104337.655157,1465104342.656486,1465104342.753000
23,1465104337.055000,1465104337.669560,1465104342.671782,1465104342.753000
24,1465104337.055000,1465104337.665466,1465104342.666645,1465104342.754000
25,1465104337.056000,1465104337.676176,1465104342.677443,1465104342.776000
26,1465104337.056000,1465104337.636115,1465104342.637769,1465104342.716000
27,1465104337.056000,1465104337.660237,1465104342.661422,1465104342.749000
28,1465104337.056000,1465104337.650843,1465104342.658799,1465104342.742000
29,1465104337.057000,1465104337.691830,1465104342.701353,1465104342.760000
30,1465104337.057000,1465104337.686823,1465104342.698182,1465104342.788000
31,1465104337.058000,1465104337.679046,1465104342.680368,1465104342.742000
32,1465104337.058000,1465104337.622012,1465104342.624604,1465104342.728000
33,1465104337.059000,1465104337.656689,1465104342.658013,1465104342.742000
34,1465104337.059000,1465104337.639179,1465104342.641555,1465104342.724000
35,1465104337.059000,1465104337.642595,1465104342.643829,1465104342.717000
36,1465104337.059000,1465104337.641443,1465104342.642689,1465104342.721000
37,1465104337.060000,1465104337.665110,1465104342.666465,1465104342.755000
38,1465104337.059000,1465104337.622725,1465104342.624298,1465104342.710000
39,1465104337.060000,1465104337.627351,1465104342.628828,1465104342.718000
40,1465104337.060000,1465104337.678353,1465104342.679610,1465104342.778000
41,1465104337.060000,1465104337.652983,1465104342.666506,1465104342.747000
42,1465104337.060000,1465104337.633715,1465104342.635155,1465104342.717000
43,1465104337.060000,1465104337.642007,1465104342.643452,1465104342.721000
44,1465104337.060000,1465104337.664355,1465104342.665647,1465104342.756000
45,1465104337.060000,1465104337.621707,1465104342.623864,1465104342.728000
46,1465104337.060000,1465104337.684943,1465104342.686135,1465104342.764000
47,1465104337.061000,1465104337.654088,1465104342.655288,1465104342.727000
48,1465104337.061000,1465104337.651997,1465104342.653806,1465104342.726000
49,1465104337.061000,1465104337.633587,1465104342.634922,1465104342.724000
50,1465104337.062000,1465104337.692024,1465104342.701789,1465104342.761000
51,1465104337.062000,1465104337.642978,1465104342.644205,1465104342.721000
52,1465104337.062000,1465104337.688842,1465104342.690140,1465104342.772000
53,1465104337.062000,1465104337.663758,1465104342.665019,1465104342.750000
54,1465104337.062000,1465104337.661805,1465104342.663351,1465104342.742000
55,1465104337.065000,1465104337.672962,1465104342.674193,1465104342.754000
56,1465104337.066000,1465104337.624240,1465104342.625733,1465104342.714000
57,1465104337.066000,1465104337.663397,1465104342.664680,1465104342.768000
58,1465104337.066000,1465104337.687421,1465104342.688682,1465104342.761000
59,1465104337.066000,1465104337.652810,1465104342.654322,1465104342.742000
60,1465104337.066000,1465104337.649966,1465104342.651508,1465104342.732000
61,1465104337.066000,1465104337.649536,1465104342.651031,1465104342.729000
62,1465104337.066000,1465104337.667675,1465104342.668933,1465104342.751000
63,1465104337.066000,1465104337.655086,1465104342.656478,1465104342.755000
64,1465104337.066000,1465104338.040613,1465104343.046175,1465104343.125000
65,1465104337.066000,1465104337.657322,1465104342.658645,1465104342.755000
66,1465104337.066000,1465104337.672237,1465104342.673554,1465104342.754000
67,1465104337.067000,1465104337.687252,1465104342.688400,1465104342.766000
68,1465104337.067000,1465104337.638715,1465104342.639939,1465104342.742000
69,1465104337.067000,1465104337.632564,1465104342.634097,1465104342.724000
70,1465104337.067000,1465104337.662818,1465104342.664130,1465104342.752000
71,1465104337.067000,1465104337.647074,1465104342.648795,1465104342.741000
72,1465104337.067000,1465104337.664476,1465104342.665684,1465104342.742000
73,1465104337.067000,1465104337.671545,1465104342.672855,1465104342.751000
74,1465104337.067000,1465104337.649349,1465104342.650649,1465104342.742000
75,1465104337.067000,1465104337.645981,1465104342.647207,1465104342.751000
76,1465104337.067000,1465104337.672133,1465104342.673343,1465104342.755000
77,1465104337.067000,1465104337.677662,1465104342.679216,1465104342.759000
78,1465104337.067000,1465104337.679485,1465104342.680801,1465104342.762000
79,1465104337.067000,1465104337.648665,1465104342.661673,1465104342.744000
80,1465104337.067000,1465104337.710288,1465104342.711547,1465104342.784000
81,1465104337.067000,1465104337.668092,1465104342.669373,1465104342.759000
82,1465104337.067000,1465104337.650269,1465104342.651573,1465104342.732000
83,1465104337.068000,1465104337.646684,1465104342.647909,1465104342.717000
84,1465104337.068000,1465104337.689110,1465104342.690442,1465104342.762000
85,1465104337.068000,1465104337.676550,1465104342.677874,1465104342.763000
86,1465104337.068000,1465104337.661732,1465104342.662899,1465104342.761000
87,1465104337.068000,1465104337.649601,1465104342.650783,1465104342.742000
88,1465104337.068000,1465104337.635922,1465104342.637424,1465104342.715000
89,1465104337.068000,1465104337.697781,1465104342.699389,1465104342.780000
90,1465104337.068000,1465104337.675222,1465104342.683734,1465104342.787000
91,1465104337.068000,1465104337.670993,1465104342.672279,1465104342.752000
92,1465104337.068000,1465104337.653057,1465104342.654281,1465104342.732000
93,1465104337.068000,1465104337.680431,1465104342.681644,1465104342.766000
94,1465104337.068000,1465104337.633623,1465104342.634906,1465104342.741000
95,1465104337.068000,1465104337.663887,1465104342.674204,1465104342.762000
96,1465104337.068000,1465104337.668195,1465104342.669494,1465104342.751000
97,1465104337.068000,1465104337.671913,1465104342.673113,1465104342.758000
98,1465104337.068000,1465104337.647533,1465104342.649012,1465104342.741000
99,1465104337.068000,1465104337.671686,1465104342.673086,1465104342.754000
100,1465104337.068000,1465104337.665569,1465104342.666796,1465104342.755000
101,1465104337.069000,1465104337.648889,1465104342.650280,1465104342.732000
102,1465104337.069000,1465104337.632247,1465104342.633709,1465104342.730000
103,1465104337.069000,1465104337.640125,1465104342.641354,1465104342.729000
104,1465104337.069000,1465104337.636162,1465104342.637871,1465104342.720000
105,1465104337.071000,1465104337.652298,1465104342.653677,1465104342.742000
106,1465104337.074000,1465104337.677879,1465104342.679146,1465104342.742000
107,1465104337.076000,1465104337.674050,1465104342.675195,1465104342.753000
108,1465104337.077000,1465104337.722840,1465104342.724048,1465104342.803000
109,1465104337.077000,1465104337.703520,1465104342.705209,1465104342.776000
110,1465104337.077000,1465104337.682267,1465104342.683531,1465104342.773000
111,1465104337.077000,1465104337.672062,1465104342.673264,1465104342.762000
112,1465104337.077000,1465104337.684519,1465104342.685710,1465104342.766000
113,1465104337.077000,1465104337.697199,1465104342.698521,1465104342.778000
114,1465104337.077000,1465104337.699598,1465104342.700930,1465104342.760000
115,1465104337.077000,1465104337.684831,1465104342.686107,1465104342.783000
116,1465104337.077000,1465104337.680691,1465104342.681904,1465104342.761000
117,1465104337.077000,1465104337.707241,1465104342.709933,1465104342.782000
118,1465104337.077000,1465104337.660730,1465104342.662007,1465104342.752000
119,1465104337.077000,1465104337.755714,1465104342.757012,1465104342.827000
120,1465104337.078000,1465104337.711655,1465104342.712851,1465104342.798000
121,1465104337.078000,1465104337.721630,1465104342.722804,1465104342.812000
122,1465104337.078000,1465104337.687477,1465104342.688806,1465104342.767000
123,1465104337.078000,1465104337.662931,1465104342.664124,1465104342.761000
124,1465104337.078000,1465104337.682634,1465104342.683834,1465104342.774000
125,1465104337.078000,1465104337.673078,1465104342.676268,1465104342.764000
126,1465104337.079000,1465104337.666619,1465104342.667837,1465104342.753000
127,1465104337.079000,1465104337.680908,1465104342.682155,1465104342.761000
128,1465104337.079000,1465104337.671350,1465104342.672712,1465104342.753000
129,1465104337.079000,1465104337.669056,1465104342.670425,1465104342.756000
130,1465104337.079000,1465104337.700760,1465104342.702000,1465104342.774000
131,1465104337.079000,1465104337.680233,1465104342.681432,1465104342.753000
132,1465104337.079000,1465104337.745425,1465104342.746832,1465104342.821000
133,1465104337.079000,1465104337.710608,1465104342.711952,1465104342.770000
134,1465104337.079000,1465104337.681213,1465104342.682502,1465104342.763000
135,1465104337.079000,1465104337.695136,1465104342.696291,1465104342.774000
136,1465104337.080000,1465104337.709685,1465104342.710933,1465104342.780000
137,1465104337.080000,1465104337.659465,1465104342.660788,1465104342.757000
138,1465104337.080000,1465104337.697666,1465104342.698906,1465104342.773000
139,1465104337.081000,1465104337.687771,1465104342.689160,1465104342.778000
140,1465104337.081000,1465104337.704554,1465104342.706205,1465104342.780000
141,1465104337.081000,1465104337.687494,1465104342.688737,1465104342.769000
142,1465104337.081000,1465104337.693172,1465104342.694429,1465104342.779000
143,1465104337.081000,1465104337.680779,1465104342.681993,1465104342.762000
144,1465104337.081000,1465104337.733691,1465104342.734979,1465104342.814000
145,1465104337.081000,1465104337.660931,1465104342.662396,1465104342.766000
146,1465104337.081000,1465104337.734215,1465104342.735771,1465104342.816000
147,1465104337.081000,1465104337.717765,1465104342.718944,1465104342.817000
148,1465104337.081000,1465104337.685961,1465104342.687566,1465104342.765000
149,1465104337.081000,1465104337.685086,1465104342.686593,1465104342.771000
150,1465104337.081000,1465104337.676511,1465104342.677808,1465104342.763000
151,1465104337.081000,1465104337.681277,1465104342.682638,1465104342.760000
152,1465104337.082000,1465104337.688438,1465104342.689751,1465104342.777000
153,1465104337.082000,1465104337.719903,1465104342.721389,1465104342.799000
154,1465104337.082000,1465104337.701525,1465104342.702748,1465104342.762000
155,1465104337.082000,1465104337.669639,1465104342.671004,1465104342.753000
156,1465104337.083000,1465104337.653739,1465104342.654950,1465104342.753000
157,1465104337.083000,1465104337.683077,1465104342.684332,1465104342.761000
158,1465104337.083000,1465104337.693457,1465104342.694659,1465104342.777000
159,1465104337.083000,1465104337.687086,1465104342.703029,1465104342.792000
160,1465104337.083000,1465104337.668324,1465104342.669556,1465104342.773000
161,1465104337.083000,1465104337.755204,1465104342.756377,1465104342.826000
162,1465104337.083000,1465104337.737275,1465104342.738502,1465104342.827000
163,1465104337.083000,1465104337.704535,1465104342.717559,1465104342.793000
164,1465104337.083000,1465104338.034112,1465104343.054863,1465104343.134000
165,1465104337.084000,1465104337.696817,1465104342.698026,1465104342.786000
166,1465104337.084000,1465104337.678260,1465104342.679554,1465104342.758000
167,1465104337.084000,1465104339.521491,1465104344.522968,1465104344.604000
168,1465104337.084000,1465104338.047221,1465104343.048740,1465104343.124000
169,1465104337.084000,1465104337.757407,1465104342.758593,1465104342.832000
170,1465104337.084000,1465104337.693173,1465104342.694366,1465104342.775000
171,1465104337.084000,1465104337.727426,1465104342.728744,1465104342.788000
172,1465104337.084000,1465104337.733794,1465104342.735166,1465104342.821000
173,1465104337.084000,1465104337.677216,1465104342.679242,1465104342.782000
174,1465104337.084000,1465104338.048598,1465104343.054315,1465104343.133000
175,1465104337.084000,1465104337.662975,1465104342.664175,1465104342.762000
176,1465104337.084000,1465104337.715830,1465104342.717559,1465104342.793000
177,1465104337.084000,1465104337.689791,1465104342.691039,1465104342.778000
178,1465104337.084000,1465104338.075074,1465104343.076398,1465104343.157000
179,1465104337.084000,1465104337.750799,1465104342.752162,1465104342.850000
180,1465104337.084000,1465104337.696637,1465104342.697867,1465104342.796000
181,1465104337.084000,1465104338.118870,1465104343.120076,1465104343.191000
182,1465104337.084000,1465104337.707714,1465104342.709331,1465104342.781000
183,1465104337.084000,1465104337.786719,1465104342.803541,1465104342.907000
184,1465104337.084000,1465104337.710027,1465104342.711231,1465104342.808000
185,1465104337.085000,1465104337.757096,1465104342.758344,1465104342.836000
186,1465104337.085000,1465104338.045282,1465104343.046651,1465104343.127000
187,1465104337.085000,1465104337.716886,1465104342.718114,1465104342.788000
188,1465104337.085000,1465104337.757324,1465104342.758507,1465104342.857000
189,1465104337.085000,1465104337.723830,1465104342.725075,1465104342.805000
190,1465104337.085000,1465104337.790653,1465104342.791951,1465104342.872000
191,1465104337.085000,1465104338.049664,1465104343.051307,1465104343.130000
192,1465104337.085000,1465104337.689062,1465104342.690321,1465104342.779000
193,1465104337.085000,1465104337.756323,1465104342.757636,1465104342.816000
194,1465104337.085000,1465104337.691651,1465104342.692999,1465104342.770000
195,1465104337.085000,1465104337.731039,1465104342.743625,1465104342.823000
196,1465104337.085000,1465104337.684452,1465104342.685850,1465104342.763000
197,1465104337.085000,1465104338.043946,1465104343.051268,1465104343.137000
198,1465104337.085000,1465104337.679684,1465104342.681138,1465104342.770000
199,1465104337.085000,1465104338.052689,1465104343.060288,1465104343.135000
200,1465104337.085000,1465104339.527938,1465104344.529400,1465104344.609000
201,1465104337.085000,1465104337.796276,1465104342.797521,1465104342.885000
202,1465104337.085000,1465104337.689918,1465104342.691116,1465104342.780000
203,1465104337.085000,1465104337.776192,1465104342.777403,1465104342.875000
204,1465104337.085000,1465104337.764197,1465104342.765391,1465104342.846000
205,1465104337.085000,1465104338.067622,1465104343.068833,1465104343.128000
206,1465104337.085000,1465104337.743949,1465104342.745189,1465104342.823000
207,1465104337.085000,1465104337.738700,1465104342.749872,1465104342.820000
208,1465104337.085000,1465104337.747746,1465104342.748968,1465104342.834000
209,1465104337.085000,1465104338.029245,1465104343.030523,1465104343.127000
210,1465104337.085000,1465104337.808682,1465104342.810082,1465104342.885000
211,1465104337.085000,1465104337.770576,1465104342.771834,1465104342.855000
212,1465104337.085000,1465104338.035762,1465104343.036967,1465104343.127000
213,1465104337.085000,1465104337.692921,1465104342.694220,1465104342.774000
214,1465104337.085000,1465104337.705584,1465104342.706873,1465104342.792000
215,1465104337.085000,1465104337.737742,1465104342.738999,1465104342.818000
216,1465104337.085000,1465104337.775123,1465104342.776490,1465104342.851000
217,1465104337.085000,1465104337.737594,1465104342.738782,1465104342.819000
218,1465104337.086000,1465104337.683920,1465104342.685253,1465104342.782000
219,1465104337.086000,1465104337.694943,1465104342.696243,1465104342.784000
220,1465104337.085000,1465104337.808189,1465104342.809467,1465104342.898000
221,1465104337.085000,1465104337.783963,1465104342.785617,1465104342.866000
222,1465104337.085000,1465104337.697953,1465104342.699469,1465104342.785000
223,1465104337.085000,1465104337.750027,1465104342.751323,1465104342.837000
224,1465104337.086000,1465104338.045461,1465104343.047049,1465104343.132000
225,1465104337.086000,1465104338.128479,1465104343.140531,1465104343.216000
226,1465104337.086000,1465104338.034567,1465104343.035767,1465104343.113000
227,1465104337.086000,1465104338.053179,1465104343.057584,1465104343.132000
228,1465104337.086000,1465104337.704244,1465104342.705476,1465104342.790000
229,1465104337.086000,1465104339.635480,1465104344.636903,1465104344.711000
230,1465104337.086000,1465104337.788395,1465104342.790267,1465104342.876000
231,1465104337.086000,1465104337.673509,1465104342.674744,1465104342.760000
232,1465104337.086000,1465104338.050786,1465104343.052436,1465104343.126000
233,1465104337.086000,1465104337.782397,1465104342.783533,1465104342.882000
234,1465104337.086000,0.000000,0.000000,0.000000
235,1465104337.086000,1465104337.729058,1465104342.730233,1465104342.807000
236,1465104337.086000,1465104337.650500,1465104342.651988,1465104342.742000
237,1465104337.086000,1465104337.711692,1465104342.729092,1465104342.811000
238,1465104337.086000,1465104337.771976,1465104342.773201,1465104342.877000
239,1465104337.086000,1465104337.750713,1465104342.751948,1465104342.833000
240,1465104337.086000,1465104338.049562,1465104343.051135,1465104343.126000
241,1465104337.086000,1465104337.692431,1465104342.693819,1465104342.776000
242,1465104337.086000,1465104338.119940,1465104343.121234,1465104343.202000
243,1465104337.086000,1465104338.048974,1465104343.050372,1465104343.130000
244,1465104337.086000,1465104337.817073,1465104342.818234,1465104342.917000
245,1465104337.086000,0.000000,0.000000,0.000000
246,1465104337.086000,1465104337.702794,1465104342.704008,1465104342.782000
247,1465104337.086000,1465104338.057257,1465104343.059400,1465104343.132000
248,1465104337.086000,1465104337.855710,1465104342.857188,1465104342.936000
249,1465104337.086000,1465104337.774830,1465104342.776378,1465104342.852000
250,1465104337.086000,1465104337.768671,1465104342.769901,1465104342.868000
251,1465104337.086000,1465104337.761479,1465104342.762731,1465104342.840000
252,1465104337.086000,1465104337.692705,1465104342.693930,1465104342.765000
253,1465104337.086000,1465104337.786822,1465104342.788098,1465104342.867000
254,1465104337.086000,1465104337.762895,1465104342.764190,1465104342.834000
255,1465104337.086000,1465104337.769920,1465104342.771191,1465104342.849000
256,1465104337.086000,1465104338.043200,1465104343.045201,1465104343.130000
257,1465104337.087000,1465104337.820418,1465104342.821846,1465104342.900000
258,1465104337.087000,1465104337.696292,1465104342.697442,1465104342.795000
259,1465104337.087000,1465104337.829167,1465104342.830404,1465104342.910000
260,1465104337.087000,1465104337.783669,1465104342.784855,1465104342.871000
261,1465104337.087000,1465104337.855396,1465104342.856686,1465104342.945000
262,1465104337.087000,1465104337.711922,1465104342.713180,1465104342.785000
263,1465104337.087000,1465104338.135330,1465104343.136665,1465104343.226000
264,1465104337.087000,1465104337.721198,1465104342.723418,1465104342.793000
265,1465104337.087000,1465104338.046569,1465104343.047735,1465104343.129000
266,1465104337.087000,1465104337.821428,1465104342.837435,1465104342.913000
267,1465104337.087000,1465104337.722069,1465104342.723313,1465104342.782000
268,1465104337.087000,1465104339.585686,1465104344.587315,1465104344.684000
269,1465104337.087000,1465104338.089139,1465104343.090844,1465104343.170000
270,1465104337.087000,1465104337.676620,1465104342.677830,1465104342.757000
271,1465104337.087000,1465104337.720638,1465104342.721794,1465104342.795000
272,1465104337.087000,1465104338.038065,1465104343.039309,1465104343.118000
273,1465104337.087000,1465104337.800913,1465104342.802649,1465104342.879000
274,1465104337.087000,1465104337.783819,1465104342.785039,1465104342.867000
275,1465104337.087000,1465104337.832606,1465104342.834274,1465104342.910000
276,1465104337.087000,1465104337.795175,1465104342.796518,1465104342.885000
277,1465104337.087000,1465104337.786168,1465104342.787447,1465104342.857000
278,1465104337.087000,1465104338.114596,1465104343.116211,1465104343.204000
279,1465104337.087000,1465104338.057389,1465104343.058730,1465104343.143000
280,1465104337.087000,1465104337.739478,1465104342.740817,1465104342.811000
281,1465104337.087000,1465104337.703428,1465104342.704611,1465104342.778000
282,1465104337.087000,1465104337.693481,1465104342.694643,1465104342.771000
283,1465104337.087000,1465104337.717458,1465104342.718773,1465104342.789000
284,1465104337.087000,1465104337.807126,1465104342.808418,1465104342.894000
285,1465104337.087000,1465104337.687777,1465104342.689102,1465104342.778000
286,1465104337.087000,1465104337.758600,1465104342.759944,1465104342.835000
287,1465104337.087000,1465104337.702178,1465104342.703358,1465104342.791000
288,1465104337.087000,1465104337.718253,1465104342.719728,1465104342.793000
289,1465104337.087000,1465104337.813385,1465104342.814687,1465104342.892000
290,1465104337.087000,1465104337.757428,1465104342.758635,1465104342.817000
291,1465104337.087000,1465104337.741136,1465104342.742372,1465104342.840000
292,1465104337.087000,1465104337.692290,1465104342.693563,1465104342.779000
293,1465104337.088000,1465104337.691573,1465104342.692859,1465104342.773000
294,1465104337.088000,1465104337.696224,1465104342.698020,1465104342.779000
295,1465104337.088000,1465104338.043093,1465104343.045249,1465104343.130000
296,1465104337.088000,1465104337.735098,1465104342.736334,1465104342.814000
297,1465104337.089000,1465104337.867765,1465104342.869159,1465104342.955000
298,1465104337.091000,1465104337.705524,1465104342.706726,1465104342.788000
299,1465104337.096000,1465104337.773379,1465104342.775066,1465104342.850000
300,1465104337.103000,1465104339.607958,1465104344.609256,1465104344.690000
301,1465104337.103000,1465104337.742614,1465104342.743806,1465104342.832000
302,1465104337.103000,1465104337.677778,1465104342.679239,1465104342.782000
303,1465104337.115000,1465104337.787360,1465104342.788620,1465104342.874000
304,1465104337.115000,1465104337.803362,1465104342.804668,1465104342.876000
305,1465104337.115000,1465104338.057628,1465104343.065257,1465104343.137000
306,1465104337.115000,0.000000,0.000000,0.000000
307,1465104337.115000,1465104337.784046,1465104342.785275,1465104342.865000
308,1465104337.115000,1465104337.698264,1465104342.700138,1465104342.780000
309,1465104337.115000,1465104337.751892,1465104342.753436,1465104342.833000
310,1465104337.115000,1465104337.781539,1465104342.782726,1465104342.854000
311,1465104337.115000,1465104337.737679,1465104342.738899,1465104342.825000
312,1465104337.115000,1465104338.039859,1465104343.041059,1465104343.131000
313,1465104337.115000,1465104338.130595,1465104343.132263,1465104343.210000
314,1465104337.116000,1465104337.714228,1465104342.715499,1465104342.796000
315,1465104337.116000,1465104337.830730,1465104342.832173,1465104342.918000
316,1465104337.116000,1465104337.732461,1465104342.733664,1465104342.804000
317,1465104337.116000,1465104338.041580,1465104343.042805,1465104343.128000
318,1465104337.116000,1465104338.047926,1465104343.049126,1465104343.127000
319,1465104337.117000,1465104338.102336,1465104343.103642,1465104343.188000
320,1465104337.117000,1465104338.092383,1465104343.093742,1465104343.175000
321,1465104337.117000,1465104338.034606,1465104343.035737,1465104343.123000
322,1465104337.117000,1465104338.052797,1465104343.054041,1465104343.131000
323,1465104337.117000,1465104337.784215,1465104342.785427,1465104342.874000
324,1465104337.117000,1465104338.138157,1465104343.139299,1465104343.217000
325,1465104337.117000,1465104337.795805,1465104342.797222,1465104342.873000
326,1465104337.117000,1465104337.743514,1465104342.744681,1465104342.817000
327,1465104337.117000,1465104337.761087,1465104342.762360,1465104342.859000
328,1465104337.117000,1465104337.867052,1465104342.877250,1465104342.952000
329,1465104337.117000,1465104337.836093,1465104342.837305,1465104342.918000
330,1465104337.117000,1465104338.103102,1465104343.104299,1465104343.183000
331,1465104337.117000,1465104337.764792,1465104342.765970,1465104342.864000
332,1465104337.118000,0.000000,0.000000,0.000000
333,1465104337.118000,1465104338.066430,1465104343.067692,1465104343.156000
334,1465104337.118000,1465104337.836806,1465104342.837978,1465104342.916000
335,1465104337.118000,1465104337.787315,1465104342.789550,1465104342.874000
336,1465104337.119000,1465104337.810314,1465104342.811539,1465104342.895000
337,1465104337.119000,1465104337.863040,1465104342.864204,1465104342.952000
338,1465104337.119000,1465104337.787831,1465104342.790609,1465104342.876000
339,1465104337.119000,1465104338.082142,1465104343.083452,1465104343.168000
340,1465104337.119000,1465104339.614864,1465104344.616519,1465104344.696000
341,1465104337.119000,1465104337.788054,1465104342.789262,1465104342.868000
342,1465104337.119000,1465104338.069131,1465104343.070359,1465104343.169000
343,1465104337.119000,1465104338.039105,1465104343.040588,1465104343.116000
344,1465104337.119000,1465104337.708196,1465104342.723788,1465104342.827000
345,1465104337.119000,1465104338.045911,1465104343.047205,1465104343.136000
346,1465104337.120000,1465104337.766719,1465104342.767913,1465104342.841000
347,1465104337.120000,1465104337.803248,1465104342.804533,1465104342.885000
348,1465104337.120000,1465104337.742170,1465104342.743410,1465104342.824000
349,1465104337.120000,1465104337.752226,1465104342.753466,1465104342.832000
350,1465104337.120000,1465104337.859020,1465104342.860212,1465104342.938000
351,1465104337.120000,1465104338.094687,1465104343.095878,1465104343.181000
352,1465104337.120000,1465104338.132082,1465104343.133370,1465104343.212000
353,1465104337.121000,1465104338.076579,1465104343.077792,1465104343.157000
354,1465104337.121000,1465104338.021954,1465104343.023216,1465104343.127000
355,1465104337.121000,1465104337.751559,1465104342.752748,1465104342.841000
356,1465104337.121000,1465104337.859627,1465104342.861134,1465104342.937000
357,1465104337.121000,1465104338.049927,1465104343.051297,1465104343.132000
358,1465104337.121000,1465104337.796974,1465104342.817659,1465104342.893000
359,1465104337.121000,1465104337.774057,1465104342.775306,1465104342.860000
360,1465104337.122000,1465104337.751305,1465104342.752520,1465104342.841000
361,1465104337.122000,1465104338.104887,1465104343.106174,1465104343.194000
362,1465104337.122000,1465104338.133945,1465104343.135191,1465104343.215000
363,1465104337.122000,1465104338.045343,1465104343.047310,1465104343.132000
364,1465104337.122000,1465104338.075035,1465104343.076540,1465104343.154000
365,1465104337.122000,1465104337.785904,1465104342.787315,1465104342.873000
366,1465104337.122000,1465104338.157831,1465104343.159026,1465104343.218000
367,1465104337.122000,1465104339.607695,1465104344.609236,1465104344.679000
368,1465104337.122000,1465104338.036269,1465104343.037502,1465104343.126000
369,1465104337.123000,1465104337.863439,1465104342.864757,1465104342.944000
370,1465104337.123000,1465104337.767230,1465104342.768467,1465104342.854000
371,1465104337.123000,1465104337.807426,1465104342.808648,1465104342.880000
372,1465104337.123000,1465104337.748777,1465104342.750120,1465104342.830000
373,1465104337.123000,1465104338.044013,1465104343.051004,1465104343.136000
374,1465104337.124000,1465104339.597570,1465104344.599006,1465104344.677000
375,1465104337.124000,1465104338.127530,1465104343.128704,1465104343.207000
376,1465104337.124000,1465104337.845643,1465104342.846817,1465104342.924000
377,1465104337.124000,1465104337.875287,1465104342.876739,1465104342.962000
378,1465104337.124000,1465104337.739059,1465104342.740780,1465104342.820000
379,1465104337.124000,0.000000,0.000000,0.000000
380,1465104337.124000,1465104337.827292,1465104342.828516,1465104342.906000
381,1465104337.124000,1465104337.858986,1465104342.860253,1465104342.939000
382,1465104337.124000,1465104338.061418,1465104343.067503,1465104343.147000
383,1465104337.124000,1465104339.598379,1465104344.599978,1465104344.687000
384,1465104337.124000,1465104338.062834,1465104343.063975,1465104343.150000
385,1465104337.125000,1465104338.076581,1465104343.077794,1465104343.164000
386,1465104337.125000,1465104337.869895,1465104342.871091,1465104342.950000
387,1465104337.125000,1465104338.129890,1465104343.131047,1465104343.209000
388,1465104337.125000,0.000000,0.000000,0.000000
389,1465104337.125000,1465104338.059249,1465104343.060494,1465104343.145000
390,1465104337.125000,1465104338.068775,1465104343.070162,1465104343.150000
391,1465104337.125000,1465104337.842759,1465104342.844279,1465104342.914000
392,1465104337.125000,1465104338.073968,1465104343.075181,1465104343.160000
393,1465104337.126000,1465104338.118599,1465104343.120174,1465104343.194000
394,1465104337.127000,1465104337.874354,1465104342.886931,1465104342.966000
395,1465104337.127000,1465104338.139442,1465104343.140743,1465104343.221000
396,1465104337.127000,1465104338.087887,1465104343.089331,1465104343.164000
397,1465104337.127000,1465104338.088749,1465104343.090282,1465104343.171000
398,1465104337.127000,1465104338.056865,1465104343.059188,1465104343.132000
399,1465104337.127000,1465104338.158131,1465104343.159303,1465104343.237000
400,1465104337.127000,1465104338.043208,1465104343.044416,1465104343.131000
401,1465104337.127000,1465104337.780464,1465104342.781906,1465104342.870000
402,1465104337.128000,1465104337.756461,1465104342.774301,1465104342.853000
403,1465104337.128000,1465104337.774769,1465104342.775964,1465104342.846000
404,1465104337.128000,1465104337.802498,1465104342.803723,1465104342.874000
405,1465104337.129000,1465104338.064299,1465104343.065480,1465104343.143000
406,1465104337.129000,1465104338.067421,1465104343.068789,1465104343.154000
407,1465104337.129000,1465104338.149950,1465104343.151194,1465104343.229000
408,1465104337.129000,1465104337.751348,1465104342.752821,1465104342.841000
409,1465104337.129000,1465104337.812304,1465104342.813862,1465104342.900000
410,1465104337.130000,1465104337.846317,1465104342.847633,1465104342.936000
411,1465104337.130000,1465104337.826342,1465104342.827677,1465104342.916000
412,1465104337.130000,1465104337.902035,1465104342.903281,1465104342.981000
413,1465104337.130000,1465104338.159065,1465104343.160665,1465104343.241000
414,1465104337.130000,1465104337.766912,1465104342.768438,1465104342.853000
415,1465104337.130000,1465104337.832946,1465104342.834370,1465104342.920000
416,1465104337.130000,1465104337.826265,1465104342.827566,1465104342.908000
417,1465104337.131000,1465104337.822614,1465104342.823971,1465104342.899000
418,1465104337.131000,1465104338.043551,1465104343.046341,1465104343.131000
419,1465104337.131000,1465104337.847414,1465104342.848582,1465104342.923000
420,1465104337.131000,1465104337.802499,1465104342.803672,1465104342.889000
421,1465104337.132000,1465104337.835409,1465104342.836685,1465104342.917000
422,1465104337.132000,1465104338.136493,1465104343.137968,1465104343.219000
423,1465104337.132000,1465104338.119182,1465104343.123789,1465104343.202000
424,1465104337.132000,1465104337.831765,1465104342.832916,1465104342.931000
425,1465104337.132000,1465104339.587596,1465104344.588837,1465104344.686000
426,1465104337.132000,1465104338.132706,1465104343.134020,1465104343.224000
427,1465104337.132000,1465104337.819951,1465104342.821146,1465104342.891000
428,1465104337.133000,1465104338.196452,1465104343.197744,1465104343.257000
429,1465104337.133000,1465104338.109636,1465104343.110885,1465104343.198000
430,1465104337.133000,1465104338.108909,1465104343.110181,1465104343.180000
431,1465104337.134000,1465104338.117219,1465104343.118455,1465104343.206000
432,1465104337.134000,0.000000,0.000000,0.000000
433,1465104337.134000,1465104338.112700,1465104343.113997,1465104343.198000
434,1465104337.134000,0.000000,0.000000,0.000000
435,1465104337.134000,1465104338.108075,1465104343.109384,1465104343.187000
436,1465104337.135000,1465104338.145641,1465104343.146904,1465104343.235000
437,1465104337.135000,1465104337.840225,1465104342.841408,1465104342.919000
438,1465104337.135000,1465104338.076137,1465104343.077488,1465104343.156000
439,1465104337.136000,1465104337.883114,1465104342.884841,1465104342.956000
440,1465104337.136000,1465104338.085786,1465104343.087044,1465104343.166000
441,1465104337.136000,1465104337.771213,1465104342.772476,1465104342.862000
442,1465104337.136000,1465104337.869101,1465104342.870275,1465104342.958000
443,1465104337.136000,1465104338.133176,1465104343.134521,1465104343.231000
444,1465104337.136000,1465104338.053816,1465104343.054984,1465104343.132000
445,1465104337.136000,1465104337.874936,1465104342.876140,1465104342.954000
446,1465104337.136000,1465104338.051599,1465104343.052870,1465104343.132000
447,1465104337.137000,1465104337.862188,1465104342.863556,1465104342.938000
448,1465104337.137000,1465104337.810688,1465104342.828622,1465104342.914000
449,1465104337.137000,1465104337.753664,1465104342.754794,1465104342.853000
450,1465104337.137000,1465104337.801601,1465104342.802840,1465104342.890000
451,1465104337.137000,1465104338.098197,1465104343.099484,1465104343.184000
452,1465104337.137000,1465104338.132418,1465104343.133725,1465104343.215000
453,1465104337.138000,1465104337.756398,1465104342.757624,1465104342.835000
454,1465104337.138000,1465104338.135358,1465104343.136554,1465104343.207000
455,1465104337.138000,1465104337.775357,1465104342.783835,1465104342.862000
456,1465104337.138000,1465104337.913835,1465104342.915148,1465104342.996000
457,1465104337.138000,1465104337.890268,1465104342.891966,1465104342.962000
458,1465104337.138000,1465104337.821012,1465104342.835640,1465104342.924000
459,1465104337.138000,1465104337.862375,1465104342.865946,1465104342.944000
460,1465104337.138000,1465104339.613609,1465104344.615346,1465104344.690000
461,1465104337.139000,1465104337.863586,1465104342.866642,1465104342.946000
462,1465104337.140000,1465104337.879663,1465104342.880860,1465104342.940000
463,1465104337.140000,0.000000,0.000000,0.000000
464,1465104337.140000,1465104338.049999,1465104343.051226,1465104343.136000
465,1465104337.140000,1465104337.863933,1465104342.865132,1465104342.952000
466,1465104337.140000,1465104337.831835,1465104342.833119,1465104342.918000
467,1465104337.140000,1465104338.149105,1465104343.157938,1465104343.248000
468,1465104337.141000,1465104337.845772,1465104342.847224,1465104342.925000
469,1465104337.141000,1465104337.873661,1465104342.874911,1465104342.955000
470,1465104337.141000,1465104337.784397,1465104342.786071,1465104342.872000
471,1465104337.141000,1465104338.129774,1465104343.130943,1465104343.230000
472,1465104337.141000,1465104338.109628,1465104343.110838,1465104343.169000
473,1465104337.141000,1465104339.650791,1465104344.652084,1465104344.731000
474,1465104337.141000,1465104337.860183,1465104342.861334,1465104342.959000
475,1465104337.141000,1465104337.865302,1465104342.867319,1465104342.946000
476,1465104337.142000,1465104337.876527,1465104342.877791,1465104342.957000
477,1465104337.143000,1465104338.147230,1465104343.148518,1465104343.228000
478,1465104337.143000,1465104338.154951,1465104343.160504,1465104343.242000
479,1465104337.143000,1465104337.823189,1465104342.824444,1465104342.904000
480,1465104337.143000,1465104338.165373,1465104343.166590,1465104343.247000
481,1465104337.143000,1465104338.075525,1465104343.076835,1465104343.150000
482,1465104337.143000,1465104337.875865,1465104342.877965,1465104342.957000
483,1465104337.143000,1465104338.133210,1465104343.134385,1465104343.211000
484,1465104337.143000,1465104337.855331,1465104342.857246,1465104342.941000
485,1465104337.144000,1465104338.134646,1465104343.135798,1465104343.235000
486,1465104337.144000,1465104338.151763,1465104343.152968,1465104343.242000
487,1465104337.145000,1465104337.880039,1465104342.881535,1465104342.962000
488,1465104337.146000,1465104337.901593,1465104342.902751,1465104342.977000
489,1465104337.146000,1465104338.091509,1465104343.108755,1465104343.189000
490,1465104337.146000,1465104338.143926,1465104343.145255,1465104343.232000
491,1465104337.146000,1465104337.863411,1465104342.864798,1465104342.963000
492,1465104337.146000,1465104338.045102,1465104343.046318,1465104343.132000
493,1465104337.146000,1465104338.134349,1465104343.135849,1465104343.225000
494,1465104337.146000,1465104337.858330,1465104342.859638,1465104342.945000
495,1465104337.146000,1465104338.169801,1465104343.171351,1465104343.248000
496,1465104337.146000,1465104337.867384,1465104342.868549,1465104342.954000
497,1465104337.146000,1465104338.129318,1465104343.130508,1465104343.205000
498,1465104337.146000,1465104337.860050,1465104342.861274,1465104342.947000
499,1465104337.146000,1465104337.800287,1465104342.801694,1465104342.877000
500,1465104337.146000,1465104337.871403,1465104342.872697,1465104342.946000
501,1465104337.146000,1465104337.886613,1465104342.887942,1465104342.964000
502,1465104337.146000,1465104337.889945,1465104342.891608,1465104342.972000
503,1465104337.146000,1465104339.652527,1465104344.653846,1465104344.735000
504,1465104337.146000,1465104337.901287,1465104342.902456,1465104342.973000
505,1465104337.146000,1465104338.118468,1465104343.119900,1465104343.216000
506,1465104337.146000,1465104338.122289,1465104343.123719,1465104343.202000
507,1465104337.146000,1465104337.853831,1465104342.855251,1465104342.930000
508,1465104337.146000,1465104337.986095,1465104342.987364,1465104343.065000
509,1465104337.146000,1465104337.873436,1465104342.874845,1465104342.973000
510,1465104337.146000,1465104337.971326,1465104342.972694,1465104343.044000
511,1465104337.146000,1465104337.930446,1465104342.931756,1465104343.009000
512,1465104337.146000,1465104338.125206,1465104343.126410,1465104343.203000
513,1465104337.147000,1465104338.152785,1465104343.153967,1465104343.252000
514,1465104337.147000,1465104338.131075,1465104343.132587,1465104343.212000
515,1465104337.147000,1465104338.126613,1465104343.127769,1465104343.210000
516,1465104337.147000,1465104337.872443,1465104342.873650,1465104342.952000
517,1465104337.147000,1465104337.835677,1465104342.837139,1465104342.917000
518,1465104337.147000,1465104338.166822,1465104343.168009,1465104343.239000
519,1465104337.147000,1465104338.184209,1465104343.185617,1465104343.283000
520,1465104337.147000,1465104337.865794,1465104342.867052,1465104342.946000
521,1465104337.147000,1465104337.815765,1465104342.817047,1465104342.905000
522,1465104337.147000,1465104338.130224,1465104343.131694,1465104343.220000
523,1465104337.147000,1465104337.839144,1465104342.840672,1465104342.930000
524,1465104337.147000,1465104337.836094,1465104342.837311,1465104342.923000
525,1465104337.147000,1465104338.135508,1465104343.148835,1465104343.230000
526,1465104337.147000,1465104337.817667,1465104342.819497,1465104342.895000
527,1465104337.147000,1465104337.800812,1465104342.802336,1465104342.888000
528,1465104337.147000,1465104337.875950,1465104342.877177,1465104342.951000
529,1465104337.147000,1465104337.871632,1465104342.873066,1465104342.949000
530,1465104337.147000,1465104337.879622,1465104342.881035,1465104342.952000
531,1465104337.147000,1465104338.149217,1465104343.150442,1465104343.230000
532,1465104337.147000,1465104337.850831,1465104342.852244,1465104342.934000
533,1465104337.147000,1465104337.885798,1465104342.887890,1465104342.961000
534,1465104337.147000,1465104337.878667,1465104342.891381,1465104342.979000
535,1465104337.147000,1465104338.148691,1465104343.150343,1465104343.224000
536,1465104337.147000,1465104338.142588,1465104343.143829,1465104343.229000
537,1465104337.147000,1465104337.881011,1465104342.882484,1465104342.957000
538,1465104337.148000,1465104338.119697,1465104343.120901,1465104343.209000
539,1465104337.148000,1465104337.877683,1465104342.879139,1465104342.953000
540,1465104337.148000,1465104338.130662,1465104343.131929,1465104343.219000
541,1465104337.148000,1465104337.874131,1465104342.887085,1465104342.967000
542,1465104337.148000,1465104337.862392,1465104342.863802,1465104342.939000
543,1465104337.148000,1465104337.871653,1465104342.872932,1465104342.952000
544,1465104337.148000,1465104337.876627,1465104342.878362,1465104342.959000
545,1465104337.148000,1465104337.885602,1465104342.886785,1465104342.965000
546,1465104337.148000,1465104338.113562,1465104343.114792,1465104343.203000
547,1465104337.148000,1465104337.832692,1465104342.833886,1465104342.912000
548,1465104337.148000,1465104337.810288,1465104342.828626,1465104342.914000
549,1465104337.148000,1465104338.132660,1465104343.133838,1465104343.221000
550,1465104337.148000,1465104338.080266,1465104343.081879,1465104343.161000
551,1465104337.148000,1465104338.111346,1465104343.112656,1465104343.200000
552,1465104337.148000,1465104337.782616,1465104342.784117,1465104342.873000
553,1465104337.148000,1465104337.857971,1465104342.859204,1465104342.939000
554,1465104337.148000,1465104338.148549,1465104343.150553,1465104343.224000
555,1465104337.148000,1465104338.083372,1465104343.084871,1465104343.161000
556,1465104337.148000,1465104337.768220,1465104342.770205,1465104342.846000
557,1465104337.148000,1465104338.126191,1465104343.127562,1465104343.205000
558,1465104337.148000,1465104338.152306,1465104343.153994,1465104343.223000
559,1465104337.148000,1465104337.882140,1465104342.883384,1465104342.968000
560,1465104337.148000,1465104337.878819,1465104342.880048,1465104342.959000
561,1465104337.148000,1465104337.800723,1465104342.802038,1465104342.882000
562,1465104337.149000,1465104337.779102,1465104342.780245,1465104342.878000
563,1465104337.149000,1465104337.873785,1465104342.875016,1465104342.954000
564,1465104337.149000,1465104337.852100,1465104342.853523,1465104342.950000
565,1465104337.149000,1465104337.883836,1465104342.885542,1465104342.960000
566,1465104337.149000,1465104337.830946,1465104342.832227,1465104342.916000
567,1465104337.149000,1465104337.861262,1465104342.862502,1465104342.943000
568,1465104337.149000,1465104337.862061,1465104342.863265,1465104342.949000
569,1465104337.149000,1465104338.051540,1465104343.052799,1465104343.132000
570,1465104337.149000,1465104338.179251,1465104343.180458,1465104343.270000
571,1465104337.149000,1465104337.855647,1465104342.856930,1465104342.943000
572,1465104337.149000,1465104338.145709,1465104343.146966,1465104343.227000
573,1465104337.149000,1465104337.865095,1465104342.866303,1465104342.926000
574,1465104337.149000,1465104337.871744,1465104342.873829,1465104342.972000
575,1465104337.149000,1465104337.894281,1465104342.895676,1465104342.975000
576,1465104337.149000,1465104337.791621,1465104342.792827,1465104342.878000
577,1465104337.149000,1465104338.120644,1465104343.121942,1465104343.196000
578,1465104337.149000,1465104338.096400,1465104343.097617,1465104343.167000
579,1465104337.149000,1465104338.113233,1465104343.114480,1465104343.202000
580,1465104337.149000,1465104337.847041,1465104342.848341,1465104342.935000
581,1465104337.149000,1465104337.804808,1465104342.806067,1465104342.890000
582,1465104337.149000,1465104338.076190,1465104343.077383,1465104343.160000
583,1465104337.149000,1465104337.858300,1465104342.859660,1465104342.938000
584,1465104337.149000,1465104337.813688,1465104342.814981,1465104342.900000
585,1465104337.149000,1465104338.181077,1465104343.182352,1465104343.263000
586,1465104337.150000,1465104337.893032,1465104342.894625,1465104342.974000
587,1465104337.150000,1465104337.871555,1465104342.872810,1465104342.961000
588,1465104337.150000,1465104337.855365,1465104342.856689,1465104342.937000
589,1465104337.150000,1465104338.085962,1465104343.087206,1465104343.165000
590,1465104337.150000,1465104338.152981,1465104343.154237,1465104343.235000
591,1465104337.150000,1465104337.857159,1465104342.858482,1465104342.937000
592,1465104337.150000,1465104337.838487,1465104342.839709,1465104342.938000
593,1465104337.150000,1465104337.844792,1465104342.846023,1465104342.930000
594,1465104337.150000,1465104337.869178,1465104342.870469,1465104342.969000
595,1465104337.150000,1465104338.103801,1465104343.105225,1465104343.185000
596,1465104337.150000,1465104337.868330,1465104342.869567,1465104342.949000
597,1465104337.150000,1465104337.850584,1465104342.851899,1465104342.937000
598,1465104337.150000,1465104337.839597,1465104342.840925,1465104342.916000
599,1465104337.150000,1465104337.889747,1465104342.891228,1465104342.961000
600,1465104337.150000,1465104337.874376,1465104342.875837,1465104342.961000
601,1465104337.150000,1465104337.868767,1465104342.870192,1465104342.959000
602,1465104337.150000,1465104337.885133,1465104342.886488,1465104342.967000
603,1465104337.150000,1465104337.871575,1465104342.887038,1465104342.983000
604,1465104337.150000,1465104337.864044,1465104342.866631,1465104342.946000
605,1465104337.150000,1465104337.868076,1465104342.869367,1465104342.947000
606,1465104337.150000,1465104337.892054,1465104342.893325,1465104342.974000
607,1465104337.150000,1465104337.816277,1465104342.823565,1465104342.928000
608,1465104337.150000,1465104338.110121,1465104343.111328,1465104343.196000
609,1465104337.150000,1465104339.660179,1465104344.661741,1465104344.742000
610,1465104337.150000,1465104338.134073,1465104343.135734,1465104343.216000
611,1465104337.150000,1465104337.867808,1465104342.868992,1465104342.954000
612,1465104337.151000,1465104337.785014,1465104342.786273,1465104342.871000
613,1465104337.151000,1465104338.115270,1465104343.116606,1465104343.186000
614,1465104337.151000,1465104338.114368,1465104343.115576,1465104343.175000
615,1465104337.151000,1465104337.872038,1465104342.874063,1465104342.972000
616,1465104337.151000,1465104337.882924,1465104342.884146,1465104342.973000
617,1465104337.151000,1465104338.185243,1465104343.186528,1465104343.245000
618,1465104337.151000,1465104337.870047,1465104342.871310,1465104342.952000
619,1465104337.151000,1465104337.876224,1465104342.877707,1465104342.966000
620,1465104337.151000,1465104337.886781,1465104342.887937,1465104342.973000
621,1465104337.151000,1465104337.850028,1465104342.851738,1465104342.931000
622,1465104337.151000,1465104337.820934,1465104342.823105,1465104342.898000
623,1465104337.151000,1465104337.862325,1465104342.863957,1465104342.952000
624,1465104337.151000,1465104338.140480,1465104343.141772,1465104343.213000
625,1465104337.151000,1465104337.873951,1465104342.886302,1465104342.966000
626,1465104337.151000,1465104338.127775,1465104343.145368,1465104343.231000
627,1465104337.151000,1465104337.847514,1465104342.849047,1465104342.925000
628,1465104337.151000,1465104337.817789,1465104342.818992,1465104342.904000
629,1465104337.151000,1465104337.855507,1465104342.856700,1465104342.942000
630,1465104337.151000,1465104337.896942,1465104342.899452,1465104342.969000
631,1465104337.151000,1465104338.152253,1465104343.153925,1465104343.224000
632,1465104337.151000,1465104338.130783,1465104343.132246,1465104343.212000
633,1465104337.151000,1465104337.839103,1465104342.855670,1465104342.944000
634,1465104337.151000,1465104338.070137,1465104343.071366,1465104343.157000
635,1465104337.151000,1465104337.890528,1465104342.891739,1465104342.977000
636,1465104337.152000,1465104337.839815,1465104342.841619,1465104342.930000
637,1465104337.152000,1465104338.148440,1465104343.149687,1465104343.208000
638,1465104337.152000,1465104337.870374,1465104342.871651,1465104342.952000
639,1465104337.152000,1465104337.874249,1465104342.875604,1465104342.963000
640,1465104337.152000,1465104337.865870,1465104342.867034,1465104342.938000
641,1465104337.152000,1465104337.855643,1465104342.857150,1465104342.941000
642,1465104337.152000,1465104338.148983,1465104343.150214,1465104343.227000
643,1465104337.152000,1465104337.860738,1465104342.861978,1465104342.934000
644,1465104337.152000,1465104337.856862,1465104342.858166,1465104342.946000
645,1465104337.152000,1465104337.853068,1465104342.854510,1465104342.929000
646,1465104337.152000,1465104337.880755,1465104342.882872,1465104342.963000
647,1465104337.152000,1465104337.851366,1465104342.852658,1465104342.938000
648,1465104337.152000,1465104337.856409,1465104342.857957,1465104342.936000
649,1465104337.152000,1465104338.148736,1465104343.150567,1465104343.240000
650,1465104337.152000,1465104337.883776,1465104342.884985,1465104342.957000
651,1465104337.152000,1465104337.853501,1465104342.854762,1465104342.924000
652,1465104337.153000,1465104338.109093,1465104343.110385,1465104343.201000
653,1465104337.153000,1465104337.877315,1465104342.878599,1465104342.964000
654,1465104337.153000,1465104337.821593,1465104342.822890,1465104342.901000
655,1465104337.153000,1465104337.864073,1465104342.865445,1465104342.953000
656,1465104337.153000,1465104338.095452,1465104343.097123,1465104343.178000
657,1465104337.153000,1465104337.865267,1465104342.866484,1465104342.954000
658,1465104337.153000,1465104338.172273,1465104343.173627,1465104343.254000
659,1465104337.153000,1465104338.185306,1465104343.202118,1465104343.279000
660,1465104337.153000,1465104337.807191,1465104342.808415,1465104342.889000
661,1465104337.153000,1465104337.787835,1465104342.789100,1465104342.886000
662,1465104337.153000,1465104337.875101,1465104342.876785,1465104342.956000
663,1465104337.153000,1465104337.865569,1465104342.866789,1465104342.949000
664,1465104337.153000,1465104337.862258,1465104342.863480,1465104342.941000
665,1465104337.153000,1465104338.166413,1465104343.168132,1465104343.249000
666,1465104337.153000,1465104337.806732,1465104342.807984,1465104342.878000
667,1465104337.153000,1465104337.832868,1465104342.834156,1465104342.913000
668,1465104337.153000,1465104337.847642,1465104342.848817,1465104342.937000
669,1465104337.153000,1465104337.944672,1465104342.945893,1465104343.024000
670,1465104337.153000,1465104337.898698,1465104342.900120,1465104342.975000
671,1465104337.153000,1465104338.191992,1465104343.193286,1465104343.265000
672,1465104337.153000,1465104337.862103,1465104342.863401,1465104342.943000
673,1465104337.153000,1465104337.872014,1465104342.873740,1465104342.953000
674,1465104337.153000,1465104337.897678,1465104342.898845,1465104342.973000
675,1465104337.153000,1465104337.862160,1465104342.863792,1465104342.939000
676,1465104337.153000,1465104338.197254,1465104343.198556,1465104343.273000
677,1465104337.154000,1465104337.883923,1465104342.885178,1465104342.973000
678,1465104337.154000,1465104337.867631,1465104342.869178,1465104342.939000
679,1465104337.154000,1465104337.852121,1465104342.853526,1465104342.925000
680,1465104337.154000,1465104337.877374,1465104342.878543,1465104342.961000
681,1465104337.154000,1465104338.118023,1465104343.119247,1465104343.199000
682,1465104337.154000,1465104337.848274,1465104342.859026,1465104342.938000
683,1465104337.154000,1465104337.883505,1465104342.885179,1465104342.957000
684,1465104337.154000,1465104339.618737,1465104344.619972,1465104344.707000
685,1465104337.154000,1465104337.866877,1465104342.868388,1465104342.938000
686,1465104337.154000,1465104338.196997,1465104343.198179,1465104343.275000
687,1465104337.154000,1465104337.875596,1465104342.876838,1465104342.973000
688,1465104337.154000,1465104337.867902,1465104342.869179,1465104342.957000
689,1465104337.154000,1465104337.870442,1465104342.871695,1465104342.960000
690,1465104337.154000,1465104337.837055,1465104342.838271,1465104342.937000
691,1465104337.154000,1465104337.861653,1465104342.862850,1465104342.945000
692,1465104337.154000,1465104337.860902,1465104342.862224,1465104342.932000
693,1465104337.154000,1465104337.818825,1465104342.820062,1465104342.890000
694,1465104337.154000,1465104337.826955,1465104342.828172,1465104342.902000
695,1465104337.154000,1465104337.868600,1465104342.870295,1465104342.946000
696,1465104337.154000,1465104338.179855,1465104343.181250,1465104343.261000
697,1465104337.154000,1465104338.092351,1465104343.093592,1465104343.165000
698,1465104337.154000,1465104338.192992,1465104343.194167,1465104343.271000
699,1465104337.154000,1465104338.211481,1465104343.213012,1465104343.293000
700,1465104337.154000,1465104337.894264,1465104342.895491,1465104342.973000
701,1465104337.154000,1465104337.854945,1465104342.856169,1465104342.954000
702,1465104337.154000,1465104337.845016,1465104342.846206,1465104342.931000
703,1465104337.155000,1465104337.839667,1465104342.840826,1465104342.939000
704,1465104337.155000,1465104337.854291,1465104342.855524,1465104342.954000
705,1465104337.155000,1465104337.888061,1465104342.889372,1465104342.974000
706,1465104337.155000,1465104337.855648,1465104342.856900,1465104342.960000
707,1465104337.155000,1465104337.868805,1465104342.870177,1465104342.956000
708,1465104337.155000,1465104338.137655,1465104343.138971,1465104343.235000
709,1465104337.155000,1465104337.781254,1465104342.782539,1465104342.863000
710,1465104337.155000,1465104337.755317,1465104342.771018,1465104342.857000
711,1465104337.155000,1465104338.183487,1465104343.184720,1465104343.262000
712,1465104337.155000,1465104337.870540,1465104342.871827,1465104342.952000
713,1465104337.155000,1465104337.842192,1465104342.843299,1465104342.932000
714,1465104337.155000,1465104337.875626,1465104342.877444,1465104342.965000
715,1465104337.155000,1465104337.864682,1465104342.865885,1465104342.964000
716,1465104337.155000,1465104339.658640,1465104344.659870,1465104344.739000
717,1465104337.155000,1465104337.859831,1465104342.861034,1465104342.938000
718,1465104337.155000,1465104337.828088,1465104342.829422,1465104342.907000
719,1465104337.155000,1465104337.885105,1465104342.886347,1465104342.955000
720,1465104337.155000,1465104337.832687,1465104342.833984,1465104342.920000
721,1465104337.155000,1465104337.908342,1465104342.909815,1465104343.007000
722,1465104337.155000,1465104338.158294,1465104343.159494,1465104343.249000
723,1465104337.155000,1465104337.873718,1465104342.875027,1465104342.946000
724,1465104337.155000,1465104337.851965,1465104342.853264,1465104342.931000
725,1465104337.155000,1465104337.878459,1465104342.879779,1465104342.983000
726,1465104337.155000,1465104337.860343,1465104342.861596,1465104342.935000
727,1465104337.155000,1465104337.855319,1465104342.857100,1465104342.935000
728,1465104337.155000,1465104337.878990,1465104342.880321,1465104342.965000
729,1465104337.155000,1465104337.816897,1465104342.818217,1465104342.899000
730,1465104337.156000,1465104337.849161,1465104342.850357,1465104342.949000
731,1465104337.156000,1465104338.119280,1465104343.120454,1465104343.203000
732,1465104337.156000,1465104337.849645,1465104342.851093,1465104342.931000
733,1465104337.156000,1465104337.891819,1465104342.893094,1465104342.974000
734,1465104337.156000,1465104337.862389,1465104342.863745,1465104342.948000
735,1465104337.158000,1465104337.895456,1465104342.896716,1465104342.976000
736,1465104337.165000,1465104337.834218,1465104342.835905,1465104342.916000
737,1465104337.175000,1465104338.162014,1465104343.163775,1465104343.243000
738,1465104337.188000,1465104337.864003,1465104342.865300,1465104342.950000
739,1465104337.210000,1465104337.873958,1465104342.876726,1465104342.956000
740,1465104337.213000,1465104337.872094,1465104342.874599,1465104342.955000
741,1465104337.214000,1465104337.881299,1465104342.886890,1465104342.967000
742,1465104337.215000,1465104337.880188,1465104342.881854,1465104342.971000
743,1465104337.215000,1465104337.924265,1465104342.925495,1465104343.007000
744,1465104337.215000,1465104337.946601,1465104342.947986,1465104343.027000
745,1465104337.215000,1465104337.881268,1465104342.882493,1465104342.967000
746,1465104337.215000,1465104338.011471,1465104343.012702,1465104343.098000
747,1465104337.215000,1465104337.944378,1465104342.945714,1465104343.031000
748,1465104337.215000,1465104337.885595,1465104342.887176,1465104342.966000
749,1465104337.215000,1465104338.294946,1465104343.296570,1465104343.378000
750,1465104337.215000,1465104337.979318,1465104342.983541,1465104343.087000
751,1465104337.215000,1465104337.995164,1465104342.996833,1465104343.078000
752,1465104337.215000,1465104337.874301,1465104342.875586,1465104342.960000
753,1465104337.215000,1465104337.924255,1465104342.925941,1465104343.006000
754,1465104337.215000,1465104337.892736,1465104342.893952,1465104342.974000
755,1465104337.215000,1465104337.890741,1465104342.891916,1465104342.974000
756,1465104337.215000,1465104338.021401,1465104343.022586,1465104343.107000
757,1465104337.215000,1465104338.020010,1465104343.021324,1465104343.108000
758,1465104337.215000,1465104338.003496,1465104343.004697,1465104343.090000
759,1465104337.215000,1465104337.924900,1465104342.926139,1465104343.012000
760,1465104337.215000,1465104337.952243,1465104342.954170,1465104343.033000
761,1465104337.215000,1465104337.886160,1465104342.887886,1465104342.961000
762,1465104337.215000,1465104337.839588,1465104342.850303,1465104342.930000
763,1465104337.216000,1465104337.986199,1465104342.987373,1465104343.072000
764,1465104337.215000,1465104338.021746,1465104343.022939,1465104343.094000
765,1465104337.215000,1465104338.323599,1465104343.324770,1465104343.402000
766,1465104337.217000,1465104338.018441,1465104343.019668,1465104343.104000
767,1465104337.215000,1465104337.959556,1465104342.960784,1465104343.043000
768,1465104337.216000,1465104338.239836,1465104343.241066,1465104343.331000
769,1465104337.216000,1465104338.000274,1465104343.001592,1465104343.085000
770,1465104337.216000,1465104337.948723,1465104342.950237,1465104343.035000
771,1465104337.217000,1465104337.997117,1465104342.998707,1465104343.074000
772,1465104337.216000,1465104337.994436,1465104342.995755,1465104343.081000
773,1465104337.216000,1465104338.344709,1465104343.346450,1465104343.424000
774,1465104337.217000,1465104338.328176,1465104343.329479,1465104343.410000
775,1465104337.216000,1465104337.964027,1465104342.965171,1465104343.063000
776,1465104337.216000,1465104338.011960,1465104343.013281,1465104343.100000
777,1465104337.216000,1465104337.978931,1465104342.983887,1465104343.088000
778,1465104337.216000,1465104338.034021,1465104343.035220,1465104343.121000
779,1465104337.216000,1465104337.895554,1465104342.896729,1465104342.985000
780,1465104337.216000,1465104338.024060,1465104343.025333,1465104343.100000
781,1465104337.216000,0.000000,0.000000,0.000000
782,1465104337.216000,1465104337.975903,1465104342.977444,1465104343.057000
783,1465104337.216000,1465104338.014917,1465104343.016252,1465104343.105000
784,1465104337.216000,1465104338.046943,1465104343.048156,1465104343.118000
785,1465104337.217000,1465104337.955638,1465104342.956878,1465104343.045000
786,1465104337.217000,1465104338.000936,1465104343.002190,1465104343.105000
787,1465104337.217000,1465104337.948393,1465104342.950311,1465104343.036000
788,1465104337.218000,1465104338.323465,1465104343.324655,1465104343.412000
789,1465104337.218000,1465104337.975138,1465104342.976334,1465104343.074000
790,1465104337.217000,1465104338.025610,1465104343.026969,1465104343.117000
791,1465104337.217000,1465104337.941844,1465104342.943340,1465104343.032000
792,1465104337.218000,1465104337.940855,1465104342.942022,1465104343.040000
793,1465104337.218000,0.000000,0.000000,0.000000
794,1465104337.218000,1465104338.003712,1465104343.005298,1465104343.080000
795,1465104337.217000,1465104338.041516,1465104343.042827,1465104343.132000
796,1465104337.217000,1465104338.027871,1465104343.029093,1465104343.115000
797,1465104337.217000,1465104338.261680,1465104343.263106,1465104343.350000
798,1465104337.217000,1465104338.067216,1465104343.068399,1465104343.138000
799,1465104337.217000,1465104338.035245,1465104343.036647,1465104343.116000
800,1465104337.217000,1465104337.994577,1465104342.995738,1465104343.081000
801,1465104337.217000,1465104338.307275,1465104343.308634,1465104343.368000
802,1465104337.217000,1465104337.985825,1465104342.987134,1465104343.061000
803,1465104337.217000,1465104338.014733,1465104343.023271,1465104343.097000
804,1465104337.218000,1465104338.281297,1465104343.282527,1465104343.363000
805,1465104337.218000,1465104337.866955,1465104342.868117,1465104342.942000
806,1465104337.218000,1465104337.995931,1465104342.997231,1465104343.076000
807,1465104337.218000,1465104338.287143,1465104343.288856,1465104343.369000
808,1465104337.218000,1465104338.011767,1465104343.013138,1465104343.085000
809,1465104337.217000,1465104337.895815,1465104342.897007,1465104342.986000
810,1465104337.217000,1465104338.301702,1465104343.303084,1465104343.390000
811,1465104337.218000,1465104338.013967,1465104343.015143,1465104343.087000
812,1465104337.217000,1465104337.982250,1465104342.993881,1465104343.079000
813,1465104337.218000,1465104338.035031,1465104343.036595,1465104343.116000
814,1465104337.218000,1465104338.018015,1465104343.019196,1465104343.091000
815,1465104337.218000,1465104337.960460,1465104342.961747,1465104343.049000
816,1465104337.218000,1465104337.868932,1465104342.870562,1465104342.959000
817,1465104337.218000,1465104337.962709,1465104342.964336,1465104343.039000
818,1465104337.218000,1465104338.328368,1465104343.329548,1465104343.406000
819,1465104337.218000,1465104338.271882,1465104343.273166,1465104343.344000
820,1465104337.218000,1465104337.900377,1465104342.901641,1465104342.984000
821,1465104337.218000,1465104337.998572,1465104342.999832,1465104343.088000
822,1465104337.218000,1465104338.314711,1465104343.316026,1465104343.390000
823,1465104337.218000,1465104337.952493,1465104342.966167,1465104343.046000
824,1465104337.218000,1465104338.023518,1465104343.024978,1465104343.112000
825,1465104337.218000,1465104337.983842,1465104342.985361,1465104343.076000
826,1465104337.218000,1465104337.988353,1465104342.989562,1465104343.068000
827,1465104337.218000,1465104337.991887,1465104342.993415,1465104343.097000
828,1465104337.219000,1465104337.979078,1465104342.980305,1465104343.051000
829,1465104337.218000,0.000000,0.000000,0.000000
830,1465104337.218000,1465104338.026644,1465104343.027875,1465104343.115000
831,1465104337.220000,1465104338.000099,1465104343.001369,1465104343.081000
832,1465104337.220000,1465104338.035047,1465104343.036569,1465104343.116000
833,1465104337.219000,1465104337.968139,1465104342.969325,1465104343.043000
834,1465104337.221000,1465104338.332873,1465104343.334071,1465104343.412000
835,1465104337.219000,1465104338.038190,1465104343.039444,1465104343.124000
836,1465104337.219000,1465104338.298306,1465104343.299589,1465104343.377000
837,1465104337.222000,1465104338.028297,1465104343.029678,1465104343.108000
838,1465104337.220000,1465104338.264976,1465104343.274863,1465104343.352000
839,1465104337.220000,1465104338.044153,1465104343.045922,1465104343.125000
840,1465104337.219000,1465104338.041723,1465104343.042892,1465104343.115000
841,1465104337.219000,1465104337.984479,1465104342.985913,1465104343.083000
842,1465104337.219000,1465104337.960977,1465104342.962207,1465104343.051000
843,1465104337.219000,1465104337.985705,1465104342.986951,1465104343.067000
844,1465104337.220000,1465104338.260246,1465104343.261527,1465104343.342000
845,1465104337.221000,1465104338.045929,1465104343.047246,1465104343.128000
846,1465104337.223000,1465104337.954931,1465104342.956472,1465104343.046000
847,1465104337.220000,1465104338.023173,1465104343.024384,1465104343.109000
848,1465104337.221000,1465104338.018902,1465104343.020474,1465104343.096000
849,1465104337.219000,1465104338.011965,1465104343.013241,1465104343.103000
850,1465104337.222000,1465104337.994392,1465104342.995813,1465104343.080000
851,1465104337.221000,1465104338.026068,1465104343.027283,1465104343.113000
852,1465104337.220000,1465104338.360700,1465104343.362121,1465104343.431000
853,1465104337.220000,1465104338.284888,1465104343.286142,1465104343.373000
854,1465104337.220000,1465104338.317923,1465104343.319097,1465104343.406000
855,1465104337.220000,1465104337.959340,1465104342.960584,1465104343.046000
856,1465104337.222000,1465104337.936445,1465104342.937862,1465104343.012000
857,1465104337.219000,1465104337.898554,1465104342.900091,1465104342.970000
858,1465104337.220000,1465104337.996713,1465104342.998046,1465104343.079000
859,1465104337.220000,1465104337.975510,1465104342.977609,1465104343.058000
860,1465104337.220000,1465104337.992147,1465104342.993441,1465104343.073000
861,1465104337.220000,1465104337.987548,1465104342.988780,1465104343.077000
862,1465104337.220000,1465104337.970039,1465104342.971655,1465104343.052000
863,1465104337.220000,1465104337.999014,1465104343.000420,1465104343.104000
864,1465104337.220000,1465104337.951733,1465104342.953068,1465104343.027000
865,1465104337.222000,1465104338.334511,1465104343.335791,1465104343.416000
866,1465104337.220000,1465104337.996719,1465104342.997922,1465104343.076000
867,1465104337.223000,1465104338.371389,1465104343.372643,1465104343.432000
868,1465104337.221000,1465104338.250180,1465104343.254626,1465104343.334000
869,1465104337.220000,1465104337.999848,1465104343.001541,1465104343.086000
870,1465104337.221000,1465104338.293681,1465104343.294945,1465104343.375000
871,1465104337.221000,1465104338.250465,1465104343.251853,1465104343.332000
872,1465104337.222000,1465104337.899958,1465104342.901488,1465104342.977000
873,1465104337.220000,1465104337.958815,1465104342.960081,1465104343.048000
874,1465104337.222000,1465104338.043423,1465104343.045128,1465104343.125000
875,1465104337.223000,1465104338.336015,1465104343.337178,1465104343.424000
876,1465104337.221000,1465104337.994659,1465104342.995964,1465104343.100000
877,1465104337.221000,1465104338.344878,1465104343.346376,1465104343.424000
878,1465104337.220000,1465104338.033246,1465104343.034679,1465104343.116000
879,1465104337.221000,1465104337.997799,1465104342.999029,1465104343.085000
880,1465104337.220000,1465104338.298287,1465104343.299532,1465104343.380000
881,1465104337.221000,1465104338.041212,1465104343.046801,1465104343.126000
882,1465104337.223000,1465104337.963632,1465104342.966452,1465104343.047000
883,1465104337.224000,1465104338.005704,1465104343.006935,1465104343.111000
884,1465104337.221000,1465104338.322344,1465104343.323627,1465104343.401000
885,1465104337.221000,1465104338.022700,1465104343.023917,1465104343.122000
886,1465104337.221000,1465104337.927025,1465104342.928348,1465104343.002000
887,1465104337.221000,1465104338.042170,1465104343.043507,1465104343.123000
888,1465104337.223000,1465104338.010331,1465104343.011664,1465104343.095000
889,1465104337.221000,1465104338.019933,1465104343.021360,1465104343.118000
890,1465104337.222000,1465104337.950729,1465104342.951875,1465104343.050000
891,1465104337.222000,1465104338.031206,1465104343.032430,1465104343.117000
892,1465104337.222000,1465104337.945555,1465104342.946812,1465104343.050000
893,1465104337.221000,1465104338.313640,1465104343.314828,1465104343.402000
894,1465104337.221000,1465104337.927277,1465104342.928723,1465104343.025000
895,1465104337.223000,1465104338.304248,1465104343.310338,1465104343.391000
896,1465104337.222000,1465104338.036863,1465104343.038130,1465104343.117000
897,1465104337.222000,1465104338.021169,1465104343.022450,1465104343.100000
898,1465104337.224000,1465104338.028680,1465104343.029954,1465104343.112000
899,1465104337.224000,1465104338.031215,1465104343.032485,1465104343.118000
900,1465104337.222000,1465104338.326993,1465104343.328488,1465104343.409000
901,1465104337.222000,1465104338.026793,1465104343.028191,1465104343.114000
902,1465104337.222000,1465104338.026175,1465104343.027885,1465104343.103000
903,1465104337.222000,1465104338.025493,1465104343.026854,1465104343.113000
904,1465104337.222000,1465104338.025568,1465104343.026840,1465104343.115000
905,1465104337.222000,0.000000,0.000000,0.000000
906,1465104337.223000,1465104338.041411,1465104343.043023,1465104343.122000
907,1465104337.222000,1465104338.279775,1465104343.281032,1465104343.368000
908,1465104337.223000,1465104337.936748,1465104342.937940,1465104343.012000
909,1465104337.223000,1465104338.016519,1465104343.017806,1465104343.103000
910,1465104337.222000,1465104338.001510,1465104343.002658,1465104343.089000
911,1465104337.223000,1465104338.013652,1465104343.014805,1465104343.097000
912,1465104337.223000,1465104337.866914,1465104342.868205,1465104342.957000
913,1465104337.222000,1465104338.054364,1465104343.055654,1465104343.143000
914,1465104337.223000,0.000000,0.000000,0.000000
915,1465104337.223000,1465104338.006746,1465104343.008023,1465104343.086000
916,1465104337.223000,1465104337.992845,1465104342.994381,1465104343.083000
917,1465104337.222000,1465104338.032004,1465104343.033431,1465104343.122000
918,1465104337.225000,1465104337.996440,1465104342.997576,1465104343.095000
919,1465104337.222000,1465104337.940542,1465104342.941889,1465104343.027000
920,1465104337.224000,1465104338.015960,1465104343.017227,1465104343.102000
921,1465104337.225000,1465104338.037344,1465104343.054597,1465104343.144000
922,1465104337.222000,1465104338.284346,1465104343.285846,1465104343.366000
923,1465104337.223000,1465104337.872439,1465104342.887249,1465104342.984000
924,1465104337.223000,1465104338.015211,1465104343.016826,1465104343.097000
925,1465104337.222000,1465104337.983733,1465104342.985121,1465104343.071000
926,1465104337.222000,1465104338.004636,1465104343.005909,1465104343.094000
927,1465104337.222000,1465104338.344531,1465104343.345787,1465104343.404000
928,1465104337.226000,1465104337.975900,1465104342.977069,1465104343.051000
929,1465104337.222000,1465104338.249375,1465104343.250596,1465104343.336000
930,1465104337.222000,1465104337.915749,1465104342.916926,1465104342.994000
931,1465104337.223000,1465104337.982333,1465104342.983608,1465104343.057000
932,1465104337.222000,1465104337.959066,1465104342.960363,1465104343.038000
933,1465104337.223000,1465104338.260635,1465104343.262075,1465104343.332000
934,1465104337.223000,1465104338.258133,1465104343.259353,1465104343.338000
935,1465104337.224000,1465104338.014329,1465104343.016290,1465104343.091000
936,1465104337.226000,1465104338.004749,1465104343.005891,1465104343.104000
937,1465104337.225000,0.000000,0.000000,0.000000
938,1465104337.223000,1465104337.972246,1465104342.973655,1465104343.054000
939,1465104337.223000,1465104338.037247,1465104343.038954,1465104343.128000
940,1465104337.223000,1465104338.001350,1465104343.002644,1465104343.088000
941,1465104337.225000,1465104338.026654,1465104343.027874,1465104343.118000
942,1465104337.223000,1465104338.265165,1465104343.266397,1465104343.338000
943,1465104337.223000,1465104338.044415,1465104343.045699,1465104343.105000
944,1465104337.223000,1465104337.993369,1465104342.994816,1465104343.098000
945,1465104337.223000,1465104338.046069,1465104343.047312,1465104343.125000
946,1465104337.223000,1465104338.031164,1465104343.032581,1465104343.117000
947,1465104337.226000,1465104337.896050,1465104342.897293,1465104342.971000
948,1465104337.223000,1465104338.003639,1465104343.004856,1465104343.076000
949,1465104337.223000,1465104338.039643,1465104343.041074,1465104343.124000
950,1465104337.224000,1465104338.042111,1465104343.043684,1465104343.123000
951,1465104337.223000,1465104338.020019,1465104343.021380,1465104343.095000
952,1465104337.223000,1465104337.974715,1465104342.976025,1465104343.062000
953,1465104337.223000,1465104338.017005,1465104343.018153,1465104343.117000
954,1465104337.223000,1465104338.044352,1465104343.058170,1465104343.133000
955,1465104337.223000,1465104338.029972,1465104343.031932,1465104343.102000
956,1465104337.223000,1465104338.036456,1465104343.037616,1465104343.111000
957,1465104337.223000,1465104338.278114,1465104343.279352,1465104343.356000
958,1465104337.224000,1465104337.956911,1465104342.958267,1465104343.037000
959,1465104337.225000,1465104338.040296,1465104343.041812,1465104343.127000
960,1465104337.224000,1465104338.046107,1465104343.047455,1465104343.126000
961,1465104337.225000,0.000000,0.000000,0.000000
962,1465104337.223000,1465104338.058308,1465104343.059526,1465104343.129000
963,1465104337.225000,1465104338.011948,1465104343.013176,1465104343.083000
964,1465104337.224000,1465104338.037394,1465104343.038588,1465104343.123000
965,1465104337.224000,1465104338.038974,1465104343.040364,1465104343.123000
966,1465104337.224000,1465104338.009791,1465104343.011057,1465104343.091000
967,1465104337.226000,1465104337.992819,1465104342.994033,1465104343.065000
968,1465104337.226000,1465104338.322074,1465104343.323331,1465104343.394000
969,1465104337.224000,1465104338.041443,1465104343.042956,1465104343.122000
970,1465104337.224000,1465104338.041331,1465104343.045795,1465104343.131000
971,1465104337.225000,1465104338.046270,1465104343.047756,1465104343.118000
972,1465104337.224000,1465104337.994266,1465104342.995426,1465104343.093000
973,1465104337.224000,0.000000,0.000000,0.000000
974,1465104337.225000,1465104338.050169,1465104343.051644,1465104343.126000
975,1465104337.224000,1465104338.011614,1465104343.012907,1465104343.095000
976,1465104337.224000,1465104338.326254,1465104343.327544,1465104343.386000
977,1465104337.226000,1465104338.295622,1465104343.297069,1465104343.377000
978,1465104337.226000,1465104338.038029,1465104343.039251,1465104343.117000
979,1465104337.224000,1465104338.336483,1465104343.337645,1465104343.415000
980,1465104337.224000,1465104338.039565,1465104343.040812,1465104343.121000
981,1465104337.225000,1465104337.987853,1465104342.989070,1465104343.058000
982,1465104337.224000,1465104338.023824,1465104343.025069,1465104343.111000
983,1465104337.224000,1465104338.019173,1465104343.020333,1465104343.106000
984,1465104337.224000,1465104338.007712,1465104343.008945,1465104343.088000
985,1465104337.224000,1465104338.029378,1465104343.030765,1465104343.106000
986,1465104337.224000,1465104337.993012,1465104342.994284,1465104343.082000
987,1465104337.226000,1465104338.019279,1465104343.020550,1465104343.101000
988,1465104337.225000,1465104337.897705,1465104342.903289,1465104342.972000
989,1465104337.225000,1465104338.319830,1465104343.321060,1465104343.401000
990,1465104337.225000,1465104338.032754,1465104343.034392,1465104343.115000
991,1465104337.227000,1465104338.032859,1465104343.034074,1465104343.118000
992,1465104337.227000,1465104338.277766,1465104343.279074,1465104343.377000
993,1465104337.228000,1465104337.997334,1465104342.998564,1465104343.084000
994,1465104337.225000,1465104338.030352,1465104343.031747,1465104343.103000
995,1465104337.227000,1465104338.338528,1465104343.340142,1465104343.421000
996,1465104337.225000,1465104338.012561,1465104343.013819,1465104343.092000
997,1465104337.225000,0.000000,0.000000,0.000000
998,1465104337.225000,1465104338.011581,1465104343.013189,1465104343.093000
999,1465104337.226000,1465104338.307435,1465104343.308681,1465104343.389000
