0,1465103969.641000,1465103970.316260,1465103975.317671,1465103975.385000
1,1465103969.641000,1465103970.315674,1465103975.316939,1465103975.402000
2,1465103969.641000,1465103970.372798,1465103975.375533,1465103975.455000
3,1465103969.641000,1465103970.347562,1465103975.348797,1465103975.435000
4,1465103969.641000,1465103970.266770,1465103975.268288,1465103975.346000
5,1465103969.641000,1465103970.258884,1465103975.260548,1465103975.351000
6,1465103969.641000,1465103970.310817,1465103975.312131,1465103975.393000
7,1465103969.641000,1465103970.243547,1465103975.245022,1465103975.322000
8,1465103969.641000,1465103970.336596,1465103975.337875,1465103975.404000
9,1465103969.641000,1465103970.323024,1465103975.324430,1465103975.400000
10,1465103969.641000,1465103970.253402,1465103975.254988,1465103975.348000
11,1465103969.641000,1465103970.358744,1465103975.360146,1465103975.441000
12,1465103969.641000,1465103970.274384,1465103975.275945,1465103975.357000
13,1465103969.641000,1465103970.392126,1465103975.393358,1465103975.463000
14,1465103969.641000,1465103970.323738,1465103975.325016,1465103975.391000
15,1465103969.641000,1465103970.351487,1465103975.352671,1465103975.419000
16,1465103969.641000,1465103970.247245,1465103975.248474,1465103975.354000
17,1465103969.642000,1465103970.331229,1465103975.332854,1465103975.412000
18,1465103969.642000,1465103970.388768,1465103975.390000,1465103975.467000
19,1465103969.642000,1465103970.237107,1465103975.238663,1465103975.345000
20,1465103969.642000,1465103970.340858,1465103975.347182,1465103975.426000
21,1465103969.642000,1465103970.277890,1465103975.279086,1465103975.385000
22,1465103969.642000,1465103970.380756,1465103975.381962,1465103975.460000
23,1465103969.643000,1465103970.305144,1465103975.306721,1465103975.383000
24,1465103969.642000,1465103970.325619,1465103975.327148,1465103975.414000
25,1465103969.643000,1465103970.270133,1465103975.271607,1465103975.360000
26,1465103969.643000,1465103970.348802,1465103975.350009,1465103975.430000
27,1465103969.643000,1465103970.348132,1465103975.349425,1465103975.436000
28,1465103969.643000,1465103970.299203,1465103975.300644,1465103975.391000
29,1465103969.643000,1465103970.302676,1465103975.304552,1465103975.391000
30,1465103969.643000,1465103970.368828,1465103975.375330,1465103975.481000
31,1465103969.644000,1465103970.327132,1465103975.328494,1465103975.395000
32,1465103969.644000,1465103970.343395,1465103975.344730,1465103975.420000
33,1465103969.644000,1465103970.312078,1465103975.313367,1465103975.390000
34,1465103969.644000,1465103970.300501,1465103975.302143,1465103975.406000
35,1465103969.644000,1465103970.627712,1465103975.628981,1465103975.724000
36,1465103969.645000,1465103970.275269,1465103975.276584,1465103975.369000
37,1465103969.645000,1465103970.326985,1465103975.328188,1465103975.422000
38,1465103969.647000,1465103970.326525,1465103975.327722,1465103975.420000
39,1465103969.647000,1465103970.599951,1465103975.601644,1465103975.683000
40,1465103969.647000,1465103970.285591,1465103975.287217,1465103975.366000
41,1465103969.648000,1465103970.615765,1465103975.617102,1465103975.690000
42,1465103969.648000,1465103970.363631,1465103975.364923,1465103975.444000
43,1465103969.648000,1465103972.101321,1465103977.114777,1465103977.192000
44,1465103969.648000,1465103970.299374,1465103975.300562,1465103975.406000
45,1465103969.648000,1465103970.295804,1465103975.297101,1465103975.377000
46,1465103969.648000,1465103970.388099,1465103975.389367,1465103975.459000
47,1465103969.648000,1465103970.307474,1465103975.308669,1465103975.401000
48,1465103969.648000,1465103970.348343,1465103975.350072,1465103975.417000
49,1465103969.648000,1465103970.408859,1465103975.410112,1465103975.480000
50,1465103969.648000,1465103970.403266,1465103975.404936,1465103975.483000
51,1465103969.648000,1465103970.416200,1465103975.417523,1465103975.499000
52,1465103969.648000,1465103970.321442,1465103975.323016,1465103975.403000
53,1465103969.648000,1465103970.291648,1465103975.292973,1465103975.373000
54,1465103969.648000,1465103970.396136,1465103975.397574,1465103975.475000
55,1465103969.648000,1465103970.577699,1465103975.579167,1465103975.658000
56,1465103969.649000,1465103970.255789,1465103975.257318,1465103975.344000
57,1465103969.651000,1465103970.339039,1465103975.340363,1465103975.428000
58,1465103969.653000,1465103970.639714,1465103975.640964,1465103975.711000
59,1465103969.651000,1465103970.374395,1465103975.375715,1465103975.443000
60,1465103969.652000,1465103970.667021,1465103975.668308,1465103975.741000
61,1465103969.654000,1465103970.355206,1465103975.357080,1465103975.434000
62,1465103969.654000,1465103972.160571,1465103977.161787,1465103977.230000
63,1465103969.656000,1465103970.335904,1465103975.337427,1465103975.424000
64,1465103969.656000,1465103970.622745,1465103975.624631,1465103975.704000
65,1465103969.656000,1465103970.332043,1465103975.333572,1465103975.392000
66,1465103969.656000,1465103970.304574,1465103975.305886,1465103975.394000
67,1465103969.656000,1465103970.349702,1465103975.350960,1465103975.446000
68,1465103969.656000,1465103972.117091,1465103977.118601,1465103977.189000
69,1465103969.656000,1465103970.322416,1465103975.323909,1465103975.403000
70,1465103969.656000,1465103970.585591,1465103975.586898,1465103975.666000
71,1465103969.656000,1465103970.315149,1465103975.316618,1465103975.412000
72,1465103969.656000,1465103970.360123,1465103975.361248,1465103975.467000
73,1465103969.656000,1465103970.667341,1465103975.668589,1465103975.749000
74,1465103969.656000,1465103970.346064,1465103975.347374,1465103975.442000
75,1465103969.656000,1465103970.406763,1465103975.408357,1465103975.475000
76,1465103969.657000,1465103970.295554,1465103975.296847,1465103975.375000
77,1465103969.657000,1465103970.352459,1465103975.353776,1465103975.432000
78,1465103969.657000,1465103970.309137,1465103975.310407,1465103975.414000
79,1465103969.657000,1465103970.570946,1465103975.572205,1465103975.658000
80,1465103969.657000,1465103970.657448,1465103975.673715,1465103975.754000
81,1465103969.657000,1465103970.270559,1465103975.271989,1465103975.367000
82,1465103969.657000,1465103970.645811,1465103975.647229,1465103975.723000
83,1465103969.657000,1465103970.327693,1465103975.328912,1465103975.396000
84,1465103969.657000,1465103970.344952,1465103975.346423,1465103975.428000
85,1465103969.657000,1465103970.374940,1465103975.376202,1465103975.457000
86,1465103969.657000,1465103970.286310,1465103975.287829,1465103975.369000
87,1465103969.657000,1465103970.699435,1465103975.700865,1465103975.780000
88,1465103969.657000,1465103970.355324,1465103975.356745,1465103975.437000
89,1465103969.657000,1465103970.314534,1465103975.316254,1465103975.383000
90,1465103969.657000,1465103970.673627,1465103975.674918,1465103975.755000
91,1465103969.657000,1465103970.338000,1465103975.339154,1465103975.433000
92,1465103969.657000,1465103970.294700,1465103975.309001,1465103975.389000
93,1465103969.657000,1465103970.567401,1465103975.568886,1465103975.655000
94,1465103969.658000,1465103970.701300,1465103975.717389,1465103975.793000
95,1465103969.658000,1465103970.587524,1465103975.588936,1465103975.665000
96,1465103969.658000,1465103970.290127,1465103975.291377,1465103975.380000
97,1465103969.658000,1465103970.578714,1465103975.579923,1465103975.660000
98,1465103969.658000,1465103972.136429,1465103977.138086,1465103977.219000
99,1465103969.658000,1465103970.650673,1465103975.651867,1465103975.739000
100,1465103969.658000,1465103972.129990,1465103977.131261,1465103977.199000
101,1465103969.658000,1465103972.112605,1465103977.114131,1465103977.196000
102,1465103969.658000,1465103970.605162,1465103975.606772,1465103975.688000
103,1465103969.658000,1465103972.096145,1465103977.097757,1465103977.177000
104,1465103969.658000,1465103970.348507,1465103975.349814,1465103975.453000
105,1465103969.658000,1465103970.368252,1465103975.369465,1465103975.458000
106,1465103969.658000,1465103970.397138,1465103975.398426,1465103975.475000
107,1465103969.658000,1465103970.372357,1465103975.373614,1465103975.461000
108,1465103969.658000,1465103970.606573,1465103975.607831,1465103975.687000
109,1465103969.658000,1465103970.282443,1465103975.283652,1465103975.376000
110,1465103969.658000,1465103970.396389,1465103975.397795,1465103975.483000
111,1465103969.658000,1465103970.398203,1465103975.399533,1465103975.481000
112,1465103969.658000,1465103970.396856,1465103975.401110,1465103975.482000
113,1465103969.658000,1465103970.332802,1465103975.334068,1465103975.411000
114,1465103969.658000,1465103970.336776,1465103975.338366,1465103975.424000
115,1465103969.658000,1465103970.396683,1465103975.397991,1465103975.484000
116,1465103969.660000,1465103972.120379,1465103977.129367,1465103977.197000
117,1465103969.660000,1465103970.612862,1465103975.614061,1465103975.692000
118,1465103969.661000,1465103970.606945,1465103975.608783,1465103975.688000
119,1465103969.664000,1465103970.591934,1465103975.593200,1465103975.684000
120,1465103969.666000,0.000000,0.000000,0.000000
121,1465103969.666000,1465103970.304781,1465103975.306028,1465103975.391000
122,1465103969.668000,1465103970.396901,1465103975.398141,1465103975.457000
123,1465103969.668000,1465103970.614041,1465103975.632069,1465103975.704000
124,1465103969.667000,1465103972.123707,1465103977.125359,1465103977.207000
125,1465103969.671000,1465103970.621083,1465103975.622357,1465103975.699000
126,1465103969.671000,1465103970.652678,1465103975.654168,1465103975.742000
127,1465103969.671000,1465103970.575572,1465103975.577125,1465103975.658000
128,1465103969.671000,1465103970.310901,1465103975.312142,1465103975.393000
129,1465103969.672000,1465103972.112331,1465103977.113764,1465103977.190000
130,1465103969.671000,1465103970.383799,1465103975.385005,1465103975.464000
131,1465103969.671000,1465103970.330936,1465103975.332852,1465103975.409000
132,1465103969.671000,1465103970.624158,1465103975.625431,1465103975.711000
133,1465103969.671000,1465103970.358902,1465103975.360174,1465103975.446000
134,1465103969.671000,1465103970.588973,1465103975.590350,1465103975.658000
135,1465103969.671000,1465103970.404679,1465103975.419091,1465103975.498000
136,1465103969.672000,1465103970.612646,1465103975.614244,1465103975.695000
137,1465103969.672000,1465103970.637888,1465103975.639814,1465103975.718000
138,1465103969.672000,1465103970.406942,1465103975.408547,1465103975.496000
139,1465103969.672000,1465103970.597412,1465103975.598864,1465103975.675000
140,1465103969.672000,1465103970.657939,1465103975.659196,1465103975.727000
141,1465103969.673000,0.000000,0.000000,0.000000
142,1465103969.673000,1465103970.615018,1465103975.616362,1465103975.720000
143,1465103969.673000,1465103970.673512,1465103975.674780,1465103975.742000
144,1465103969.673000,1465103970.584971,1465103975.586168,1465103975.657000
145,1465103969.673000,0.000000,0.000000,0.000000
146,1465103969.673000,1465103970.590838,1465103975.592481,1465103975.671000
147,1465103969.673000,1465103970.316808,1465103975.318588,1465103975.394000
148,1465103969.673000,1465103970.341260,1465103975.342516,1465103975.429000
149,1465103969.674000,1465103970.643750,1465103975.645200,1465103975.749000
150,1465103969.674000,1465103970.377129,1465103975.378557,1465103975.466000
151,1465103969.674000,0.000000,0.000000,0.000000
152,1465103969.674000,1465103970.610486,1465103975.611987,1465103975.688000
153,1465103969.674000,1465103970.652434,1465103975.653699,1465103975.721000
154,1465103969.675000,1465103970.377880,1465103975.386445,1465103975.473000
155,1465103969.675000,1465103970.326000,1465103975.327271,1465103975.406000
156,1465103969.675000,1465103970.316453,1465103975.317968,1465103975.406000
157,1465103969.675000,1465103970.359364,1465103975.360651,1465103975.441000
158,1465103969.675000,1465103970.392216,1465103975.393463,1465103975.472000
159,1465103969.675000,1465103970.628590,1465103975.629811,1465103975.733000
160,1465103969.675000,1465103970.599553,1465103975.600877,1465103975.686000
161,1465103969.675000,1465103970.606236,1465103975.607521,1465103975.693000
162,1465103969.675000,1465103970.356080,1465103975.357419,1465103975.424000
163,1465103969.676000,1465103970.637072,1465103975.638342,1465103975.724000
164,1465103969.676000,1465103970.402234,1465103975.415928,1465103975.503000
165,1465103969.676000,1465103970.645788,1465103975.647058,1465103975.720000
166,1465103969.676000,1465103970.349967,1465103975.357992,1465103975.439000
167,1465103969.676000,1465103970.584871,1465103975.586078,1465103975.664000
168,1465103969.677000,0.000000,0.000000,0.000000
169,1465103969.677000,0.000000,0.000000,0.000000
170,1465103969.677000,1465103970.375535,1465103975.386963,1465103975.482000
171,1465103969.677000,1465103970.385050,1465103975.386375,1465103975.472000
172,1465103969.677000,1465103970.324111,1465103975.325312,1465103975.421000
173,1465103969.677000,1465103970.361854,1465103975.363227,1465103975.422000
174,1465103969.677000,1465103970.597924,1465103975.599219,1465103975.703000
175,1465103969.677000,1465103970.383700,1465103975.384907,1465103975.462000
176,1465103969.677000,1465103970.358555,1465103975.360044,1465103975.446000
177,1465103969.677000,1465103970.670110,1465103975.671297,1465103975.749000
178,1465103969.677000,1465103970.594141,1465103975.595322,1465103975.701000
179,1465103969.677000,1465103970.400734,1465103975.403679,1465103975.482000
180,1465103969.677000,1465103970.342971,1465103975.344202,1465103975.430000
181,1465103969.677000,1465103970.672840,1465103975.674811,1465103975.756000
182,1465103969.677000,1465103970.602255,1465103975.603449,1465103975.682000
183,1465103969.677000,1465103970.607210,1465103975.608472,1465103975.693000
184,1465103969.677000,1465103970.688384,1465103975.689636,1465103975.757000
185,1465103969.677000,1465103970.394907,1465103975.396332,1465103975.463000
186,1465103969.678000,1465103970.373976,1465103975.375281,1465103975.456000
187,1465103969.678000,1465103970.684359,1465103975.697606,1465103975.774000
188,1465103969.678000,1465103970.668558,1465103975.669823,1465103975.748000
189,1465103969.678000,1465103970.662556,1465103975.664405,1465103975.740000
190,1465103969.678000,1465103970.403984,1465103975.405971,1465103975.488000
191,1465103969.678000,1465103970.342175,1465103975.343674,1465103975.419000
192,1465103969.678000,1465103970.651195,1465103975.652465,1465103975.726000
193,1465103969.678000,1465103970.340401,1465103975.351523,1465103975.442000
194,1465103969.678000,1465103970.371797,1465103975.373029,1465103975.467000
195,1465103969.678000,1465103970.360548,1465103975.361874,1465103975.443000
196,1465103969.678000,1465103970.309428,1465103975.310602,1465103975.417000
197,1465103969.678000,1465103970.648278,1465103975.657282,1465103975.733000
198,1465103969.678000,1465103970.563755,1465103975.565126,1465103975.659000
199,1465103969.678000,1465103970.651199,1465103975.652626,1465103975.759000
200,1465103969.678000,1465103970.675669,1465103975.677406,1465103975.759000
201,1465103969.678000,1465103970.352208,1465103975.353449,1465103975.432000
202,1465103969.678000,1465103970.662014,1465103975.663693,1465103975.742000
203,1465103969.678000,1465103970.587067,1465103975.588423,1465103975.692000
204,1465103969.678000,1465103970.344078,1465103975.345328,1465103975.439000
205,1465103969.678000,1465103970.620899,1465103975.622140,1465103975.701000
206,1465103969.678000,1465103970.437206,1465103975.438817,1465103975.497000
207,1465103969.678000,1465103970.700503,1465103975.701690,1465103975.779000
208,1465103969.678000,1465103970.356033,1465103975.357219,1465103975.427000
209,1465103969.678000,1465103970.664102,1465103975.665341,1465103975.769000
210,1465103969.678000,1465103970.390453,1465103975.391764,1465103975.461000
211,1465103969.678000,1465103970.410165,1465103975.411421,1465103975.470000
212,1465103969.678000,0.000000,0.000000,0.000000
213,1465103969.678000,1465103970.581576,1465103975.582780,1465103975.688000
214,1465103969.678000,1465103970.353254,1465103975.354610,1465103975.460000
215,1465103969.678000,1465103970.396562,1465103975.397981,1465103975.478000
216,1465103969.678000,1465103970.603642,1465103975.604879,1465103975.693000
217,1465103969.678000,1465103972.122217,1465103977.123830,1465103977.191000
218,1465103969.678000,1465103970.306651,1465103975.307853,1465103975.402000
219,1465103969.679000,1465103970.297802,1465103975.299161,1465103975.387000
220,1465103969.679000,1465103970.671031,1465103975.672235,1465103975.753000
221,1465103969.679000,1465103970.290621,1465103975.292312,1465103975.359000
222,1465103969.679000,1465103970.572298,1465103975.573535,1465103975.659000
223,1465103969.679000,1465103970.632575,1465103975.633881,1465103975.713000
224,1465103969.679000,1465103970.633129,1465103975.634492,1465103975.720000
225,1465103969.679000,1465103970.656861,1465103975.658371,1465103975.726000
226,1465103969.679000,0.000000,0.000000,0.000000
227,1465103969.679000,1465103970.372091,1465103975.373339,1465103975.454000
228,1465103969.679000,1465103970.364248,1465103975.370374,1465103975.451000
229,1465103969.679000,1465103970.339788,1465103975.341320,1465103975.411000
230,1465103969.679000,1465103972.119041,1465103977.120269,1465103977.197000
231,1465103969.679000,1465103970.688478,1465103975.689693,1465103975.757000
232,1465103969.679000,1465103970.387670,1465103975.389205,1465103975.457000
233,1465103969.679000,1465103970.358171,1465103975.360199,1465103975.446000
234,1465103969.679000,1465103970.691668,1465103975.692928,1465103976.120000
235,1465103969.679000,1465103970.391420,1465103975.392635,1465103975.473000
236,1465103969.679000,1465103970.629666,1465103975.631185,1465103975.707000
237,1465103969.679000,0.000000,0.000000,0.000000
238,1465103969.679000,1465103970.622285,1465103975.623897,1465103975.703000
239,1465103969.679000,1465103970.424412,1465103975.425624,1465103975.496000
240,1465103969.679000,1465103970.627900,1465103975.637496,1465103975.713000
241,1465103969.679000,1465103970.654377,1465103975.655689,1465103975.761000
242,1465103969.679000,1465103970.337096,1465103975.338376,1465103975.425000
243,1465103969.679000,1465103970.396299,1465103975.397526,1465103975.483000
244,1465103969.679000,1465103970.641041,1465103975.642691,1465103975.711000
245,1465103969.679000,1465103970.370364,1465103975.371610,1465103975.467000
246,1465103969.679000,1465103970.357156,1465103975.358788,1465103975.439000
247,1465103969.679000,1465103970.422865,1465103975.424336,1465103975.497000
248,1465103969.679000,1465103970.311355,1465103975.312863,1465103975.380000
249,1465103969.679000,1465103970.683621,1465103975.684796,1465103975.762000
250,1465103969.679000,1465103970.617943,1465103975.619195,1465103975.723000
251,1465103969.679000,1465103970.323952,1465103975.325209,1465103975.418000
252,1465103969.679000,1465103970.703602,1465103975.704804,1465103975.783000
253,1465103969.680000,1465103970.345658,1465103975.347151,1465103975.434000
254,1465103969.680000,1465103970.661764,1465103975.662939,1465103975.731000
255,1465103969.680000,1465103970.630758,1465103975.632125,1465103975.706000
256,1465103969.680000,1465103970.346423,1465103975.347586,1465103975.454000
257,1465103969.680000,1465103970.373684,1465103975.379100,1465103975.458000
258,1465103969.680000,1465103970.693169,1465103975.694401,1465103975.790000
259,1465103969.680000,1465103970.398075,1465103975.400898,1465103975.481000
260,1465103969.680000,1465103970.391274,1465103975.392899,1465103975.473000
261,1465103969.680000,1465103970.414360,1465103975.415632,1465103975.489000
262,1465103969.680000,1465103970.406337,1465103975.407646,1465103975.477000
263,1465103969.680000,1465103970.393179,1465103975.394881,1465103975.475000
264,1465103969.680000,1465103970.397085,1465103975.398330,1465103975.466000
265,1465103969.680000,1465103970.611946,1465103975.613227,1465103975.705000
266,1465103969.680000,1465103970.398909,1465103975.400090,1465103975.485000
267,1465103969.680000,1465103970.402531,1465103975.404475,1465103975.482000
268,1465103969.680000,1465103970.407091,1465103975.408193,1465103975.489000
269,1465103969.680000,1465103972.132622,1465103977.133898,1465103977.211000
270,1465103969.680000,1465103970.364929,1465103975.366213,1465103975.425000
271,1465103969.680000,1465103970.646841,1465103975.648161,1465103975.752000
272,1465103969.680000,1465103970.400994,1465103975.402365,1465103975.482000
273,1465103969.680000,1465103970.565787,1465103975.566891,1465103975.661000
274,1465103969.680000,1465103970.310819,1465103975.312448,1465103975.391000
275,1465103969.680000,1465103970.387079,1465103975.388404,1465103975.467000
276,1465103969.680000,1465103970.657865,1465103975.659135,1465103975.745000
277,1465103969.680000,1465103970.339504,1465103975.341093,1465103975.427000
278,1465103969.680000,1465103970.381699,1465103975.383069,1465103975.462000
279,1465103969.680000,1465103970.370523,1465103975.371933,1465103975.452000
280,1465103969.681000,1465103970.377979,1465103975.392139,1465103975.477000
281,1465103969.682000,1465103970.660347,1465103975.661729,1465103975.742000
282,1465103969.682000,1465103970.673025,1465103975.674196,1465103975.745000
283,1465103969.684000,1465103970.405109,1465103975.406427,1465103975.487000
284,1465103969.692000,1465103970.634493,1465103975.635749,1465103975.713000
285,1465103969.707000,1465103970.399553,1465103975.400773,1465103975.470000
286,1465103969.709000,1465103970.398986,1465103975.412378,1465103975.486000
287,1465103969.709000,1465103970.657092,1465103975.659373,1465103975.739000
288,1465103969.709000,1465103970.394308,1465103975.395633,1465103975.475000
289,1465103969.709000,1465103970.666244,1465103975.667818,1465103975.749000
290,1465103969.709000,1465103970.609098,1465103975.610270,1465103975.705000
291,1465103969.709000,1465103970.360593,1465103975.362377,1465103975.457000
292,1465103969.709000,1465103970.386772,1465103975.388005,1465103975.476000
293,1465103969.709000,1465103970.379948,1465103975.381183,1465103975.468000
294,1465103969.709000,1465103970.387643,1465103975.391556,1465103975.457000
295,1465103969.709000,1465103970.422098,1465103975.423341,1465103975.502000
296,1465103969.709000,1465103970.369541,1465103975.371063,1465103975.458000
297,1465103969.709000,1465103970.368042,1465103975.371467,1465103975.458000
298,1465103969.709000,1465103970.352131,1465103975.353334,1465103975.439000
299,1465103969.710000,1465103970.386602,1465103975.388266,1465103975.464000
300,1465103969.710000,1465103970.379994,1465103975.381603,1465103975.476000
301,1465103969.711000,1465103970.396069,1465103975.397331,1465103975.464000
302,1465103969.711000,1465103970.656724,1465103975.657900,1465103975.764000
303,1465103969.711000,1465103970.392610,1465103975.395092,1465103975.480000
304,1465103969.711000,1465103970.636750,1465103975.638066,1465103975.718000
305,1465103969.711000,1465103970.671986,1465103975.673247,1465103975.750000
306,1465103969.711000,1465103970.407307,1465103975.408528,1465103975.496000
307,1465103969.711000,1465103970.372716,1465103975.373972,1465103975.461000
308,1465103969.711000,1465103970.337415,1465103975.338716,1465103975.418000
309,1465103969.712000,1465103970.373885,1465103975.390345,1465103975.457000
310,1465103969.712000,1465103970.392586,1465103975.395015,1465103975.480000
311,1465103969.712000,1465103970.333991,1465103975.335181,1465103975.441000
312,1465103969.712000,1465103970.391170,1465103975.392674,1465103975.460000
313,1465103969.712000,1465103970.417545,1465103975.418900,1465103975.499000
314,1465103969.712000,1465103970.634987,1465103975.640311,1465103975.716000
315,1465103969.712000,1465103970.404349,1465103975.406050,1465103975.494000
316,1465103969.712000,1465103970.673238,1465103975.674815,1465103975.756000
317,1465103969.712000,1465103970.378607,1465103975.382464,1465103975.477000
318,1465103969.712000,1465103970.375004,1465103975.377558,1465103975.458000
319,1465103969.713000,1465103970.392381,1465103975.393657,1465103975.452000
320,1465103969.713000,1465103970.615954,1465103975.617283,1465103975.697000
321,1465103969.714000,1465103970.604855,1465103975.614919,1465103975.694000
322,1465103969.714000,1465103970.731231,1465103975.732547,1465103975.801000
323,1465103969.714000,1465103970.380305,1465103975.382892,1465103975.468000
324,1465103969.714000,1465103970.390315,1465103975.391970,1465103975.468000
325,1465103969.714000,1465103970.392314,1465103975.393554,1465103975.470000
326,1465103969.714000,1465103970.355294,1465103975.356626,1465103975.437000
327,1465103969.714000,1465103970.661539,1465103975.663030,1465103975.766000
328,1465103969.714000,1465103970.367069,1465103975.368437,1465103975.449000
329,1465103969.714000,1465103970.401066,1465103975.402495,1465103975.488000
330,1465103969.715000,1465103970.347802,1465103975.348944,1465103975.443000
331,1465103969.715000,1465103970.649454,1465103975.650658,1465103975.728000
332,1465103969.715000,1465103970.385197,1465103975.389507,1465103975.470000
333,1465103969.715000,1465103970.656677,1465103975.658820,1465103975.739000
334,1465103969.715000,1465103970.399908,1465103975.401061,1465103975.468000
335,1465103969.715000,1465103970.682476,1465103975.683714,1465103975.753000
336,1465103969.715000,1465103970.376600,1465103975.378267,1465103975.457000
337,1465103969.715000,1465103970.401544,1465103975.402894,1465103975.471000
338,1465103969.715000,1465103970.367702,1465103975.375579,1465103975.463000
339,1465103969.715000,1465103970.395591,1465103975.411874,1465103975.499000
340,1465103969.715000,1465103970.675442,1465103975.676605,1465103975.754000
341,1465103969.716000,1465103970.697362,1465103975.698666,1465103975.784000
342,1465103969.716000,1465103970.400956,1465103975.403554,1465103975.471000
343,1465103969.716000,1465103970.609890,1465103975.611252,1465103975.684000
344,1465103969.716000,1465103970.387796,1465103975.389518,1465103975.455000
345,1465103969.716000,0.000000,0.000000,0.000000
346,1465103969.716000,1465103970.641231,1465103975.644082,1465103975.730000
347,1465103969.717000,1465103970.386681,1465103975.387921,1465103975.475000
348,1465103969.717000,1465103970.641091,1465103975.642296,1465103975.719000
349,1465103969.718000,1465103970.372546,1465103975.374357,1465103975.455000
350,1465103969.718000,1465103970.364719,1465103975.366140,1465103975.432000
351,1465103969.718000,1465103970.663140,1465103975.664424,1465103975.737000
352,1465103969.718000,1465103970.351916,1465103975.353260,1465103975.434000
353,1465103969.718000,1465103970.385525,1465103975.387064,1465103975.457000
354,1465103969.718000,1465103970.630177,1465103975.631517,1465103975.698000
355,1465103969.718000,1465103970.662062,1465103975.663765,1465103975.741000
356,1465103969.718000,1465103970.383041,1465103975.386046,1465103975.466000
357,1465103969.718000,1465103970.369609,1465103975.370923,1465103975.457000
358,1465103969.718000,1465103970.628296,1465103975.633732,1465103975.713000
359,1465103969.718000,1465103970.362726,1465103975.363920,1465103975.433000
360,1465103969.719000,1465103970.646634,1465103975.647851,1465103975.743000
361,1465103969.719000,1465103970.385371,1465103975.390872,1465103975.457000
362,1465103969.719000,1465103970.380617,1465103975.382101,1465103975.468000
363,1465103969.719000,1465103970.376642,1465103975.378048,1465103975.469000
364,1465103969.719000,1465103970.675961,1465103975.677152,1465103975.748000
365,1465103969.719000,1465103970.370409,1465103975.371863,1465103975.463000
366,1465103969.719000,1465103970.604493,1465103975.605945,1465103975.691000
367,1465103969.719000,1465103970.375488,1465103975.376748,1465103975.457000
368,1465103969.720000,1465103970.339782,1465103975.341063,1465103975.420000
369,1465103969.720000,1465103970.395853,1465103975.397330,1465103975.485000
370,1465103969.720000,1465103970.626101,1465103975.627930,1465103975.704000
371,1465103969.720000,1465103972.128258,1465103977.129421,1465103977.207000
372,1465103969.720000,1465103970.397273,1465103975.399075,1465103975.479000
373,1465103969.721000,1465103970.385378,1465103975.400359,1465103975.476000
374,1465103969.721000,1465103970.341291,1465103975.342528,1465103975.430000
375,1465103969.721000,1465103970.409539,1465103975.411242,1465103975.490000
376,1465103969.721000,1465103970.396924,1465103975.398430,1465103975.485000
377,1465103969.721000,1465103970.366937,1465103975.368373,1465103975.449000
378,1465103969.721000,1465103970.648300,1465103975.649658,1465103975.731000
379,1465103969.722000,1465103970.608666,1465103975.610003,1465103975.713000
380,1465103969.722000,1465103970.421016,1465103975.422625,1465103975.501000
381,1465103969.722000,1465103970.638630,1465103975.639855,1465103975.719000
382,1465103969.722000,1465103970.664733,1465103975.666247,1465103975.747000
383,1465103969.722000,1465103970.392095,1465103975.411671,1465103975.498000
384,1465103969.722000,1465103970.368860,1465103975.370693,1465103975.451000
385,1465103969.722000,1465103970.683938,1465103975.697566,1465103975.774000
386,1465103969.722000,1465103970.636973,1465103975.638333,1465103975.718000
387,1465103969.722000,1465103970.685102,1465103975.686469,1465103975.753000
388,1465103969.722000,1465103970.398997,1465103975.400316,1465103975.488000
389,1465103969.722000,1465103970.364903,1465103975.366454,1465103975.447000
390,1465103969.723000,1465103970.382981,1465103975.384357,1465103975.465000
391,1465103969.723000,1465103970.638198,1465103975.639762,1465103975.718000
392,1465103969.723000,1465103970.340388,1465103975.351518,1465103975.442000
393,1465103969.723000,1465103970.629140,1465103975.630654,1465103975.706000
394,1465103969.723000,1465103970.368282,1465103975.369830,1465103975.457000
395,1465103969.723000,1465103970.662543,1465103975.680407,1465103975.756000
396,1465103969.723000,1465103970.375735,1465103975.377097,1465103975.461000
397,1465103969.723000,1465103970.384771,1465103975.386188,1465103975.476000
398,1465103969.724000,1465103970.414551,1465103975.433677,1465103975.514000
399,1465103969.724000,1465103970.393744,1465103975.396027,1465103975.476000
400,1465103969.724000,1465103970.395987,1465103975.398083,1465103975.482000
401,1465103969.725000,1465103970.375948,1465103975.377168,1465103975.443000
402,1465103969.725000,1465103970.643592,1465103975.644860,1465103975.713000
403,1465103969.725000,1465103970.402966,1465103975.404375,1465103975.495000
404,1465103969.725000,1465103970.623035,1465103975.624271,1465103975.716000
405,1465103969.725000,1465103970.649339,1465103975.650631,1465103975.730000
406,1465103969.725000,1465103970.408363,1465103975.409770,1465103975.468000
407,1465103969.725000,1465103970.404301,1465103975.405643,1465103975.464000
408,1465103969.725000,1465103970.651516,1465103975.652717,1465103975.724000
409,1465103969.725000,1465103970.421221,1465103975.422395,1465103975.489000
410,1465103969.726000,1465103970.691457,1465103975.692703,1465103975.770000
411,1465103969.726000,1465103970.642156,1465103975.643465,1465103975.710000
412,1465103969.726000,1465103970.385073,1465103975.387674,1465103975.457000
413,1465103969.726000,1465103970.709389,1465103975.726579,1465103975.808000
414,1465103969.726000,1465103970.384604,1465103975.391187,1465103975.479000
415,1465103969.726000,1465103970.398655,1465103975.400119,1465103975.481000
416,1465103969.726000,1465103970.614366,1465103975.615868,1465103975.703000
417,1465103969.727000,1465103970.340591,1465103975.341931,1465103975.422000
418,1465103969.727000,1465103970.354659,1465103975.375106,1465103975.481000
419,1465103969.727000,1465103970.362206,1465103975.363647,1465103975.444000
420,1465103969.727000,1465103970.407298,1465103975.408561,1465103975.501000
421,1465103969.728000,1465103970.424897,1465103975.426878,1465103975.485000
422,1465103969.728000,1465103970.376251,1465103975.386056,1465103975.466000
423,1465103969.728000,1465103970.370585,1465103975.372203,1465103975.453000
424,1465103969.728000,1465103970.357189,1465103975.358412,1465103975.453000
425,1465103969.728000,1465103970.426270,1465103975.427636,1465103975.501000
426,1465103969.728000,1465103970.374480,1465103975.375729,1465103975.461000
427,1465103969.729000,1465103970.683792,1465103975.686733,1465103975.768000
428,1465103969.729000,1465103970.362372,1465103975.363620,1465103975.442000
429,1465103969.729000,1465103970.394296,1465103975.395472,1465103975.474000
430,1465103969.729000,1465103970.421310,1465103975.422533,1465103975.500000
431,1465103969.729000,1465103970.374326,1465103975.375887,1465103975.456000
432,1465103969.729000,1465103970.387771,1465103975.390589,1465103975.471000
433,1465103969.730000,1465103970.382527,1465103975.393463,1465103975.478000
434,1465103969.730000,1465103970.362449,1465103975.363720,1465103975.431000
435,1465103969.730000,1465103970.369131,1465103975.377907,1465103975.458000
436,1465103969.730000,1465103970.429256,1465103975.432181,1465103975.511000
437,1465103969.730000,1465103970.662066,1465103975.663316,1465103975.743000
438,1465103969.731000,1465103970.417275,1465103975.418705,1465103975.495000
439,1465103969.731000,1465103970.412144,1465103975.413447,1465103975.496000
440,1465103969.731000,1465103970.393176,1465103975.394502,1465103975.461000
441,1465103969.731000,1465103970.395406,1465103975.396594,1465103975.482000
442,1465103969.731000,1465103970.386603,1465103975.387873,1465103975.468000
443,1465103969.732000,1465103970.362440,1465103975.363655,1465103975.444000
444,1465103969.732000,1465103970.393722,1465103975.395117,1465103975.481000
445,1465103969.732000,1465103970.378403,1465103975.379669,1465103975.465000
446,1465103969.732000,1465103970.378667,1465103975.381436,1465103975.476000
447,1465103969.732000,1465103970.339994,1465103975.341412,1465103975.445000
448,1465103969.732000,1465103970.425018,1465103975.426315,1465103975.505000
449,1465103969.732000,1465103970.382401,1465103975.383772,1465103975.469000
450,1465103969.732000,1465103970.407848,1465103975.409479,1465103975.496000
451,1465103969.733000,1465103970.409672,1465103975.410967,1465103975.498000
452,1465103969.733000,1465103970.395243,1465103975.399077,1465103975.486000
453,1465103969.733000,1465103970.391429,1465103975.392613,1465103975.487000
454,1465103969.733000,1465103970.383701,1465103975.398254,1465103975.479000
455,1465103969.734000,1465103970.376689,1465103975.378083,1465103975.474000
456,1465103969.734000,1465103970.402806,1465103975.404428,1465103975.463000
457,1465103969.735000,1465103970.439943,1465103975.441436,1465103975.500000
458,1465103969.735000,1465103970.402589,1465103975.404665,1465103975.490000
459,1465103969.735000,1465103970.372133,1465103975.373390,1465103975.477000
460,1465103969.736000,1465103970.390213,1465103975.391708,1465103975.477000
461,1465103969.736000,1465103970.401936,1465103975.403142,1465103975.487000
462,1465103969.736000,1465103970.367612,1465103975.368738,1465103975.463000
463,1465103969.736000,1465103970.403540,1465103975.422190,1465103975.504000
464,1465103969.736000,1465103970.380852,1465103975.382151,1465103975.462000
465,1465103969.736000,1465103970.392334,1465103975.400545,1465103975.476000
466,1465103969.736000,1465103970.384846,1465103975.386017,1465103975.481000
467,1465103969.736000,1465103970.351696,1465103975.352972,1465103975.440000
468,1465103969.737000,1465103970.401334,1465103975.402700,1465103975.495000
469,1465103969.737000,1465103970.404786,1465103975.406373,1465103975.483000
470,1465103969.737000,1465103970.389509,1465103975.392652,1465103975.459000
471,1465103969.737000,1465103970.375520,1465103975.376782,1465103975.455000
472,1465103969.737000,1465103970.375755,1465103975.390010,1465103975.470000
473,1465103969.737000,1465103970.400055,1465103975.402594,1465103975.489000
474,1465103969.738000,1465103970.387064,1465103975.398801,1465103975.479000
475,1465103969.738000,1465103970.399487,1465103975.402389,1465103975.490000
476,1465103969.738000,1465103970.396250,1465103975.399130,1465103975.480000
477,1465103969.738000,1465103970.383251,1465103975.384503,1465103975.465000
478,1465103969.738000,1465103970.415631,1465103975.417310,1465103975.496000
479,1465103969.739000,1465103970.376752,1465103975.378237,1465103975.465000
480,1465103969.739000,1465103970.375122,1465103975.376385,1465103975.463000
481,1465103969.739000,1465103970.421921,1465103975.423318,1465103975.482000
482,1465103969.739000,1465103970.397699,1465103975.398936,1465103975.477000
483,1465103969.739000,1465103970.388600,1465103975.389795,1465103975.471000
484,1465103969.739000,1465103970.364009,1465103975.365392,1465103975.460000
485,1465103969.739000,1465103970.414450,1465103975.415696,1465103975.487000
486,1465103969.739000,1465103970.375789,1465103975.377375,1465103975.456000
487,1465103969.739000,1465103970.384370,1465103975.392148,1465103975.477000
488,1465103969.740000,1465103970.383641,1465103975.384998,1465103975.465000
489,1465103969.740000,1465103970.371102,1465103975.372568,1465103975.465000
490,1465103969.740000,1465103970.410712,1465103975.413140,1465103975.503000
491,1465103969.740000,1465103970.403498,1465103975.404776,1465103975.489000
492,1465103969.740000,1465103970.402628,1465103975.405196,1465103975.487000
493,1465103969.740000,1465103970.407942,1465103975.409407,1465103975.480000
494,1465103969.740000,1465103970.454074,1465103975.455553,1465103975.542000
495,1465103969.740000,1465103970.400947,1465103975.402797,1465103975.482000
496,1465103969.740000,1465103970.416130,1465103975.417659,1465103975.505000
497,1465103969.740000,1465103970.369929,1465103975.371525,1465103975.462000
498,1465103969.740000,1465103970.432953,1465103975.434158,1465103975.520000
499,1465103969.740000,1465103970.383668,1465103975.393775,1465103975.479000
500,1465103969.740000,1465103970.411402,1465103975.413096,1465103975.499000
501,1465103969.740000,1465103970.411798,1465103975.413259,1465103975.491000
502,1465103969.740000,1465103970.661954,1465103975.663138,1465103975.769000
503,1465103969.740000,1465103970.345908,1465103975.355606,1465103975.462000
504,1465103969.741000,1465103970.412576,1465103975.414082,1465103975.505000
505,1465103969.741000,1465103970.519987,1465103975.521223,1465103975.607000
506,1465103969.741000,1465103970.411007,1465103975.412168,1465103975.500000
507,1465103969.741000,1465103970.450595,1465103975.451910,1465103975.547000
508,1465103969.741000,1465103970.395355,1465103975.396585,1465103975.488000
509,1465103969.741000,1465103970.411261,1465103975.412543,1465103975.508000
510,1465103969.741000,1465103970.401676,1465103975.403910,1465103975.491000
511,1465103969.741000,1465103970.388884,1465103975.390387,1465103975.477000
512,1465103969.741000,1465103970.389956,1465103975.391421,1465103975.487000
513,1465103969.741000,1465103970.406749,1465103975.408065,1465103975.487000
514,1465103969.741000,1465103970.413861,1465103975.415395,1465103975.503000
515,1465103969.741000,1465103970.382984,1465103975.384268,1465103975.471000
516,1465103969.741000,1465103970.389868,1465103975.391359,1465103975.478000
517,1465103969.741000,1465103970.384660,1465103975.386052,1465103975.465000
518,1465103969.741000,1465103970.397342,1465103975.398722,1465103975.489000
519,1465103969.741000,1465103970.485367,1465103975.487353,1465103975.558000
520,1465103969.741000,1465103970.400524,1465103975.401720,1465103975.489000
521,1465103969.741000,1465103970.421771,1465103975.423085,1465103975.509000
522,1465103969.741000,1465103970.460351,1465103975.461526,1465103975.556000
523,1465103969.741000,1465103970.409755,1465103975.411600,1465103975.497000
524,1465103969.741000,1465103970.408583,1465103975.409849,1465103975.496000
525,1465103969.741000,1465103970.405308,1465103975.406545,1465103975.485000
526,1465103969.741000,1465103970.449632,1465103975.450870,1465103975.536000
527,1465103969.741000,1465103970.467344,1465103975.468612,1465103975.547000
528,1465103969.741000,1465103970.543889,1465103975.545159,1465103975.616000
529,1465103969.741000,1465103970.410732,1465103975.415359,1465103975.492000
530,1465103969.741000,1465103970.480860,1465103975.482061,1465103975.577000
531,1465103969.742000,1465103970.475451,1465103975.476924,1465103975.564000
532,1465103969.742000,1465103970.408762,1465103975.410078,1465103975.501000
533,1465103969.742000,1465103970.507915,1465103975.509220,1465103975.588000
534,1465103969.742000,1465103970.567853,1465103975.569353,1465103975.655000
535,1465103969.742000,1465103970.403717,1465103975.406018,1465103975.483000
536,1465103969.742000,1465103970.523756,1465103975.525126,1465103975.595000
537,1465103969.742000,1465103970.379298,1465103975.380873,1465103975.476000
538,1465103969.742000,1465103970.490772,1465103975.492101,1465103975.571000
539,1465103969.742000,1465103970.493316,1465103975.494562,1465103975.553000
540,1465103969.742000,1465103970.454215,1465103975.456065,1465103975.535000
541,1465103969.742000,1465103970.421310,1465103975.424484,1465103975.482000
542,1465103969.742000,1465103970.433549,1465103975.434799,1465103975.520000
543,1465103969.742000,1465103970.415813,1465103975.417007,1465103975.502000
544,1465103969.742000,1465103970.824915,1465103975.826150,1465103975.930000
545,1465103969.742000,1465103970.372473,1465103975.373767,1465103975.453000
546,1465103969.742000,1465103970.420358,1465103975.421977,1465103975.480000
547,1465103969.742000,1465103970.478865,1465103975.480343,1465103975.568000
548,1465103969.742000,1465103970.401442,1465103975.403115,1465103975.482000
549,1465103969.742000,1465103970.471720,1465103975.472901,1465103975.568000
550,1465103969.742000,1465103970.483903,1465103975.485114,1465103975.554000
551,1465103969.742000,1465103970.363063,1465103975.364354,1465103975.459000
552,1465103969.742000,1465103970.400487,1465103975.404078,1465103975.489000
553,1465103969.742000,1465103970.483422,1465103975.484625,1465103975.573000
554,1465103969.742000,1465103970.391628,1465103975.392879,1465103975.480000
555,1465103969.742000,1465103970.389255,1465103975.390705,1465103975.475000
556,1465103969.742000,1465103970.439696,1465103975.441019,1465103975.519000
557,1465103969.742000,1465103970.405973,1465103975.407181,1465103975.502000
558,1465103969.743000,1465103970.413932,1465103975.431340,1465103975.522000
559,1465103969.743000,1465103970.416224,1465103975.417429,1465103975.506000
560,1465103969.743000,1465103970.425736,1465103975.426917,1465103975.493000
561,1465103969.743000,1465103970.447102,1465103975.448375,1465103975.527000
562,1465103969.743000,1465103970.387522,1465103975.389056,1465103975.475000
563,1465103969.743000,1465103970.393901,1465103975.395240,1465103975.480000
564,1465103969.743000,1465103970.435727,1465103975.437093,1465103975.496000
565,1465103969.743000,1465103970.385773,1465103975.387205,1465103975.468000
566,1465103969.743000,1465103970.476558,1465103975.477797,1465103975.564000
567,1465103969.743000,1465103970.461265,1465103975.462686,1465103975.540000
568,1465103969.743000,1465103970.409581,1465103975.410843,1465103975.495000
569,1465103969.743000,1465103970.460746,1465103975.461949,1465103975.549000
570,1465103969.743000,1465103970.400735,1465103975.402265,1465103975.484000
571,1465103969.743000,1465103970.340519,1465103975.342174,1465103975.448000
572,1465103969.743000,1465103970.400752,1465103975.401958,1465103975.490000
573,1465103969.743000,1465103970.544742,1465103975.561384,1465103975.637000
574,1465103969.743000,1465103970.392857,1465103975.394016,1465103975.489000
575,1465103969.743000,1465103970.404760,1465103975.406132,1465103975.493000
576,1465103969.743000,1465103970.407153,1465103975.408664,1465103975.496000
577,1465103969.743000,1465103970.392784,1465103975.394210,1465103975.473000
578,1465103969.743000,1465103970.411376,1465103975.414833,1465103975.492000
579,1465103969.743000,1465103970.376068,1465103975.377418,1465103975.459000
580,1465103969.743000,1465103970.367463,1465103975.368696,1465103975.435000
581,1465103969.743000,1465103970.418292,1465103975.419617,1465103975.498000
582,1465103969.743000,1465103970.462868,1465103975.464329,1465103975.551000
583,1465103969.743000,1465103970.428735,1465103975.430983,1465103975.510000
584,1465103969.744000,1465103970.386299,1465103975.387566,1465103975.469000
585,1465103969.744000,1465103970.537804,1465103975.539323,1465103975.627000
586,1465103969.744000,1465103970.444527,1465103975.445812,1465103975.523000
587,1465103969.744000,1465103970.507428,1465103975.508836,1465103975.586000
588,1465103969.744000,1465103970.533094,1465103975.534303,1465103975.626000
589,1465103969.744000,1465103970.392467,1465103975.393906,1465103975.474000
590,1465103969.744000,1465103970.387397,1465103975.388898,1465103975.474000
591,1465103969.744000,1465103970.491175,1465103975.492505,1465103975.585000
592,1465103969.744000,1465103970.410010,1465103975.411417,1465103975.507000
593,1465103969.744000,1465103970.420810,1465103975.422304,1465103975.508000
594,1465103969.744000,1465103970.439094,1465103975.440420,1465103975.530000
595,1465103969.744000,1465103970.424239,1465103975.425515,1465103975.492000
596,1465103969.744000,1465103970.523018,1465103975.526543,1465103975.608000
597,1465103969.744000,1465103970.419705,1465103975.421063,1465103975.501000
598,1465103969.744000,1465103970.460060,1465103975.461717,1465103975.532000
599,1465103969.744000,1465103970.486807,1465103975.489184,1465103975.574000
600,1465103969.744000,1465103970.455939,1465103975.457259,1465103975.536000
601,1465103969.744000,1465103970.431043,1465103975.432225,1465103975.503000
602,1465103969.744000,1465103970.463307,1465103975.464584,1465103975.544000
603,1465103969.744000,1465103970.401258,1465103975.402854,1465103975.476000
604,1465103969.744000,1465103970.377987,1465103975.379404,1465103975.456000
605,1465103969.744000,1465103970.515999,1465103975.517547,1465103975.606000
606,1465103969.744000,1465103970.414832,1465103975.418749,1465103975.497000
607,1465103969.744000,1465103970.459489,1465103975.474225,1465103975.563000
608,1465103969.744000,1465103970.405128,1465103975.406474,1465103975.495000
609,1465103969.744000,1465103970.502785,1465103975.512417,1465103975.586000
610,1465103969.744000,1465103970.423287,1465103975.424760,1465103975.517000
611,1465103969.745000,1465103970.439249,1465103975.440429,1465103975.533000
612,1465103969.745000,1465103970.432222,1465103975.433910,1465103975.526000
613,1465103969.745000,1465103970.474900,1465103975.476216,1465103975.567000
614,1465103969.745000,1465103970.442244,1465103975.443425,1465103975.528000
615,1465103969.745000,1465103970.567641,1465103975.569122,1465103975.646000
616,1465103969.745000,1465103970.394459,1465103975.396074,1465103975.473000
617,1465103969.745000,1465103970.514557,1465103975.515792,1465103975.606000
618,1465103969.745000,1465103970.442336,1465103975.443497,1465103975.513000
619,1465103969.745000,1465103970.536707,1465103975.538273,1465103975.626000
620,1465103969.745000,1465103970.415781,1465103975.417087,1465103975.497000
621,1465103969.745000,1465103970.446818,1465103975.458082,1465103975.545000
622,1465103969.745000,1465103970.413809,1465103975.414974,1465103975.485000
623,1465103969.745000,1465103970.778742,1465103975.786942,1465103975.866000
624,1465103969.745000,1465103970.481232,1465103975.482572,1465103975.568000
625,1465103969.745000,1465103970.438615,1465103975.440028,1465103975.498000
626,1465103969.745000,1465103970.383642,1465103975.385391,1465103975.455000
627,1465103969.746000,1465103970.525971,1465103975.527220,1465103975.597000
628,1465103969.746000,1465103970.481476,1465103975.482978,1465103975.555000
629,1465103969.746000,1465103970.381424,1465103975.384620,1465103975.469000
630,1465103969.746000,1465103970.375535,1465103975.378085,1465103975.473000
631,1465103969.746000,1465103970.432888,1465103975.434848,1465103975.508000
632,1465103969.746000,1465103970.341662,1465103975.342984,1465103975.449000
633,1465103969.746000,1465103970.409136,1465103975.410626,1465103975.497000
634,1465103969.746000,1465103970.513009,1465103975.514276,1465103975.594000
635,1465103969.746000,1465103970.550416,1465103975.551951,1465103975.631000
636,1465103969.746000,1465103970.434232,1465103975.435480,1465103975.514000
637,1465103969.746000,1465103970.424587,1465103975.425743,1465103975.514000
638,1465103969.746000,1465103970.403315,1465103975.405220,1465103975.491000
639,1465103969.746000,1465103970.573798,1465103975.574977,1465103975.653000
640,1465103969.746000,1465103970.490130,1465103975.491368,1465103975.577000
641,1465103969.746000,1465103970.514555,1465103975.516125,1465103975.592000
642,1465103969.746000,1465103970.438277,1465103975.439533,1465103975.518000
643,1465103969.746000,0.000000,0.000000,0.000000
644,1465103969.746000,1465103970.568988,1465103975.570264,1465103975.644000
645,1465103969.746000,1465103970.465304,1465103975.466474,1465103975.536000
646,1465103969.746000,1465103970.485468,1465103975.486814,1465103975.565000
647,1465103969.746000,1465103970.539039,1465103975.540282,1465103975.627000
648,1465103969.746000,1465103970.578005,1465103975.581450,1465103975.657000
649,1465103969.746000,1465103970.415409,1465103975.416867,1465103975.505000
650,1465103969.746000,1465103970.491893,1465103975.493206,1465103975.571000
651,1465103969.746000,1465103970.361890,1465103975.363173,1465103975.445000
652,1465103969.746000,1465103970.359387,1465103975.360581,1465103975.452000
653,1465103969.746000,1465103970.476719,1465103975.477940,1465103975.544000
654,1465103969.747000,1465103970.417620,1465103975.418851,1465103975.506000
655,1465103969.747000,1465103970.417238,1465103975.418533,1465103975.497000
656,1465103969.747000,1465103970.417311,1465103975.418509,1465103975.500000
657,1465103969.747000,1465103970.386703,1465103975.389839,1465103975.470000
658,1465103969.747000,1465103970.454925,1465103975.456965,1465103975.536000
659,1465103969.747000,1465103970.402542,1465103975.404204,1465103975.486000
660,1465103969.747000,1465103970.410929,1465103975.412266,1465103975.501000
661,1465103969.747000,1465103970.804496,1465103975.806487,1465103975.886000
662,1465103969.747000,1465103970.406825,1465103975.408547,1465103975.475000
663,1465103969.747000,1465103970.385558,1465103975.387146,1465103975.475000
664,1465103969.747000,1465103970.466507,1465103975.467680,1465103975.539000
665,1465103969.747000,1465103970.390352,1465103975.391865,1465103975.458000
666,1465103969.747000,1465103970.388920,1465103975.392629,1465103975.477000
667,1465103969.747000,1465103970.355395,1465103975.375304,1465103975.457000
668,1465103969.747000,1465103970.558936,1465103975.560344,1465103975.646000
669,1465103969.747000,1465103970.390690,1465103975.392095,1465103975.479000
670,1465103969.747000,1465103970.425326,1465103975.426803,1465103975.485000
671,1465103969.747000,1465103970.373903,1465103975.375745,1465103975.460000
672,1465103969.747000,1465103970.433299,1465103975.434549,1465103975.515000
673,1465103969.747000,1465103970.416799,1465103975.418136,1465103975.497000
674,1465103969.747000,1465103970.494079,1465103975.495684,1465103975.577000
675,1465103969.747000,1465103970.452485,1465103975.453847,1465103975.527000
676,1465103969.747000,1465103970.404364,1465103975.405645,1465103975.493000
677,1465103969.747000,1465103970.487095,1465103975.488353,1465103975.574000
678,1465103969.747000,1465103970.559473,1465103975.580310,1465103975.656000
679,1465103969.747000,1465103970.507881,1465103975.509290,1465103975.590000
680,1465103969.748000,1465103970.442651,1465103975.443902,1465103975.515000
681,1465103969.748000,1465103970.538909,1465103975.540142,1465103975.626000
682,1465103969.748000,1465103970.395566,1465103975.411740,1465103975.502000
683,1465103969.748000,1465103970.533474,1465103975.534708,1465103975.622000
684,1465103969.748000,1465103970.368692,1465103975.370486,1465103975.461000
685,1465103969.748000,1465103970.561924,1465103975.563219,1465103975.642000
686,1465103969.748000,1465103970.530023,1465103975.531296,1465103975.603000
687,1465103969.748000,1465103970.416397,1465103975.417633,1465103975.505000
688,1465103969.748000,1465103970.402718,1465103975.403998,1465103975.499000
689,1465103969.748000,1465103970.403540,1465103975.404825,1465103975.484000
690,1465103969.748000,1465103970.407908,1465103975.427122,1465103975.522000
691,1465103969.748000,1465103970.421243,1465103975.422476,1465103975.509000
692,1465103969.748000,1465103970.550113,1465103975.551575,1465103975.631000
693,1465103969.748000,1465103970.503301,1465103975.504511,1465103975.583000
694,1465103969.748000,1465103970.449976,1465103975.451206,1465103975.536000
695,1465103969.748000,1465103970.448667,1465103975.449880,1465103975.542000
696,1465103969.748000,1465103970.451346,1465103975.452591,1465103975.533000
697,1465103969.748000,1465103970.432244,1465103975.433575,1465103975.519000
698,1465103969.748000,1465103970.462751,1465103975.464196,1465103975.554000
699,1465103969.748000,1465103970.392820,1465103975.395053,1465103975.485000
700,1465103969.748000,1465103970.461124,1465103975.462876,1465103975.534000
701,1465103969.748000,1465103970.429744,1465103975.431464,1465103975.510000
702,1465103969.748000,1465103970.531804,1465103975.533078,1465103975.611000
703,1465103969.748000,1465103970.430684,1465103975.431928,1465103975.527000
704,1465103969.748000,1465103970.532402,1465103975.545387,1465103975.623000
705,1465103969.748000,1465103970.387820,1465103975.389109,1465103975.480000
706,1465103969.749000,1465103970.392982,1465103975.395368,1465103975.486000
707,1465103969.749000,1465103970.482229,1465103975.483712,1465103975.555000
708,1465103969.749000,1465103970.409755,1465103975.411463,1465103975.497000
709,1465103969.749000,1465103970.488574,1465103975.501220,1465103975.560000
710,1465103969.749000,1465103970.541100,1465103975.542295,1465103975.619000
711,1465103969.749000,1465103970.437072,1465103975.438537,1465103975.525000
712,1465103969.749000,1465103970.433117,1465103975.434730,1465103975.508000
713,1465103969.749000,1465103970.545745,1465103975.547267,1465103975.626000
714,1465103969.749000,1465103970.423514,1465103975.424906,1465103975.504000
715,1465103969.749000,1465103970.411768,1465103975.413225,1465103975.499000
716,1465103969.749000,1465103970.557784,1465103975.559051,1465103975.636000
717,1465103969.749000,1465103970.421427,1465103975.422989,1465103975.505000
718,1465103969.749000,1465103970.408770,1465103975.409968,1465103975.498000
719,1465103969.749000,1465103970.457721,1465103975.462283,1465103975.533000
720,1465103969.749000,1465103970.414065,1465103975.415383,1465103975.504000
721,1465103969.749000,1465103970.421897,1465103975.423262,1465103975.491000
722,1465103969.749000,1465103970.526440,1465103975.527707,1465103975.606000
723,1465103969.749000,1465103970.427260,1465103975.430984,1465103975.510000
724,1465103969.749000,1465103970.415280,1465103975.416450,1465103975.502000
725,1465103969.749000,1465103970.438839,1465103975.440365,1465103975.518000
726,1465103969.749000,1465103970.527511,1465103975.528721,1465103975.635000
727,1465103969.749000,1465103970.424141,1465103975.425541,1465103975.498000
728,1465103969.749000,1465103970.474801,1465103975.476054,1465103975.534000
729,1465103969.749000,1465103970.517945,1465103975.519540,1465103975.601000
730,1465103969.749000,1465103970.474395,1465103975.476088,1465103975.563000
731,1465103969.749000,1465103970.809708,1465103975.810920,1465103975.892000
732,1465103969.749000,1465103970.557578,1465103975.558801,1465103975.639000
733,1465103969.750000,1465103970.879651,1465103975.880870,1465103975.948000
734,1465103969.750000,1465103970.752841,1465103975.754043,1465103975.831000
735,1465103969.750000,1465103970.486336,1465103975.493894,1465103975.580000
736,1465103969.750000,1465103970.412135,1465103975.413441,1465103975.501000
737,1465103969.750000,1465103970.449314,1465103975.450749,1465103975.529000
738,1465103969.750000,1465103970.431330,1465103975.432842,1465103975.525000
739,1465103969.750000,1465103970.437730,1465103975.439229,1465103975.516000
740,1465103969.750000,1465103970.450889,1465103975.452121,1465103975.518000
741,1465103969.750000,1465103970.457399,1465103975.460009,1465103975.531000
742,1465103969.750000,1465103970.405605,1465103975.407056,1465103975.495000
743,1465103969.750000,1465103970.474417,1465103975.475905,1465103975.562000
744,1465103969.750000,1465103970.423838,1465103975.425032,1465103975.507000
745,1465103969.750000,1465103970.411293,1465103975.412426,1465103975.507000
746,1465103969.750000,1465103970.562320,1465103975.573806,1465103975.654000
747,1465103969.750000,1465103970.388285,1465103975.408650,1465103975.489000
748,1465103969.750000,1465103970.471359,1465103975.472692,1465103975.552000
749,1465103969.750000,1465103970.438345,1465103975.439632,1465103975.526000
750,1465103969.750000,1465103970.415694,1465103975.417127,1465103975.496000
751,1465103969.750000,1465103970.435380,1465103975.436677,1465103975.529000
752,1465103969.750000,1465103970.416662,1465103975.417882,1465103975.509000
753,1465103969.751000,1465103970.460060,1465103975.463072,1465103975.534000
754,1465103969.752000,1465103970.481994,1465103975.494978,1465103975.574000
755,1465103969.758000,1465103970.524381,1465103975.525779,1465103975.605000
756,1465103969.774000,1465103970.757619,1465103975.758812,1465103975.836000
757,1465103969.809000,1465103970.533549,1465103975.535466,1465103975.621000
758,1465103969.814000,1465103970.509373,1465103975.510828,1465103975.599000
759,1465103969.813000,1465103970.520211,1465103975.540348,1465103975.616000
760,1465103969.813000,1465103970.557746,1465103975.568539,1465103975.649000
761,1465103969.813000,1465103970.473728,1465103975.474891,1465103975.560000
762,1465103969.813000,1465103970.551913,1465103975.553328,1465103975.640000
763,1465103969.813000,1465103970.513455,1465103975.514818,1465103975.602000
764,1465103969.814000,1465103970.507254,1465103975.508834,1465103975.590000
765,1465103969.814000,1465103970.554410,1465103975.555812,1465103975.629000
766,1465103969.814000,1465103970.726103,1465103975.727468,1465103975.831000
767,1465103969.814000,1465103970.451768,1465103975.453021,1465103975.541000
768,1465103969.814000,1465103970.500606,1465103975.502150,1465103975.583000
769,1465103969.814000,1465103970.453326,1465103975.454507,1465103975.540000
770,1465103969.814000,1465103970.452087,1465103975.453286,1465103975.548000
771,1465103969.814000,1465103970.532207,1465103975.538074,1465103975.625000
772,1465103969.815000,1465103970.500853,1465103975.502285,1465103975.588000
773,1465103969.815000,1465103970.527609,1465103975.529004,1465103975.607000
774,1465103969.815000,1465103970.744098,1465103975.745349,1465103975.851000
775,1465103969.815000,1465103970.797726,1465103975.798893,1465103975.876000
776,1465103969.815000,1465103970.831397,1465103975.832599,1465103975.913000
777,1465103969.815000,1465103970.542884,1465103975.544147,1465103975.639000
778,1465103969.815000,1465103970.799323,1465103975.800554,1465103975.904000
779,1465103969.815000,1465103970.815687,1465103975.816887,1465103975.897000
780,1465103969.815000,1465103970.544055,1465103975.545455,1465103975.624000
781,1465103969.816000,1465103970.575184,1465103975.576356,1465103975.647000
782,1465103969.816000,1465103970.803114,1465103975.804346,1465103975.871000
783,1465103969.817000,1465103970.518701,1465103975.532297,1465103975.617000
784,1465103969.817000,1465103970.518023,1465103975.523505,1465103975.595000
785,1465103969.817000,1465103970.536850,1465103975.538991,1465103975.620000
786,1465103969.817000,1465103970.535636,1465103975.536850,1465103975.615000
787,1465103969.817000,1465103970.551262,1465103975.552469,1465103975.630000
788,1465103969.817000,1465103970.746708,1465103975.747864,1465103975.854000
789,1465103969.818000,1465103970.455028,1465103975.456212,1465103975.543000
790,1465103969.819000,1465103970.574486,1465103975.576321,1465103975.652000
791,1465103969.819000,1465103970.548875,1465103975.550137,1465103975.636000
792,1465103969.819000,1465103970.463398,1465103975.464689,1465103975.543000
793,1465103969.819000,1465103970.580437,1465103975.581698,1465103975.640000
794,1465103969.819000,0.000000,0.000000,0.000000
795,1465103969.819000,1465103970.503311,1465103975.505209,1465103975.578000
796,1465103969.819000,1465103970.772111,1465103975.773358,1465103975.876000
797,1465103969.819000,0.000000,0.000000,0.000000
798,1465103969.819000,1465103970.455818,1465103975.457128,1465103975.561000
799,1465103969.820000,1465103970.529897,1465103975.531152,1465103975.612000
800,1465103969.820000,1465103970.420822,1465103975.422080,1465103975.510000
801,1465103969.820000,1465103970.511696,1465103975.513281,1465103975.600000
802,1465103969.820000,1465103970.834127,1465103975.835730,1465103975.915000
803,1465103969.820000,1465103970.455812,1465103975.457061,1465103975.537000
804,1465103969.820000,1465103970.458212,1465103975.474701,1465103975.552000
805,1465103969.821000,1465103970.489589,1465103975.490845,1465103975.576000
806,1465103969.821000,1465103970.492641,1465103975.493882,1465103975.582000
807,1465103969.821000,1465103970.553391,1465103975.554963,1465103975.641000
808,1465103969.822000,1465103970.487917,1465103975.489421,1465103975.575000
809,1465103969.822000,1465103970.519052,1465103975.520244,1465103975.609000
810,1465103969.823000,1465103970.480183,1465103975.481400,1465103975.569000
811,1465103969.823000,1465103970.864901,1465103975.866202,1465103975.934000
812,1465103969.823000,1465103970.557318,1465103975.573816,1465103975.659000
813,1465103969.823000,1465103970.564800,1465103975.566331,1465103975.646000
814,1465103969.825000,1465103970.808706,1465103975.809940,1465103975.889000
815,1465103969.825000,1465103970.524141,1465103975.525635,1465103975.611000
816,1465103969.825000,1465103970.548645,1465103975.550015,1465103975.630000
817,1465103969.826000,1465103970.540352,1465103975.542091,1465103975.629000
818,1465103969.826000,1465103970.541663,1465103975.542974,1465103975.631000
819,1465103969.826000,1465103970.577474,1465103975.578826,1465103975.657000
820,1465103969.826000,1465103970.521264,1465103975.522520,1465103975.610000
821,1465103969.826000,1465103970.788599,1465103975.806535,1465103975.888000
822,1465103969.826000,1465103970.499651,1465103975.500858,1465103975.593000
823,1465103969.827000,1465103970.485522,1465103975.503126,1465103975.575000
824,1465103969.828000,1465103970.572692,1465103975.574038,1465103975.653000
825,1465103969.828000,1465103970.544598,1465103975.545891,1465103975.624000
826,1465103969.829000,1465103970.847309,1465103975.852285,1465103975.925000
827,1465103969.829000,0.000000,0.000000,0.000000
828,1465103969.829000,1465103970.482727,1465103975.484094,1465103975.563000
829,1465103969.830000,1465103970.558471,1465103975.559673,1465103975.646000
830,1465103969.830000,1465103970.550580,1465103975.552066,1465103975.628000
831,1465103969.830000,1465103970.578921,1465103975.580190,1465103975.658000
832,1465103969.830000,1465103970.443745,1465103975.444970,1465103975.524000
833,1465103969.830000,1465103970.425532,1465103975.426767,1465103975.518000
834,1465103969.830000,0.000000,0.000000,0.000000
835,1465103969.830000,1465103970.569277,1465103975.570863,1465103975.656000
836,1465103969.830000,1465103970.533871,1465103975.535396,1465103975.621000
837,1465103969.831000,1465103970.871673,1465103975.872890,1465103975.941000
838,1465103969.832000,1465103970.876616,1465103975.877793,1465103975.946000
839,1465103969.832000,1465103970.751608,1465103975.753898,1465103975.839000
840,1465103969.832000,1465103970.553212,1465103975.554613,1465103975.641000
841,1465103969.833000,1465103970.483360,1465103975.484616,1465103975.570000
842,1465103969.833000,1465103970.540528,1465103975.554189,1465103975.643000
843,1465103969.833000,1465103970.539860,1465103975.555608,1465103975.642000
844,1465103969.833000,1465103970.788948,1465103975.790238,1465103975.857000
845,1465103969.834000,1465103970.827969,1465103975.829199,1465103975.908000
846,1465103969.834000,1465103970.552767,1465103975.554164,1465103975.640000
847,1465103969.834000,1465103970.824224,1465103975.825524,1465103975.893000
848,1465103969.834000,1465103970.546759,1465103975.551750,1465103975.637000
849,1465103969.834000,1465103970.569585,1465103975.570772,1465103975.639000
850,1465103969.834000,1465103970.544262,1465103975.545749,1465103975.626000
851,1465103969.834000,1465103970.561409,1465103975.563010,1465103975.650000
852,1465103969.835000,1465103970.825814,1465103975.827133,1465103975.903000
853,1465103969.835000,1465103970.567068,1465103975.568453,1465103975.654000
854,1465103969.835000,1465103970.530493,1465103975.531724,1465103975.610000
855,1465103969.835000,1465103970.522976,1465103975.534233,1465103975.622000
856,1465103969.835000,1465103970.574379,1465103975.576322,1465103975.655000
857,1465103969.835000,0.000000,0.000000,0.000000
858,1465103969.836000,1465103970.435706,1465103975.437011,1465103975.516000
859,1465103969.836000,1465103970.584370,1465103975.585772,1465103975.652000
860,1465103969.836000,1465103970.460514,1465103975.461965,1465103975.539000
861,1465103969.836000,1465103970.562820,1465103975.564116,1465103975.649000
862,1465103969.836000,1465103970.493739,1465103975.495167,1465103975.574000
863,1465103969.836000,1465103970.795768,1465103975.797538,1465103975.873000
864,1465103969.836000,1465103970.749721,1465103975.750967,1465103975.854000
865,1465103969.837000,1465103970.864583,1465103975.865890,1465103975.945000
866,1465103969.837000,1465103970.511758,1465103975.512988,1465103975.601000
867,1465103969.837000,1465103970.563024,1465103975.564582,1465103975.650000
868,1465103969.838000,1465103970.536563,1465103975.538742,1465103975.627000
869,1465103969.838000,1465103970.564095,1465103975.565362,1465103975.645000
870,1465103969.838000,1465103970.829193,1465103975.830478,1465103975.934000
871,1465103969.838000,1465103970.490566,1465103975.500244,1465103975.576000
872,1465103969.838000,1465103970.523261,1465103975.524471,1465103975.602000
873,1465103969.838000,1465103970.559262,1465103975.560568,1465103975.643000
874,1465103969.838000,1465103970.822440,1465103975.823650,1465103975.904000
875,1465103969.838000,1465103970.451370,1465103975.452848,1465103975.540000
876,1465103969.839000,1465103970.519750,1465103975.521037,1465103975.609000
877,1465103969.839000,1465103970.479016,1465103975.480687,1465103975.556000
878,1465103969.839000,1465103970.565134,1465103975.586611,1465103975.668000
879,1465103969.839000,1465103970.547438,1465103975.548693,1465103975.637000
880,1465103969.840000,1465103970.563838,1465103975.565382,1465103975.644000
881,1465103969.840000,1465103970.784919,1465103975.786247,1465103975.854000
882,1465103969.840000,1465103970.536278,1465103975.537502,1465103975.623000
883,1465103969.840000,1465103970.574662,1465103975.576230,1465103975.655000
884,1465103969.840000,1465103970.549288,1465103975.550985,1465103975.630000
885,1465103969.841000,1465103970.852754,1465103975.854028,1465103975.931000
886,1465103969.841000,1465103970.558889,1465103975.578360,1465103975.666000
887,1465103969.841000,1465103970.545683,1465103975.546889,1465103975.616000
888,1465103969.841000,1465103970.509301,1465103975.510495,1465103975.588000
889,1465103969.841000,1465103970.850332,1465103975.851539,1465103975.929000
890,1465103969.841000,1465103970.578111,1465103975.579422,1465103975.656000
891,1465103969.841000,1465103970.461008,1465103975.462282,1465103975.550000
892,1465103969.842000,1465103970.860668,1465103975.861902,1465103975.930000
893,1465103969.842000,1465103970.760092,1465103975.761355,1465103975.856000
894,1465103969.842000,1465103970.565106,1465103975.567047,1465103975.645000
895,1465103969.842000,1465103970.730487,1465103975.731732,1465103975.813000
896,1465103969.842000,1465103970.848603,1465103975.849935,1465103975.929000
897,1465103969.843000,1465103970.804728,1465103975.806279,1465103975.886000
898,1465103969.843000,1465103970.581366,1465103975.582591,1465103975.660000
899,1465103969.843000,1465103970.798425,1465103975.799735,1465103975.886000
900,1465103969.843000,1465103970.575517,1465103975.577266,1465103975.658000
901,1465103969.844000,1465103970.564034,1465103975.566000,1465103975.646000
902,1465103969.844000,1465103970.812421,1465103975.817537,1465103975.893000
903,1465103969.844000,1465103970.574069,1465103975.575482,1465103975.654000
904,1465103969.844000,1465103970.450001,1465103975.451387,1465103975.537000
905,1465103969.844000,1465103970.554375,1465103975.555611,1465103975.626000
906,1465103969.844000,1465103970.532843,1465103975.534185,1465103975.616000
907,1465103969.845000,1465103970.561399,1465103975.562745,1465103975.635000
908,1465103969.845000,1465103970.545138,1465103975.546357,1465103975.605000
909,1465103969.846000,1465103970.567920,1465103975.569113,1465103975.656000
910,1465103969.846000,1465103970.565380,1465103975.567252,1465103975.649000
911,1465103969.846000,1465103970.565882,1465103975.567123,1465103975.662000
912,1465103969.846000,1465103970.876627,1465103975.877864,1465103975.947000
913,1465103969.846000,1465103970.867448,1465103975.877097,1465103975.953000
914,1465103969.846000,1465103970.558853,1465103975.560426,1465103975.639000
915,1465103969.846000,1465103970.570304,1465103975.589920,1465103975.656000
916,1465103969.846000,1465103970.563833,1465103975.565244,1465103975.652000
917,1465103969.846000,1465103970.783422,1465103975.784682,1465103975.888000
918,1465103969.847000,1465103970.564948,1465103975.566141,1465103975.654000
919,1465103969.847000,1465103970.781947,1465103975.783674,1465103975.865000
920,1465103969.847000,1465103970.561701,1465103975.562885,1465103975.640000
921,1465103969.847000,1465103970.564867,1465103975.566126,1465103975.639000
922,1465103969.847000,1465103970.541060,1465103975.542419,1465103975.616000
923,1465103969.848000,1465103970.528774,1465103975.530213,1465103975.618000
924,1465103969.848000,1465103970.577603,1465103975.579876,1465103975.656000
925,1465103969.848000,1465103970.549477,1465103975.550672,1465103975.639000
926,1465103969.848000,1465103970.566104,1465103975.568721,1465103975.644000
927,1465103969.848000,1465103970.565024,1465103975.566381,1465103975.644000
928,1465103969.849000,1465103970.525169,1465103975.526373,1465103975.585000
929,1465103969.849000,1465103970.570346,1465103975.571524,1465103975.649000
930,1465103969.849000,1465103970.567163,1465103975.568432,1465103975.647000
931,1465103969.849000,1465103970.514921,1465103975.516153,1465103975.602000
932,1465103969.849000,1465103970.537053,1465103975.538760,1465103975.615000
933,1465103969.849000,1465103970.512645,1465103975.513924,1465103975.602000
934,1465103969.849000,1465103970.559815,1465103975.561281,1465103975.640000
935,1465103969.850000,1465103970.549138,1465103975.566913,1465103975.646000
936,1465103969.850000,1465103970.558833,1465103975.560006,1465103975.646000
937,1465103969.850000,1465103970.514101,1465103975.515463,1465103975.601000
938,1465103969.851000,1465103970.845218,1465103975.846629,1465103975.917000
939,1465103969.851000,1465103970.555393,1465103975.556645,1465103975.626000
940,1465103969.851000,1465103970.841210,1465103975.843127,1465103975.925000
941,1465103969.851000,1465103970.571662,1465103975.573254,1465103975.652000
942,1465103969.851000,1465103970.564768,1465103975.566518,1465103975.645000
943,1465103969.852000,1465103970.546881,1465103975.548424,1465103975.634000
944,1465103969.852000,1465103970.803977,1465103975.805180,1465103975.884000
945,1465103969.852000,1465103970.569154,1465103975.570413,1465103975.649000
946,1465103969.852000,1465103970.566484,1465103975.568378,1465103975.644000
947,1465103969.852000,0.000000,0.000000,0.000000
948,1465103969.852000,1465103970.882755,1465103975.884026,1465103975.952000
949,1465103969.852000,1465103970.558938,1465103975.560185,1465103975.649000
950,1465103969.853000,1465103970.785894,1465103975.787361,1465103975.875000
951,1465103969.853000,1465103970.583028,1465103975.584227,1465103975.654000
952,1465103969.854000,1465103970.818594,1465103975.819913,1465103975.896000
953,1465103969.854000,1465103970.571043,1465103975.572673,1465103975.654000
954,1465103969.854000,1465103970.562620,1465103975.564631,1465103975.650000
955,1465103969.854000,1465103970.561492,1465103975.574508,1465103975.660000
956,1465103969.854000,1465103970.536913,1465103975.538991,1465103975.621000
957,1465103969.854000,1465103970.564331,1465103975.565539,1465103975.657000
958,1465103969.855000,1465103970.551048,1465103975.552269,1465103975.638000
959,1465103969.855000,1465103970.541147,1465103975.542504,1465103975.620000
960,1465103969.855000,1465103970.565649,1465103975.567168,1465103975.635000
961,1465103969.855000,1465103970.479386,1465103975.495826,1465103975.583000
962,1465103969.855000,1465103970.525425,1465103975.526642,1465103975.621000
963,1465103969.856000,0.000000,0.000000,0.000000
964,1465103969.856000,1465103970.560108,1465103975.561505,1465103975.642000
965,1465103969.857000,1465103970.531768,1465103975.533249,1465103975.636000
966,1465103969.857000,1465103970.860734,1465103975.861985,1465103975.941000
967,1465103969.857000,1465103970.525411,1465103975.527039,1465103975.633000
968,1465103969.857000,1465103970.574972,1465103975.577373,1465103975.657000
969,1465103969.857000,1465103970.535026,1465103975.536313,1465103975.640000
970,1465103969.857000,1465103970.518005,1465103975.532231,1465103975.616000
971,1465103969.857000,1465103970.585813,1465103975.587091,1465103975.646000
972,1465103969.857000,1465103970.539778,1465103975.540944,1465103975.626000
973,1465103969.857000,1465103970.778501,1465103975.787001,1465103975.866000
974,1465103969.858000,1465103970.820867,1465103975.822106,1465103975.926000
975,1465103969.860000,1465103970.574185,1465103975.577281,1465103975.653000
976,1465103969.860000,1465103970.523680,1465103975.525220,1465103975.601000
977,1465103969.860000,0.000000,0.000000,0.000000
978,1465103969.864000,1465103970.555745,1465103975.556914,1465103975.634000
979,1465103969.864000,1465103970.507321,1465103975.508703,1465103975.583000
980,1465103969.864000,1465103970.861712,1465103975.863194,1465103975.942000
981,1465103969.864000,1465103970.516328,1465103975.517629,1465103975.605000
982,1465103969.865000,1465103970.566728,1465103975.568095,1465103975.644000
983,1465103969.867000,1465103970.580438,1465103975.594703,1465103975.672000
984,1465103969.867000,1465103970.593927,1465103975.595122,1465103975.653000
985,1465103969.867000,1465103970.585639,1465103975.586966,1465103975.653000
986,1465103969.867000,1465103970.566882,1465103975.568951,1465103975.646000
987,1465103969.868000,1465103970.555325,1465103975.556998,1465103975.638000
988,1465103969.868000,1465103970.563810,1465103975.565092,1465103975.642000
989,1465103969.869000,1465103970.511072,1465103975.512424,1465103975.603000
990,1465103969.870000,1465103970.539166,1465103975.540676,1465103975.628000
991,1465103969.871000,1465103970.493130,1465103975.494376,1465103975.589000
992,1465103969.871000,1465103970.559343,1465103975.560975,1465103975.648000
993,1465103969.871000,1465103970.567416,1465103975.568669,1465103975.654000
994,1465103969.871000,1465103970.568335,1465103975.569618,1465103975.648000
995,1465103969.872000,1465103970.508125,1465103975.509351,1465103975.595000
996,1465103969.872000,1465103970.813030,1465103975.814665,1465103975.891000
997,1465103969.873000,1465103970.575154,1465103975.581192,1465103975.657000
998,1465103969.873000,1465103970.859732,1465103975.860917,1465103975.939000
999,1465103969.873000,1465103970.807056,1465103975.808533,1465103975.889000
