0,1465103852.770000,1465103853.515971,1465103858.530435,1465103858.612000
1,1465103852.770000,1465103853.434687,1465103858.435941,1465103858.518000
2,1465103852.770000,1465103853.438574,1465103858.440460,1465103858.528000
3,1465103852.770000,1465103853.474616,1465103858.475822,1465103858.568000
4,1465103852.770000,1465103853.406968,1465103858.408510,1465103858.496000
5,1465103852.770000,1465103853.420096,1465103858.421336,1465103858.514000
6,1465103852.770000,1465103853.500500,1465103858.510326,1465103858.591000
7,1465103852.770000,1465103853.514313,1465103858.517725,1465103858.610000
8,1465103852.770000,1465103853.441053,1465103858.442330,1465103858.521000
9,1465103852.770000,1465103853.449504,1465103858.450969,1465103858.522000
10,1465103852.770000,1465103853.515233,1465103858.517306,1465103858.598000
11,1465103852.771000,1465103853.547038,1465103858.549120,1465103858.629000
12,1465103852.771000,1465103853.736377,1465103858.737789,1465103858.825000
13,1465103852.771000,1465103853.417493,1465103858.419039,1465103858.500000
14,1465103852.771000,1465103853.455991,1465103858.457306,1465103858.537000
15,1465103852.771000,1465103853.538637,1465103858.540285,1465103858.628000
16,1465103852.771000,1465103853.510420,1465103858.511841,1465103858.588000
17,1465103852.771000,1465103853.414809,1465103858.416458,1465103858.508000
18,1465103852.771000,1465103853.416798,1465103858.418392,1465103858.500000
19,1465103852.771000,1465103853.417772,1465103858.419517,1465103858.499000
20,1465103852.771000,1465103853.462355,1465103858.464161,1465103858.544000
21,1465103852.771000,1465103853.443371,1465103858.445011,1465103858.524000
22,1465103852.771000,1465103853.456112,1465103858.457772,1465103858.538000
23,1465103852.771000,1465103853.421579,1465103858.422826,1465103858.502000
24,1465103852.771000,1465103853.404654,1465103858.406163,1465103858.499000
25,1465103852.771000,1465103853.499852,1465103858.502278,1465103858.589000
26,1465103852.772000,1465103853.452762,1465103858.454397,1465103858.521000
27,1465103852.772000,1465103853.442271,1465103858.443958,1465103858.520000
28,1465103852.772000,1465103853.502849,1465103858.504841,1465103858.580000
29,1465103852.772000,1465103853.711914,1465103858.713114,1465103858.791000
30,1465103852.772000,1465103853.486180,1465103858.487729,1465103858.570000
31,1465103852.773000,1465103853.506751,1465103858.508823,1465103858.597000
32,1465103852.774000,1465103853.742333,1465103858.743613,1465103858.823000
33,1465103852.774000,1465103853.416930,1465103858.418494,1465103858.506000
34,1465103852.774000,1465103853.748375,1465103858.750589,1465103858.826000
35,1465103852.774000,1465103853.473726,1465103858.474965,1465103858.561000
36,1465103852.774000,1465103853.422182,1465103858.423642,1465103858.506000
37,1465103852.774000,1465103853.415005,1465103858.416271,1465103858.494000
38,1465103852.776000,1465103853.473233,1465103858.474758,1465103858.557000
39,1465103852.777000,1465103853.505457,1465103858.506586,1465103858.586000
40,1465103852.777000,1465103853.437382,1465103858.438824,1465103858.526000
41,1465103852.777000,1465103853.528097,1465103858.529343,1465103858.610000
42,1465103852.777000,1465103853.480288,1465103858.481592,1465103858.570000
43,1465103852.777000,1465103853.710983,1465103858.712268,1465103858.792000
44,1465103852.777000,1465103853.438496,1465103858.444128,1465103858.523000
45,1465103852.778000,1465103853.725768,1465103858.727246,1465103858.803000
46,1465103852.778000,1465103853.472575,1465103858.474173,1465103858.555000
47,1465103852.778000,1465103853.415945,1465103858.417117,1465103858.526000
48,1465103852.778000,1465103853.519481,1465103858.520721,1465103858.608000
49,1465103852.778000,1465103853.466638,1465103858.467891,1465103858.557000
50,1465103852.778000,1465103853.454958,1465103858.456172,1465103858.545000
51,1465103852.778000,1465103853.484201,1465103858.486626,1465103858.568000
52,1465103852.778000,1465103853.833778,1465103858.835010,1465103858.921000
53,1465103852.780000,1465103853.467053,1465103858.468409,1465103858.551000
54,1465103852.780000,1465103853.441476,1465103858.460292,1465103858.535000
55,1465103852.780000,1465103853.435196,1465103858.452011,1465103858.539000
56,1465103852.781000,1465103853.498448,1465103858.499619,1465103858.566000
57,1465103852.781000,1465103853.754237,1465103858.755637,1465103858.826000
58,1465103852.782000,1465103853.507319,1465103858.508519,1465103858.597000
59,1465103852.785000,1465103853.444746,1465103858.445948,1465103858.527000
60,1465103852.785000,1465103853.696416,1465103858.697798,1465103858.790000
61,1465103852.785000,1465103853.744892,1465103858.746156,1465103858.819000
62,1465103852.785000,1465103853.506645,1465103858.507818,1465103858.600000
63,1465103852.785000,1465103853.803955,1465103858.805115,1465103858.882000
64,1465103852.786000,1465103853.411346,1465103858.413133,1465103858.494000
65,1465103852.786000,1465103853.455383,1465103858.457491,1465103858.546000
66,1465103852.786000,1465103853.759339,1465103858.760509,1465103858.831000
67,1465103852.786000,1465103853.533826,1465103858.535143,1465103858.623000
68,1465103852.786000,1465103853.757696,1465103858.758961,1465103858.838000
69,1465103852.786000,1465103853.495358,1465103858.497195,1465103858.578000
70,1465103852.786000,1465103853.801121,1465103858.802544,1465103858.875000
71,1465103852.786000,0.000000,0.000000,0.000000
72,1465103852.786000,1465103853.713178,1465103858.714543,1465103858.804000
73,1465103852.786000,1465103853.750388,1465103858.751583,1465103858.830000
74,1465103852.786000,1465103853.411684,1465103858.413180,1465103858.480000
75,1465103852.786000,1465103853.487802,1465103858.490220,1465103858.557000
76,1465103852.787000,1465103853.725983,1465103858.727537,1465103858.804000
77,1465103852.787000,1465103853.514599,1465103858.515891,1465103858.617000
78,1465103852.787000,1465103853.481369,1465103858.482703,1465103858.579000
79,1465103852.787000,1465103853.484241,1465103858.485798,1465103858.568000
80,1465103852.787000,1465103853.462630,1465103858.463865,1465103858.542000
81,1465103852.787000,1465103853.459001,1465103858.460324,1465103858.548000
82,1465103852.787000,1465103853.411393,1465103858.413066,1465103858.492000
83,1465103852.787000,1465103853.541383,1465103858.542742,1465103858.610000
84,1465103852.787000,1465103853.415517,1465103858.417058,1465103858.496000
85,1465103852.787000,1465103853.501822,1465103858.511358,1465103858.593000
86,1465103852.787000,1465103853.446168,1465103858.447447,1465103858.526000
87,1465103852.787000,1465103853.507300,1465103858.511275,1465103858.600000
88,1465103852.787000,1465103853.756164,1465103858.757423,1465103858.838000
89,1465103852.787000,1465103853.442788,1465103858.444043,1465103858.529000
90,1465103852.787000,1465103855.323263,1465103860.324591,1465103860.404000
91,1465103852.787000,1465103853.496345,1465103858.497625,1465103858.576000
92,1465103852.787000,1465103853.741176,1465103858.742459,1465103858.823000
93,1465103852.787000,1465103853.469268,1465103858.470535,1465103858.561000
94,1465103852.787000,1465103853.536403,1465103858.537757,1465103858.616000
95,1465103852.787000,1465103853.717272,1465103858.718585,1465103858.797000
96,1465103852.788000,1465103853.509535,1465103858.510981,1465103858.582000
97,1465103852.788000,1465103853.455973,1465103858.457205,1465103858.549000
98,1465103852.788000,1465103853.741929,1465103858.743273,1465103858.830000
99,1465103852.788000,1465103853.470736,1465103858.490161,1465103858.557000
100,1465103852.788000,1465103853.468569,1465103858.469887,1465103858.537000
101,1465103852.788000,1465103853.458978,1465103858.460204,1465103858.538000
102,1465103852.788000,1465103853.433280,1465103858.434517,1465103858.517000
103,1465103852.788000,1465103853.479912,1465103858.481413,1465103858.541000
104,1465103852.788000,1465103853.736918,1465103858.738308,1465103858.824000
105,1465103852.788000,1465103853.471753,1465103858.475965,1465103858.557000
106,1465103852.789000,1465103853.465210,1465103858.466593,1465103858.546000
107,1465103852.789000,1465103853.511583,1465103858.512730,1465103858.583000
108,1465103852.790000,1465103855.329787,1465103860.331499,1465103860.404000
109,1465103852.795000,1465103853.448748,1465103858.450032,1465103858.560000
110,1465103852.798000,1465103853.441358,1465103858.442587,1465103858.531000
111,1465103852.798000,1465103853.424010,1465103858.425624,1465103858.522000
112,1465103852.798000,1465103853.462571,1465103858.469184,1465103858.550000
113,1465103852.798000,1465103853.480238,1465103858.481532,1465103858.569000
114,1465103852.799000,1465103853.493755,1465103858.495136,1465103858.573000
115,1465103852.799000,1465103853.822266,1465103858.824175,1465103858.903000
116,1465103852.799000,1465103853.767248,1465103858.768463,1465103858.860000
117,1465103852.799000,1465103853.739993,1465103858.741288,1465103858.822000
118,1465103852.799000,1465103853.758731,1465103858.760286,1465103858.862000
119,1465103852.799000,1465103853.734035,1465103858.735522,1465103858.812000
120,1465103852.799000,1465103853.427684,1465103858.428869,1465103858.538000
121,1465103852.800000,1465103853.782886,1465103858.784202,1465103858.863000
122,1465103852.800000,1465103853.770628,1465103858.771849,1465103858.859000
123,1465103852.800000,1465103853.493639,1465103858.495306,1465103858.562000
124,1465103852.800000,1465103853.420378,1465103858.421973,1465103858.501000
125,1465103852.801000,1465103853.512789,1465103858.523823,1465103858.616000
126,1465103852.801000,1465103853.717009,1465103858.718198,1465103858.796000
127,1465103852.801000,1465103853.776774,1465103858.778175,1465103858.857000
128,1465103852.801000,1465103853.748819,1465103858.761554,1465103858.838000
129,1465103852.801000,1465103853.739460,1465103858.740809,1465103858.817000
130,1465103852.801000,1465103853.481725,1465103858.482910,1465103858.567000
131,1465103852.801000,1465103853.499123,1465103858.510562,1465103858.592000
132,1465103852.801000,1465103853.760613,1465103858.762216,1465103858.839000
133,1465103852.801000,1465103853.495850,1465103858.497647,1465103858.578000
134,1465103852.801000,1465103853.738988,1465103858.740403,1465103858.817000
135,1465103852.801000,1465103853.447570,1465103858.449492,1465103858.535000
136,1465103852.801000,1465103853.722832,1465103858.724086,1465103858.810000
137,1465103852.802000,1465103853.498143,1465103858.499452,1465103858.579000
138,1465103852.802000,1465103855.304774,1465103860.306276,1465103860.384000
139,1465103852.802000,1465103853.787064,1465103858.788368,1465103858.877000
140,1465103852.802000,1465103853.739201,1465103858.740410,1465103858.825000
141,1465103852.802000,1465103853.740410,1465103858.741662,1465103858.826000
142,1465103852.802000,1465103853.502398,1465103858.504260,1465103858.585000
143,1465103852.802000,1465103853.765062,1465103858.766411,1465103858.852000
144,1465103852.802000,1465103853.502291,1465103858.507198,1465103858.589000
145,1465103852.802000,1465103855.326065,1465103860.327301,1465103860.408000
146,1465103852.802000,1465103853.452716,1465103858.454166,1465103858.536000
147,1465103852.802000,1465103853.430309,1465103858.431829,1465103858.517000
148,1465103852.803000,1465103853.497524,1465103858.498843,1465103858.565000
149,1465103852.803000,1465103853.735088,1465103858.736378,1465103858.846000
150,1465103852.804000,1465103853.460641,1465103858.465388,1465103858.536000
151,1465103852.804000,1465103853.743241,1465103858.744563,1465103858.821000
152,1465103852.804000,1465103853.756901,1465103858.758245,1465103858.868000
153,1465103852.804000,1465103853.757918,1465103858.759319,1465103858.820000
154,1465103852.804000,1465103853.754304,1465103858.755510,1465103858.834000
155,1465103852.804000,1465103853.501285,1465103858.502579,1465103858.591000
156,1465103852.804000,1465103853.757107,1465103858.758514,1465103858.818000
157,1465103852.804000,1465103853.461266,1465103858.475611,1465103858.563000
158,1465103852.804000,1465103853.457647,1465103858.458915,1465103858.539000
159,1465103852.804000,1465103853.515652,1465103858.517641,1465103858.595000
160,1465103852.804000,1465103853.740497,1465103858.741730,1465103858.813000
161,1465103852.804000,1465103853.722395,1465103858.723554,1465103858.800000
162,1465103852.804000,1465103853.751691,1465103858.752909,1465103858.838000
163,1465103852.804000,1465103853.443425,1465103858.444840,1465103858.536000
164,1465103852.805000,1465103853.485536,1465103858.487302,1465103858.554000
165,1465103852.806000,1465103853.472834,1465103858.474477,1465103858.568000
166,1465103852.806000,1465103853.716763,1465103858.718056,1465103858.799000
167,1465103852.806000,1465103853.445519,1465103858.446699,1465103858.535000
168,1465103852.806000,1465103853.813725,1465103858.815107,1465103858.912000
169,1465103852.806000,1465103853.489597,1465103858.490859,1465103858.573000
170,1465103852.806000,1465103853.477737,1465103858.480298,1465103858.556000
171,1465103852.806000,1465103853.487940,1465103858.489529,1465103858.556000
172,1465103852.806000,1465103853.734504,1465103858.735815,1465103858.809000
173,1465103852.806000,1465103853.532743,1465103858.534219,1465103858.622000
174,1465103852.806000,1465103853.725234,1465103858.726767,1465103858.807000
175,1465103852.806000,1465103853.458429,1465103858.460126,1465103858.548000
176,1465103852.807000,1465103853.503748,1465103858.506909,1465103858.584000
177,1465103852.807000,1465103853.510404,1465103858.512989,1465103858.579000
178,1465103852.807000,1465103853.771268,1465103858.772443,1465103858.849000
179,1465103852.807000,0.000000,0.000000,0.000000
180,1465103852.807000,1465103853.739894,1465103858.741070,1465103858.851000
181,1465103852.807000,1465103853.492726,1465103858.503614,1465103858.583000
182,1465103852.807000,1465103853.783031,1465103858.784205,1465103858.855000
183,1465103852.807000,1465103853.737621,1465103858.739084,1465103858.816000
184,1465103852.807000,0.000000,0.000000,0.000000
185,1465103852.807000,1465103853.765020,1465103858.766250,1465103858.843000
186,1465103852.807000,1465103853.767573,1465103858.769465,1465103858.862000
187,1465103852.807000,1465103853.760070,1465103858.763305,1465103858.855000
188,1465103852.807000,1465103853.756144,1465103858.757389,1465103858.838000
189,1465103852.807000,1465103853.488982,1465103858.490479,1465103858.578000
190,1465103852.807000,1465103853.724536,1465103858.733927,1465103858.821000
191,1465103852.807000,1465103853.729358,1465103858.730672,1465103858.823000
192,1465103852.807000,1465103853.516596,1465103858.518151,1465103858.607000
193,1465103852.807000,1465103853.824260,1465103858.825491,1465103858.903000
194,1465103852.807000,1465103853.519135,1465103858.520391,1465103858.587000
195,1465103852.807000,1465103853.515038,1465103858.517642,1465103858.599000
196,1465103852.807000,1465103853.504754,1465103858.506545,1465103858.588000
197,1465103852.807000,1465103853.761150,1465103858.762566,1465103858.842000
198,1465103852.807000,1465103853.814194,1465103858.815476,1465103858.887000
199,1465103852.807000,1465103853.479494,1465103858.480935,1465103858.560000
200,1465103852.807000,1465103853.793869,1465103858.795211,1465103858.873000
201,1465103852.807000,1465103853.502527,1465103858.503991,1465103858.584000
202,1465103852.807000,1465103853.512737,1465103858.513928,1465103858.580000
203,1465103852.807000,1465103853.455550,1465103858.456716,1465103858.538000
204,1465103852.807000,1465103853.739977,1465103858.741212,1465103858.820000
205,1465103852.807000,1465103853.768778,1465103858.770280,1465103858.849000
206,1465103852.807000,1465103853.452366,1465103858.453632,1465103858.545000
207,1465103852.807000,1465103853.447832,1465103858.449361,1465103858.539000
208,1465103852.807000,1465103853.794144,1465103858.795468,1465103858.866000
209,1465103852.808000,1465103853.807768,1465103858.808961,1465103858.879000
210,1465103852.808000,1465103853.537648,1465103858.539229,1465103858.606000
211,1465103852.808000,1465103853.770935,1465103858.772105,1465103858.865000
212,1465103852.808000,1465103853.776932,1465103858.778357,1465103858.856000
213,1465103852.808000,1465103853.778456,1465103858.779627,1465103858.852000
214,1465103852.808000,1465103853.477704,1465103858.479129,1465103858.565000
215,1465103852.808000,1465103853.460859,1465103858.462729,1465103858.572000
216,1465103852.808000,1465103853.399218,1465103858.400707,1465103858.510000
217,1465103852.808000,1465103853.834060,1465103858.835330,1465103858.923000
218,1465103852.808000,1465103853.464911,1465103858.466237,1465103858.554000
219,1465103852.808000,1465103853.710761,1465103858.711938,1465103858.782000
220,1465103852.808000,1465103853.706901,1465103858.708253,1465103858.793000
221,1465103852.808000,1465103853.822672,1465103858.824097,1465103858.902000
222,1465103852.808000,1465103853.750513,1465103858.751960,1465103858.837000
223,1465103852.808000,1465103853.748020,1465103858.749293,1465103858.827000
224,1465103852.808000,1465103853.504571,1465103858.520376,1465103858.596000
225,1465103852.808000,1465103853.449205,1465103858.450502,1465103858.529000
226,1465103852.808000,1465103853.764135,1465103858.765709,1465103858.842000
227,1465103852.808000,1465103853.787836,1465103858.788990,1465103858.899000
228,1465103852.808000,1465103853.438184,1465103858.439574,1465103858.549000
229,1465103852.808000,1465103853.783160,1465103858.784421,1465103858.864000
230,1465103852.808000,1465103853.799111,1465103858.800359,1465103858.879000
231,1465103852.808000,1465103853.505904,1465103858.507300,1465103858.585000
232,1465103852.808000,0.000000,0.000000,0.000000
233,1465103852.808000,1465103853.510097,1465103858.511741,1465103858.593000
234,1465103852.808000,1465103853.475400,1465103858.476674,1465103858.572000
235,1465103852.808000,1465103853.765943,1465103858.767199,1465103858.841000
236,1465103852.808000,1465103853.500494,1465103858.505398,1465103858.593000
237,1465103852.808000,1465103853.767647,1465103858.769043,1465103858.835000
238,1465103852.808000,1465103853.491515,1465103858.492779,1465103858.575000
239,1465103852.808000,1465103853.533343,1465103858.534619,1465103858.615000
240,1465103852.808000,1465103853.801893,1465103858.803183,1465103858.888000
241,1465103852.809000,1465103853.753229,1465103858.754825,1465103858.826000
242,1465103852.809000,1465103853.519916,1465103858.521378,1465103858.623000
243,1465103852.809000,1465103853.766992,1465103858.768258,1465103858.845000
244,1465103852.809000,1465103853.486666,1465103858.488007,1465103858.567000
245,1465103852.809000,1465103853.476168,1465103858.483792,1465103858.563000
246,1465103852.809000,1465103853.492347,1465103858.493560,1465103858.582000
247,1465103852.809000,1465103853.522528,1465103858.524180,1465103858.597000
248,1465103852.809000,1465103853.512677,1465103858.513947,1465103858.581000
249,1465103852.809000,1465103853.516129,1465103858.517753,1465103858.600000
250,1465103852.809000,1465103853.760479,1465103858.761841,1465103858.854000
251,1465103852.809000,1465103853.455370,1465103858.457491,1465103858.547000
252,1465103852.809000,1465103853.476778,1465103858.478180,1465103858.559000
253,1465103852.809000,1465103853.804745,1465103858.806065,1465103858.885000
254,1465103852.809000,1465103853.793527,1465103858.794773,1465103858.881000
255,1465103852.809000,1465103853.547596,1465103858.549233,1465103858.610000
256,1465103852.809000,1465103853.759456,1465103858.760923,1465103858.828000
257,1465103852.809000,1465103853.469096,1465103858.470344,1465103858.549000
258,1465103852.809000,1465103853.767573,1465103858.783036,1465103858.875000
259,1465103852.809000,1465103855.301147,1465103860.302684,1465103860.384000
260,1465103852.809000,1465103853.728867,1465103858.730352,1465103858.810000
261,1465103852.810000,1465103853.504298,1465103858.505584,1465103858.593000
262,1465103852.810000,1465103853.718042,1465103858.728597,1465103858.814000
263,1465103852.811000,1465103853.515411,1465103858.535814,1465103858.624000
264,1465103852.813000,1465103853.433056,1465103858.434350,1465103858.522000
265,1465103852.820000,1465103853.758609,1465103858.760469,1465103858.863000
266,1465103852.820000,1465103853.506084,1465103858.509123,1465103858.605000
267,1465103852.820000,1465103853.731023,1465103858.732359,1465103858.810000
268,1465103852.828000,1465103853.721106,1465103858.722386,1465103858.800000
269,1465103852.829000,1465103853.770356,1465103858.771545,1465103858.850000
270,1465103852.829000,1465103853.494055,1465103858.496092,1465103858.562000
271,1465103852.829000,1465103853.535392,1465103858.536596,1465103858.625000
272,1465103852.829000,1465103853.446147,1465103858.447607,1465103858.525000
273,1465103852.829000,1465103853.520830,1465103858.522264,1465103858.589000
274,1465103852.829000,1465103853.470593,1465103858.471896,1465103858.557000
275,1465103852.829000,1465103853.501478,1465103858.502639,1465103858.599000
276,1465103852.829000,1465103853.531423,1465103858.532757,1465103858.604000
277,1465103852.829000,1465103853.746627,1465103858.747828,1465103858.826000
278,1465103852.829000,1465103853.449495,1465103858.451057,1465103858.537000
279,1465103852.829000,1465103853.722014,1465103858.723830,1465103858.800000
280,1465103852.830000,1465103853.479781,1465103858.481036,1465103858.562000
281,1465103852.831000,1465103853.481533,1465103858.482842,1465103858.564000
282,1465103852.831000,1465103853.795628,1465103858.796839,1465103858.878000
283,1465103852.831000,1465103853.460823,1465103858.462018,1465103858.544000
284,1465103852.832000,1465103853.491428,1465103858.508767,1465103858.594000
285,1465103852.832000,1465103853.495297,1465103858.496518,1465103858.584000
286,1465103852.832000,1465103853.459562,1465103858.461057,1465103858.556000
287,1465103852.832000,1465103853.521895,1465103858.523041,1465103858.610000
288,1465103852.832000,0.000000,0.000000,0.000000
289,1465103852.832000,0.000000,0.000000,0.000000
290,1465103852.832000,1465103853.503392,1465103858.504776,1465103858.585000
291,1465103852.832000,1465103853.531598,1465103858.532959,1465103858.621000
292,1465103852.832000,1465103853.489768,1465103858.491099,1465103858.577000
293,1465103852.832000,1465103853.766449,1465103858.767812,1465103858.857000
294,1465103852.832000,1465103853.517193,1465103858.519364,1465103858.598000
295,1465103852.833000,1465103853.822440,1465103858.823675,1465103858.925000
296,1465103852.833000,1465103853.747270,1465103858.748500,1465103858.826000
297,1465103852.833000,1465103853.490269,1465103858.491444,1465103858.577000
298,1465103852.833000,1465103855.321456,1465103860.323382,1465103860.402000
299,1465103852.833000,1465103853.488130,1465103858.489481,1465103858.556000
300,1465103852.834000,1465103853.461166,1465103858.462726,1465103858.572000
301,1465103852.834000,1465103853.810907,1465103858.812200,1465103858.898000
302,1465103852.834000,1465103853.476526,1465103858.478084,1465103858.573000
303,1465103852.834000,1465103853.433201,1465103858.440591,1465103858.517000
304,1465103852.835000,1465103853.432032,1465103858.433298,1465103858.513000
305,1465103852.835000,1465103853.766818,1465103858.768613,1465103858.856000
306,1465103852.835000,1465103853.507051,1465103858.508269,1465103858.595000
307,1465103852.835000,1465103853.450191,1465103858.451369,1465103858.562000
308,1465103852.835000,1465103853.486733,1465103858.487983,1465103858.567000
309,1465103852.835000,1465103853.444262,1465103858.445579,1465103858.526000
310,1465103852.835000,1465103853.520830,1465103858.530260,1465103858.597000
311,1465103852.835000,1465103853.490390,1465103858.491579,1465103858.578000
312,1465103852.835000,1465103853.505110,1465103858.506561,1465103858.578000
313,1465103852.836000,1465103853.524661,1465103858.527788,1465103858.610000
314,1465103852.836000,1465103853.797605,1465103858.798815,1465103858.870000
315,1465103852.836000,1465103853.473537,1465103858.474878,1465103858.563000
316,1465103852.836000,1465103853.732364,1465103858.733581,1465103858.812000
317,1465103852.836000,1465103853.473198,1465103858.474462,1465103858.541000
318,1465103852.836000,1465103853.515493,1465103858.516643,1465103858.612000
319,1465103852.836000,1465103853.739212,1465103858.740474,1465103858.813000
320,1465103852.836000,1465103855.300093,1465103860.301311,1465103860.411000
321,1465103852.837000,1465103853.475103,1465103858.476399,1465103858.555000
322,1465103852.837000,1465103853.474176,1465103858.475378,1465103858.546000
323,1465103852.837000,1465103853.817194,1465103858.818673,1465103858.894000
324,1465103852.837000,1465103853.440763,1465103858.446957,1465103858.543000
325,1465103852.837000,1465103853.439473,1465103858.441179,1465103858.529000
326,1465103852.838000,1465103853.522888,1465103858.524269,1465103858.605000
327,1465103852.838000,1465103853.483453,1465103858.484870,1465103858.572000
328,1465103852.838000,1465103853.514941,1465103858.523301,1465103858.616000
329,1465103852.838000,1465103853.777220,1465103858.778465,1465103858.849000
330,1465103852.838000,1465103853.506071,1465103858.507329,1465103858.578000
331,1465103852.838000,1465103853.546269,1465103858.564456,1465103858.644000
332,1465103852.838000,1465103853.523914,1465103858.525173,1465103858.605000
333,1465103852.839000,1465103853.488237,1465103858.489917,1465103858.572000
334,1465103852.839000,1465103853.779229,1465103858.780475,1465103858.859000
335,1465103852.839000,1465103853.800714,1465103858.802597,1465103858.905000
336,1465103852.839000,1465103853.458474,1465103858.460270,1465103858.555000
337,1465103852.840000,1465103853.460466,1465103858.461669,1465103858.543000
338,1465103852.840000,1465103853.458775,1465103858.460176,1465103858.542000
339,1465103852.840000,1465103855.273688,1465103860.275201,1465103860.385000
340,1465103852.840000,1465103853.766175,1465103858.767466,1465103858.848000
341,1465103852.840000,1465103853.529804,1465103858.531112,1465103858.598000
342,1465103852.840000,1465103853.800940,1465103858.802252,1465103858.883000
343,1465103852.840000,1465103853.469005,1465103858.470313,1465103858.550000
344,1465103852.840000,1465103853.497376,1465103858.498678,1465103858.578000
345,1465103852.841000,1465103853.488560,1465103858.489802,1465103858.571000
346,1465103852.841000,1465103853.793091,1465103858.794996,1465103858.884000
347,1465103852.841000,1465103853.788701,1465103858.789933,1465103858.862000
348,1465103852.841000,1465103853.557467,1465103858.559089,1465103858.626000
349,1465103852.842000,1465103853.484693,1465103858.486575,1465103858.568000
350,1465103852.842000,1465103853.514079,1465103858.534287,1465103858.612000
351,1465103852.842000,1465103853.734770,1465103858.736039,1465103858.838000
352,1465103852.842000,1465103853.473968,1465103858.475999,1465103858.555000
353,1465103852.842000,1465103853.456043,1465103858.457301,1465103858.566000
354,1465103852.842000,1465103853.429356,1465103858.430850,1465103858.518000
355,1465103852.842000,1465103853.501410,1465103858.502981,1465103858.580000
356,1465103852.842000,1465103853.795085,1465103858.796240,1465103858.873000
357,1465103852.843000,1465103853.498793,1465103858.500923,1465103858.588000
358,1465103852.843000,1465103853.768786,1465103858.770098,1465103858.857000
359,1465103852.843000,1465103853.737143,1465103858.738461,1465103858.818000
360,1465103852.843000,1465103853.461541,1465103858.462784,1465103858.529000
361,1465103852.844000,1465103853.767397,1465103858.786025,1465103858.866000
362,1465103852.844000,1465103853.501973,1465103858.504341,1465103858.586000
363,1465103852.844000,1465103853.802935,1465103858.804137,1465103858.882000
364,1465103852.845000,1465103853.529129,1465103858.530622,1465103858.608000
365,1465103852.844000,1465103853.533133,1465103858.550072,1465103858.617000
366,1465103852.845000,1465103853.497617,1465103858.498832,1465103858.595000
367,1465103852.844000,1465103853.782085,1465103858.783373,1465103858.868000
368,1465103852.845000,1465103853.486326,1465103858.487543,1465103858.583000
369,1465103852.844000,1465103853.455168,1465103858.468592,1465103858.549000
370,1465103852.845000,1465103853.498722,1465103858.499917,1465103858.577000
371,1465103852.845000,1465103853.531513,1465103858.533010,1465103858.624000
372,1465103852.845000,1465103853.830902,1465103858.832308,1465103858.920000
373,1465103852.845000,1465103853.477094,1465103858.478680,1465103858.566000
374,1465103852.845000,1465103853.515054,1465103858.516481,1465103858.587000
375,1465103852.845000,1465103853.733649,1465103858.734899,1465103858.828000
376,1465103852.845000,1465103853.540520,1465103858.541956,1465103858.608000
377,1465103852.846000,1465103853.514246,1465103858.515699,1465103858.595000
378,1465103852.846000,1465103853.500497,1465103858.501719,1465103858.580000
379,1465103852.846000,1465103853.496145,1465103858.497291,1465103858.592000
380,1465103852.846000,1465103853.551952,1465103858.553429,1465103858.613000
381,1465103852.846000,1465103853.512794,1465103858.515362,1465103858.611000
382,1465103852.847000,1465103853.753627,1465103858.755270,1465103858.835000
383,1465103852.847000,1465103853.550679,1465103858.552080,1465103858.630000
384,1465103852.848000,1465103853.809598,1465103858.810942,1465103858.896000
385,1465103852.848000,1465103853.816635,1465103858.817915,1465103858.892000
386,1465103852.848000,1465103853.797830,1465103858.799053,1465103858.878000
387,1465103852.848000,1465103855.328850,1465103860.330590,1465103860.407000
388,1465103852.848000,1465103853.491093,1465103858.493146,1465103858.580000
389,1465103852.848000,1465103853.507110,1465103858.508361,1465103858.568000
390,1465103852.849000,1465103853.471854,1465103858.473516,1465103858.567000
391,1465103852.849000,1465103853.510404,1465103858.512380,1465103858.579000
392,1465103852.849000,1465103853.789762,1465103858.791218,1465103858.867000
393,1465103852.849000,1465103853.469722,1465103858.472450,1465103858.555000
394,1465103852.849000,1465103853.546877,1465103858.549016,1465103858.622000
395,1465103852.849000,1465103853.506482,1465103858.507751,1465103858.589000
396,1465103852.849000,1465103853.516713,1465103858.517913,1465103858.599000
397,1465103852.849000,1465103853.525286,1465103858.526593,1465103858.607000
398,1465103852.850000,1465103853.545183,1465103858.546361,1465103858.631000
399,1465103852.850000,1465103853.518090,1465103858.519380,1465103858.597000
400,1465103852.850000,1465103853.545775,1465103858.549677,1465103858.629000
401,1465103852.850000,1465103853.481871,1465103858.483007,1465103858.577000
402,1465103852.850000,1465103853.515353,1465103858.527023,1465103858.609000
403,1465103852.851000,1465103853.769271,1465103858.771027,1465103858.851000
404,1465103852.851000,1465103853.504718,1465103858.505959,1465103858.597000
405,1465103852.851000,1465103853.540329,1465103858.542162,1465103858.623000
406,1465103852.851000,1465103853.781295,1465103858.782726,1465103858.871000
407,1465103852.851000,1465103853.467322,1465103858.468785,1465103858.547000
408,1465103852.852000,1465103853.807558,1465103858.808786,1465103858.887000
409,1465103852.852000,1465103853.496595,1465103858.518382,1465103858.607000
410,1465103852.852000,1465103853.439750,1465103858.440969,1465103858.550000
411,1465103852.852000,1465103853.500095,1465103858.501437,1465103858.589000
412,1465103852.852000,1465103853.519950,1465103858.521375,1465103858.615000
413,1465103852.853000,1465103853.487685,1465103858.489102,1465103858.571000
414,1465103852.853000,1465103853.470736,1465103858.490161,1465103858.556000
415,1465103852.853000,1465103853.507538,1465103858.509216,1465103858.590000
416,1465103852.853000,1465103853.489326,1465103858.490929,1465103858.557000
417,1465103852.853000,1465103853.824827,1465103858.826085,1465103858.907000
418,1465103852.853000,1465103853.488959,1465103858.490272,1465103858.557000
419,1465103852.853000,1465103853.808025,1465103858.809323,1465103858.891000
420,1465103852.853000,1465103853.504345,1465103858.506120,1465103858.593000
421,1465103852.853000,1465103853.541952,1465103858.543127,1465103858.621000
422,1465103852.853000,1465103853.528679,1465103858.530097,1465103858.608000
423,1465103852.854000,1465103853.752560,1465103858.755134,1465103858.836000
424,1465103852.854000,1465103853.570261,1465103858.571437,1465103858.631000
425,1465103852.854000,1465103853.539977,1465103858.541419,1465103858.619000
426,1465103852.854000,1465103853.480067,1465103858.481303,1465103858.568000
427,1465103852.855000,1465103853.483747,1465103858.485185,1465103858.567000
428,1465103852.855000,1465103853.772172,1465103858.786294,1465103858.866000
429,1465103852.855000,1465103853.483532,1465103858.484727,1465103858.563000
430,1465103852.855000,1465103853.496836,1465103858.498137,1465103858.576000
431,1465103852.855000,1465103853.831429,1465103858.832622,1465103858.911000
432,1465103852.856000,1465103853.794633,1465103858.808543,1465103858.888000
433,1465103852.855000,1465103853.481824,1465103858.483045,1465103858.564000
434,1465103852.856000,1465103853.513273,1465103858.514604,1465103858.611000
435,1465103852.856000,1465103853.751416,1465103858.752707,1465103858.840000
436,1465103852.856000,1465103853.533884,1465103858.535372,1465103858.607000
437,1465103852.856000,1465103853.524570,1465103858.525747,1465103858.611000
438,1465103852.857000,1465103853.806160,1465103858.807374,1465103858.893000
439,1465103852.857000,1465103853.537260,1465103858.538526,1465103858.618000
440,1465103852.857000,1465103853.556785,1465103858.558049,1465103858.631000
441,1465103852.857000,1465103853.506685,1465103858.508138,1465103858.604000
442,1465103852.857000,1465103853.480951,1465103858.482469,1465103858.570000
443,1465103852.857000,1465103853.490994,1465103858.492257,1465103858.577000
444,1465103852.858000,1465103853.535819,1465103858.537218,1465103858.624000
445,1465103852.858000,1465103853.505240,1465103858.511791,1465103858.600000
446,1465103852.858000,1465103853.470670,1465103858.472130,1465103858.567000
447,1465103852.859000,1465103853.509217,1465103858.510458,1465103858.599000
448,1465103852.859000,1465103853.492296,1465103858.493517,1465103858.588000
449,1465103852.859000,1465103853.492198,1465103858.493474,1465103858.585000
450,1465103852.859000,1465103853.515509,1465103858.517058,1465103858.609000
451,1465103852.859000,1465103853.793519,1465103858.795326,1465103858.884000
452,1465103852.859000,1465103853.608203,1465103858.609431,1465103858.696000
453,1465103852.859000,1465103853.458273,1465103858.459425,1465103858.569000
454,1465103852.860000,1465103853.487464,1465103858.489047,1465103858.574000
455,1465103852.860000,1465103853.553087,1465103858.554306,1465103858.631000
456,1465103852.860000,1465103853.507392,1465103858.509388,1465103858.590000
457,1465103852.860000,1465103853.539110,1465103858.540308,1465103858.628000
458,1465103852.860000,1465103853.517339,1465103858.518661,1465103858.607000
459,1465103852.860000,1465103853.814308,1465103858.815541,1465103858.894000
460,1465103852.861000,1465103853.529057,1465103858.530545,1465103858.618000
461,1465103852.861000,1465103853.505349,1465103858.506863,1465103858.594000
462,1465103852.861000,1465103853.525972,1465103858.527139,1465103858.598000
463,1465103852.861000,1465103853.549317,1465103858.551135,1465103858.634000
464,1465103852.861000,1465103853.516254,1465103858.518484,1465103858.597000
465,1465103852.861000,1465103853.559182,1465103858.561138,1465103858.632000
466,1465103852.861000,1465103853.521483,1465103858.522797,1465103858.625000
467,1465103852.862000,1465103853.511433,1465103858.512833,1465103858.598000
468,1465103852.862000,1465103853.788602,1465103858.789929,1465103858.876000
469,1465103852.862000,1465103853.544136,1465103858.545389,1465103858.634000
470,1465103852.862000,1465103853.514874,1465103858.516090,1465103858.610000
471,1465103852.863000,1465103853.470494,1465103858.481651,1465103858.563000
472,1465103852.863000,1465103853.653473,1465103858.654651,1465103858.750000
473,1465103852.863000,1465103853.498464,1465103858.499895,1465103858.588000
474,1465103852.863000,1465103853.474472,1465103858.475998,1465103858.555000
475,1465103852.863000,1465103853.553316,1465103858.554658,1465103858.621000
476,1465103852.864000,1465103853.792691,1465103858.794065,1465103858.865000
477,1465103852.864000,1465103853.519503,1465103858.520956,1465103858.609000
478,1465103852.865000,1465103853.503522,1465103858.504712,1465103858.581000
479,1465103852.865000,1465103853.519751,1465103858.521156,1465103858.602000
480,1465103852.865000,1465103853.520282,1465103858.521566,1465103858.599000
481,1465103852.865000,1465103853.633936,1465103858.635316,1465103858.714000
482,1465103852.865000,1465103853.513346,1465103858.515501,1465103858.608000
483,1465103852.866000,1465103853.459476,1465103858.460914,1465103858.548000
484,1465103852.866000,1465103853.527377,1465103858.528611,1465103858.631000
485,1465103852.866000,1465103855.327174,1465103860.335776,1465103860.424000
486,1465103852.866000,1465103853.505377,1465103858.506668,1465103858.599000
487,1465103852.866000,1465103853.493190,1465103858.494659,1465103858.574000
488,1465103852.866000,1465103853.503683,1465103858.511719,1465103858.600000
489,1465103852.866000,1465103853.536851,1465103858.538102,1465103858.616000
490,1465103852.866000,1465103853.541384,1465103858.542640,1465103858.615000
491,1465103852.866000,1465103853.528398,1465103858.529640,1465103858.610000
492,1465103852.866000,1465103853.522686,1465103858.524140,1465103858.619000
493,1465103852.866000,1465103853.501073,1465103858.502283,1465103858.587000
494,1465103852.867000,1465103853.579142,1465103858.580393,1465103858.658000
495,1465103852.867000,1465103853.572357,1465103858.585767,1465103858.673000
496,1465103852.867000,1465103853.496311,1465103858.498278,1465103858.586000
497,1465103852.867000,1465103853.538183,1465103858.539495,1465103858.625000
498,1465103852.867000,1465103853.960721,1465103858.962145,1465103859.053000
499,1465103852.867000,1465103853.569010,1465103858.570408,1465103858.637000
500,1465103852.867000,1465103853.535481,1465103858.537028,1465103858.622000
501,1465103852.867000,1465103853.698757,1465103858.699949,1465103858.772000
502,1465103852.867000,1465103853.544797,1465103858.546502,1465103858.626000
503,1465103852.867000,1465103853.529037,1465103858.530370,1465103858.609000
504,1465103852.867000,1465103853.630218,1465103858.631965,1465103858.717000
505,1465103852.867000,1465103853.525340,1465103858.526592,1465103858.605000
506,1465103852.867000,1465103853.591196,1465103858.592386,1465103858.670000
507,1465103852.867000,1465103853.525188,1465103858.527709,1465103858.610000
508,1465103852.868000,1465103853.675614,1465103858.676891,1465103858.748000
509,1465103852.868000,1465103853.556466,1465103858.557775,1465103858.618000
510,1465103852.868000,1465103853.540057,1465103858.542965,1465103858.624000
511,1465103852.868000,1465103855.500677,1465103860.502228,1465103860.569000
512,1465103852.868000,1465103853.496503,1465103858.513890,1465103858.601000
513,1465103852.868000,1465103853.512910,1465103858.514191,1465103858.602000
514,1465103852.868000,1465103853.544969,1465103858.550080,1465103858.617000
515,1465103852.868000,1465103853.482458,1465103858.484044,1465103858.563000
516,1465103852.868000,1465103853.493590,1465103858.494866,1465103858.583000
517,1465103852.868000,1465103853.651274,1465103858.671638,1465103858.759000
518,1465103852.868000,1465103853.540828,1465103858.542126,1465103858.623000
519,1465103852.868000,1465103853.590791,1465103858.592177,1465103858.688000
520,1465103852.868000,1465103853.549677,1465103858.550884,1465103858.622000
521,1465103852.868000,1465103853.531687,1465103858.533035,1465103858.606000
522,1465103852.868000,1465103853.870035,1465103858.871243,1465103858.932000
523,1465103852.868000,1465103853.534584,1465103858.535830,1465103858.617000
524,1465103852.868000,1465103853.535042,1465103858.536445,1465103858.614000
525,1465103852.868000,1465103853.551085,1465103858.552547,1465103858.612000
526,1465103852.868000,1465103853.688170,1465103858.698826,1465103858.777000
527,1465103852.868000,1465103853.495814,1465103858.497292,1465103858.575000
528,1465103852.868000,1465103853.537895,1465103858.539557,1465103858.627000
529,1465103852.868000,1465103853.522509,1465103858.523671,1465103858.602000
530,1465103852.868000,1465103853.546893,1465103858.548351,1465103858.619000
531,1465103852.868000,1465103853.940769,1465103858.942039,1465103859.020000
532,1465103852.868000,1465103853.520556,1465103858.521742,1465103858.600000
533,1465103852.868000,1465103853.830095,1465103858.831355,1465103858.919000
534,1465103852.869000,1465103853.905756,1465103858.906947,1465103858.978000
535,1465103852.869000,1465103853.474750,1465103858.476191,1465103858.559000
536,1465103852.869000,1465103853.504447,1465103858.506321,1465103858.584000
537,1465103852.869000,1465103853.548159,1465103858.566164,1465103858.646000
538,1465103852.869000,1465103853.674342,1465103858.686453,1465103858.768000
539,1465103852.869000,1465103853.531336,1465103858.532838,1465103858.621000
540,1465103852.869000,1465103853.975271,1465103858.976930,1465103859.056000
541,1465103852.869000,1465103853.547710,1465103858.549360,1465103858.628000
542,1465103852.869000,1465103853.534724,1465103858.536170,1465103858.607000
543,1465103852.869000,1465103853.534104,1465103858.535366,1465103858.616000
544,1465103852.869000,1465103853.801061,1465103858.803704,1465103858.906000
545,1465103852.869000,1465103853.544743,1465103858.545978,1465103858.626000
546,1465103852.869000,1465103853.555123,1465103858.556526,1465103858.623000
547,1465103852.869000,1465103853.559087,1465103858.560427,1465103858.621000
548,1465103852.869000,1465103853.617764,1465103858.619015,1465103858.700000
549,1465103852.869000,1465103853.941046,1465103858.942222,1465103859.020000
550,1465103852.869000,1465103853.521463,1465103858.522634,1465103858.616000
551,1465103852.869000,1465103853.478910,1465103858.480439,1465103858.568000
552,1465103852.869000,1465103853.524250,1465103858.525450,1465103858.613000
553,1465103852.869000,1465103853.504328,1465103858.506686,1465103858.589000
554,1465103852.869000,1465103853.906119,1465103858.907360,1465103858.987000
555,1465103852.869000,1465103853.912534,1465103858.914213,1465103859.001000
556,1465103852.869000,1465103853.506932,1465103858.508446,1465103858.611000
557,1465103852.870000,1465103853.525101,1465103858.526364,1465103858.618000
558,1465103852.870000,1465103853.472806,1465103858.476707,1465103858.559000
559,1465103852.870000,1465103853.960052,1465103858.975252,1465103859.085000
560,1465103852.870000,1465103853.523474,1465103858.524646,1465103858.617000
561,1465103852.870000,1465103853.547920,1465103858.549163,1465103858.616000
562,1465103852.870000,1465103853.563687,1465103858.564955,1465103858.632000
563,1465103852.870000,1465103853.639779,1465103858.641284,1465103858.720000
564,1465103852.870000,1465103853.785179,1465103858.786497,1465103858.868000
565,1465103852.870000,1465103853.514454,1465103858.515789,1465103858.587000
566,1465103852.870000,1465103853.537403,1465103858.538653,1465103858.630000
567,1465103852.870000,1465103853.491529,1465103858.492938,1465103858.580000
568,1465103852.870000,1465103853.536007,1465103858.537361,1465103858.616000
569,1465103852.870000,1465103853.650399,1465103858.651687,1465103858.740000
570,1465103852.870000,1465103853.551260,1465103858.552506,1465103858.632000
571,1465103852.870000,1465103853.560530,1465103858.561780,1465103858.642000
572,1465103852.870000,1465103853.534754,1465103858.536359,1465103858.625000
573,1465103852.870000,1465103853.541038,1465103858.544173,1465103858.630000
574,1465103852.870000,1465103853.685658,1465103858.687066,1465103858.760000
575,1465103852.870000,1465103853.569425,1465103858.570875,1465103858.658000
576,1465103852.870000,1465103853.573462,1465103858.574689,1465103858.658000
577,1465103852.870000,1465103853.514221,1465103858.531279,1465103858.619000
578,1465103852.870000,1465103853.522646,1465103858.523934,1465103858.604000
579,1465103852.870000,1465103853.515829,1465103858.535934,1465103858.624000
580,1465103852.870000,1465103853.572473,1465103858.573692,1465103858.659000
581,1465103852.870000,1465103853.538658,1465103858.540304,1465103858.618000
582,1465103852.870000,1465103853.530837,1465103858.532035,1465103858.612000
583,1465103852.870000,1465103853.549527,1465103858.551300,1465103858.629000
584,1465103852.870000,1465103853.509532,1465103858.511792,1465103858.597000
585,1465103852.870000,1465103853.625552,1465103858.631039,1465103858.720000
586,1465103852.871000,1465103853.564253,1465103858.566078,1465103858.648000
587,1465103852.871000,1465103853.689489,1465103858.697290,1465103858.774000
588,1465103852.871000,1465103853.598881,1465103858.600121,1465103858.691000
589,1465103852.871000,1465103853.511537,1465103858.512773,1465103858.579000
590,1465103852.871000,1465103853.549779,1465103858.551354,1465103858.629000
591,1465103852.871000,1465103853.558786,1465103858.560356,1465103858.630000
592,1465103852.871000,1465103853.595923,1465103858.611379,1465103858.702000
593,1465103852.871000,1465103853.548094,1465103858.549451,1465103858.615000
594,1465103852.871000,1465103853.625843,1465103858.627060,1465103858.712000
595,1465103852.871000,1465103853.573361,1465103858.574813,1465103858.642000
596,1465103852.871000,1465103853.513353,1465103858.531285,1465103858.619000
597,1465103852.871000,1465103853.499790,1465103858.502420,1465103858.584000
598,1465103852.871000,1465103853.506885,1465103858.509597,1465103858.591000
599,1465103852.871000,1465103853.527249,1465103858.528443,1465103858.622000
600,1465103852.871000,1465103853.576402,1465103858.577721,1465103858.639000
601,1465103852.871000,1465103853.654600,1465103858.655767,1465103858.743000
602,1465103852.871000,1465103853.547410,1465103858.549233,1465103858.610000
603,1465103852.871000,1465103853.689550,1465103858.691072,1465103858.767000
604,1465103852.871000,1465103853.660038,1465103858.661747,1465103858.741000
605,1465103852.871000,1465103853.549231,1465103858.550463,1465103858.645000
606,1465103852.871000,1465103853.908841,1465103858.910487,1465103858.987000
607,1465103852.871000,1465103853.680575,1465103858.681824,1465103858.755000
608,1465103852.871000,1465103853.479487,1465103858.480811,1465103858.562000
609,1465103852.871000,1465103853.520843,1465103858.522033,1465103858.610000
610,1465103852.872000,1465103853.915274,1465103858.916510,1465103858.997000
611,1465103852.872000,1465103853.547537,1465103858.551931,1465103858.625000
612,1465103852.872000,1465103853.560201,1465103858.561335,1465103858.655000
613,1465103852.872000,1465103853.552359,1465103858.553558,1465103858.632000
614,1465103852.872000,1465103853.542970,1465103858.544396,1465103858.632000
615,1465103852.872000,1465103853.545307,1465103858.546622,1465103858.628000
616,1465103852.872000,1465103853.489089,1465103858.490339,1465103858.587000
617,1465103852.872000,1465103853.574569,1465103858.575736,1465103858.647000
618,1465103852.872000,1465103853.530241,1465103858.531637,1465103858.604000
619,1465103852.872000,1465103853.548692,1465103858.552332,1465103858.634000
620,1465103852.872000,1465103853.673064,1465103858.674336,1465103858.734000
621,1465103852.872000,1465103853.635401,1465103858.636606,1465103858.726000
622,1465103852.872000,1465103853.506669,1465103858.508682,1465103858.589000
623,1465103852.872000,1465103853.647804,1465103858.649668,1465103858.725000
624,1465103852.872000,1465103853.530110,1465103858.531308,1465103858.624000
625,1465103852.872000,1465103853.622061,1465103858.623683,1465103858.706000
626,1465103852.872000,1465103853.545410,1465103858.546915,1465103858.632000
627,1465103852.872000,1465103853.514598,1465103858.516258,1465103858.594000
628,1465103852.872000,1465103853.990649,1465103858.991871,1465103859.071000
629,1465103852.872000,1465103853.516099,1465103858.517471,1465103858.605000
630,1465103852.872000,1465103853.613543,1465103858.623907,1465103858.726000
631,1465103852.872000,1465103853.508189,1465103858.509432,1465103858.603000
632,1465103852.872000,1465103853.534845,1465103858.536280,1465103858.628000
633,1465103852.873000,1465103853.590128,1465103858.591725,1465103858.671000
634,1465103852.873000,1465103853.561201,1465103858.562503,1465103858.665000
635,1465103852.873000,1465103853.513215,1465103858.514365,1465103858.599000
636,1465103852.873000,1465103853.560849,1465103858.562051,1465103858.622000
637,1465103852.873000,1465103853.660833,1465103858.662297,1465103858.750000
638,1465103852.873000,1465103853.503058,1465103858.504379,1465103858.592000
639,1465103852.873000,1465103853.534625,1465103858.535844,1465103858.603000
640,1465103852.873000,1465103854.008188,1465103859.009442,1465103859.077000
641,1465103852.873000,1465103853.504610,1465103858.523555,1465103858.625000
642,1465103852.873000,1465103853.633537,1465103858.634796,1465103858.714000
643,1465103852.873000,1465103853.608967,1465103858.610213,1465103858.677000
644,1465103852.873000,1465103853.609153,1465103858.610336,1465103858.695000
645,1465103852.873000,1465103853.916609,1465103858.917976,1465103859.004000
646,1465103852.873000,1465103853.797146,1465103858.798445,1465103858.865000
647,1465103852.873000,1465103853.491298,1465103858.492835,1465103858.581000
648,1465103852.874000,1465103853.657294,1465103858.658638,1465103858.735000
649,1465103852.874000,1465103853.509746,1465103858.511501,1465103858.592000
650,1465103852.874000,1465103853.573671,1465103858.585823,1465103858.674000
651,1465103852.874000,1465103853.565371,1465103858.566924,1465103858.649000
652,1465103852.874000,1465103853.634119,1465103858.635657,1465103858.715000
653,1465103852.874000,1465103853.582249,1465103858.583611,1465103858.672000
654,1465103852.874000,1465103853.615527,1465103858.617039,1465103858.696000
655,1465103852.874000,1465103853.529768,1465103858.531165,1465103858.611000
656,1465103852.874000,1465103853.507108,1465103858.508287,1465103858.589000
657,1465103852.874000,1465103853.548642,1465103858.551242,1465103858.633000
658,1465103852.874000,1465103853.564702,1465103858.565981,1465103858.627000
659,1465103852.874000,1465103853.482041,1465103858.483576,1465103858.560000
660,1465103852.874000,1465103853.758604,1465103858.759847,1465103858.870000
661,1465103852.874000,1465103853.625799,1465103858.627375,1465103858.706000
662,1465103852.874000,1465103853.659665,1465103858.660822,1465103858.738000
663,1465103852.874000,1465103853.539499,1465103858.541200,1465103858.624000
664,1465103852.874000,1465103853.556873,1465103858.558271,1465103858.625000
665,1465103852.874000,1465103853.655449,1465103858.657909,1465103858.740000
666,1465103852.874000,1465103853.612107,1465103858.613334,1465103858.695000
667,1465103852.874000,1465103853.477928,1465103858.479408,1465103858.567000
668,1465103852.874000,1465103853.675562,1465103858.676751,1465103858.754000
669,1465103852.874000,1465103853.905128,1465103858.906678,1465103859.017000
670,1465103852.874000,1465103853.461515,1465103858.462677,1465103858.557000
671,1465103852.875000,1465103855.504465,1465103860.505745,1465103860.587000
672,1465103852.875000,1465103853.550572,1465103858.551791,1465103858.618000
673,1465103852.875000,1465103853.533178,1465103858.534902,1465103858.602000
674,1465103852.875000,1465103853.549071,1465103858.550703,1465103858.628000
675,1465103852.875000,1465103853.538679,1465103858.544309,1465103858.625000
676,1465103852.875000,1465103853.506316,1465103858.509121,1465103858.605000
677,1465103852.875000,1465103853.514046,1465103858.515262,1465103858.603000
678,1465103852.875000,1465103853.642350,1465103858.643652,1465103858.729000
679,1465103852.875000,1465103853.533255,1465103858.535027,1465103858.613000
680,1465103852.875000,1465103853.593595,1465103858.595127,1465103858.684000
681,1465103852.875000,1465103853.562895,1465103858.564067,1465103858.631000
682,1465103852.875000,1465103853.649307,1465103858.650535,1465103858.752000
683,1465103852.875000,1465103853.663533,1465103858.664770,1465103858.725000
684,1465103852.875000,1465103853.549574,1465103858.550893,1465103858.631000
685,1465103852.875000,1465103853.551055,1465103858.552398,1465103858.632000
686,1465103852.875000,1465103853.538441,1465103858.539779,1465103858.624000
687,1465103852.875000,1465103853.670787,1465103858.672126,1465103858.733000
688,1465103852.875000,1465103853.802953,1465103858.804238,1465103858.891000
689,1465103852.875000,1465103853.992787,1465103858.995614,1465103859.083000
690,1465103852.875000,1465103853.695826,1465103858.697185,1465103858.783000
691,1465103852.875000,1465103853.532717,1465103858.534120,1465103858.626000
692,1465103852.875000,1465103853.534087,1465103858.535457,1465103858.622000
693,1465103852.875000,1465103853.567682,1465103858.569027,1465103858.642000
694,1465103852.875000,1465103853.661427,1465103858.662707,1465103858.733000
695,1465103852.875000,1465103853.637740,1465103858.639028,1465103858.700000
696,1465103852.875000,1465103853.591915,1465103858.593110,1465103858.679000
697,1465103852.876000,1465103853.586266,1465103858.587558,1465103858.648000
698,1465103852.876000,1465103853.525565,1465103858.526931,1465103858.621000
699,1465103852.876000,1465103853.619987,1465103858.621174,1465103858.703000
700,1465103852.876000,1465103853.572957,1465103858.574401,1465103858.662000
701,1465103852.876000,1465103853.615351,1465103858.616612,1465103858.702000
702,1465103852.876000,1465103853.563947,1465103858.565132,1465103858.654000
703,1465103852.876000,1465103853.655974,1465103858.657909,1465103858.740000
704,1465103852.876000,1465103853.527702,1465103858.528952,1465103858.622000
705,1465103852.876000,1465103853.577034,1465103858.578296,1465103858.651000
706,1465103852.876000,1465103853.639766,1465103858.641052,1465103858.721000
707,1465103852.876000,1465103853.676609,1465103858.677761,1465103858.765000
708,1465103852.876000,1465103853.900909,1465103858.902192,1465103858.982000
709,1465103852.876000,1465103853.936664,1465103858.938155,1465103859.014000
710,1465103852.876000,1465103853.614129,1465103858.615370,1465103858.698000
711,1465103852.876000,1465103853.651567,1465103858.652947,1465103858.725000
712,1465103852.876000,1465103853.603464,1465103858.604649,1465103858.687000
713,1465103852.876000,1465103853.676937,1465103858.678131,1465103858.770000
714,1465103852.876000,1465103853.532672,1465103858.533986,1465103858.621000
715,1465103852.876000,1465103855.515997,1465103860.517671,1465103860.594000
716,1465103852.876000,1465103853.945886,1465103858.947105,1465103859.024000
717,1465103852.876000,1465103853.687049,1465103858.690014,1465103858.777000
718,1465103852.877000,1465103853.789754,1465103858.791073,1465103858.871000
719,1465103852.877000,1465103853.534269,1465103858.543442,1465103858.635000
720,1465103852.877000,1465103853.517027,1465103858.519295,1465103858.599000
721,1465103852.877000,1465103853.536420,1465103858.548806,1465103858.629000
722,1465103852.877000,1465103853.622176,1465103858.623471,1465103858.725000
723,1465103852.877000,1465103853.604823,1465103858.606351,1465103858.694000
724,1465103852.879000,1465103853.605828,1465103858.607038,1465103858.695000
725,1465103852.882000,1465103853.863897,1465103858.865161,1465103858.954000
726,1465103852.886000,1465103853.541636,1465103858.543544,1465103858.629000
727,1465103852.910000,1465103853.937237,1465103858.938432,1465103859.017000
728,1465103852.924000,1465103853.543778,1465103858.563819,1465103858.642000
729,1465103852.925000,1465103853.674280,1465103858.675878,1465103858.752000
730,1465103852.925000,1465103853.553425,1465103858.554843,1465103858.646000
731,1465103852.925000,1465103853.593932,1465103858.595244,1465103858.663000
732,1465103852.925000,1465103853.567018,1465103858.568235,1465103858.660000
733,1465103852.925000,1465103853.954759,1465103858.955975,1465103859.034000
734,1465103852.925000,1465103853.641271,1465103858.654564,1465103858.743000
735,1465103852.925000,1465103853.675728,1465103858.677054,1465103858.765000
736,1465103852.925000,1465103853.614401,1465103858.615750,1465103858.704000
737,1465103852.925000,1465103853.620566,1465103858.621858,1465103858.708000
738,1465103852.925000,1465103853.620098,1465103858.621522,1465103858.723000
739,1465103852.925000,1465103853.572343,1465103858.573644,1465103858.640000
740,1465103852.925000,1465103853.983196,1465103858.984468,1465103859.066000
741,1465103852.926000,1465103853.647898,1465103858.649045,1465103858.726000
742,1465103852.926000,1465103853.594416,1465103858.595636,1465103858.681000
743,1465103852.926000,1465103853.630278,1465103858.631892,1465103858.717000
744,1465103852.926000,1465103853.643911,1465103858.645257,1465103858.727000
745,1465103852.927000,1465103853.649040,1465103858.657908,1465103858.739000
746,1465103852.927000,1465103853.956384,1465103858.969055,1465103859.035000
747,1465103852.927000,1465103853.625724,1465103858.627144,1465103858.688000
748,1465103852.927000,1465103853.541117,1465103858.543811,1465103858.624000
749,1465103852.927000,1465103853.621168,1465103858.622426,1465103858.707000
750,1465103852.927000,1465103853.620020,1465103858.621234,1465103858.699000
751,1465103852.927000,1465103853.652718,1465103858.654490,1465103858.734000
752,1465103852.927000,1465103853.555191,1465103858.556817,1465103858.639000
753,1465103852.927000,1465103853.583924,1465103858.585149,1465103858.674000
754,1465103852.927000,1465103853.673679,1465103858.675132,1465103858.742000
755,1465103852.927000,1465103853.698058,1465103858.699445,1465103858.780000
756,1465103852.927000,1465103853.545088,1465103858.564617,1465103858.644000
757,1465103852.927000,1465103853.595869,1465103858.597268,1465103858.664000
758,1465103852.927000,1465103853.612450,1465103858.614056,1465103858.693000
759,1465103852.927000,1465103853.558460,1465103858.559620,1465103858.647000
760,1465103852.928000,1465103853.998323,1465103858.999556,1465103859.088000
761,1465103852.929000,1465103853.550645,1465103858.551838,1465103858.641000
762,1465103852.928000,1465103853.639587,1465103858.640945,1465103858.721000
763,1465103852.928000,1465103853.940214,1465103858.941364,1465103859.022000
764,1465103852.928000,1465103853.712045,1465103858.713383,1465103858.780000
765,1465103852.928000,0.000000,0.000000,0.000000
766,1465103852.929000,1465103853.656986,1465103858.658214,1465103858.736000
767,1465103852.929000,1465103853.674046,1465103858.675262,1465103858.752000
768,1465103852.929000,1465103853.638748,1465103858.640022,1465103858.717000
769,1465103852.929000,1465103853.660208,1465103858.661628,1465103858.749000
770,1465103852.929000,1465103853.675905,1465103858.677197,1465103858.778000
771,1465103852.929000,1465103853.650125,1465103858.651404,1465103858.738000
772,1465103852.929000,1465103853.633539,1465103858.634762,1465103858.726000
773,1465103852.930000,1465103853.608744,1465103858.610152,1465103858.698000
774,1465103852.931000,1465103853.593382,1465103858.594680,1465103858.684000
775,1465103852.931000,1465103853.616052,1465103858.617597,1465103858.698000
776,1465103852.931000,1465103853.667184,1465103858.668745,1465103858.751000
777,1465103852.931000,1465103853.617407,1465103858.618633,1465103858.707000
778,1465103852.931000,1465103853.671938,1465103858.680274,1465103858.755000
779,1465103852.931000,1465103853.695230,1465103858.697742,1465103858.778000
780,1465103852.932000,1465103853.590279,1465103858.591568,1465103858.694000
781,1465103852.932000,1465103853.612160,1465103858.613897,1465103858.696000
782,1465103852.932000,1465103853.568145,1465103858.569768,1465103858.655000
783,1465103852.932000,1465103853.676477,1465103858.678290,1465103858.758000
784,1465103852.932000,1465103853.950518,1465103858.951814,1465103859.022000
785,1465103852.932000,1465103853.654184,1465103858.655460,1465103858.743000
786,1465103852.932000,1465103853.638620,1465103858.639881,1465103858.735000
787,1465103852.933000,1465103853.653247,1465103858.655368,1465103858.744000
788,1465103852.933000,1465103853.698463,1465103858.699773,1465103858.776000
789,1465103852.933000,1465103853.613155,1465103858.614356,1465103858.692000
790,1465103852.933000,1465103853.538269,1465103858.540272,1465103858.620000
791,1465103852.933000,1465103853.704067,1465103858.705343,1465103858.775000
792,1465103852.933000,1465103853.961480,1465103858.962885,1465103859.042000
793,1465103852.934000,1465103853.964403,1465103858.965663,1465103859.047000
794,1465103852.934000,1465103853.620562,1465103858.621902,1465103858.709000
795,1465103852.935000,1465103853.682571,1465103858.683840,1465103858.779000
796,1465103852.935000,1465103853.652767,1465103858.654699,1465103858.743000
797,1465103852.935000,1465103853.686675,1465103858.688160,1465103858.762000
798,1465103852.935000,1465103853.958071,1465103858.959445,1465103859.038000
799,1465103852.935000,1465103853.971430,1465103858.972743,1465103859.051000
800,1465103852.935000,1465103853.991144,1465103858.992475,1465103859.069000
801,1465103852.935000,1465103853.645697,1465103858.647037,1465103858.725000
802,1465103852.936000,1465103853.603373,1465103858.604587,1465103858.700000
803,1465103852.936000,1465103853.937692,1465103858.939109,1465103859.016000
804,1465103852.936000,1465103853.995080,1465103858.996271,1465103859.075000
805,1465103852.936000,1465103853.995722,1465103858.997524,1465103859.063000
806,1465103852.936000,1465103853.662722,1465103858.664101,1465103858.760000
807,1465103852.936000,1465103853.910135,1465103858.911567,1465103859.008000
808,1465103852.936000,1465103853.656806,1465103858.658005,1465103858.742000
809,1465103852.936000,1465103853.959185,1465103858.960447,1465103859.038000
810,1465103852.936000,1465103853.959757,1465103858.961424,1465103859.072000
811,1465103852.937000,1465103853.567338,1465103858.568965,1465103858.655000
812,1465103852.938000,1465103853.664772,1465103858.665958,1465103858.762000
813,1465103852.938000,1465103854.009932,1465103859.011353,1465103859.088000
814,1465103852.938000,1465103853.625688,1465103858.626894,1465103858.697000
815,1465103852.939000,1465103853.978532,1465103858.979870,1465103859.046000
816,1465103852.939000,1465103853.928888,1465103858.930134,1465103859.011000
817,1465103852.939000,1465103853.957743,1465103858.958978,1465103859.026000
818,1465103852.939000,1465103853.940775,1465103858.941981,1465103859.020000
819,1465103852.940000,1465103853.582545,1465103858.583725,1465103858.661000
820,1465103852.941000,1465103853.702862,1465103858.704629,1465103858.784000
821,1465103852.940000,1465103853.544659,1465103858.546220,1465103858.632000
822,1465103852.941000,1465103853.909410,1465103858.910712,1465103859.013000
823,1465103852.941000,1465103853.705616,1465103858.706850,1465103858.785000
824,1465103852.941000,1465103853.973532,1465103858.975148,1465103859.051000
825,1465103852.941000,1465103853.663281,1465103858.664553,1465103858.752000
826,1465103852.941000,1465103853.653933,1465103858.655161,1465103858.735000
827,1465103852.941000,1465103853.666181,1465103858.686895,1465103858.769000
828,1465103852.942000,1465103853.940658,1465103858.941882,1465103859.043000
829,1465103852.942000,1465103853.692383,1465103858.693774,1465103858.771000
830,1465103852.942000,1465103853.913303,1465103858.914805,1465103859.009000
831,1465103852.942000,1465103853.996723,1465103858.998079,1465103859.074000
832,1465103852.942000,1465103853.577590,1465103858.578851,1465103858.667000
833,1465103852.942000,1465103853.980894,1465103858.982386,1465103859.050000
834,1465103852.943000,1465103853.681363,1465103858.682729,1465103858.754000
835,1465103852.943000,1465103853.913559,1465103858.914995,1465103859.002000
836,1465103852.943000,1465103853.922207,1465103858.923383,1465103859.033000
837,1465103852.943000,1465103853.930141,1465103858.938243,1465103859.033000
838,1465103852.943000,1465103853.687370,1465103858.688621,1465103858.769000
839,1465103852.944000,0.000000,0.000000,0.000000
840,1465103852.944000,1465103853.986647,1465103858.987818,1465103859.066000
841,1465103852.944000,1465103853.920096,1465103858.921277,1465103858.999000
842,1465103852.944000,0.000000,0.000000,0.000000
843,1465103852.944000,1465103853.692344,1465103858.699122,1465103858.778000
844,1465103852.944000,1465103853.700135,1465103858.701418,1465103858.775000
845,1465103852.944000,0.000000,0.000000,0.000000
846,1465103852.944000,1465103853.868010,1465103858.869338,1465103858.929000
847,1465103852.944000,1465103853.898657,1465103858.900023,1465103858.971000
848,1465103852.944000,1465103853.696838,1465103858.698448,1465103858.779000
849,1465103852.944000,1465103853.695566,1465103858.697308,1465103858.776000
850,1465103852.945000,1465103853.674701,1465103858.675980,1465103858.767000
851,1465103852.945000,1465103853.620235,1465103858.621468,1465103858.713000
852,1465103852.945000,1465103853.653960,1465103858.655231,1465103858.736000
853,1465103852.946000,1465103854.002515,1465103859.003752,1465103859.070000
854,1465103852.946000,1465103853.703739,1465103858.704984,1465103858.783000
855,1465103852.946000,1465103853.847714,1465103858.848947,1465103858.941000
856,1465103852.946000,1465103853.641984,1465103858.643343,1465103858.729000
857,1465103852.946000,1465103853.635357,1465103858.636566,1465103858.718000
858,1465103852.947000,1465103853.642302,1465103858.643614,1465103858.733000
859,1465103852.947000,1465103853.932162,1465103858.934144,1465103859.010000
860,1465103852.947000,1465103853.651786,1465103858.652982,1465103858.741000
861,1465103852.947000,1465103853.683565,1465103858.684891,1465103858.770000
862,1465103852.948000,1465103853.653400,1465103858.658221,1465103858.745000
863,1465103852.948000,1465103854.004784,1465103859.006177,1465103859.073000
864,1465103852.948000,1465103853.620742,1465103858.621968,1465103858.688000
865,1465103852.948000,1465103853.912995,1465103858.914267,1465103859.023000
866,1465103852.948000,1465103853.683201,1465103858.684662,1465103858.772000
867,1465103852.948000,1465103853.923593,1465103858.925116,1465103859.002000
868,1465103852.948000,1465103853.956495,1465103858.957834,1465103859.047000
869,1465103852.949000,1465103853.940054,1465103858.941416,1465103859.030000
870,1465103852.949000,1465103853.975901,1465103858.977446,1465103859.054000
871,1465103852.949000,1465103853.664311,1465103858.665664,1465103858.751000
872,1465103852.949000,1465103853.637539,1465103858.639145,1465103858.721000
873,1465103852.950000,1465103853.960700,1465103858.961815,1465103859.039000
874,1465103852.950000,1465103853.659005,1465103858.660174,1465103858.738000
875,1465103852.950000,1465103853.603627,1465103858.604960,1465103858.691000
876,1465103852.950000,1465103853.658316,1465103858.659868,1465103858.731000
877,1465103852.950000,1465103853.669543,1465103858.670720,1465103858.753000
878,1465103852.951000,1465103853.666412,1465103858.667621,1465103858.753000
879,1465103852.951000,1465103853.686820,1465103858.689138,1465103858.776000
880,1465103852.951000,1465103853.705941,1465103858.707122,1465103858.778000
881,1465103852.951000,1465103853.986551,1465103858.987868,1465103859.079000
882,1465103852.951000,1465103853.979609,1465103858.980921,1465103859.057000
883,1465103852.952000,1465103853.652845,1465103858.654015,1465103858.731000
884,1465103852.952000,1465103853.692036,1465103858.693746,1465103858.779000
885,1465103852.952000,1465103853.928626,1465103858.929845,1465103859.031000
886,1465103852.952000,1465103853.999651,1465103859.000982,1465103859.080000
887,1465103852.952000,1465103853.993786,1465103858.994976,1465103859.074000
888,1465103852.952000,1465103853.667566,1465103858.674291,1465103858.763000
889,1465103852.953000,1465103853.900944,1465103858.902186,1465103858.983000
890,1465103852.953000,1465103853.611176,1465103858.612484,1465103858.698000
891,1465103852.953000,1465103853.900351,1465103858.901522,1465103858.972000
892,1465103852.955000,1465103853.638965,1465103858.640419,1465103858.728000
893,1465103852.955000,1465103853.697551,1465103858.699138,1465103858.779000
894,1465103852.955000,1465103853.692004,1465103858.693308,1465103858.772000
895,1465103852.955000,1465103853.596541,1465103858.597996,1465103858.664000
896,1465103852.955000,1465103853.641066,1465103858.642236,1465103858.720000
897,1465103852.955000,1465103854.016749,1465103859.017994,1465103859.084000
898,1465103852.956000,1465103853.701310,1465103858.702592,1465103858.781000
899,1465103852.956000,1465103853.622962,1465103858.624207,1465103858.709000
900,1465103852.956000,0.000000,0.000000,0.000000
901,1465103852.957000,1465103853.671938,1465103858.673119,1465103858.769000
902,1465103852.957000,1465103853.603814,1465103858.617942,1465103858.705000
903,1465103852.958000,1465103853.897696,1465103858.899014,1465103858.986000
904,1465103852.958000,1465103853.951776,1465103858.952948,1465103859.031000
905,1465103852.959000,1465103853.692129,1465103858.708868,1465103858.794000
906,1465103852.959000,1465103853.629410,1465103858.630627,1465103858.719000
907,1465103852.959000,1465103854.016479,1465103859.017770,1465103859.078000
908,1465103852.959000,1465103853.672165,1465103858.673420,1465103858.744000
909,1465103852.959000,1465103853.986174,1465103858.987430,1465103859.069000
910,1465103852.959000,1465103853.682588,1465103858.685087,1465103858.772000
911,1465103852.960000,1465103853.913930,1465103858.915331,1465103858.986000
912,1465103852.960000,1465103853.934475,1465103858.935834,1465103859.018000
913,1465103852.960000,1465103853.964607,1465103858.965864,1465103859.045000
914,1465103852.960000,1465103853.668152,1465103858.669432,1465103858.748000
915,1465103852.961000,1465103853.702245,1465103858.704707,1465103858.780000
916,1465103852.961000,0.000000,0.000000,0.000000
917,1465103852.961000,1465103853.945951,1465103858.947255,1465103859.044000
918,1465103852.961000,1465103853.624630,1465103858.625820,1465103858.708000
919,1465103852.961000,1465103853.900653,1465103858.901936,1465103858.991000
920,1465103852.961000,1465103853.651107,1465103858.666996,1465103858.763000
921,1465103852.962000,1465103853.654308,1465103858.655618,1465103858.743000
922,1465103852.962000,1465103853.665968,1465103858.667323,1465103858.752000
923,1465103852.962000,1465103853.689501,1465103858.691397,1465103858.768000
924,1465103852.962000,1465103853.707055,1465103858.708310,1465103858.769000
925,1465103852.963000,1465103853.990660,1465103858.991844,1465103859.073000
926,1465103852.963000,1465103853.674336,1465103858.675631,1465103858.755000
927,1465103852.963000,1465103853.703239,1465103858.704485,1465103858.783000
928,1465103852.963000,1465103853.954782,1465103858.958198,1465103859.025000
929,1465103852.963000,1465103853.668375,1465103858.669643,1465103858.771000
930,1465103852.963000,1465103853.684771,1465103858.686051,1465103858.773000
931,1465103852.963000,1465103853.700080,1465103858.701345,1465103858.782000
932,1465103852.964000,1465103853.894392,1465103858.895672,1465103858.977000
933,1465103852.964000,1465103853.701197,1465103858.720971,1465103858.797000
934,1465103852.964000,1465103853.662860,1465103858.671899,1465103858.745000
935,1465103852.964000,1465103853.999866,1465103859.001147,1465103859.067000
936,1465103852.965000,1465103853.634332,1465103858.635659,1465103858.721000
937,1465103852.965000,1465103853.929517,1465103858.937839,1465103859.032000
938,1465103852.965000,1465103853.997868,1465103858.999078,1465103859.066000
939,1465103852.965000,1465103853.954799,1465103858.955999,1465103859.027000
940,1465103852.965000,1465103853.667335,1465103858.669128,1465103858.758000
941,1465103852.965000,1465103853.997559,1465103858.998840,1465103859.081000
942,1465103852.966000,1465103853.705953,1465103858.707275,1465103858.786000
943,1465103852.966000,0.000000,0.000000,0.000000
944,1465103852.966000,1465103853.944211,1465103858.945435,1465103859.032000
945,1465103852.966000,1465103853.995915,1465103859.003581,1465103859.070000
946,1465103852.966000,1465103853.695783,1465103858.699766,1465103858.778000
947,1465103852.967000,1465103853.637621,1465103858.638806,1465103858.730000
948,1465103852.967000,1465103853.719818,1465103858.721101,1465103858.782000
949,1465103852.967000,1465103853.671697,1465103858.673025,1465103858.751000
950,1465103852.967000,1465103853.683444,1465103858.685022,1465103858.766000
951,1465103852.968000,1465103853.685241,1465103858.686499,1465103858.771000
952,1465103852.968000,1465103853.702532,1465103858.703712,1465103858.780000
953,1465103852.968000,1465103853.687518,1465103858.689135,1465103858.776000
954,1465103852.968000,1465103853.693124,1465103858.697947,1465103858.785000
955,1465103852.968000,1465103853.977492,1465103858.978995,1465103859.067000
956,1465103852.969000,0.000000,0.000000,0.000000
957,1465103852.969000,1465103853.691176,1465103858.692396,1465103858.771000
958,1465103852.969000,1465103853.694443,1465103858.695637,1465103858.773000
959,1465103852.969000,1465103853.904433,1465103858.905911,1465103859.015000
960,1465103852.969000,1465103853.691474,1465103858.694160,1465103858.779000
961,1465103852.969000,1465103853.583361,1465103858.584565,1465103858.669000
962,1465103852.969000,1465103853.888567,1465103858.889942,1465103858.963000
963,1465103852.969000,1465103853.945643,1465103858.946885,1465103859.025000
964,1465103852.970000,1465103853.989753,1465103859.006879,1465103859.086000
965,1465103852.970000,1465103853.601318,1465103858.602721,1465103858.691000
966,1465103852.970000,1465103853.660420,1465103858.661642,1465103858.741000
967,1465103852.971000,1465103853.702245,1465103858.720358,1465103858.798000
968,1465103852.971000,1465103853.635799,1465103858.637114,1465103858.723000
969,1465103852.971000,1465103853.914603,1465103858.915736,1465103859.012000
970,1465103852.971000,1465103853.954664,1465103858.968997,1465103859.035000
971,1465103852.971000,1465103853.636032,1465103858.637199,1465103858.719000
972,1465103852.971000,1465103853.917249,1465103858.918502,1465103859.020000
973,1465103852.971000,1465103853.672416,1465103858.673870,1465103858.761000
974,1465103852.971000,1465103853.985142,1465103858.994413,1465103859.074000
975,1465103852.972000,0.000000,0.000000,0.000000
976,1465103852.972000,1465103853.966163,1465103858.967392,1465103859.044000
977,1465103852.972000,1465103853.917870,1465103858.919089,1465103859.005000
978,1465103852.972000,1465103853.680338,1465103858.681851,1465103858.753000
979,1465103852.972000,1465103853.982879,1465103858.984165,1465103859.051000
980,1465103852.973000,1465103853.670090,1465103858.671252,1465103858.757000
981,1465103852.973000,1465103853.692682,1465103858.694212,1465103858.781000
982,1465103852.973000,1465103853.935709,1465103858.936993,1465103859.024000
983,1465103852.973000,1465103853.989571,1465103858.990809,1465103859.076000
984,1465103852.973000,1465103853.688591,1465103858.689916,1465103858.771000
985,1465103852.973000,1465103853.709263,1465103858.710538,1465103858.781000
986,1465103852.973000,1465103853.693105,1465103858.695064,1465103858.782000
987,1465103852.974000,1465103853.692681,1465103858.694711,1465103858.780000
988,1465103852.974000,1465103853.950804,1465103858.952183,1465103859.054000
989,1465103852.974000,1465103853.697065,1465103858.698591,1465103858.772000
990,1465103852.974000,1465103853.694627,1465103858.697102,1465103858.776000
991,1465103852.974000,1465103853.678386,1465103858.679767,1465103858.760000
992,1465103852.974000,1465103853.677377,1465103858.678531,1465103858.764000
993,1465103852.974000,1465103853.688007,1465103858.689173,1465103858.767000
994,1465103852.974000,1465103853.972426,1465103858.973687,1465103859.052000
995,1465103852.974000,1465103853.677027,1465103858.678346,1465103858.765000
996,1465103852.974000,1465103853.662523,1465103858.663791,1465103858.751000
997,1465103852.974000,1465103853.680251,1465103858.682075,1465103858.758000
998,1465103852.974000,1465103853.693446,1465103858.694721,1465103858.756000
999,1465103852.974000,1465103853.956645,1465103858.957860,1465103859.054000
