0,1465103927.974000,1465103928.639618,1465103933.640924,1465103933.734000
1,1465103927.974000,1465103928.685960,1465103933.687232,1465103933.766000
2,1465103927.974000,1465103928.961748,1465103933.962962,1465103934.047000
3,1465103927.974000,1465103928.651480,1465103933.652682,1465103933.724000
4,1465103927.974000,1465103928.693796,1465103933.695017,1465103933.775000
5,1465103927.974000,1465103928.544626,1465103933.546186,1465103933.628000
6,1465103927.974000,1465103928.623753,1465103933.625250,1465103933.714000
7,1465103927.974000,1465103928.542438,1465103933.563684,1465103933.667000
8,1465103927.975000,1465103928.646039,1465103933.647563,1465103933.726000
9,1465103927.975000,1465103928.618360,1465103933.620001,1465103933.699000
10,1465103927.975000,1465103928.622014,1465103933.623448,1465103933.718000
11,1465103927.975000,1465103928.719104,1465103933.723323,1465103933.815000
12,1465103927.975000,1465103928.674509,1465103933.675679,1465103933.753000
13,1465103927.975000,1465103928.720763,1465103933.722379,1465103933.789000
14,1465103927.975000,1465103928.631107,1465103933.632722,1465103933.700000
15,1465103927.975000,1465103928.605172,1465103933.606687,1465103933.699000
16,1465103927.975000,1465103928.566848,1465103933.568338,1465103933.638000
17,1465103927.975000,1465103928.674887,1465103933.676124,1465103933.743000
18,1465103927.975000,1465103928.626605,1465103933.628115,1465103933.699000
19,1465103927.975000,1465103928.646061,1465103933.648244,1465103933.725000
20,1465103927.975000,1465103928.604604,1465103933.606089,1465103933.713000
21,1465103927.976000,1465103929.003438,1465103934.004620,1465103934.085000
22,1465103927.976000,1465103928.985810,1465103933.987006,1465103934.075000
23,1465103927.976000,1465103928.720432,1465103933.722035,1465103933.804000
24,1465103927.976000,1465103928.625300,1465103933.626805,1465103933.705000
25,1465103927.976000,1465103928.660009,1465103933.665428,1465103933.743000
26,1465103927.978000,1465103928.626043,1465103933.627561,1465103933.708000
27,1465103927.978000,1465103930.475563,1465103935.477134,1465103935.544000
28,1465103927.978000,1465103928.947814,1465103933.949204,1465103934.026000
29,1465103927.980000,1465103928.635577,1465103933.637088,1465103933.704000
30,1465103927.980000,1465103928.683785,1465103933.693881,1465103933.774000
31,1465103927.981000,1465103928.644529,1465103933.645762,1465103933.730000
32,1465103927.981000,1465103928.739577,1465103933.740688,1465103933.808000
33,1465103927.981000,1465103928.608795,1465103933.609989,1465103933.692000
34,1465103927.981000,1465103928.970289,1465103933.971624,1465103934.059000
35,1465103927.981000,1465103928.613262,1465103933.614850,1465103933.701000
36,1465103927.982000,1465103928.688954,1465103933.690109,1465103933.767000
37,1465103927.982000,1465103928.653192,1465103933.655139,1465103933.735000
38,1465103927.982000,1465103928.711005,1465103933.712424,1465103933.789000
39,1465103927.982000,1465103928.722206,1465103933.723434,1465103933.794000
40,1465103927.982000,1465103928.623809,1465103933.625052,1465103933.711000
41,1465103927.982000,1465103928.970695,1465103933.971917,1465103934.068000
42,1465103927.982000,1465103928.619821,1465103933.621086,1465103933.703000
43,1465103927.982000,1465103928.635947,1465103933.637326,1465103933.713000
44,1465103927.983000,1465103928.616253,1465103933.617479,1465103933.688000
45,1465103927.984000,1465103928.624146,1465103933.625419,1465103933.732000
46,1465103927.984000,1465103928.656043,1465103933.657356,1465103933.736000
47,1465103927.984000,1465103928.639879,1465103933.641044,1465103933.748000
48,1465103927.984000,1465103928.665529,1465103933.666769,1465103933.747000
49,1465103927.986000,1465103928.695771,1465103933.697340,1465103933.776000
50,1465103927.987000,1465103928.922627,1465103933.923856,1465103934.005000
51,1465103927.987000,1465103928.646532,1465103933.647768,1465103933.734000
52,1465103927.987000,1465103928.724568,1465103933.725851,1465103933.802000
53,1465103927.987000,1465103928.653657,1465103933.654959,1465103933.734000
54,1465103927.987000,1465103929.067049,1465103934.068255,1465103934.135000
55,1465103927.987000,1465103928.649920,1465103933.651196,1465103933.718000
56,1465103927.987000,1465103928.965897,1465103933.967108,1465103934.037000
57,1465103927.987000,1465103928.748654,1465103933.750254,1465103933.829000
58,1465103927.988000,1465103928.742120,1465103933.743551,1465103933.823000
59,1465103927.988000,1465103928.693974,1465103933.695405,1465103933.763000
60,1465103927.988000,1465103928.646426,1465103933.647786,1465103933.739000
61,1465103927.988000,1465103930.496774,1465103935.498109,1465103935.578000
62,1465103927.988000,1465103928.663455,1465103933.683387,1465103933.750000
63,1465103927.988000,1465103928.661945,1465103933.663156,1465103933.770000
64,1465103927.988000,0.000000,0.000000,0.000000
65,1465103927.988000,1465103928.923834,1465103933.925957,1465103934.018000
66,1465103927.988000,1465103928.617465,1465103933.618953,1465103933.707000
67,1465103927.989000,1465103928.924324,1465103933.926009,1465103934.018000
68,1465103927.989000,1465103929.030021,1465103934.031311,1465103934.112000
69,1465103927.989000,1465103928.663861,1465103933.665122,1465103933.744000
70,1465103927.989000,1465103928.929392,1465103933.930588,1465103934.001000
71,1465103927.989000,1465103928.975810,1465103933.976969,1465103934.047000
72,1465103927.989000,1465103928.987533,1465103933.988705,1465103934.059000
73,1465103927.989000,1465103928.944360,1465103933.945577,1465103934.052000
74,1465103927.989000,1465103928.689895,1465103933.691340,1465103933.767000
75,1465103927.989000,1465103928.932490,1465103933.933808,1465103933.993000
76,1465103927.989000,1465103928.689353,1465103933.690643,1465103933.767000
77,1465103927.989000,1465103928.971087,1465103933.972331,1465103934.032000
78,1465103927.989000,1465103928.666797,1465103933.668722,1465103933.749000
79,1465103927.989000,1465103929.012095,1465103934.013403,1465103934.080000
80,1465103927.989000,1465103928.684043,1465103933.685653,1465103933.766000
81,1465103927.989000,1465103928.677907,1465103933.679222,1465103933.746000
82,1465103927.989000,1465103928.940064,1465103933.941229,1465103934.033000
83,1465103927.989000,1465103928.973381,1465103933.974602,1465103934.041000
84,1465103927.989000,1465103928.882801,1465103933.884733,1465103933.992000
85,1465103927.989000,1465103928.628893,1465103933.630413,1465103933.718000
86,1465103927.989000,1465103928.929991,1465103933.931293,1465103933.990000
87,1465103927.990000,1465103928.665861,1465103933.667305,1465103933.753000
88,1465103927.990000,1465103928.983901,1465103933.985137,1465103934.052000
89,1465103927.990000,1465103928.949317,1465103933.950508,1465103934.038000
90,1465103927.990000,1465103928.914839,1465103933.916080,1465103934.004000
91,1465103927.990000,0.000000,0.000000,0.000000
92,1465103927.990000,1465103928.943366,1465103933.944590,1465103934.022000
93,1465103927.990000,1465103928.677628,1465103933.678821,1465103933.773000
94,1465103927.990000,1465103928.680336,1465103933.681998,1465103933.753000
95,1465103927.990000,1465103928.710049,1465103933.711289,1465103933.778000
96,1465103927.990000,1465103928.960724,1465103933.961946,1465103934.049000
97,1465103927.990000,1465103928.947147,1465103933.948508,1465103934.025000
98,1465103927.990000,1465103928.723884,1465103933.725290,1465103933.804000
99,1465103927.990000,1465103928.966985,1465103933.968295,1465103934.055000
100,1465103927.990000,1465103928.731393,1465103933.732641,1465103933.827000
101,1465103927.990000,1465103928.646617,1465103933.648261,1465103933.726000
102,1465103927.990000,1465103928.650617,1465103933.652184,1465103933.738000
103,1465103927.990000,1465103928.679119,1465103933.680531,1465103933.766000
104,1465103927.990000,1465103928.744196,1465103933.748700,1465103933.830000
105,1465103927.990000,1465103928.659590,1465103933.661431,1465103933.739000
106,1465103927.990000,1465103928.969290,1465103933.970485,1465103934.058000
107,1465103927.990000,1465103928.731248,1465103933.732426,1465103933.810000
108,1465103927.990000,1465103928.669022,1465103933.681320,1465103933.757000
109,1465103927.991000,1465103928.619803,1465103933.621103,1465103933.729000
110,1465103927.991000,1465103928.750341,1465103933.751792,1465103933.830000
111,1465103927.991000,1465103928.697129,1465103933.698670,1465103933.787000
112,1465103927.991000,1465103928.983048,1465103933.984426,1465103934.071000
113,1465103927.991000,1465103928.611500,1465103933.612991,1465103933.698000
114,1465103927.991000,1465103928.671947,1465103933.673164,1465103933.744000
115,1465103927.991000,1465103928.624798,1465103933.626005,1465103933.696000
116,1465103927.991000,1465103928.975859,1465103933.977118,1465103934.058000
117,1465103927.991000,1465103928.645264,1465103933.662591,1465103933.740000
118,1465103927.991000,1465103928.694172,1465103933.695626,1465103933.774000
119,1465103927.991000,1465103928.668012,1465103933.669255,1465103933.748000
120,1465103927.991000,1465103928.625632,1465103933.627165,1465103933.708000
121,1465103927.991000,1465103928.699648,1465103933.700960,1465103933.787000
122,1465103927.991000,1465103928.708786,1465103933.710184,1465103933.791000
123,1465103927.993000,1465103928.959499,1465103933.960735,1465103934.031000
124,1465103927.994000,1465103928.940934,1465103933.942197,1465103934.037000
125,1465103927.999000,1465103929.039151,1465103934.040536,1465103934.123000
126,1465103928.002000,1465103928.705701,1465103933.706901,1465103933.786000
127,1465103928.005000,1465103928.945140,1465103933.946582,1465103934.025000
128,1465103928.005000,1465103928.689798,1465103933.691064,1465103933.771000
129,1465103928.005000,1465103928.663414,1465103933.664623,1465103933.742000
130,1465103928.005000,1465103928.920974,1465103933.922398,1465103934.009000
131,1465103928.005000,1465103929.008032,1465103934.028967,1465103934.114000
132,1465103928.005000,1465103930.463227,1465103935.464724,1465103935.547000
133,1465103928.005000,1465103928.687957,1465103933.689321,1465103933.792000
134,1465103928.005000,1465103928.997537,1465103933.998858,1465103934.079000
135,1465103928.005000,1465103928.597118,1465103933.598353,1465103933.680000
136,1465103928.006000,1465103928.967273,1465103933.968626,1465103934.055000
137,1465103928.006000,1465103928.720435,1465103933.721993,1465103933.798000
138,1465103928.006000,1465103928.678321,1465103933.679899,1465103933.759000
139,1465103928.006000,1465103928.922615,1465103933.923811,1465103934.012000
140,1465103928.006000,1465103928.711864,1465103933.730158,1465103933.811000
141,1465103928.007000,1465103928.640085,1465103933.641651,1465103933.722000
142,1465103928.007000,1465103928.936131,1465103933.937922,1465103934.018000
143,1465103928.007000,1465103928.978561,1465103933.979775,1465103934.064000
144,1465103928.007000,1465103928.952915,1465103933.954169,1465103934.033000
145,1465103928.007000,1465103928.907345,1465103933.908613,1465103933.996000
146,1465103928.007000,1465103928.726667,1465103933.727890,1465103933.809000
147,1465103928.007000,1465103928.991864,1465103933.993074,1465103934.073000
148,1465103928.007000,1465103928.931305,1465103933.932698,1465103934.020000
149,1465103928.007000,1465103928.740763,1465103933.742093,1465103933.821000
150,1465103928.007000,1465103928.982162,1465103933.983440,1465103934.068000
151,1465103928.007000,1465103929.007335,1465103934.008490,1465103934.086000
152,1465103928.007000,1465103928.724062,1465103933.726131,1465103933.807000
153,1465103928.007000,1465103928.938860,1465103933.940125,1465103934.021000
154,1465103928.008000,1465103928.713484,1465103933.714794,1465103933.810000
155,1465103928.008000,1465103928.678847,1465103933.680551,1465103933.756000
156,1465103928.008000,1465103928.731292,1465103933.732645,1465103933.799000
157,1465103928.009000,1465103928.914990,1465103933.916426,1465103934.002000
158,1465103928.009000,1465103928.969149,1465103933.970421,1465103934.061000
159,1465103928.009000,1465103928.713651,1465103933.714865,1465103933.794000
160,1465103928.009000,1465103928.750899,1465103933.752081,1465103933.829000
161,1465103928.009000,1465103928.711314,1465103933.712834,1465103933.791000
162,1465103928.009000,1465103928.980098,1465103933.981439,1465103934.074000
163,1465103928.009000,0.000000,0.000000,0.000000
164,1465103928.009000,1465103928.984771,1465103933.985964,1465103934.052000
165,1465103928.009000,1465103928.681908,1465103933.684560,1465103933.761000
166,1465103928.009000,1465103928.692235,1465103933.693849,1465103933.782000
167,1465103928.009000,1465103928.718226,1465103933.719479,1465103933.786000
168,1465103928.009000,1465103928.952642,1465103933.953830,1465103934.046000
169,1465103928.009000,1465103928.739001,1465103933.740247,1465103933.828000
170,1465103928.010000,1465103928.708978,1465103933.717688,1465103933.794000
171,1465103928.010000,1465103928.715135,1465103933.716406,1465103933.794000
172,1465103928.010000,1465103928.976767,1465103933.978071,1465103934.058000
173,1465103928.010000,1465103928.624940,1465103933.626584,1465103933.718000
174,1465103928.010000,1465103928.666718,1465103933.667874,1465103933.775000
175,1465103928.010000,1465103928.650200,1465103933.651453,1465103933.733000
176,1465103928.010000,1465103928.694382,1465103933.695639,1465103933.782000
177,1465103928.010000,1465103928.909296,1465103933.910582,1465103933.999000
178,1465103928.010000,1465103928.734562,1465103933.736975,1465103933.813000
179,1465103928.010000,1465103928.738551,1465103933.739737,1465103933.825000
180,1465103928.010000,1465103928.918555,1465103933.919862,1465103933.992000
181,1465103928.010000,1465103928.695483,1465103933.706877,1465103933.786000
182,1465103928.010000,1465103930.477197,1465103935.478934,1465103935.546000
183,1465103928.010000,1465103928.648878,1465103933.650232,1465103933.717000
184,1465103928.010000,1465103928.968173,1465103933.969470,1465103934.050000
185,1465103928.010000,1465103928.749133,1465103933.750372,1465103933.831000
186,1465103928.010000,1465103928.680781,1465103933.682679,1465103933.759000
187,1465103928.010000,1465103928.667675,1465103933.668919,1465103933.747000
188,1465103928.010000,1465103928.662295,1465103933.663551,1465103933.759000
189,1465103928.010000,1465103928.969738,1465103933.971040,1465103934.048000
190,1465103928.010000,1465103930.510053,1465103935.511341,1465103935.578000
191,1465103928.010000,1465103928.959886,1465103933.961159,1465103934.047000
192,1465103928.010000,1465103928.710090,1465103933.714796,1465103933.794000
193,1465103928.010000,1465103928.972084,1465103933.973276,1465103934.057000
194,1465103928.010000,1465103928.730602,1465103933.731858,1465103933.802000
195,1465103928.010000,1465103928.749801,1465103933.751179,1465103933.838000
196,1465103928.010000,1465103929.001542,1465103934.002739,1465103934.089000
197,1465103928.010000,0.000000,0.000000,0.000000
198,1465103928.010000,1465103928.718405,1465103933.719979,1465103933.791000
199,1465103928.010000,1465103928.677131,1465103933.678307,1465103933.760000
200,1465103928.010000,1465103928.948966,1465103933.950187,1465103934.042000
201,1465103928.010000,1465103928.649074,1465103933.650408,1465103933.744000
202,1465103928.011000,1465103928.947679,1465103933.948922,1465103934.027000
203,1465103928.011000,1465103928.967545,1465103933.968768,1465103934.076000
204,1465103928.011000,1465103928.972869,1465103933.974073,1465103934.051000
205,1465103928.011000,1465103928.689595,1465103933.690783,1465103933.769000
206,1465103928.011000,1465103928.705300,1465103933.706992,1465103933.780000
207,1465103928.011000,1465103928.936371,1465103933.950296,1465103934.031000
208,1465103928.011000,1465103928.673237,1465103933.674873,1465103933.778000
209,1465103928.011000,1465103928.995485,1465103933.997364,1465103934.078000
210,1465103928.011000,1465103928.730100,1465103933.731985,1465103933.807000
211,1465103928.011000,1465103928.668233,1465103933.683496,1465103933.754000
212,1465103928.011000,1465103928.668151,1465103933.669964,1465103933.746000
213,1465103928.011000,1465103928.737233,1465103933.738424,1465103933.833000
214,1465103928.011000,1465103928.736988,1465103933.738328,1465103933.814000
215,1465103928.011000,1465103930.484616,1465103935.485833,1465103935.559000
216,1465103928.011000,1465103928.978356,1465103933.979628,1465103934.058000
217,1465103928.011000,1465103928.716997,1465103933.718205,1465103933.804000
218,1465103928.011000,1465103928.920107,1465103933.921388,1465103934.002000
219,1465103928.011000,1465103928.685809,1465103933.687131,1465103933.763000
220,1465103928.011000,1465103928.978940,1465103933.980223,1465103934.059000
221,1465103928.011000,1465103928.653688,1465103933.655030,1465103933.736000
222,1465103928.011000,1465103928.983304,1465103933.984558,1465103934.064000
223,1465103928.011000,1465103928.672790,1465103933.674082,1465103933.754000
224,1465103928.011000,1465103929.025343,1465103934.026616,1465103934.094000
225,1465103928.011000,0.000000,0.000000,0.000000
226,1465103928.011000,1465103928.657350,1465103933.658605,1465103933.747000
227,1465103928.011000,1465103928.740167,1465103933.741471,1465103933.829000
228,1465103928.011000,1465103928.690614,1465103933.693854,1465103933.782000
229,1465103928.011000,1465103928.963888,1465103933.965160,1465103934.046000
230,1465103928.011000,1465103928.960388,1465103933.961592,1465103934.049000
231,1465103928.011000,1465103928.677249,1465103933.679383,1465103933.761000
232,1465103928.011000,1465103928.738916,1465103933.740198,1465103933.811000
233,1465103928.011000,1465103928.746802,1465103933.752358,1465103933.834000
234,1465103928.011000,1465103928.966312,1465103933.967630,1465103934.048000
235,1465103928.011000,1465103928.630293,1465103933.631795,1465103933.728000
236,1465103928.012000,1465103928.685364,1465103933.703081,1465103933.795000
237,1465103928.012000,1465103928.725413,1465103933.726873,1465103933.814000
238,1465103928.012000,1465103928.664491,1465103933.665800,1465103933.732000
239,1465103928.012000,1465103928.652851,1465103933.654804,1465103933.731000
240,1465103928.012000,1465103930.478535,1465103935.480036,1465103935.587000
241,1465103928.012000,1465103928.695663,1465103933.696900,1465103933.764000
242,1465103928.012000,1465103928.969572,1465103933.970825,1465103934.051000
243,1465103928.012000,1465103928.628780,1465103933.630015,1465103933.737000
244,1465103928.012000,1465103928.689373,1465103933.690623,1465103933.776000
245,1465103928.012000,1465103928.999373,1465103934.000545,1465103934.067000
246,1465103928.012000,1465103929.051289,1465103934.052581,1465103934.132000
247,1465103928.012000,1465103929.008540,1465103934.009779,1465103934.091000
248,1465103928.012000,0.000000,0.000000,0.000000
249,1465103928.012000,1465103928.680336,1465103933.681997,1465103933.753000
250,1465103928.012000,1465103928.712445,1465103933.728902,1465103933.815000
251,1465103928.012000,1465103928.740348,1465103933.754473,1465103933.832000
252,1465103928.012000,1465103930.505248,1465103935.506806,1465103935.574000
253,1465103928.012000,1465103928.715087,1465103933.729596,1465103933.815000
254,1465103928.012000,1465103929.008231,1465103934.009398,1465103934.087000
255,1465103928.012000,1465103928.721223,1465103933.722680,1465103933.798000
256,1465103928.012000,1465103928.751439,1465103933.752943,1465103933.831000
257,1465103928.012000,1465103929.014471,1465103934.015745,1465103934.106000
258,1465103928.012000,1465103928.974332,1465103933.975836,1465103934.067000
259,1465103928.012000,1465103929.025902,1465103934.027113,1465103934.094000
260,1465103928.012000,1465103928.707843,1465103933.709049,1465103933.776000
261,1465103928.012000,1465103930.480198,1465103935.481796,1465103935.562000
262,1465103928.012000,1465103928.983731,1465103933.985274,1465103934.071000
263,1465103928.012000,0.000000,0.000000,0.000000
264,1465103928.012000,1465103928.722763,1465103933.724086,1465103933.802000
265,1465103928.012000,1465103928.686819,1465103933.688071,1465103933.776000
266,1465103928.013000,1465103928.994206,1465103933.995647,1465103934.071000
267,1465103928.013000,1465103928.743424,1465103933.746502,1465103933.817000
268,1465103928.015000,1465103928.980686,1465103933.981873,1465103934.048000
269,1465103928.015000,1465103928.753235,1465103933.761371,1465103933.837000
270,1465103928.015000,1465103928.682405,1465103933.697207,1465103933.773000
271,1465103928.016000,1465103928.996573,1465103933.997807,1465103934.078000
272,1465103928.021000,1465103928.736932,1465103933.741767,1465103933.818000
273,1465103928.032000,1465103929.005020,1465103934.006212,1465103934.073000
274,1465103928.033000,1465103929.047715,1465103934.049002,1465103934.115000
275,1465103928.033000,0.000000,0.000000,0.000000
276,1465103928.033000,1465103928.984413,1465103933.985623,1465103934.073000
277,1465103928.033000,1465103928.681823,1465103933.683029,1465103933.760000
278,1465103928.033000,1465103928.735026,1465103933.736280,1465103933.814000
279,1465103928.033000,1465103928.736673,1465103933.738051,1465103933.805000
280,1465103928.033000,1465103928.978254,1465103933.979657,1465103934.066000
281,1465103928.033000,1465103928.984312,1465103933.985674,1465103934.066000
282,1465103928.033000,1465103930.504037,1465103935.505200,1465103935.587000
283,1465103928.033000,1465103929.009910,1465103934.011124,1465103934.077000
284,1465103928.033000,1465103928.699201,1465103933.700811,1465103933.786000
285,1465103928.033000,1465103929.024364,1465103934.025726,1465103934.092000
286,1465103928.033000,1465103928.642326,1465103933.643618,1465103933.722000
287,1465103928.033000,1465103928.723450,1465103933.725495,1465103933.804000
288,1465103928.033000,1465103928.946242,1465103933.947919,1465103934.035000
289,1465103928.034000,1465103928.712589,1465103933.721450,1465103933.803000
290,1465103928.034000,1465103928.700911,1465103933.702176,1465103933.788000
291,1465103928.034000,1465103928.685717,1465103933.687014,1465103933.772000
292,1465103928.034000,1465103928.738181,1465103933.739771,1465103933.818000
293,1465103928.034000,1465103928.743325,1465103933.744716,1465103933.821000
294,1465103928.035000,1465103928.726666,1465103933.728051,1465103933.814000
295,1465103928.035000,1465103928.751717,1465103933.752950,1465103933.820000
296,1465103928.035000,1465103928.701206,1465103933.702716,1465103933.781000
297,1465103928.035000,1465103928.989520,1465103933.991044,1465103934.067000
298,1465103928.035000,1465103928.720912,1465103933.722170,1465103933.808000
299,1465103928.035000,1465103928.677249,1465103933.679382,1465103933.761000
300,1465103928.035000,1465103928.760195,1465103933.761709,1465103933.829000
301,1465103928.036000,1465103928.731998,1465103933.734172,1465103933.810000
302,1465103928.036000,1465103928.667831,1465103933.669601,1465103933.741000
303,1465103928.036000,1465103928.953339,1465103933.954642,1465103934.036000
304,1465103928.036000,1465103928.978652,1465103933.979921,1465103934.067000
305,1465103928.036000,1465103930.479973,1465103935.481190,1465103935.559000
306,1465103928.036000,1465103928.737097,1465103933.738754,1465103933.820000
307,1465103928.036000,1465103928.720579,1465103933.721895,1465103933.817000
308,1465103928.036000,1465103928.651719,1465103933.653025,1465103933.755000
309,1465103928.037000,1465103928.708125,1465103933.709712,1465103933.796000
310,1465103928.037000,1465103928.972067,1465103933.980718,1465103934.056000
311,1465103928.037000,1465103928.725068,1465103933.726445,1465103933.806000
312,1465103928.037000,1465103929.022123,1465103934.023283,1465103934.130000
313,1465103928.037000,1465103928.721573,1465103933.722957,1465103933.803000
314,1465103928.037000,1465103928.983320,1465103933.984535,1465103934.068000
315,1465103928.037000,1465103928.706012,1465103933.707509,1465103933.783000
316,1465103928.037000,1465103928.708898,1465103933.717353,1465103933.793000
317,1465103928.038000,1465103928.713238,1465103933.714863,1465103933.797000
318,1465103928.038000,1465103928.989240,1465103933.998848,1465103934.077000
319,1465103928.038000,1465103928.979210,1465103933.980483,1465103934.060000
320,1465103928.038000,1465103928.713857,1465103933.715480,1465103933.801000
321,1465103928.038000,1465103928.627804,1465103933.629646,1465103933.706000
322,1465103928.038000,1465103929.053410,1465103934.054657,1465103934.136000
323,1465103928.039000,1465103928.953623,1465103933.954876,1465103934.033000
324,1465103928.039000,1465103928.713777,1465103933.715236,1465103933.782000
325,1465103928.039000,1465103928.989623,1465103933.991209,1465103934.071000
326,1465103928.039000,1465103928.717685,1465103933.719026,1465103933.798000
327,1465103928.039000,1465103928.713713,1465103933.721382,1465103933.781000
328,1465103928.039000,1465103928.934543,1465103933.935840,1465103934.023000
329,1465103928.039000,1465103929.022138,1465103934.024045,1465103934.091000
330,1465103928.040000,1465103928.725464,1465103933.726998,1465103933.812000
331,1465103928.040000,1465103928.977829,1465103933.988593,1465103934.069000
332,1465103928.040000,1465103928.986913,1465103933.988091,1465103934.083000
333,1465103928.040000,1465103928.930699,1465103933.931911,1465103934.020000
334,1465103928.040000,1465103928.746687,1465103933.754051,1465103933.840000
335,1465103928.040000,1465103929.010440,1465103934.011615,1465103934.119000
336,1465103928.040000,1465103928.691552,1465103933.692989,1465103933.781000
337,1465103928.040000,1465103928.767898,1465103933.769141,1465103933.828000
338,1465103928.040000,1465103928.988635,1465103933.989819,1465103934.067000
339,1465103928.040000,1465103928.739127,1465103933.740359,1465103933.831000
340,1465103928.041000,1465103928.975719,1465103933.976974,1465103934.068000
341,1465103928.041000,1465103929.021505,1465103934.022992,1465103934.103000
342,1465103928.041000,1465103928.713240,1465103933.714749,1465103933.782000
343,1465103928.041000,1465103930.530787,1465103935.532081,1465103935.598000
344,1465103928.042000,1465103928.678360,1465103933.679615,1465103933.758000
345,1465103928.042000,1465103928.719678,1465103933.721043,1465103933.800000
346,1465103928.042000,1465103928.956471,1465103933.957705,1465103934.045000
347,1465103928.042000,1465103928.720207,1465103933.721849,1465103933.789000
348,1465103928.042000,1465103928.692339,1465103933.706911,1465103933.788000
349,1465103928.043000,1465103928.743957,1465103933.763319,1465103933.834000
350,1465103928.043000,1465103928.739301,1465103933.742337,1465103933.818000
351,1465103928.043000,1465103929.018947,1465103934.020262,1465103934.096000
352,1465103928.043000,1465103928.702152,1465103933.703484,1465103933.789000
353,1465103928.043000,1465103929.004446,1465103934.005839,1465103934.083000
354,1465103928.043000,1465103928.691194,1465103933.692676,1465103933.770000
355,1465103928.043000,1465103928.688613,1465103933.689957,1465103933.770000
356,1465103928.044000,1465103928.706103,1465103933.707351,1465103933.793000
357,1465103928.044000,1465103928.729682,1465103933.730868,1465103933.790000
358,1465103928.044000,1465103928.712137,1465103933.713818,1465103933.795000
359,1465103928.044000,1465103928.683079,1465103933.686052,1465103933.767000
360,1465103928.044000,1465103928.991287,1465103933.992441,1465103934.062000
361,1465103928.044000,1465103928.716100,1465103933.734600,1465103933.814000
362,1465103928.044000,1465103928.734733,1465103933.736183,1465103933.812000
363,1465103928.044000,1465103928.704252,1465103933.705526,1465103933.791000
364,1465103928.044000,1465103928.920223,1465103933.921454,1465103934.008000
365,1465103928.044000,1465103928.954461,1465103933.956046,1465103934.043000
366,1465103928.044000,1465103928.717442,1465103933.718903,1465103933.807000
367,1465103928.044000,1465103928.666977,1465103933.668338,1465103933.756000
368,1465103928.044000,1465103928.686820,1465103933.688417,1465103933.770000
369,1465103928.046000,1465103928.697698,1465103933.699062,1465103933.778000
370,1465103928.046000,1465103929.104965,1465103934.114722,1465103934.192000
371,1465103928.046000,1465103928.737535,1465103933.738768,1465103933.816000
372,1465103928.046000,1465103928.980684,1465103933.982052,1465103934.078000
373,1465103928.046000,1465103928.954854,1465103933.956080,1465103934.035000
374,1465103928.046000,1465103929.058644,1465103934.059849,1465103934.139000
375,1465103928.046000,1465103928.696769,1465103933.698017,1465103933.769000
376,1465103928.046000,1465103929.011151,1465103934.012316,1465103934.083000
377,1465103928.046000,1465103928.725083,1465103933.734325,1465103933.823000
378,1465103928.046000,1465103930.522720,1465103935.523966,1465103935.590000
379,1465103928.047000,1465103928.972601,1465103933.973943,1465103934.061000
380,1465103928.047000,1465103929.023945,1465103934.025202,1465103934.104000
381,1465103928.047000,1465103928.667325,1465103933.668617,1465103933.736000
382,1465103928.047000,1465103928.674433,1465103933.675883,1465103933.780000
383,1465103928.047000,1465103928.655857,1465103933.657085,1465103933.738000
384,1465103928.047000,1465103928.777398,1465103933.778642,1465103933.859000
385,1465103928.047000,1465103928.729071,1465103933.730601,1465103933.807000
386,1465103928.048000,1465103928.717485,1465103933.718773,1465103933.792000
387,1465103928.048000,1465103928.971281,1465103933.972609,1465103934.053000
388,1465103928.048000,1465103928.703776,1465103933.705171,1465103933.784000
389,1465103928.048000,1465103928.736476,1465103933.752646,1465103933.837000
390,1465103928.048000,1465103928.965984,1465103933.971392,1465103934.060000
391,1465103928.048000,1465103928.986557,1465103933.987770,1465103934.074000
392,1465103928.048000,1465103928.691091,1465103933.692424,1465103933.795000
393,1465103928.049000,1465103928.937548,1465103933.938826,1465103934.042000
394,1465103928.049000,1465103928.712494,1465103933.713718,1465103933.801000
395,1465103928.049000,1465103928.709041,1465103933.710282,1465103933.801000
396,1465103928.049000,1465103929.003384,1465103934.004750,1465103934.071000
397,1465103928.050000,1465103928.706241,1465103933.707472,1465103933.800000
398,1465103928.050000,1465103928.740323,1465103933.741705,1465103933.819000
399,1465103928.050000,1465103928.730819,1465103933.732045,1465103933.811000
400,1465103928.050000,1465103928.735781,1465103933.737200,1465103933.808000
401,1465103928.050000,1465103928.755275,1465103933.756550,1465103933.834000
402,1465103928.050000,1465103928.750937,1465103933.752247,1465103933.828000
403,1465103928.050000,1465103928.730979,1465103933.732668,1465103933.814000
404,1465103928.050000,1465103928.744890,1465103933.746391,1465103933.823000
405,1465103928.051000,1465103928.764070,1465103933.765308,1465103933.852000
406,1465103928.051000,1465103928.982230,1465103933.983428,1465103934.076000
407,1465103928.051000,1465103928.666429,1465103933.667564,1465103933.744000
408,1465103928.051000,1465103928.985099,1465103933.986345,1465103934.068000
409,1465103928.051000,1465103928.814062,1465103933.815222,1465103933.909000
410,1465103928.051000,1465103929.011548,1465103934.012692,1465103934.079000
411,1465103928.051000,1465103928.980444,1465103933.981650,1465103934.062000
412,1465103928.051000,1465103928.724903,1465103933.726109,1465103933.805000
413,1465103928.051000,1465103929.007380,1465103934.009562,1465103934.095000
414,1465103928.052000,1465103928.692288,1465103933.693515,1465103933.771000
415,1465103928.052000,1465103928.735951,1465103933.737494,1465103933.815000
416,1465103928.052000,1465103930.525467,1465103935.526673,1465103935.594000
417,1465103928.052000,1465103928.737047,1465103933.738327,1465103933.819000
418,1465103928.052000,1465103928.975659,1465103933.976872,1465103934.084000
419,1465103928.052000,1465103928.742500,1465103933.743775,1465103933.823000
420,1465103928.053000,0.000000,0.000000,0.000000
421,1465103928.053000,1465103928.736606,1465103933.752047,1465103933.837000
422,1465103928.053000,1465103928.960491,1465103933.961837,1465103934.042000
423,1465103928.053000,1465103928.760332,1465103933.761596,1465103933.835000
424,1465103928.053000,1465103928.980681,1465103933.981968,1465103934.068000
425,1465103928.054000,1465103929.016982,1465103934.018441,1465103934.095000
426,1465103928.054000,1465103928.717868,1465103933.719361,1465103933.795000
427,1465103928.054000,0.000000,0.000000,0.000000
428,1465103928.054000,1465103928.668643,1465103933.670018,1465103933.750000
429,1465103928.054000,1465103928.702622,1465103933.703808,1465103933.784000
430,1465103928.054000,1465103928.685069,1465103933.686317,1465103933.773000
431,1465103928.054000,1465103928.705622,1465103933.707370,1465103933.789000
432,1465103928.054000,1465103929.047251,1465103934.048478,1465103934.140000
433,1465103928.054000,1465103929.021921,1465103934.023262,1465103934.108000
434,1465103928.055000,1465103928.984068,1465103933.985337,1465103934.081000
435,1465103928.055000,1465103928.751398,1465103933.752954,1465103933.832000
436,1465103928.055000,1465103930.489965,1465103935.491351,1465103935.573000
437,1465103928.055000,1465103929.022724,1465103934.024054,1465103934.105000
438,1465103928.055000,1465103928.713749,1465103933.715039,1465103933.803000
439,1465103928.055000,1465103929.041714,1465103934.042949,1465103934.122000
440,1465103928.055000,1465103928.722665,1465103933.723827,1465103933.820000
441,1465103928.055000,1465103928.970065,1465103933.971258,1465103934.049000
442,1465103928.056000,1465103929.007553,1465103934.008917,1465103934.090000
443,1465103928.057000,1465103929.030546,1465103934.038667,1465103934.117000
444,1465103928.057000,1465103928.724621,1465103933.725781,1465103933.818000
445,1465103928.057000,1465103928.698516,1465103933.699809,1465103933.802000
446,1465103928.057000,1465103928.742917,1465103933.744168,1465103933.832000
447,1465103928.057000,1465103928.728694,1465103933.740868,1465103933.816000
448,1465103928.057000,1465103928.713063,1465103933.714342,1465103933.806000
449,1465103928.057000,1465103928.734388,1465103933.735941,1465103933.809000
450,1465103928.057000,1465103928.733875,1465103933.735274,1465103933.824000
451,1465103928.057000,1465103928.745614,1465103933.763396,1465103933.834000
452,1465103928.057000,1465103928.994941,1465103933.996330,1465103934.077000
453,1465103928.057000,1465103928.732036,1465103933.733257,1465103933.820000
454,1465103928.058000,1465103928.716790,1465103933.735062,1465103933.824000
455,1465103928.058000,1465103928.687439,1465103933.688662,1465103933.776000
456,1465103928.058000,1465103928.741650,1465103933.743148,1465103933.828000
457,1465103928.058000,1465103928.754687,1465103933.755908,1465103933.834000
458,1465103928.059000,1465103928.743726,1465103933.744941,1465103933.823000
459,1465103928.059000,1465103928.712714,1465103933.713936,1465103933.800000
460,1465103928.059000,1465103928.720671,1465103933.722160,1465103933.911000
461,1465103928.059000,1465103928.961616,1465103933.962856,1465103934.050000
462,1465103928.059000,1465103928.739201,1465103933.740498,1465103933.820000
463,1465103928.059000,1465103930.516840,1465103935.518151,1465103935.584000
464,1465103928.059000,1465103929.050167,1465103934.051344,1465103934.118000
465,1465103928.059000,1465103928.718829,1465103933.720264,1465103933.799000
466,1465103928.059000,1465103928.717988,1465103933.719900,1465103933.791000
467,1465103928.060000,1465103929.021622,1465103934.022931,1465103934.114000
468,1465103928.060000,1465103928.739262,1465103933.740503,1465103933.808000
469,1465103928.060000,1465103929.019058,1465103934.020221,1465103934.107000
470,1465103928.060000,1465103928.713475,1465103933.728826,1465103933.814000
471,1465103928.060000,1465103928.719866,1465103933.721356,1465103933.814000
472,1465103928.060000,1465103928.990014,1465103933.991473,1465103934.073000
473,1465103928.060000,1465103929.024827,1465103934.026005,1465103934.107000
474,1465103928.061000,1465103928.696352,1465103933.698053,1465103933.801000
475,1465103928.061000,1465103928.745900,1465103933.747441,1465103933.834000
476,1465103928.062000,1465103928.745507,1465103933.750426,1465103933.832000
477,1465103928.062000,1465103928.729900,1465103933.731127,1465103933.819000
478,1465103928.062000,1465103928.997899,1465103934.010358,1465103934.091000
479,1465103928.062000,1465103928.743277,1465103933.745897,1465103933.817000
480,1465103928.062000,1465103928.743353,1465103933.744893,1465103933.830000
481,1465103928.063000,1465103928.741814,1465103933.743775,1465103933.817000
482,1465103928.063000,1465103929.040277,1465103934.052120,1465103934.125000
483,1465103928.063000,1465103928.699008,1465103933.700212,1465103933.778000
484,1465103928.063000,1465103928.711093,1465103933.712372,1465103933.799000
485,1465103928.063000,1465103929.017123,1465103934.018420,1465103934.096000
486,1465103928.063000,1465103928.741796,1465103933.743000,1465103933.829000
487,1465103928.063000,1465103928.749785,1465103933.751153,1465103933.830000
488,1465103928.063000,1465103929.012361,1465103934.013878,1465103934.090000
489,1465103928.063000,1465103929.054026,1465103934.055244,1465103934.136000
490,1465103928.064000,1465103928.740532,1465103933.742248,1465103933.820000
491,1465103928.064000,1465103928.757113,1465103933.761660,1465103933.841000
492,1465103928.064000,1465103928.749288,1465103933.750527,1465103933.837000
493,1465103928.064000,1465103928.726346,1465103933.727638,1465103933.822000
494,1465103928.064000,1465103928.729146,1465103933.730528,1465103933.817000
495,1465103928.064000,1465103928.807011,1465103933.808517,1465103933.868000
496,1465103928.064000,1465103928.768203,1465103933.769722,1465103933.843000
497,1465103928.064000,1465103928.736047,1465103933.737189,1465103933.833000
498,1465103928.064000,1465103928.756923,1465103933.758199,1465103933.839000
499,1465103928.064000,1465103928.777985,1465103933.779233,1465103933.911000
500,1465103928.065000,1465103928.719734,1465103933.720977,1465103933.797000
501,1465103928.065000,1465103928.739622,1465103933.751998,1465103933.825000
502,1465103928.065000,1465103928.714770,1465103933.716430,1465103933.798000
503,1465103928.065000,1465103928.733411,1465103933.734798,1465103933.830000
504,1465103928.065000,1465103929.163827,1465103934.165034,1465103934.244000
505,1465103928.065000,1465103928.762894,1465103933.764230,1465103933.823000
506,1465103928.065000,1465103928.902891,1465103933.904314,1465103933.992000
507,1465103928.065000,1465103928.725021,1465103933.727220,1465103933.812000
508,1465103928.065000,1465103928.787559,1465103933.788760,1465103933.883000
509,1465103928.065000,1465103928.763732,1465103933.764876,1465103933.842000
510,1465103928.065000,1465103928.715259,1465103933.717108,1465103933.803000
511,1465103928.065000,1465103928.738602,1465103933.740389,1465103933.818000
512,1465103928.065000,1465103928.999796,1465103934.000986,1465103934.097000
513,1465103928.065000,1465103928.770236,1465103933.771549,1465103933.844000
514,1465103928.065000,1465103928.714542,1465103933.715741,1465103933.807000
515,1465103928.065000,1465103929.021309,1465103934.022641,1465103934.103000
516,1465103928.065000,1465103928.864360,1465103933.865850,1465103933.936000
517,1465103928.065000,1465103928.723331,1465103933.724461,1465103933.802000
518,1465103928.065000,1465103928.772112,1465103933.773338,1465103933.850000
519,1465103928.065000,1465103928.742033,1465103933.743210,1465103933.828000
520,1465103928.065000,1465103928.735343,1465103933.736752,1465103933.814000
521,1465103928.065000,1465103928.716501,1465103933.717880,1465103933.803000
522,1465103928.065000,1465103928.735752,1465103933.741834,1465103933.817000
523,1465103928.065000,1465103928.731969,1465103933.733178,1465103933.810000
524,1465103928.065000,1465103928.728903,1465103933.743783,1465103933.847000
525,1465103928.065000,1465103928.889094,1465103933.890265,1465103933.979000
526,1465103928.065000,1465103928.716617,1465103933.717886,1465103933.821000
527,1465103928.065000,1465103929.204935,1465103934.206332,1465103934.288000
528,1465103928.065000,1465103928.892483,1465103933.893698,1465103933.953000
529,1465103928.066000,1465103928.759795,1465103933.761086,1465103933.839000
530,1465103928.066000,1465103928.741097,1465103933.743136,1465103933.814000
531,1465103928.066000,1465103928.732357,1465103933.733583,1465103933.819000
532,1465103928.066000,1465103928.907928,1465103933.909748,1465103933.988000
533,1465103928.066000,1465103928.739635,1465103933.742251,1465103933.819000
534,1465103928.066000,1465103928.966738,1465103933.967900,1465103934.060000
535,1465103928.066000,1465103928.767368,1465103933.768819,1465103933.845000
536,1465103928.066000,1465103928.760261,1465103933.761810,1465103933.848000
537,1465103928.066000,1465103928.813560,1465103933.814764,1465103933.874000
538,1465103928.066000,1465103928.811027,1465103933.812203,1465103933.890000
539,1465103928.066000,1465103928.867817,1465103933.869031,1465103933.946000
540,1465103928.066000,1465103928.756928,1465103933.758096,1465103933.843000
541,1465103928.066000,1465103928.831290,1465103933.832481,1465103933.892000
542,1465103928.066000,1465103928.844644,1465103933.845836,1465103933.917000
543,1465103928.066000,1465103929.100053,1465103934.101387,1465103934.180000
544,1465103928.066000,1465103929.003768,1465103934.004990,1465103934.084000
545,1465103928.066000,1465103928.730154,1465103933.731398,1465103933.816000
546,1465103928.066000,1465103928.879457,1465103933.880715,1465103933.940000
547,1465103928.066000,1465103928.845239,1465103933.846575,1465103933.916000
548,1465103928.066000,1465103928.737804,1465103933.739192,1465103933.818000
549,1465103928.066000,1465103928.799295,1465103933.800484,1465103933.886000
550,1465103928.066000,1465103928.745028,1465103933.746287,1465103933.813000
551,1465103928.066000,1465103928.875468,1465103933.876710,1465103933.969000
552,1465103928.066000,1465103928.840505,1465103933.841763,1465103933.933000
553,1465103928.066000,1465103928.807475,1465103933.808773,1465103933.912000
554,1465103928.066000,1465103929.103860,1465103934.105062,1465103934.184000
555,1465103928.067000,1465103928.780407,1465103933.781620,1465103933.877000
556,1465103928.067000,1465103928.821382,1465103933.822601,1465103933.925000
557,1465103928.067000,1465103928.756233,1465103933.758544,1465103933.838000
558,1465103928.067000,1465103928.689858,1465103933.691421,1465103933.794000
559,1465103928.067000,1465103928.813628,1465103933.815378,1465103933.895000
560,1465103928.067000,1465103928.787843,1465103933.789256,1465103933.865000
561,1465103928.067000,1465103928.894423,1465103933.895644,1465103933.972000
562,1465103928.067000,1465103928.833545,1465103933.835228,1465103933.917000
563,1465103928.067000,1465103928.711992,1465103933.714287,1465103933.796000
564,1465103928.067000,1465103928.745318,1465103933.747006,1465103933.824000
565,1465103928.067000,1465103928.834861,1465103933.836167,1465103933.909000
566,1465103928.067000,1465103928.829727,1465103933.830994,1465103933.909000
567,1465103928.067000,1465103928.845788,1465103933.847013,1465103933.926000
568,1465103928.067000,1465103928.728587,1465103933.729834,1465103933.808000
569,1465103928.067000,1465103928.843662,1465103933.847066,1465103933.933000
570,1465103928.067000,1465103928.747597,1465103933.751614,1465103933.830000
571,1465103928.067000,1465103928.702892,1465103933.704587,1465103933.786000
572,1465103928.067000,1465103929.141647,1465103934.142856,1465103934.210000
573,1465103928.067000,1465103928.782435,1465103933.783802,1465103933.862000
574,1465103928.067000,1465103928.837591,1465103933.839300,1465103933.915000
575,1465103928.067000,1465103928.750548,1465103933.751685,1465103933.829000
576,1465103928.067000,1465103928.742449,1465103933.744178,1465103933.832000
577,1465103928.067000,1465103928.718463,1465103933.720659,1465103933.812000
578,1465103928.068000,1465103928.754853,1465103933.761074,1465103933.837000
579,1465103928.068000,1465103928.743811,1465103933.745533,1465103933.831000
580,1465103928.068000,1465103928.758519,1465103933.759685,1465103933.837000
581,1465103928.068000,1465103928.866844,1465103933.868259,1465103933.941000
582,1465103928.068000,1465103928.729049,1465103933.730286,1465103933.825000
583,1465103928.068000,1465103928.810355,1465103933.811568,1465103933.902000
584,1465103928.068000,1465103928.737849,1465103933.739067,1465103933.825000
585,1465103928.068000,1465103928.735155,1465103933.736361,1465103933.816000
586,1465103928.068000,1465103928.713906,1465103933.715126,1465103933.793000
587,1465103928.068000,1465103928.760860,1465103933.762385,1465103933.829000
588,1465103928.068000,1465103928.737741,1465103933.752078,1465103933.825000
589,1465103928.068000,1465103928.731507,1465103933.732777,1465103933.812000
590,1465103928.068000,1465103928.752589,1465103933.753882,1465103933.834000
591,1465103928.068000,1465103928.715642,1465103933.716873,1465103933.784000
592,1465103928.068000,1465103928.748142,1465103933.749386,1465103933.834000
593,1465103928.068000,1465103928.766784,1465103933.769004,1465103933.846000
594,1465103928.068000,1465103928.898119,1465103933.914443,1465103933.992000
595,1465103928.068000,1465103928.753161,1465103933.754727,1465103933.834000
596,1465103928.068000,1465103928.768380,1465103933.769607,1465103933.858000
597,1465103928.068000,1465103928.760276,1465103933.774774,1465103933.854000
598,1465103928.068000,1465103929.015370,1465103934.016596,1465103934.086000
599,1465103928.068000,1465103928.717921,1465103933.719283,1465103933.799000
600,1465103928.068000,1465103928.747124,1465103933.748375,1465103933.835000
601,1465103928.068000,1465103928.731313,1465103933.742464,1465103933.818000
602,1465103928.068000,1465103928.865845,1465103933.871480,1465103933.959000
603,1465103928.068000,1465103928.733091,1465103933.734536,1465103933.813000
604,1465103928.068000,1465103928.752098,1465103933.754079,1465103933.834000
605,1465103928.068000,1465103928.809598,1465103933.810827,1465103933.870000
606,1465103928.068000,1465103928.737651,1465103933.739171,1465103933.826000
607,1465103928.069000,1465103928.703087,1465103933.704243,1465103933.793000
608,1465103928.069000,1465103928.831929,1465103933.833132,1465103933.936000
609,1465103928.069000,1465103928.823759,1465103933.824970,1465103933.909000
610,1465103928.069000,1465103928.734202,1465103933.735556,1465103933.838000
611,1465103928.069000,1465103928.695660,1465103933.698190,1465103933.801000
612,1465103928.069000,0.000000,0.000000,0.000000
613,1465103928.069000,1465103928.768539,1465103933.769727,1465103933.848000
614,1465103928.069000,1465103928.753982,1465103933.760318,1465103933.836000
615,1465103928.069000,1465103929.175065,1465103934.176328,1465103934.243000
616,1465103928.069000,1465103928.864604,1465103933.866468,1465103933.936000
617,1465103928.069000,1465103928.989939,1465103933.991248,1465103934.070000
618,1465103928.069000,1465103928.805698,1465103933.807367,1465103933.910000
619,1465103928.069000,1465103928.850599,1465103933.851892,1465103933.936000
620,1465103928.069000,1465103929.141341,1465103934.143108,1465103934.219000
621,1465103928.069000,1465103928.830068,1465103933.831278,1465103933.918000
622,1465103928.069000,1465103929.047528,1465103934.054975,1465103934.132000
623,1465103928.069000,1465103928.716197,1465103933.718247,1465103933.797000
624,1465103928.069000,1465103928.844821,1465103933.846144,1465103933.937000
625,1465103928.069000,1465103929.138420,1465103934.139668,1465103934.218000
626,1465103928.069000,1465103928.741446,1465103933.743999,1465103933.817000
627,1465103928.069000,1465103928.737875,1465103933.740858,1465103933.818000
628,1465103928.069000,1465103928.753629,1465103933.760936,1465103933.840000
629,1465103928.069000,1465103928.747171,1465103933.750644,1465103933.832000
630,1465103928.069000,1465103928.730732,1465103933.732022,1465103933.809000
631,1465103928.069000,1465103928.719143,1465103933.720339,1465103933.809000
632,1465103928.069000,1465103928.742738,1465103933.744416,1465103933.832000
633,1465103928.069000,1465103928.875766,1465103933.876949,1465103933.971000
634,1465103928.069000,1465103928.868587,1465103933.869787,1465103933.955000
635,1465103928.070000,1465103928.717498,1465103933.718729,1465103933.805000
636,1465103928.070000,1465103928.759570,1465103933.761838,1465103933.841000
637,1465103928.070000,1465103928.827715,1465103933.829210,1465103933.916000
638,1465103928.070000,1465103928.754776,1465103933.756185,1465103933.830000
639,1465103928.070000,1465103928.885904,1465103933.887104,1465103933.946000
640,1465103928.070000,1465103929.138454,1465103934.139833,1465103934.206000
641,1465103928.070000,1465103928.906839,1465103933.908044,1465103933.989000
642,1465103928.070000,1465103928.848206,1465103933.849435,1465103933.935000
643,1465103928.070000,1465103928.824368,1465103933.825583,1465103933.928000
644,1465103928.070000,1465103928.798581,1465103933.799797,1465103933.877000
645,1465103928.070000,1465103928.788091,1465103933.789290,1465103933.867000
646,1465103928.070000,1465103928.764992,1465103933.766354,1465103933.844000
647,1465103928.070000,1465103928.913112,1465103933.914379,1465103933.973000
648,1465103928.070000,1465103928.862599,1465103933.864030,1465103933.951000
649,1465103928.070000,1465103928.748285,1465103933.749749,1465103933.825000
650,1465103928.070000,1465103928.818380,1465103933.819668,1465103933.910000
651,1465103928.070000,1465103928.766436,1465103933.767917,1465103933.850000
652,1465103928.070000,1465103929.162308,1465103934.163484,1465103934.245000
653,1465103928.070000,1465103928.758876,1465103933.760230,1465103933.831000
654,1465103928.071000,1465103928.749378,1465103933.751135,1465103933.830000
655,1465103928.071000,1465103928.856582,1465103933.857864,1465103933.944000
656,1465103928.071000,1465103928.707706,1465103933.708943,1465103933.804000
657,1465103928.071000,1465103928.883647,1465103933.884969,1465103933.966000
658,1465103928.071000,1465103928.781817,1465103933.783090,1465103933.870000
659,1465103928.071000,1465103928.733563,1465103933.734865,1465103933.821000
660,1465103928.071000,1465103928.786131,1465103933.787524,1465103933.860000
661,1465103928.071000,1465103928.790525,1465103933.791763,1465103933.882000
662,1465103928.071000,1465103928.884566,1465103933.891734,1465103933.976000
663,1465103928.071000,1465103928.696856,1465103933.699030,1465103933.787000
664,1465103928.071000,1465103928.717671,1465103933.718984,1465103933.804000
665,1465103928.071000,1465103928.849814,1465103933.850998,1465103933.938000
666,1465103928.071000,1465103928.832808,1465103933.833977,1465103933.922000
667,1465103928.071000,1465103928.758675,1465103933.764350,1465103933.843000
668,1465103928.071000,1465103928.751101,1465103933.753764,1465103933.835000
669,1465103928.071000,1465103928.850097,1465103933.854573,1465103933.933000
670,1465103928.071000,1465103928.742323,1465103933.754548,1465103933.842000
671,1465103928.071000,1465103928.834237,1465103933.835540,1465103933.926000
672,1465103928.071000,1465103928.850791,1465103933.852371,1465103933.934000
673,1465103928.071000,1465103928.751074,1465103933.753079,1465103933.834000
674,1465103928.071000,1465103928.744836,1465103933.746062,1465103933.833000
675,1465103928.071000,1465103928.723231,1465103933.724545,1465103933.810000
676,1465103928.071000,1465103928.819870,1465103933.821198,1465103933.897000
677,1465103928.071000,1465103928.896623,1465103933.897859,1465103933.983000
678,1465103928.071000,1465103928.820668,1465103933.821847,1465103933.916000
679,1465103928.071000,1465103928.762266,1465103933.763525,1465103933.854000
680,1465103928.071000,1465103929.140491,1465103934.141764,1465103934.223000
681,1465103928.071000,1465103928.799802,1465103933.801018,1465103933.888000
682,1465103928.072000,1465103928.687773,1465103933.689034,1465103933.769000
683,1465103928.072000,1465103928.778578,1465103933.779952,1465103933.851000
684,1465103928.072000,1465103928.793714,1465103933.795188,1465103933.882000
685,1465103928.072000,1465103928.811403,1465103933.812801,1465103933.891000
686,1465103928.072000,1465103928.702873,1465103933.704223,1465103933.790000
687,1465103928.072000,1465103928.729851,1465103933.731107,1465103933.816000
688,1465103928.072000,1465103928.735660,1465103933.736955,1465103933.814000
689,1465103928.072000,1465103928.728964,1465103933.730531,1465103933.833000
690,1465103928.072000,1465103929.117228,1465103934.128819,1465103934.209000
691,1465103928.072000,1465103928.863136,1465103933.864337,1465103933.923000
692,1465103928.072000,1465103928.887435,1465103933.888912,1465103933.963000
693,1465103928.072000,1465103928.828366,1465103933.829627,1465103933.916000
694,1465103928.072000,1465103928.750197,1465103933.752307,1465103933.831000
695,1465103928.072000,1465103929.173682,1465103934.174944,1465103934.255000
696,1465103928.072000,1465103928.907749,1465103933.909299,1465103933.988000
697,1465103928.072000,1465103928.872354,1465103933.873706,1465103933.961000
698,1465103928.072000,1465103928.808659,1465103933.809895,1465103933.896000
699,1465103928.072000,1465103928.844752,1465103933.846347,1465103933.933000
700,1465103928.072000,1465103928.774456,1465103933.775751,1465103933.860000
701,1465103928.072000,1465103928.754369,1465103933.757511,1465103933.837000
702,1465103928.072000,1465103928.782583,1465103933.783876,1465103933.870000
703,1465103928.072000,1465103928.808802,1465103933.810102,1465103933.888000
704,1465103928.072000,1465103928.847310,1465103933.848517,1465103933.908000
705,1465103928.072000,1465103928.725155,1465103933.726870,1465103933.809000
706,1465103928.072000,1465103928.778752,1465103933.779944,1465103933.864000
707,1465103928.072000,1465103928.805531,1465103933.806824,1465103933.893000
708,1465103928.072000,1465103928.896276,1465103933.897504,1465103933.985000
709,1465103928.073000,1465103928.884962,1465103933.886214,1465103933.974000
710,1465103928.073000,1465103928.875408,1465103933.876686,1465103933.964000
711,1465103928.073000,1465103928.846279,1465103933.847690,1465103933.942000
712,1465103928.073000,1465103928.879655,1465103933.880978,1465103933.959000
713,1465103928.073000,1465103928.812184,1465103933.813412,1465103933.916000
714,1465103928.073000,1465103928.830218,1465103933.831416,1465103933.925000
715,1465103928.073000,1465103929.098736,1465103934.099982,1465103934.179000
716,1465103928.073000,1465103928.904057,1465103933.905342,1465103933.964000
717,1465103928.073000,1465103929.137581,1465103934.138856,1465103934.234000
718,1465103928.073000,1465103928.729789,1465103933.731286,1465103933.826000
719,1465103928.073000,1465103928.710355,1465103933.711593,1465103933.792000
720,1465103928.073000,1465103928.849000,1465103933.854585,1465103933.934000
721,1465103928.073000,1465103928.725135,1465103933.726698,1465103933.815000
722,1465103928.073000,1465103929.196663,1465103934.198054,1465103934.264000
723,1465103928.073000,1465103928.879140,1465103933.880549,1465103933.967000
724,1465103928.073000,1465103928.800747,1465103933.801926,1465103933.886000
725,1465103928.073000,1465103928.778268,1465103933.779514,1465103933.882000
726,1465103928.073000,1465103928.750497,1465103933.766608,1465103933.848000
727,1465103928.073000,1465103928.719632,1465103933.727097,1465103933.808000
728,1465103928.073000,1465103928.873188,1465103933.874533,1465103933.967000
729,1465103928.073000,1465103928.757912,1465103933.764350,1465103933.843000
730,1465103928.073000,1465103928.825319,1465103933.826997,1465103933.906000
731,1465103928.073000,1465103928.712061,1465103933.713362,1465103933.792000
732,1465103928.073000,1465103928.809130,1465103933.810439,1465103933.897000
733,1465103928.073000,1465103928.778077,1465103933.779564,1465103933.838000
734,1465103928.073000,1465103928.786883,1465103933.788173,1465103933.875000
735,1465103928.074000,1465103928.868345,1465103933.869562,1465103933.929000
736,1465103928.074000,1465103929.180633,1465103934.181822,1465103934.262000
737,1465103928.074000,1465103929.188341,1465103934.189573,1465103934.256000
738,1465103928.074000,1465103928.701163,1465103933.702646,1465103933.782000
739,1465103928.074000,1465103928.854839,1465103933.856127,1465103933.935000
740,1465103928.074000,1465103928.867257,1465103933.868526,1465103933.947000
741,1465103928.074000,1465103928.839485,1465103933.840643,1465103933.929000
742,1465103928.074000,1465103928.827842,1465103933.829177,1465103933.902000
743,1465103928.074000,1465103928.808642,1465103933.810286,1465103933.892000
744,1465103928.074000,1465103928.723712,1465103933.725248,1465103933.812000
745,1465103928.074000,1465103928.751536,1465103933.752718,1465103933.840000
746,1465103928.074000,1465103928.749484,1465103933.750790,1465103933.829000
747,1465103928.074000,1465103928.768620,1465103933.769947,1465103933.857000
748,1465103928.074000,1465103928.881434,1465103933.882695,1465103933.960000
749,1465103928.074000,1465103928.750755,1465103933.751905,1465103933.839000
750,1465103928.074000,1465103928.761806,1465103933.763037,1465103933.844000
751,1465103928.074000,1465103928.847974,1465103933.849529,1465103933.937000
752,1465103928.074000,1465103928.767354,1465103933.777920,1465103933.864000
753,1465103928.074000,1465103928.812879,1465103933.814240,1465103933.909000
754,1465103928.074000,1465103928.843906,1465103933.845313,1465103933.926000
755,1465103928.074000,1465103928.840199,1465103933.841476,1465103933.928000
756,1465103928.074000,1465103928.856845,1465103933.858127,1465103933.928000
757,1465103928.074000,1465103928.781602,1465103933.782767,1465103933.860000
758,1465103928.074000,1465103928.762957,1465103933.764174,1465103933.842000
759,1465103928.075000,1465103929.132045,1465103934.145979,1465103934.225000
760,1465103928.075000,1465103928.867240,1465103933.868511,1465103933.956000
761,1465103928.075000,1465103928.799069,1465103933.800273,1465103933.881000
762,1465103928.075000,1465103928.815946,1465103933.817394,1465103933.905000
763,1465103928.075000,1465103928.744092,1465103933.745423,1465103933.842000
764,1465103928.075000,1465103928.794738,1465103933.795995,1465103933.874000
765,1465103928.075000,1465103928.803468,1465103933.804792,1465103933.885000
766,1465103928.075000,1465103928.781220,1465103933.782393,1465103933.871000
767,1465103928.075000,1465103928.841858,1465103933.843187,1465103933.916000
768,1465103928.075000,1465103928.757143,1465103933.771950,1465103933.845000
769,1465103928.075000,1465103928.753985,1465103933.755155,1465103933.841000
770,1465103928.075000,1465103928.733229,1465103933.734817,1465103933.837000
771,1465103928.075000,1465103928.892034,1465103933.893211,1465103933.972000
772,1465103928.076000,1465103928.752940,1465103933.754194,1465103933.832000
773,1465103928.077000,1465103928.762197,1465103933.763394,1465103933.842000
774,1465103928.083000,1465103928.761902,1465103933.763167,1465103933.842000
775,1465103928.095000,1465103928.907857,1465103933.923633,1465103934.003000
776,1465103928.110000,1465103928.758268,1465103933.760304,1465103933.831000
777,1465103928.109000,1465103929.182651,1465103934.184346,1465103934.260000
778,1465103928.109000,1465103928.824946,1465103933.826581,1465103933.906000
779,1465103928.109000,1465103928.898677,1465103933.900103,1465103933.980000
780,1465103928.112000,1465103928.798793,1465103933.800236,1465103933.887000
781,1465103928.112000,1465103928.761617,1465103933.762812,1465103933.850000
782,1465103928.112000,1465103928.898501,1465103933.900140,1465103933.982000
783,1465103928.112000,1465103928.876916,1465103933.878152,1465103933.957000
784,1465103928.112000,1465103929.079016,1465103934.080276,1465103934.147000
785,1465103928.141000,1465103928.890423,1465103933.891813,1465103933.979000
786,1465103928.145000,1465103928.762100,1465103933.763358,1465103933.866000
787,1465103928.145000,1465103928.852917,1465103933.854154,1465103933.957000
788,1465103928.146000,1465103928.899373,1465103933.900945,1465103933.981000
789,1465103928.146000,1465103928.835901,1465103933.837170,1465103933.926000
790,1465103928.146000,1465103928.782117,1465103933.783420,1465103933.886000
791,1465103928.146000,1465103928.858694,1465103933.859911,1465103933.940000
792,1465103928.146000,1465103928.851699,1465103933.852977,1465103933.940000
793,1465103928.146000,1465103928.774572,1465103933.775862,1465103933.854000
794,1465103928.146000,0.000000,0.000000,0.000000
795,1465103928.146000,1465103928.793329,1465103933.795421,1465103933.883000
796,1465103928.146000,0.000000,0.000000,0.000000
797,1465103928.146000,1465103928.853422,1465103933.854700,1465103933.936000
798,1465103928.146000,1465103928.928368,1465103933.929748,1465103933.989000
799,1465103928.146000,1465103928.902181,1465103933.903564,1465103933.991000
800,1465103928.146000,1465103928.875263,1465103933.891608,1465103933.982000
801,1465103928.146000,1465103929.109552,1465103934.110846,1465103934.191000
802,1465103928.147000,1465103928.909816,1465103933.921360,1465103933.981000
803,1465103928.147000,1465103928.850048,1465103933.851220,1465103933.929000
804,1465103928.147000,1465103928.856668,1465103933.857870,1465103933.943000
805,1465103928.148000,1465103928.788871,1465103933.790116,1465103933.876000
806,1465103928.148000,1465103928.847692,1465103933.857991,1465103933.945000
807,1465103928.148000,1465103928.840116,1465103933.841315,1465103933.935000
808,1465103928.148000,1465103928.908243,1465103933.909582,1465103933.986000
809,1465103928.148000,1465103928.916378,1465103933.917748,1465103933.984000
810,1465103928.148000,1465103928.809959,1465103933.811351,1465103933.896000
811,1465103928.148000,1465103928.870880,1465103933.872089,1465103933.958000
812,1465103928.149000,1465103928.850208,1465103933.851491,1465103933.940000
813,1465103928.149000,1465103929.159525,1465103934.160692,1465103934.267000
814,1465103928.149000,0.000000,0.000000,0.000000
815,1465103928.149000,1465103928.872937,1465103933.874340,1465103933.952000
816,1465103928.149000,1465103928.778755,1465103933.780304,1465103933.840000
817,1465103928.151000,1465103928.894308,1465103933.895547,1465103933.991000
818,1465103928.151000,1465103928.865841,1465103933.867037,1465103933.954000
819,1465103928.151000,1465103928.843165,1465103933.844392,1465103933.921000
820,1465103928.151000,1465103928.841612,1465103933.842832,1465103933.921000
821,1465103928.151000,1465103929.106864,1465103934.108156,1465103934.190000
822,1465103928.151000,1465103928.879905,1465103933.881271,1465103933.968000
823,1465103928.151000,1465103928.865655,1465103933.867346,1465103933.946000
824,1465103928.151000,1465103928.860134,1465103933.861645,1465103933.942000
825,1465103928.151000,1465103928.751838,1465103933.753193,1465103933.838000
826,1465103928.151000,1465103928.883345,1465103933.884908,1465103933.992000
827,1465103928.152000,1465103928.869658,1465103933.870926,1465103933.957000
828,1465103928.152000,1465103928.882907,1465103933.884151,1465103933.978000
829,1465103928.152000,1465103928.855287,1465103933.856801,1465103933.944000
830,1465103928.152000,1465103929.200028,1465103934.209878,1465103934.277000
831,1465103928.152000,1465103928.900259,1465103933.901743,1465103933.982000
832,1465103928.152000,1465103928.852988,1465103933.854400,1465103933.945000
833,1465103928.152000,1465103928.812548,1465103933.813855,1465103933.894000
834,1465103928.152000,1465103928.855211,1465103933.856474,1465103933.947000
835,1465103928.152000,1465103928.855313,1465103933.856531,1465103933.945000
836,1465103928.153000,1465103928.893969,1465103933.895391,1465103933.981000
837,1465103928.153000,1465103928.866193,1465103933.867388,1465103933.956000
838,1465103928.153000,0.000000,0.000000,0.000000
839,1465103928.153000,1465103928.880588,1465103933.883188,1465103933.970000
840,1465103928.154000,1465103928.840393,1465103933.857906,1465103933.938000
841,1465103928.154000,1465103928.881696,1465103933.883272,1465103933.964000
842,1465103928.155000,0.000000,0.000000,0.000000
843,1465103928.155000,1465103928.823708,1465103933.825389,1465103933.907000
844,1465103928.155000,1465103928.877544,1465103933.878886,1465103933.958000
845,1465103928.156000,1465103928.886630,1465103933.887759,1465103933.982000
846,1465103928.156000,1465103928.817661,1465103933.818858,1465103933.890000
847,1465103928.157000,1465103929.149514,1465103934.150765,1465103934.229000
848,1465103928.157000,1465103928.794055,1465103933.795295,1465103933.891000
849,1465103928.157000,1465103928.810664,1465103933.811832,1465103933.898000
850,1465103928.157000,1465103928.847225,1465103933.848905,1465103933.930000
851,1465103928.158000,1465103928.886336,1465103933.888491,1465103933.981000
852,1465103928.158000,1465103928.852553,1465103933.853898,1465103933.941000
853,1465103928.159000,1465103928.778662,1465103933.779923,1465103933.866000
854,1465103928.159000,1465103928.828175,1465103933.829455,1465103933.910000
855,1465103928.159000,1465103928.859632,1465103933.860918,1465103933.939000
856,1465103928.159000,1465103928.900154,1465103933.901359,1465103933.990000
857,1465103928.159000,1465103928.919614,1465103933.920834,1465103933.980000
858,1465103928.159000,1465103928.855562,1465103933.857103,1465103933.936000
859,1465103928.160000,0.000000,0.000000,0.000000
860,1465103928.160000,1465103928.876375,1465103933.889345,1465103933.970000
861,1465103928.160000,1465103928.924622,1465103933.925862,1465103933.985000
862,1465103928.160000,1465103929.050202,1465103934.051476,1465103934.142000
863,1465103928.161000,1465103928.871680,1465103933.888760,1465103933.969000
864,1465103928.162000,1465103928.864825,1465103933.871038,1465103933.959000
865,1465103928.162000,1465103929.148218,1465103934.168979,1465103934.236000
866,1465103928.162000,1465103928.844036,1465103933.845502,1465103933.923000
867,1465103928.163000,1465103928.818256,1465103933.819593,1465103933.899000
868,1465103928.163000,1465103928.855464,1465103933.856650,1465103933.945000
869,1465103928.163000,1465103928.883710,1465103933.885179,1465103933.966000
870,1465103928.164000,1465103928.897866,1465103933.908569,1465103933.989000
871,1465103928.164000,1465103928.897409,1465103933.899287,1465103933.977000
872,1465103928.164000,1465103928.845623,1465103933.846934,1465103933.941000
873,1465103928.164000,1465103928.871025,1465103933.872282,1465103933.959000
874,1465103928.164000,1465103928.892343,1465103933.893651,1465103933.981000
875,1465103928.165000,1465103928.888702,1465103933.889976,1465103933.978000
876,1465103928.165000,1465103928.903736,1465103933.905308,1465103933.983000
877,1465103928.165000,1465103928.896956,1465103933.898180,1465103933.984000
878,1465103928.166000,1465103928.859167,1465103933.860389,1465103933.948000
879,1465103928.166000,1465103928.807188,1465103933.808609,1465103933.881000
880,1465103928.166000,1465103928.807561,1465103933.808849,1465103933.886000
881,1465103928.166000,1465103928.870998,1465103933.872347,1465103933.951000
882,1465103928.166000,1465103928.878439,1465103933.879857,1465103933.952000
883,1465103928.166000,1465103928.870892,1465103933.872078,1465103933.959000
884,1465103928.166000,1465103929.166901,1465103934.168195,1465103934.263000
885,1465103928.166000,1465103928.859042,1465103933.860792,1465103933.940000
886,1465103928.167000,1465103928.888906,1465103933.890202,1465103933.963000
887,1465103928.167000,1465103928.832704,1465103933.833911,1465103933.921000
888,1465103928.167000,1465103928.881229,1465103933.882494,1465103933.960000
889,1465103928.167000,1465103929.201855,1465103934.203280,1465103934.274000
890,1465103928.168000,1465103928.883734,1465103933.885042,1465103933.966000
891,1465103928.168000,1465103928.798168,1465103933.799593,1465103933.886000
892,1465103928.168000,1465103928.897381,1465103933.898621,1465103933.958000
893,1465103928.168000,1465103929.151439,1465103934.152654,1465103934.233000
894,1465103928.169000,1465103928.863209,1465103933.864386,1465103933.945000
895,1465103928.169000,1465103928.884804,1465103933.886005,1465103933.967000
896,1465103928.169000,1465103928.917373,1465103933.919022,1465103933.989000
897,1465103928.169000,1465103928.887336,1465103933.888739,1465103933.974000
898,1465103928.169000,1465103928.895645,1465103933.896857,1465103933.967000
899,1465103928.169000,1465103928.903446,1465103933.904687,1465103933.971000
900,1465103928.169000,1465103928.876136,1465103933.877751,1465103933.959000
901,1465103928.169000,1465103928.900765,1465103933.902012,1465103933.981000
902,1465103928.169000,1465103928.897928,1465103933.899287,1465103933.986000
903,1465103928.170000,1465103929.119889,1465103934.121119,1465103934.188000
904,1465103928.170000,1465103928.900565,1465103933.901797,1465103933.982000
905,1465103928.170000,1465103928.906107,1465103933.907363,1465103933.987000
906,1465103928.171000,1465103928.893112,1465103933.894343,1465103933.982000
907,1465103928.171000,1465103928.897797,1465103933.899291,1465103933.966000
908,1465103928.171000,1465103929.211533,1465103934.212746,1465103934.280000
909,1465103928.171000,1465103928.890031,1465103933.891602,1465103933.970000
910,1465103928.171000,1465103928.846794,1465103933.848020,1465103933.925000
911,1465103928.172000,1465103928.909944,1465103933.911543,1465103933.981000
912,1465103928.172000,1465103928.852936,1465103933.854268,1465103933.942000
913,1465103928.172000,1465103928.844555,1465103933.846446,1465103933.933000
914,1465103928.172000,1465103928.836002,1465103933.837272,1465103933.915000
915,1465103928.172000,1465103928.907391,1465103933.914183,1465103933.993000
916,1465103928.172000,1465103928.813037,1465103933.814225,1465103933.899000
917,1465103928.173000,1465103928.879769,1465103933.881024,1465103933.968000
918,1465103928.173000,1465103928.909706,1465103933.911544,1465103933.981000
919,1465103928.173000,1465103928.876283,1465103933.877497,1465103933.948000
920,1465103928.174000,1465103928.887098,1465103933.888372,1465103933.973000
921,1465103928.175000,1465103928.894873,1465103933.896007,1465103933.990000
922,1465103928.175000,1465103928.883229,1465103933.884579,1465103933.963000
923,1465103928.175000,1465103928.890142,1465103933.891563,1465103933.978000
924,1465103928.175000,1465103929.184127,1465103934.185344,1465103934.252000
925,1465103928.175000,1465103928.899043,1465103933.900215,1465103933.985000
926,1465103928.175000,1465103928.860045,1465103933.861591,1465103933.942000
927,1465103928.175000,1465103928.901475,1465103933.902748,1465103933.990000
928,1465103928.175000,0.000000,0.000000,0.000000
929,1465103928.175000,1465103928.867186,1465103933.868598,1465103933.935000
930,1465103928.175000,1465103928.903206,1465103933.904479,1465103933.990000
931,1465103928.175000,1465103928.891509,1465103933.892713,1465103933.980000
932,1465103928.176000,1465103928.898163,1465103933.899432,1465103933.980000
933,1465103928.176000,1465103929.186118,1465103934.187591,1465103934.274000
934,1465103928.176000,1465103929.167762,1465103934.168953,1465103934.248000
935,1465103928.176000,1465103929.106962,1465103934.108205,1465103934.215000
936,1465103928.177000,1465103928.886908,1465103933.889706,1465103933.982000
937,1465103928.177000,1465103929.136945,1465103934.138232,1465103934.205000
938,1465103928.177000,1465103928.841011,1465103933.857983,1465103933.939000
939,1465103928.177000,1465103928.899526,1465103933.900909,1465103933.967000
940,1465103928.177000,1465103928.895529,1465103933.896827,1465103933.983000
941,1465103928.178000,1465103928.864660,1465103933.865809,1465103933.952000
942,1465103928.178000,1465103928.916906,1465103933.918424,1465103933.988000
943,1465103928.178000,1465103928.875611,1465103933.877219,1465103933.964000
944,1465103928.178000,1465103928.881675,1465103933.883563,1465103933.971000
945,1465103928.178000,1465103928.891088,1465103933.892358,1465103933.979000
946,1465103928.179000,1465103928.892572,1465103933.893807,1465103933.963000
947,1465103928.179000,1465103928.890417,1465103933.891685,1465103933.970000
948,1465103928.179000,1465103929.133741,1465103934.134951,1465103934.213000
949,1465103928.179000,1465103928.884293,1465103933.885713,1465103933.980000
950,1465103928.179000,1465103928.897995,1465103933.919162,1465103933.998000
951,1465103928.179000,1465103928.870439,1465103933.871664,1465103933.966000
952,1465103928.179000,1465103928.900734,1465103933.901906,1465103933.972000
953,1465103928.180000,1465103928.905701,1465103933.906962,1465103933.980000
954,1465103928.180000,1465103928.855348,1465103933.858442,1465103933.945000
955,1465103928.180000,1465103929.148150,1465103934.150100,1465103934.217000
956,1465103928.180000,1465103928.915009,1465103933.916918,1465103933.993000
957,1465103928.180000,1465103928.852285,1465103933.853457,1465103933.940000
958,1465103928.181000,1465103928.872010,1465103933.873304,1465103933.959000
959,1465103928.181000,1465103928.850760,1465103933.852142,1465103933.946000
960,1465103928.181000,1465103929.170893,1465103934.172233,1465103934.253000
961,1465103928.182000,1465103928.804948,1465103933.806178,1465103933.902000
962,1465103928.182000,1465103929.147958,1465103934.149152,1465103934.231000
963,1465103928.182000,1465103928.888445,1465103933.889738,1465103933.974000
964,1465103928.182000,1465103928.869405,1465103933.870740,1465103933.962000
965,1465103928.183000,1465103928.877524,1465103933.878764,1465103933.957000
966,1465103928.183000,1465103928.903621,1465103933.904837,1465103933.983000
967,1465103928.183000,1465103929.202803,1465103934.203980,1465103934.270000
968,1465103928.184000,1465103928.887013,1465103933.888285,1465103933.967000
969,1465103928.185000,1465103928.832115,1465103933.833556,1465103933.912000
970,1465103928.186000,1465103928.836854,1465103933.838087,1465103933.933000
971,1465103928.186000,1465103928.882391,1465103933.883565,1465103933.970000
972,1465103928.186000,1465103928.884576,1465103933.885768,1465103933.973000
973,1465103928.188000,1465103928.896805,1465103933.897975,1465103933.985000
974,1465103928.188000,1465103928.880215,1465103933.882291,1465103933.970000
975,1465103928.188000,1465103928.866775,1465103933.868309,1465103933.959000
976,1465103928.188000,1465103928.888830,1465103933.890210,1465103933.969000
977,1465103928.188000,1465103928.899795,1465103933.901134,1465103933.989000
978,1465103928.189000,1465103928.890562,1465103933.892045,1465103933.983000
979,1465103928.190000,1465103928.857911,1465103933.859121,1465103933.930000
980,1465103928.190000,1465103928.837566,1465103933.839508,1465103933.915000
981,1465103928.190000,1465103928.886199,1465103933.887327,1465103933.973000
982,1465103928.191000,1465103928.901534,1465103933.902799,1465103933.976000
983,1465103928.191000,1465103928.899345,1465103933.900800,1465103933.983000
984,1465103928.192000,1465103928.887582,1465103933.889253,1465103933.982000
985,1465103928.193000,1465103928.915436,1465103933.916965,1465103933.987000
986,1465103928.193000,1465103928.907928,1465103933.918654,1465103933.997000
987,1465103928.193000,1465103928.859991,1465103933.861209,1465103933.956000
988,1465103928.194000,1465103928.828196,1465103933.829515,1465103933.916000
989,1465103928.194000,1465103928.906897,1465103933.908737,1465103933.988000
990,1465103928.194000,1465103928.875359,1465103933.877224,1465103933.965000
991,1465103928.195000,1465103928.818939,1465103933.820253,1465103933.908000
992,1465103928.195000,1465103928.889355,1465103933.890536,1465103933.983000
993,1465103928.195000,1465103928.895242,1465103933.904295,1465103933.989000
994,1465103928.196000,1465103929.119923,1465103934.121223,1465103934.203000
995,1465103928.196000,1465103928.853602,1465103933.854824,1465103933.949000
996,1465103928.196000,1465103928.882106,1465103933.883436,1465103933.969000
997,1465103928.196000,1465103928.841648,1465103933.842967,1465103933.920000
998,1465103928.196000,1465103928.863146,1465103933.864353,1465103933.949000
999,1465103928.196000,1465103929.177536,1465103934.178691,1465103934.285000
