0,1464630731.587000,1464630732.243092,1464630732.256487,1464630732.344000
1,1464630731.587000,1464630732.255404,1464630732.257746,1464630732.352000
2,1464630731.587000,1464630732.262876,1464630732.264059,1464630732.353000
3,1464630731.587000,1464630732.261434,1464630732.275541,1464630732.358000
4,1464630731.587000,0.000000,0.000000,0.000000
5,1464630731.587000,1464630732.287370,1464630732.289891,1464630732.393000
6,1464630731.587000,1464630732.265629,1464630732.272673,1464630732.394000
7,1464630731.587000,1464630732.278977,1464630732.281243,1464630732.395000
8,1464630731.587000,1464630732.254608,1464630732.256104,1464630732.395000
9,1464630731.587000,1464630732.311968,1464630732.313775,1464630732.396000
10,1464630731.587000,1464630732.272279,1464630732.273398,1464630732.396000
11,1464630731.587000,1464630732.255340,1464630732.263310,1464630732.397000
12,1464630731.587000,1464630732.245635,1464630732.260647,1464630732.398000
13,1464630731.587000,1464630732.254136,1464630732.256113,1464630732.398000
14,1464630731.588000,1464630732.289430,1464630732.290558,1464630732.399000
15,1464630731.588000,1464630732.321115,1464630732.322573,1464630732.406000
16,1464630731.588000,1464630732.310835,1464630732.312015,1464630732.407000
17,1464630731.588000,1464630732.253389,1464630732.260294,1464630732.408000
18,1464630731.588000,1464630732.277522,1464630732.278893,1464630732.408000
19,1464630731.588000,1464630732.288818,1464630732.290618,1464630732.409000
20,1464630731.588000,1464630732.268942,1464630732.270031,1464630732.409000
21,1464630731.588000,1464630732.255221,1464630732.258759,1464630732.410000
22,1464630731.588000,1464630732.276032,1464630732.282149,1464630732.411000
23,1464630731.588000,1464630732.286907,1464630732.290270,1464630732.412000
24,1464630731.588000,1464630732.300327,1464630732.311399,1464630732.412000
25,1464630731.588000,1464630732.294720,1464630732.295878,1464630732.413000
26,1464630731.588000,0.000000,0.000000,0.000000
27,1464630731.588000,1464630732.277933,1464630732.278989,1464630732.414000
28,1464630731.588000,1464630732.254039,1464630732.258778,1464630732.414000
29,1464630731.589000,1464630732.262800,1464630732.277005,1464630732.415000
30,1464630731.589000,1464630732.344418,1464630732.346441,1464630732.433000
31,1464630731.589000,0.000000,0.000000,0.000000
32,1464630731.590000,1464630732.246558,1464630732.255136,1464630732.435000
33,1464630731.590000,1464630732.256287,1464630732.257960,1464630732.435000
34,1464630731.590000,1464630732.353161,1464630732.354142,1464630732.438000
35,1464630731.590000,1464630732.245621,1464630732.247197,1464630732.439000
36,1464630731.590000,1464630732.320495,1464630732.337622,1464630732.439000
37,1464630731.590000,1464630732.273468,1464630732.274451,1464630732.440000
38,1464630731.591000,0.000000,0.000000,0.000000
39,1464630731.591000,1464630732.291462,1464630732.292394,1464630732.442000
40,1464630731.591000,1464630732.240508,1464630732.241911,1464630732.442000
41,1464630731.591000,1464630732.250655,1464630732.253506,1464630732.443000
42,1464630731.591000,1464630732.306886,1464630732.308530,1464630732.443000
43,1464630731.592000,0.000000,0.000000,0.000000
44,1464630731.593000,1464630732.260785,1464630732.262034,1464630732.445000
45,1464630731.594000,0.000000,0.000000,0.000000
46,1464630731.594000,1464630732.274902,1464630732.294866,1464630732.447000
47,1464630731.594000,1464630732.287561,1464630732.295420,1464630732.447000
48,1464630731.594000,1464630732.288033,1464630732.297832,1464630732.448000
49,1464630731.594000,1464630732.250516,1464630732.274817,1464630732.449000
50,1464630731.594000,0.000000,0.000000,0.000000
51,1464630731.594000,1464630732.245036,1464630732.246329,1464630732.450000
52,1464630731.594000,1464630732.282681,1464630732.283789,1464630732.451000
53,1464630731.594000,1464630732.304421,1464630732.305397,1464630732.452000
54,1464630731.594000,0.000000,0.000000,0.000000
55,1464630731.594000,1464630732.263727,1464630732.276312,1464630732.453000
56,1464630731.594000,1464630732.313450,1464630732.315075,1464630732.454000
57,1464630731.594000,1464630732.290405,1464630732.291399,1464630732.455000
58,1464630731.594000,1464630732.273318,1464630732.274429,1464630732.455000
59,1464630731.594000,0.000000,0.000000,0.000000
60,1464630731.595000,1464630732.327672,1464630732.328795,1464630732.456000
61,1464630731.595000,0.000000,0.000000,0.000000
62,1464630731.595000,0.000000,0.000000,0.000000
63,1464630731.595000,1464630732.254436,1464630732.260948,1464630732.458000
64,1464630731.595000,0.000000,0.000000,0.000000
65,1464630731.595000,1464630732.341346,1464630732.361267,1464630732.459000
66,1464630731.595000,1464630732.279199,1464630732.281664,1464630732.460000
67,1464630731.596000,0.000000,0.000000,0.000000
68,1464630731.597000,0.000000,0.000000,0.000000
69,1464630731.596000,1464630732.317228,1464630732.318548,1464630732.462000
70,1464630731.596000,1464630732.316896,1464630732.321774,1464630732.462000
71,1464630731.596000,1464630732.293121,1464630732.294169,1464630732.463000
72,1464630731.597000,1464630732.248904,1464630732.259404,1464630732.464000
73,1464630731.597000,1464630732.247974,1464630732.249209,1464630732.464000
74,1464630731.598000,1464630732.312600,1464630732.313800,1464630732.465000
75,1464630731.601000,1464630732.273497,1464630732.274752,1464630732.465000
76,1464630731.602000,0.000000,0.000000,0.000000
77,1464630731.602000,1464630732.308150,1464630732.315302,1464630732.466000
78,1464630731.602000,0.000000,0.000000,0.000000
79,1464630731.602000,1464630732.293211,1464630732.294767,1464630732.468000
80,1464630731.604000,0.000000,0.000000,0.000000
81,1464630731.604000,1464630732.318510,1464630732.322829,1464630732.469000
82,1464630731.605000,0.000000,0.000000,0.000000
83,1464630731.604000,0.000000,0.000000,0.000000
84,1464630731.604000,0.000000,0.000000,0.000000
85,1464630731.605000,1464630732.258615,1464630732.259795,1464630732.472000
86,1464630731.605000,1464630732.333324,1464630732.351260,1464630732.472000
87,1464630731.605000,1464630732.326958,1464630732.331616,1464630732.473000
88,1464630731.605000,1464630732.319544,1464630732.321453,1464630732.474000
89,1464630731.605000,1464630732.319226,1464630732.332292,1464630732.474000
90,1464630731.605000,0.000000,0.000000,0.000000
91,1464630731.605000,1464630732.268263,1464630732.269559,1464630732.475000
92,1464630731.605000,1464630732.303787,1464630732.319361,1464630732.476000
93,1464630731.605000,1464630732.330356,1464630732.333681,1464630732.477000
94,1464630731.605000,1464630732.240599,1464630732.242398,1464630732.477000
95,1464630731.605000,1464630732.260883,1464630732.262690,1464630732.478000
96,1464630731.605000,0.000000,0.000000,0.000000
97,1464630731.605000,1464630732.348168,1464630732.349621,1464630732.479000
98,1464630731.605000,1464630732.232046,1464630732.233323,1464630732.480000
99,1464630731.605000,1464630732.240309,1464630732.241586,1464630732.481000
100,1464630731.605000,1464630732.274889,1464630732.279473,1464630732.482000
101,1464630731.605000,1464630732.292686,1464630732.304166,1464630732.482000
102,1464630731.605000,1464630732.294389,1464630732.296198,1464630732.483000
103,1464630731.605000,1464630732.324039,1464630732.325203,1464630732.484000
104,1464630731.606000,1464630732.289362,1464630732.290979,1464630732.485000
105,1464630731.606000,1464630732.270674,1464630732.277759,1464630732.485000
106,1464630731.606000,1464630732.242805,1464630732.257407,1464630732.486000
107,1464630731.606000,1464630732.260743,1464630732.261730,1464630732.487000
108,1464630731.606000,0.000000,0.000000,0.000000
109,1464630731.606000,1464630732.255672,1464630732.257758,1464630732.488000
110,1464630731.606000,1464630732.290672,1464630732.291951,1464630732.489000
111,1464630731.606000,1464630732.270278,1464630732.271277,1464630732.490000
112,1464630731.606000,1464630732.265295,1464630732.266441,1464630732.490000
113,1464630731.606000,0.000000,0.000000,0.000000
114,1464630731.606000,0.000000,0.000000,0.000000
115,1464630731.606000,0.000000,0.000000,0.000000
116,1464630731.606000,1464630732.283569,1464630732.286032,1464630732.493000
117,1464630731.606000,1464630732.252690,1464630732.264104,1464630732.494000
118,1464630731.606000,1464630732.369599,1464630732.378021,1464630732.495000
119,1464630731.606000,1464630732.343892,1464630732.347367,1464630732.496000
120,1464630731.606000,1464630732.245313,1464630732.246850,1464630732.496000
121,1464630731.606000,0.000000,0.000000,0.000000
122,1464630731.607000,0.000000,0.000000,0.000000
123,1464630731.610000,1464630732.307575,1464630732.308656,1464630732.498000
124,1464630731.611000,0.000000,0.000000,0.000000
125,1464630731.615000,0.000000,0.000000,0.000000
126,1464630731.615000,0.000000,0.000000,0.000000
127,1464630731.615000,1464630732.319550,1464630732.320996,1464630732.500000
128,1464630731.618000,0.000000,0.000000,0.000000
129,1464630731.618000,1464630732.317795,1464630732.318837,1464630732.502000
130,1464630731.619000,0.000000,0.000000,0.000000
131,1464630731.619000,0.000000,0.000000,0.000000
132,1464630731.619000,0.000000,0.000000,0.000000
133,1464630731.619000,1464630732.291885,1464630732.293765,1464630732.504000
134,1464630731.619000,1464630732.336008,1464630732.342355,1464630732.505000
135,1464630731.619000,1464630732.322727,1464630732.324574,1464630732.505000
136,1464630731.619000,1464630732.333787,1464630732.352251,1464630732.506000
137,1464630731.619000,1464630732.304289,1464630732.305354,1464630732.507000
138,1464630731.619000,1464630732.316026,1464630732.317376,1464630732.507000
139,1464630731.619000,0.000000,0.000000,0.000000
140,1464630731.619000,0.000000,0.000000,0.000000
141,1464630731.619000,1464630732.235472,1464630732.240824,1464630732.509000
142,1464630731.619000,0.000000,0.000000,0.000000
143,1464630731.619000,1464630732.319066,1464630732.320379,1464630732.510000
144,1464630731.620000,0.000000,0.000000,0.000000
145,1464630731.620000,1464630732.252810,1464630732.254038,1464630732.511000
146,1464630731.621000,1464630732.291440,1464630732.292887,1464630732.512000
147,1464630731.621000,1464630732.260694,1464630732.275718,1464630732.513000
148,1464630731.621000,0.000000,0.000000,0.000000
149,1464630731.621000,1464630732.263646,1464630732.264921,1464630732.514000
150,1464630731.621000,0.000000,0.000000,0.000000
151,1464630731.621000,0.000000,0.000000,0.000000
152,1464630731.621000,0.000000,0.000000,0.000000
153,1464630731.621000,1464630732.282028,1464630732.283059,1464630732.516000
154,1464630731.622000,1464630732.291261,1464630732.292560,1464630732.517000
155,1464630731.623000,0.000000,0.000000,0.000000
156,1464630731.623000,1464630732.351487,1464630732.352556,1464630732.518000
157,1464630731.623000,0.000000,0.000000,0.000000
158,1464630731.623000,1464630732.253279,1464630732.254326,1464630732.520000
159,1464630731.623000,0.000000,0.000000,0.000000
160,1464630731.623000,1464630732.316484,1464630732.318935,1464630732.521000
161,1464630731.623000,1464630732.266917,1464630732.268036,1464630732.522000
162,1464630731.623000,1464630732.244315,1464630732.245994,1464630732.523000
163,1464630731.623000,1464630732.342659,1464630732.379893,1464630732.523000
164,1464630731.623000,1464630732.261634,1464630732.268671,1464630732.524000
165,1464630731.623000,0.000000,0.000000,0.000000
166,1464630731.624000,1464630732.248172,1464630732.249511,1464630732.525000
167,1464630731.624000,1464630732.241528,1464630732.242917,1464630732.526000
168,1464630731.624000,1464630732.296953,1464630732.298551,1464630732.527000
169,1464630731.624000,1464630732.359198,1464630732.360274,1464630732.528000
170,1464630731.624000,0.000000,0.000000,0.000000
171,1464630731.624000,0.000000,0.000000,0.000000
172,1464630731.624000,1464630732.327492,1464630732.328522,1464630732.530000
173,1464630731.625000,1464630732.346265,1464630732.347305,1464630732.531000
174,1464630731.625000,1464630732.346246,1464630732.347335,1464630732.532000
175,1464630731.625000,1464630732.317875,1464630732.321578,1464630732.532000
176,1464630731.625000,1464630732.353499,1464630732.354866,1464630732.533000
177,1464630731.625000,0.000000,0.000000,0.000000
178,1464630731.625000,0.000000,0.000000,0.000000
179,1464630731.625000,1464630732.371817,1464630732.380796,1464630732.535000
180,1464630731.625000,1464630732.299540,1464630732.305009,1464630732.536000
181,1464630731.625000,1464630732.250969,1464630732.266601,1464630732.537000
182,1464630731.625000,1464630732.264577,1464630732.265925,1464630732.537000
183,1464630731.625000,0.000000,0.000000,0.000000
184,1464630731.625000,1464630732.329968,1464630732.331018,1464630732.539000
185,1464630731.625000,0.000000,0.000000,0.000000
186,1464630731.625000,0.000000,0.000000,0.000000
187,1464630731.625000,0.000000,0.000000,0.000000
188,1464630731.625000,1464630732.278192,1464630732.291552,1464630732.541000
189,1464630731.625000,0.000000,0.000000,0.000000
190,1464630731.625000,1464630732.312747,1464630732.314541,1464630732.542000
191,1464630731.625000,0.000000,0.000000,0.000000
192,1464630731.625000,1464630732.253663,1464630732.263459,1464630732.544000
193,1464630731.625000,1464630732.326791,1464630732.327810,1464630732.544000
194,1464630731.625000,0.000000,0.000000,0.000000
195,1464630731.625000,1464630732.335873,1464630732.337172,1464630732.545000
196,1464630731.625000,0.000000,0.000000,0.000000
197,1464630731.625000,1464630732.344715,1464630732.346135,1464630732.546000
198,1464630731.625000,1464630732.284010,1464630732.285115,1464630732.547000
199,1464630731.625000,1464630732.324325,1464630732.325519,1464630732.548000
200,1464630731.625000,1464630732.273070,1464630732.279893,1464630732.549000
201,1464630731.625000,1464630732.342290,1464630732.343339,1464630732.549000
202,1464630731.625000,1464630732.251100,1464630732.252064,1464630732.550000
203,1464630731.625000,1464630732.350227,1464630732.381178,1464630732.550000
204,1464630731.625000,1464630732.339379,1464630732.340363,1464630732.551000
205,1464630731.625000,1464630732.306364,1464630732.307510,1464630732.552000
206,1464630731.625000,1464630732.350798,1464630732.352015,1464630732.552000
207,1464630731.626000,1464630732.333296,1464630732.337314,1464630732.553000
208,1464630731.626000,0.000000,0.000000,0.000000
209,1464630731.626000,1464630732.313354,1464630732.326407,1464630732.554000
210,1464630731.626000,1464630732.307666,1464630732.309250,1464630732.555000
211,1464630731.626000,1464630732.327259,1464630732.328277,1464630732.555000
212,1464630731.626000,1464630732.277368,1464630732.281393,1464630732.556000
213,1464630731.626000,0.000000,0.000000,0.000000
214,1464630731.626000,1464630732.290872,1464630732.292091,1464630732.557000
215,1464630731.626000,1464630732.309801,1464630732.311286,1464630732.558000
216,1464630731.626000,0.000000,0.000000,0.000000
217,1464630731.626000,0.000000,0.000000,0.000000
218,1464630731.626000,1464630732.280159,1464630732.294976,1464630732.560000
219,1464630731.626000,0.000000,0.000000,0.000000
220,1464630731.626000,0.000000,0.000000,0.000000
221,1464630731.626000,1464630732.317190,1464630732.319476,1464630732.562000
222,1464630731.626000,1464630732.299559,1464630732.300537,1464630732.562000
223,1464630731.626000,1464630732.259949,1464630732.261493,1464630732.563000
224,1464630731.626000,0.000000,0.000000,0.000000
225,1464630731.626000,1464630732.237720,1464630732.238996,1464630732.565000
226,1464630731.626000,1464630732.261772,1464630732.263300,1464630732.565000
227,1464630731.626000,0.000000,0.000000,0.000000
228,1464630731.626000,0.000000,0.000000,0.000000
229,1464630731.626000,1464630732.328586,1464630732.343970,1464630732.568000
230,1464630731.626000,1464630732.255343,1464630732.256291,1464630732.568000
231,1464630731.626000,1464630732.321618,1464630732.337205,1464630732.569000
232,1464630731.626000,1464630732.326524,1464630732.338944,1464630732.570000
233,1464630731.626000,1464630732.306043,1464630732.307221,1464630732.571000
234,1464630731.626000,1464630732.313147,1464630732.319194,1464630732.571000
235,1464630731.626000,0.000000,0.000000,0.000000
236,1464630731.626000,1464630732.356749,1464630732.359902,1464630732.573000
237,1464630731.627000,1464630732.309876,1464630732.320052,1464630732.574000
238,1464630731.627000,1464630732.324176,1464630732.325244,1464630732.574000
239,1464630731.627000,1464630732.336356,1464630732.337871,1464630732.575000
240,1464630731.627000,0.000000,0.000000,0.000000
241,1464630731.627000,1464630732.295063,1464630732.315712,1464630732.577000
242,1464630731.627000,0.000000,0.000000,0.000000
243,1464630731.627000,1464630732.304651,1464630732.305696,1464630732.578000
244,1464630731.627000,1464630732.336648,1464630732.337832,1464630732.579000
245,1464630731.627000,1464630732.298233,1464630732.300103,1464630732.580000
246,1464630731.627000,1464630732.297213,1464630732.298475,1464630732.580000
247,1464630731.627000,1464630732.286858,1464630732.287817,1464630732.581000
248,1464630731.627000,1464630732.332623,1464630732.338458,1464630732.581000
249,1464630731.627000,1464630732.329959,1464630732.337093,1464630732.582000
250,1464630731.627000,1464630732.315499,1464630732.316948,1464630732.582000
251,1464630731.627000,0.000000,0.000000,0.000000
252,1464630731.627000,0.000000,0.000000,0.000000
253,1464630731.627000,1464630732.322592,1464630732.323556,1464630732.584000
254,1464630731.627000,1464630732.284194,1464630732.285349,1464630732.585000
255,1464630731.627000,1464630732.282145,1464630732.283173,1464630732.585000
256,1464630731.627000,1464630732.323113,1464630732.324582,1464630732.586000
257,1464630731.627000,1464630732.240865,1464630732.267610,1464630732.587000
258,1464630731.627000,0.000000,0.000000,0.000000
259,1464630731.627000,1464630732.252811,1464630732.262660,1464630732.588000
260,1464630731.627000,1464630732.330323,1464630732.331360,1464630732.588000
261,1464630731.627000,1464630732.260935,1464630732.281727,1464630732.589000
262,1464630731.627000,1464630732.309937,1464630732.311181,1464630732.590000
263,1464630731.627000,1464630732.369419,1464630732.370592,1464630732.590000
264,1464630731.627000,0.000000,0.000000,0.000000
265,1464630731.627000,0.000000,0.000000,0.000000
266,1464630731.627000,0.000000,0.000000,0.000000
267,1464630731.628000,0.000000,0.000000,0.000000
268,1464630731.628000,1464630732.275731,1464630732.276831,1464630732.593000
269,1464630731.628000,0.000000,0.000000,0.000000
270,1464630731.628000,1464630732.344605,1464630732.346158,1464630732.594000
271,1464630731.628000,1464630732.322865,1464630732.324156,1464630732.595000
272,1464630731.629000,1464630732.283975,1464630732.284956,1464630732.596000
273,1464630731.630000,0.000000,0.000000,0.000000
274,1464630731.635000,1464630732.319952,1464630732.321013,1464630732.597000
275,1464630731.634000,1464630732.299086,1464630732.300243,1464630732.598000
276,1464630731.649000,0.000000,0.000000,0.000000
277,1464630731.652000,1464630732.315523,1464630732.331366,1464630732.599000
278,1464630731.653000,1464630732.347636,1464630732.349346,1464630732.599000
279,1464630731.653000,1464630732.292130,1464630732.293892,1464630732.600000
280,1464630731.653000,1464630732.352653,1464630732.354105,1464630732.601000
281,1464630731.653000,1464630732.353584,1464630732.355148,1464630732.601000
282,1464630731.653000,1464630732.329214,1464630732.330496,1464630732.602000
283,1464630731.653000,1464630732.300531,1464630732.301536,1464630732.603000
284,1464630731.653000,1464630732.320555,1464630732.321838,1464630732.604000
285,1464630731.653000,1464630732.279537,1464630732.285581,1464630732.604000
286,1464630731.653000,1464630732.357683,1464630732.358927,1464630732.605000
287,1464630731.653000,1464630732.273844,1464630732.285196,1464630732.606000
288,1464630731.653000,1464630732.332701,1464630732.333827,1464630732.607000
289,1464630731.653000,1464630732.239488,1464630732.258391,1464630732.607000
290,1464630731.653000,1464630732.331702,1464630732.336228,1464630732.608000
291,1464630731.653000,1464630732.263919,1464630732.276701,1464630732.609000
292,1464630731.653000,1464630732.282906,1464630732.283899,1464630732.610000
293,1464630731.653000,1464630732.350769,1464630732.359757,1464630732.610000
294,1464630731.653000,1464630732.329464,1464630732.347971,1464630732.611000
295,1464630731.653000,1464630732.269106,1464630732.270279,1464630732.612000
296,1464630731.653000,1464630732.299971,1464630732.301239,1464630732.613000
297,1464630731.654000,1464630732.296099,1464630732.297204,1464630732.614000
298,1464630731.654000,1464630732.355818,1464630732.357006,1464630732.614000
299,1464630731.654000,1464630732.345493,1464630732.347964,1464630732.615000
300,1464630731.654000,1464630732.306076,1464630732.324487,1464630732.616000
301,1464630731.654000,1464630732.372651,1464630732.391311,1464630732.617000
302,1464630731.655000,1464630732.347996,1464630732.355231,1464630732.617000
303,1464630731.655000,1464630732.360336,1464630732.361687,1464630732.618000
304,1464630731.655000,1464630732.284595,1464630732.303550,1464630732.618000
305,1464630731.655000,1464630732.304408,1464630732.305428,1464630732.619000
306,1464630731.655000,1464630732.281141,1464630732.282146,1464630732.620000
307,1464630731.655000,1464630732.297342,1464630732.298701,1464630732.620000
308,1464630731.655000,1464630732.321945,1464630732.323635,1464630732.621000
309,1464630731.655000,1464630732.331100,1464630732.335676,1464630732.622000
310,1464630731.655000,1464630732.326236,1464630732.338648,1464630732.622000
311,1464630731.656000,1464630732.296382,1464630732.297815,1464630732.623000
312,1464630731.656000,1464630732.294740,1464630732.295829,1464630732.623000
313,1464630731.656000,1464630732.304863,1464630732.318068,1464630732.624000
314,1464630731.656000,1464630732.335116,1464630732.343195,1464630732.625000
315,1464630731.656000,1464630732.312794,1464630732.313738,1464630732.625000
316,1464630731.656000,1464630732.271259,1464630732.272531,1464630732.626000
317,1464630731.656000,1464630732.332590,1464630732.334280,1464630732.627000
318,1464630731.657000,1464630732.375084,1464630732.377719,1464630732.628000
319,1464630731.657000,1464630732.303334,1464630732.304321,1464630732.628000
320,1464630731.657000,1464630732.347278,1464630732.355987,1464630732.629000
321,1464630731.657000,1464630732.297016,1464630732.298056,1464630732.629000
322,1464630731.657000,0.000000,0.000000,0.000000
323,1464630731.657000,1464630732.275673,1464630732.280545,1464630732.631000
324,1464630731.657000,1464630732.329910,1464630732.335547,1464630732.632000
325,1464630731.658000,1464630732.347657,1464630732.348857,1464630732.632000
326,1464630731.658000,1464630732.351747,1464630732.355297,1464630732.633000
327,1464630731.658000,1464630732.377586,1464630732.397115,1464630732.633000
328,1464630731.658000,1464630732.371215,1464630732.383817,1464630732.634000
329,1464630731.658000,1464630732.350491,1464630732.351678,1464630732.635000
330,1464630731.658000,1464630732.328680,1464630732.332804,1464630732.635000
331,1464630731.658000,1464630732.246846,1464630732.248154,1464630732.636000
332,1464630731.658000,1464630732.332867,1464630732.335439,1464630732.637000
333,1464630731.658000,1464630732.299506,1464630732.300818,1464630732.637000
334,1464630731.659000,1464630732.315052,1464630732.334765,1464630732.638000
335,1464630731.659000,1464630732.339168,1464630732.342557,1464630732.639000
336,1464630731.659000,1464630732.350627,1464630732.355225,1464630732.639000
337,1464630731.659000,1464630732.340002,1464630732.341446,1464630732.640000
338,1464630731.659000,1464630732.272716,1464630732.274149,1464630732.641000
339,1464630731.659000,1464630732.349000,1464630732.350604,1464630732.642000
340,1464630731.659000,1464630732.334774,1464630732.336330,1464630732.642000
341,1464630731.659000,1464630732.322427,1464630732.340215,1464630732.643000
342,1464630731.659000,1464630732.308856,1464630732.310793,1464630732.644000
343,1464630731.659000,1464630732.359220,1464630732.360469,1464630732.645000
344,1464630731.659000,1464630732.344696,1464630732.346404,1464630732.645000
345,1464630731.660000,0.000000,0.000000,0.000000
346,1464630731.660000,1464630732.296791,1464630732.297868,1464630732.647000
347,1464630731.660000,1464630732.319658,1464630732.320982,1464630732.648000
348,1464630731.660000,1464630732.368958,1464630732.369991,1464630732.648000
349,1464630731.660000,1464630732.266425,1464630732.275667,1464630732.649000
350,1464630731.661000,1464630732.354475,1464630732.355752,1464630732.650000
351,1464630731.661000,1464630732.293442,1464630732.295976,1464630732.650000
352,1464630731.662000,1464630732.351107,1464630732.352297,1464630732.651000
353,1464630731.662000,1464630732.338856,1464630732.340265,1464630732.652000
354,1464630731.662000,1464630732.281218,1464630732.282291,1464630732.653000
355,1464630731.662000,1464630732.363585,1464630732.364911,1464630732.654000
356,1464630731.662000,1464630732.366522,1464630732.367663,1464630732.654000
357,1464630731.662000,1464630732.342126,1464630732.344104,1464630732.655000
358,1464630731.662000,1464630732.352433,1464630732.355441,1464630732.655000
359,1464630731.662000,1464630732.379939,1464630732.397657,1464630732.656000
360,1464630731.662000,1464630732.291624,1464630732.292909,1464630732.657000
361,1464630731.662000,1464630732.359475,1464630732.367682,1464630732.657000
362,1464630731.662000,1464630732.369783,1464630732.370926,1464630732.658000
363,1464630731.663000,1464630732.333400,1464630732.338679,1464630732.658000
364,1464630731.663000,1464630732.289152,1464630732.298178,1464630732.659000
365,1464630731.663000,1464630732.334593,1464630732.341747,1464630732.660000
366,1464630731.663000,1464630732.313846,1464630732.314900,1464630732.660000
367,1464630731.663000,1464630732.364093,1464630732.365332,1464630732.661000
368,1464630731.663000,1464630732.355607,1464630732.356557,1464630732.662000
369,1464630731.663000,1464630732.335784,1464630732.353600,1464630732.662000
370,1464630731.663000,1464630732.357396,1464630732.358643,1464630732.663000
371,1464630731.663000,1464630732.300255,1464630732.301336,1464630732.664000
372,1464630731.664000,1464630732.336095,1464630732.337473,1464630732.664000
373,1464630731.664000,1464630732.363063,1464630732.364200,1464630732.665000
374,1464630731.664000,1464630732.319846,1464630732.335214,1464630732.665000
375,1464630731.665000,1464630732.331848,1464630732.343809,1464630732.666000
376,1464630731.665000,1464630732.335725,1464630732.343772,1464630732.667000
377,1464630731.665000,1464630732.316109,1464630732.321614,1464630732.667000
378,1464630731.665000,1464630732.277890,1464630732.298026,1464630732.668000
379,1464630731.665000,1464630732.355263,1464630732.357905,1464630732.669000
380,1464630731.665000,1464630732.321320,1464630732.338944,1464630732.670000
381,1464630731.665000,1464630732.313335,1464630732.318144,1464630732.670000
382,1464630731.665000,1464630732.309282,1464630732.310499,1464630732.671000
383,1464630731.665000,1464630732.354344,1464630732.355664,1464630732.672000
384,1464630731.665000,1464630732.347431,1464630732.348951,1464630732.672000
385,1464630731.666000,1464630732.345504,1464630732.346847,1464630732.673000
386,1464630731.666000,1464630732.363151,1464630732.364302,1464630732.673000
387,1464630731.666000,1464630732.317271,1464630732.337015,1464630732.674000
388,1464630731.666000,1464630732.320891,1464630732.322389,1464630732.675000
389,1464630731.666000,1464630732.265950,1464630732.267674,1464630732.675000
390,1464630731.667000,1464630732.331817,1464630732.333032,1464630732.676000
391,1464630731.667000,1464630732.352449,1464630732.368249,1464630732.677000
392,1464630731.667000,1464630732.332832,1464630732.340951,1464630732.678000
393,1464630731.667000,1464630732.291637,1464630732.292607,1464630732.679000
394,1464630731.667000,1464630732.379978,1464630732.381096,1464630732.679000
395,1464630731.667000,1464630732.321940,1464630732.342781,1464630732.680000
396,1464630731.667000,1464630732.322170,1464630732.323523,1464630732.681000
397,1464630731.667000,1464630732.314746,1464630732.316873,1464630732.682000
398,1464630731.668000,1464630732.358059,1464630732.362606,1464630732.683000
399,1464630731.668000,1464630732.327534,1464630732.332609,1464630732.684000
400,1464630731.668000,1464630732.344244,1464630732.345524,1464630732.684000
401,1464630731.668000,1464630732.364443,1464630732.366859,1464630732.685000
402,1464630731.668000,1464630732.346086,1464630732.347287,1464630732.686000
403,1464630731.668000,1464630732.284094,1464630732.285297,1464630732.687000
404,1464630731.668000,1464630732.320281,1464630732.321611,1464630732.687000
405,1464630731.668000,1464630732.355002,1464630732.364477,1464630732.688000
406,1464630731.668000,1464630732.351845,1464630732.353890,1464630732.689000
407,1464630731.668000,1464630732.319560,1464630732.320901,1464630732.690000
408,1464630731.669000,1464630732.339131,1464630732.359927,1464630732.690000
409,1464630731.669000,1464630732.294899,1464630732.296153,1464630732.691000
410,1464630731.669000,1464630732.318817,1464630732.320252,1464630732.692000
411,1464630731.670000,1464630732.314184,1464630732.321179,1464630732.693000
412,1464630731.670000,1464630732.339403,1464630732.341161,1464630732.693000
413,1464630731.670000,1464630732.337198,1464630732.338236,1464630732.694000
414,1464630731.670000,1464630732.337854,1464630732.339394,1464630732.694000
415,1464630731.670000,1464630732.354194,1464630732.359095,1464630732.695000
416,1464630731.671000,1464630732.307192,1464630732.308259,1464630732.696000
417,1464630731.671000,1464630732.364101,1464630732.365348,1464630732.696000
418,1464630731.671000,1464630732.335186,1464630732.337338,1464630732.697000
419,1464630731.671000,1464630732.308425,1464630732.309913,1464630732.698000
420,1464630731.671000,1464630732.342843,1464630732.354760,1464630732.698000
421,1464630731.671000,1464630732.319319,1464630732.320479,1464630732.699000
422,1464630731.671000,1464630732.352157,1464630732.353137,1464630732.699000
423,1464630731.672000,1464630732.335056,1464630732.336527,1464630732.700000
424,1464630731.671000,1464630732.339104,1464630732.340974,1464630732.701000
425,1464630731.672000,1464630732.323146,1464630732.337247,1464630732.701000
426,1464630731.672000,1464630732.314925,1464630732.316566,1464630732.702000
427,1464630731.672000,1464630732.329961,1464630732.336608,1464630732.702000
428,1464630731.672000,1464630732.305107,1464630732.315528,1464630732.703000
429,1464630731.673000,1464630732.361400,1464630732.362893,1464630732.704000
430,1464630731.673000,1464630732.342153,1464630732.343618,1464630732.704000
431,1464630731.673000,1464630732.342908,1464630732.344616,1464630732.705000
432,1464630731.673000,1464630732.308140,1464630732.310492,1464630732.705000
433,1464630731.673000,1464630732.346981,1464630732.348305,1464630732.706000
434,1464630731.673000,1464630732.336406,1464630732.337988,1464630732.707000
435,1464630731.673000,1464630732.304606,1464630732.305750,1464630732.707000
436,1464630731.673000,1464630732.362023,1464630732.363486,1464630732.708000
437,1464630731.674000,1464630732.367178,1464630732.369447,1464630732.709000
438,1464630731.674000,1464630732.346921,1464630732.358803,1464630732.709000
439,1464630731.674000,1464630732.347979,1464630732.349258,1464630732.710000
440,1464630731.674000,1464630732.348364,1464630732.349743,1464630732.711000
441,1464630731.674000,1464630732.359540,1464630732.360782,1464630732.711000
442,1464630731.674000,1464630732.312184,1464630732.319405,1464630732.712000
443,1464630731.675000,1464630732.335974,1464630732.337471,1464630732.713000
444,1464630731.675000,1464630732.333668,1464630732.334996,1464630732.714000
445,1464630731.675000,1464630732.332333,1464630732.353352,1464630732.714000
446,1464630731.675000,1464630732.346113,1464630732.358209,1464630732.715000
447,1464630731.675000,1464630732.365979,1464630732.375075,1464630732.716000
448,1464630731.675000,1464630732.317915,1464630732.319322,1464630732.717000
449,1464630731.675000,1464630732.335787,1464630732.352919,1464630732.718000
450,1464630731.676000,1464630732.310127,1464630732.311492,1464630732.718000
451,1464630731.676000,1464630732.340134,1464630732.341454,1464630732.719000
452,1464630731.677000,1464630732.333176,1464630732.337219,1464630732.720000
453,1464630731.677000,1464630732.354038,1464630732.355760,1464630732.721000
454,1464630731.677000,1464630732.329165,1464630732.332318,1464630732.722000
455,1464630731.677000,1464630732.307221,1464630732.308293,1464630732.722000
456,1464630731.677000,1464630732.361389,1464630732.362584,1464630732.723000
457,1464630731.677000,1464630732.346660,1464630732.358489,1464630732.724000
458,1464630731.677000,1464630732.292690,1464630732.293898,1464630732.725000
459,1464630731.677000,1464630732.352232,1464630732.353569,1464630732.726000
460,1464630731.677000,1464630732.344492,1464630732.352098,1464630732.726000
461,1464630731.678000,1464630732.368298,1464630732.369755,1464630732.727000
462,1464630731.678000,1464630732.341618,1464630732.342782,1464630732.728000
463,1464630731.678000,1464630732.313625,1464630732.314985,1464630732.729000
464,1464630731.678000,1464630732.338471,1464630732.339956,1464630732.729000
465,1464630731.678000,1464630732.341631,1464630732.355985,1464630732.730000
466,1464630731.679000,1464630732.376440,1464630732.379432,1464630732.731000
467,1464630731.679000,1464630732.348282,1464630732.349714,1464630732.731000
468,1464630731.679000,1464630732.304314,1464630732.305567,1464630732.732000
469,1464630731.679000,1464630732.357469,1464630732.361116,1464630732.732000
470,1464630731.679000,1464630732.360109,1464630732.365265,1464630732.733000
471,1464630731.680000,1464630732.327868,1464630732.328858,1464630732.733000
472,1464630731.680000,1464630732.310543,1464630732.311680,1464630732.734000
473,1464630731.680000,1464630732.315618,1464630732.317132,1464630732.735000
474,1464630731.680000,1464630732.311252,1464630732.312475,1464630732.735000
475,1464630731.680000,1464630732.345063,1464630732.346174,1464630732.736000
476,1464630731.680000,1464630732.320218,1464630732.321342,1464630732.736000
477,1464630731.680000,1464630732.343502,1464630732.344582,1464630732.737000
478,1464630731.680000,1464630732.344339,1464630732.345385,1464630732.738000
479,1464630731.680000,1464630732.364232,1464630732.365814,1464630732.738000
480,1464630731.680000,1464630732.330167,1464630732.332041,1464630732.739000
481,1464630731.680000,1464630732.351920,1464630732.353286,1464630732.740000
482,1464630731.680000,1464630732.335232,1464630732.336607,1464630732.740000
483,1464630731.680000,1464630732.362037,1464630732.363118,1464630732.741000
484,1464630731.680000,1464630732.342664,1464630732.344158,1464630732.741000
485,1464630731.681000,1464630732.344579,1464630732.357565,1464630732.742000
486,1464630731.681000,1464630732.306706,1464630732.308195,1464630732.743000
487,1464630731.682000,1464630732.363424,1464630732.374852,1464630732.743000
488,1464630731.682000,1464630732.330123,1464630732.331275,1464630732.744000
489,1464630731.682000,1464630732.359658,1464630732.361726,1464630732.745000
490,1464630731.682000,1464630732.309674,1464630732.311055,1464630732.745000
491,1464630731.682000,1464630732.359142,1464630732.365027,1464630732.746000
492,1464630731.682000,1464630732.348475,1464630732.358598,1464630732.747000
493,1464630731.683000,1464630732.360375,1464630732.362295,1464630732.747000
494,1464630731.683000,1464630732.311619,1464630732.312853,1464630732.748000
495,1464630731.683000,1464630732.331749,1464630732.332790,1464630732.749000
496,1464630731.683000,1464630732.370747,1464630732.372213,1464630732.749000
497,1464630731.683000,1464630732.296185,1464630732.297196,1464630732.750000
498,1464630731.683000,1464630732.377945,1464630732.398109,1464630732.751000
499,1464630731.683000,1464630732.421759,1464630732.422951,1464630732.751000
500,1464630731.683000,1464630732.350224,1464630732.366560,1464630732.752000
501,1464630731.683000,1464630732.373034,1464630732.374447,1464630732.753000
502,1464630731.683000,1464630732.366134,1464630732.386682,1464630732.754000
503,1464630731.683000,1464630732.349167,1464630732.350366,1464630732.754000
504,1464630731.683000,1464630732.340676,1464630732.342097,1464630732.755000
505,1464630731.683000,1464630732.336855,1464630732.338416,1464630732.756000
506,1464630731.683000,1464630732.453726,1464630732.455009,1464630732.757000
507,1464630731.683000,1464630732.368176,1464630732.369567,1464630732.757000
508,1464630731.683000,1464630732.398672,1464630732.399996,1464630732.758000
509,1464630731.683000,1464630732.384653,1464630732.385756,1464630732.759000
510,1464630731.683000,1464630732.362500,1464630732.379311,1464630732.760000
511,1464630731.683000,1464630732.308846,1464630732.309821,1464630732.761000
512,1464630731.683000,1464630732.458233,1464630732.466770,1464630732.762000
513,1464630731.683000,1464630732.296778,1464630732.297833,1464630732.762000
514,1464630731.683000,1464630732.393394,1464630732.394474,1464630732.763000
515,1464630731.683000,1464630732.399239,1464630732.400794,1464630732.764000
516,1464630731.684000,1464630732.373576,1464630732.375496,1464630732.765000
517,1464630731.684000,1464630732.351444,1464630732.352463,1464630732.765000
518,1464630731.684000,1464630732.301456,1464630732.306868,1464630732.766000
519,1464630731.684000,1464630732.380077,1464630732.381355,1464630732.767000
520,1464630731.684000,1464630732.436314,1464630732.437678,1464630732.767000
521,1464630731.684000,1464630732.356766,1464630732.358244,1464630732.768000
522,1464630731.684000,1464630732.398428,1464630732.399477,1464630732.768000
523,1464630731.684000,1464630732.365046,1464630732.376300,1464630732.769000
524,1464630731.684000,1464630732.366985,1464630732.368319,1464630732.769000
525,1464630731.684000,1464630732.372015,1464630732.376405,1464630732.770000
526,1464630731.684000,1464630732.359046,1464630732.360114,1464630732.771000
527,1464630731.684000,1464630732.346832,1464630732.348077,1464630732.771000
528,1464630731.684000,1464630732.517091,1464630732.519350,1464630732.772000
529,1464630731.684000,1464630732.516723,1464630732.517748,1464630732.773000
530,1464630731.684000,1464630732.428625,1464630732.429837,1464630732.773000
531,1464630731.684000,1464630732.366918,1464630732.368131,1464630732.774000
532,1464630731.684000,1464630732.368040,1464630732.369091,1464630732.774000
533,1464630731.684000,1464630732.455630,1464630732.456707,1464630732.775000
534,1464630731.684000,1464630732.467119,1464630732.468604,1464630732.776000
535,1464630731.684000,1464630732.392003,1464630732.393147,1464630732.776000
536,1464630731.684000,1464630732.418008,1464630732.419183,1464630732.777000
537,1464630731.684000,1464630732.462587,1464630732.463540,1464630732.778000
538,1464630731.684000,1464630732.424970,1464630732.426082,1464630732.778000
539,1464630731.684000,1464630732.367065,1464630732.369174,1464630732.779000
540,1464630731.684000,1464630732.325180,1464630732.339234,1464630732.780000
541,1464630731.684000,1464630732.428301,1464630732.429284,1464630732.780000
542,1464630731.684000,1464630732.315124,1464630732.316662,1464630732.781000
543,1464630731.684000,1464630732.471484,1464630732.472581,1464630732.781000
544,1464630731.684000,1464630732.390633,1464630732.391740,1464630732.782000
545,1464630731.685000,1464630732.434595,1464630732.436016,1464630732.783000
546,1464630731.685000,1464630732.440117,1464630732.441142,1464630732.784000
547,1464630731.685000,1464630732.373214,1464630732.376816,1464630732.784000
548,1464630731.685000,1464630732.342393,1464630732.343579,1464630732.785000
549,1464630731.685000,1464630732.353542,1464630732.358937,1464630732.786000
550,1464630731.685000,1464630732.356953,1464630732.358039,1464630732.786000
551,1464630731.685000,1464630732.341790,1464630732.343358,1464630732.787000
552,1464630731.685000,1464630732.414566,1464630732.415934,1464630732.788000
553,1464630731.685000,1464630732.341951,1464630732.343001,1464630732.788000
554,1464630731.685000,1464630732.317830,1464630732.319366,1464630732.790000
555,1464630731.685000,1464630732.387269,1464630732.388342,1464630732.790000
556,1464630731.685000,1464630732.367893,1464630732.369330,1464630732.791000
557,1464630731.685000,1464630732.367627,1464630732.368716,1464630732.792000
558,1464630731.685000,1464630732.358633,1464630732.374052,1464630732.793000
559,1464630731.685000,1464630732.318229,1464630732.319661,1464630732.793000
560,1464630731.685000,1464630732.384148,1464630732.395076,1464630732.794000
561,1464630731.685000,1464630732.350920,1464630732.366486,1464630732.795000
562,1464630731.685000,1464630732.323598,1464630732.324755,1464630732.796000
563,1464630731.685000,1464630732.391983,1464630732.393013,1464630732.797000
564,1464630731.685000,1464630732.372560,1464630732.373711,1464630732.797000
565,1464630731.685000,1464630732.333322,1464630732.334395,1464630732.798000
566,1464630731.685000,1464630732.455430,1464630732.456388,1464630732.799000
567,1464630731.685000,1464630732.342458,1464630732.360589,1464630732.800000
568,1464630731.685000,1464630732.322361,1464630732.323579,1464630732.800000
569,1464630731.685000,1464630732.355238,1464630732.356423,1464630732.801000
570,1464630731.685000,1464630732.365952,1464630732.367149,1464630732.802000
571,1464630731.685000,1464630732.346832,1464630732.366455,1464630732.803000
572,1464630731.685000,1464630732.337037,1464630732.341169,1464630732.803000
573,1464630731.686000,1464630732.407704,1464630732.408900,1464630732.804000
574,1464630731.686000,1464630732.373342,1464630732.399885,1464630732.805000
575,1464630731.686000,1464630732.379195,1464630732.381796,1464630732.805000
576,1464630731.686000,1464630732.364255,1464630732.365347,1464630732.806000
577,1464630731.686000,1464630732.391899,1464630732.392956,1464630732.807000
578,1464630731.686000,1464630732.372262,1464630732.373571,1464630732.807000
579,1464630731.686000,1464630732.339589,1464630732.341130,1464630732.808000
580,1464630731.686000,1464630732.359800,1464630732.360862,1464630732.808000
581,1464630731.686000,1464630732.367572,1464630732.369210,1464630732.809000
582,1464630731.686000,1464630732.461379,1464630732.462538,1464630732.810000
583,1464630731.686000,1464630732.473116,1464630732.474954,1464630732.810000
584,1464630731.686000,1464630732.333259,1464630732.339695,1464630732.811000
585,1464630731.686000,1464630732.309807,1464630732.330019,1464630732.811000
586,1464630731.686000,1464630732.326556,1464630732.337797,1464630732.812000
587,1464630731.686000,1464630732.487460,1464630732.495889,1464630732.813000
588,1464630731.686000,1464630732.365585,1464630732.379986,1464630732.813000
589,1464630731.686000,1464630732.423336,1464630732.424449,1464630732.814000
590,1464630731.686000,1464630732.372303,1464630732.373963,1464630732.815000
591,1464630731.686000,1464630732.511132,1464630732.513358,1464630732.815000
592,1464630731.686000,1464630732.421296,1464630732.422430,1464630732.816000
593,1464630731.686000,1464630732.441121,1464630732.446850,1464630732.816000
594,1464630731.686000,1464630732.351782,1464630732.354324,1464630732.817000
595,1464630731.686000,1464630732.354172,1464630732.355177,1464630732.818000
596,1464630731.686000,1464630732.350080,1464630732.360577,1464630732.819000
597,1464630731.686000,1464630732.336162,1464630732.337631,1464630732.819000
598,1464630731.686000,1464630732.398494,1464630732.413463,1464630732.820000
599,1464630731.686000,1464630732.442965,1464630732.444782,1464630732.821000
600,1464630731.686000,1464630732.483847,1464630732.484836,1464630732.821000
601,1464630731.687000,1464630732.381043,1464630732.382414,1464630732.822000
602,1464630731.686000,1464630732.316030,1464630732.337436,1464630732.822000
603,1464630731.687000,1464630732.410155,1464630732.411204,1464630732.823000
604,1464630731.687000,1464630732.354067,1464630732.379588,1464630732.824000
605,1464630731.687000,1464630732.365872,1464630732.368242,1464630732.825000
606,1464630731.687000,1464630732.422888,1464630732.424203,1464630732.825000
607,1464630731.687000,1464630732.396823,1464630732.397768,1464630732.826000
608,1464630731.687000,1464630732.407028,1464630732.408036,1464630732.827000
609,1464630731.687000,1464630732.416895,1464630732.417959,1464630732.828000
610,1464630731.687000,1464630732.353300,1464630732.354457,1464630732.829000
611,1464630731.687000,1464630732.488448,1464630732.489446,1464630732.830000
612,1464630731.687000,1464630732.500901,1464630732.502656,1464630732.830000
613,1464630731.687000,1464630732.434024,1464630732.435066,1464630732.831000
614,1464630731.687000,1464630732.433745,1464630732.437438,1464630732.832000
615,1464630731.687000,1464630732.347247,1464630732.353491,1464630732.833000
616,1464630731.687000,1464630732.298207,1464630732.300060,1464630732.834000
617,1464630731.687000,1464630732.373388,1464630732.374443,1464630732.834000
618,1464630731.687000,1464630732.516686,1464630732.518048,1464630732.835000
619,1464630731.687000,1464630732.314480,1464630732.321139,1464630732.836000
620,1464630731.687000,1464630732.475800,1464630732.476992,1464630732.837000
621,1464630731.687000,1464630732.366491,1464630732.371748,1464630732.837000
622,1464630731.687000,1464630732.395307,1464630732.396415,1464630732.838000
623,1464630731.687000,1464630732.354965,1464630732.357295,1464630732.839000
624,1464630731.687000,1464630732.506762,1464630732.512060,1464630732.840000
625,1464630731.687000,1464630732.525169,1464630732.526582,1464630732.840000
626,1464630731.687000,1464630732.348658,1464630732.352767,1464630732.841000
627,1464630731.687000,1464630732.388117,1464630732.395854,1464630732.842000
628,1464630731.687000,1464630732.332540,1464630732.337130,1464630732.842000
629,1464630731.687000,1464630732.370383,1464630732.372093,1464630732.843000
630,1464630731.688000,1464630732.376900,1464630732.378248,1464630732.844000
631,1464630731.688000,1464630732.446199,1464630732.458934,1464630732.844000
632,1464630731.688000,1464630732.361475,1464630732.362676,1464630732.845000
633,1464630731.688000,1464630732.503886,1464630732.520127,1464630732.845000
634,1464630731.688000,1464630732.452802,1464630732.453796,1464630732.846000
635,1464630731.688000,1464630732.369233,1464630732.378622,1464630732.847000
636,1464630731.688000,1464630732.334579,1464630732.336750,1464630732.847000
637,1464630731.688000,1464630732.364381,1464630732.365671,1464630732.848000
638,1464630731.688000,1464630732.351610,1464630732.362484,1464630732.848000
639,1464630731.688000,1464630732.369529,1464630732.370546,1464630732.849000
640,1464630731.688000,1464630732.402374,1464630732.403554,1464630732.850000
641,1464630731.688000,1464630732.393323,1464630732.394636,1464630732.850000
642,1464630731.688000,1464630732.435225,1464630732.437101,1464630732.851000
643,1464630731.688000,1464630732.520020,1464630732.521071,1464630732.851000
644,1464630731.688000,1464630732.344159,1464630732.368267,1464630732.852000
645,1464630731.688000,1464630732.345881,1464630732.352662,1464630732.853000
646,1464630731.688000,1464630732.477818,1464630732.478917,1464630732.853000
647,1464630731.688000,1464630732.358169,1464630732.360313,1464630732.854000
648,1464630731.688000,1464630732.339430,1464630732.340398,1464630732.854000
649,1464630731.688000,1464630732.453186,1464630732.457754,1464630732.855000
650,1464630731.688000,1464630732.348025,1464630732.354124,1464630732.856000
651,1464630731.689000,1464630732.345525,1464630732.346531,1464630732.856000
652,1464630731.689000,1464630732.397005,1464630732.398382,1464630732.857000
653,1464630731.689000,1464630732.328226,1464630732.330808,1464630732.857000
654,1464630731.689000,1464630732.314310,1464630732.316290,1464630732.858000
655,1464630731.689000,1464630732.327670,1464630732.329097,1464630732.859000
656,1464630731.689000,1464630732.362657,1464630732.371837,1464630732.859000
657,1464630731.689000,1464630732.311272,1464630732.312795,1464630732.860000
658,1464630731.689000,1464630732.314495,1464630732.335247,1464630732.861000
659,1464630731.689000,1464630732.370048,1464630732.382359,1464630732.861000
660,1464630731.689000,1464630732.366339,1464630732.367867,1464630732.862000
661,1464630731.689000,1464630732.331822,1464630732.333286,1464630732.863000
662,1464630731.689000,1464630732.385693,1464630732.386728,1464630732.864000
663,1464630731.689000,1464630732.377817,1464630732.378792,1464630732.865000
664,1464630731.689000,1464630732.346706,1464630732.347691,1464630732.866000
665,1464630731.689000,1464630732.352664,1464630732.366490,1464630732.866000
666,1464630731.689000,1464630732.457358,1464630732.458442,1464630732.867000
667,1464630731.689000,1464630732.361654,1464630732.363333,1464630732.868000
668,1464630731.689000,1464630732.360231,1464630732.362691,1464630732.869000
669,1464630731.689000,1464630732.363556,1464630732.365281,1464630732.870000
670,1464630731.689000,1464630732.361042,1464630732.362306,1464630732.870000
671,1464630731.689000,1464630732.340838,1464630732.341810,1464630732.871000
672,1464630731.689000,1464630732.351737,1464630732.353402,1464630732.872000
673,1464630731.689000,1464630732.372352,1464630732.374211,1464630732.873000
674,1464630731.689000,1464630732.343296,1464630732.344717,1464630732.873000
675,1464630731.690000,1464630732.327799,1464630732.337945,1464630732.874000
676,1464630731.690000,1464630732.413398,1464630732.414448,1464630732.875000
677,1464630731.690000,1464630732.344526,1464630732.345529,1464630732.876000
678,1464630731.690000,1464630732.436744,1464630732.437799,1464630732.877000
679,1464630731.690000,1464630732.484007,1464630732.485062,1464630732.877000
680,1464630731.690000,1464630732.364313,1464630732.365490,1464630732.878000
681,1464630731.690000,1464630732.391318,1464630732.392349,1464630732.878000
682,1464630731.690000,1464630732.371571,1464630732.379903,1464630732.879000
683,1464630731.690000,1464630732.367190,1464630732.368192,1464630732.880000
684,1464630731.690000,1464630732.372453,1464630732.382138,1464630732.880000
685,1464630731.690000,1464630732.318868,1464630732.320147,1464630732.881000
686,1464630731.690000,1464630732.394690,1464630732.395767,1464630732.881000
687,1464630731.690000,1464630732.312961,1464630732.314073,1464630732.882000
688,1464630731.690000,1464630732.399451,1464630732.400529,1464630732.883000
689,1464630731.690000,1464630732.325767,1464630732.331225,1464630732.884000
690,1464630731.690000,1464630732.515177,1464630732.516139,1464630732.884000
691,1464630731.690000,1464630732.440759,1464630732.442223,1464630732.885000
692,1464630731.690000,1464630732.365564,1464630732.366872,1464630732.886000
693,1464630731.690000,1464630732.402520,1464630732.403557,1464630732.886000
694,1464630731.690000,1464630732.392565,1464630732.393541,1464630732.887000
695,1464630731.690000,1464630732.388470,1464630732.389622,1464630732.887000
696,1464630731.690000,1464630732.406295,1464630732.407421,1464630732.888000
697,1464630731.690000,1464630732.364055,1464630732.365071,1464630732.889000
698,1464630731.690000,1464630732.410083,1464630732.411071,1464630732.890000
699,1464630731.690000,1464630732.374901,1464630732.375926,1464630732.890000
700,1464630731.690000,1464630732.505011,1464630732.506029,1464630732.891000
701,1464630731.690000,1464630732.430965,1464630732.432232,1464630732.892000
702,1464630731.690000,1464630732.388689,1464630732.389669,1464630732.892000
703,1464630731.690000,1464630732.451655,1464630732.452780,1464630732.893000
704,1464630731.691000,1464630732.420939,1464630732.422052,1464630732.894000
705,1464630731.691000,1464630732.360436,1464630732.361546,1464630732.895000
706,1464630731.691000,1464630732.462762,1464630732.463999,1464630732.895000
707,1464630731.691000,1464630732.382032,1464630732.383026,1464630732.896000
708,1464630731.691000,1464630732.405437,1464630732.406495,1464630732.897000
709,1464630731.691000,1464630732.502246,1464630732.503493,1464630732.897000
710,1464630731.691000,1464630732.469094,1464630732.470480,1464630732.898000
711,1464630731.691000,1464630732.321876,1464630732.342295,1464630732.899000
712,1464630731.691000,1464630732.522985,1464630732.524150,1464630732.900000
713,1464630731.691000,1464630732.450728,1464630732.451745,1464630732.901000
714,1464630731.691000,1464630732.446965,1464630732.448325,1464630732.902000
715,1464630731.691000,1464630732.372282,1464630732.373507,1464630732.902000
716,1464630731.691000,1464630732.502086,1464630732.503885,1464630732.903000
717,1464630731.691000,1464630732.410507,1464630732.412502,1464630732.904000
718,1464630731.691000,1464630732.369939,1464630732.371386,1464630732.905000
719,1464630731.691000,1464630732.362488,1464630732.363792,1464630732.905000
720,1464630731.691000,1464630732.488064,1464630732.489071,1464630732.906000
721,1464630731.691000,1464630732.355584,1464630732.375920,1464630732.907000
722,1464630731.691000,1464630732.511116,1464630732.524371,1464630732.908000
723,1464630731.691000,1464630732.471790,1464630732.483749,1464630732.909000
724,1464630731.691000,1464630732.417712,1464630732.418824,1464630732.910000
725,1464630731.691000,1464630732.483767,1464630732.484821,1464630732.911000
726,1464630731.691000,1464630732.336007,1464630732.337746,1464630732.911000
727,1464630731.691000,1464630732.340036,1464630732.341449,1464630732.912000
728,1464630731.691000,1464630732.429931,1464630732.430980,1464630732.913000
729,1464630731.691000,1464630732.360235,1464630732.362059,1464630732.914000
730,1464630731.691000,1464630732.521866,1464630732.522827,1464630732.914000
731,1464630731.691000,1464630732.371214,1464630732.372618,1464630732.915000
732,1464630731.692000,1464630732.362673,1464630732.365436,1464630732.916000
733,1464630731.692000,1464630732.356573,1464630732.359423,1464630732.916000
734,1464630731.692000,1464630732.332692,1464630732.337416,1464630732.917000
735,1464630731.692000,1464630732.381021,1464630732.382038,1464630732.918000
736,1464630731.692000,1464630732.462463,1464630732.463445,1464630732.919000
737,1464630731.692000,1464630732.389343,1464630732.390313,1464630732.919000
738,1464630731.692000,1464630732.445181,1464630732.447326,1464630732.920000
739,1464630731.692000,1464630732.337347,1464630732.338425,1464630732.920000
740,1464630731.692000,1464630732.326083,1464630732.362126,1464630732.921000
741,1464630731.692000,1464630732.358161,1464630732.359585,1464630732.922000
742,1464630731.692000,1464630732.435555,1464630732.438758,1464630732.922000
743,1464630731.692000,1464630732.447684,1464630732.454471,1464630732.923000
744,1464630731.692000,1464630732.392827,1464630732.393960,1464630732.924000
745,1464630731.694000,1464630732.419982,1464630732.438000,1464630732.924000
746,1464630731.697000,1464630732.491493,1464630732.492833,1464630732.925000
747,1464630731.709000,1464630732.432528,1464630732.433560,1464630732.925000
748,1464630731.737000,1464630732.514619,1464630732.515640,1464630732.926000
749,1464630731.743000,1464630732.422772,1464630732.423934,1464630732.927000
750,1464630731.745000,1464630732.437806,1464630732.438981,1464630732.927000
751,1464630731.745000,1464630732.409485,1464630732.411104,1464630732.928000
752,1464630731.745000,1464630732.385686,1464630732.386777,1464630732.929000
753,1464630731.745000,1464630732.505116,1464630732.513896,1464630732.930000
754,1464630731.745000,1464630732.477843,1464630732.479511,1464630732.931000
755,1464630731.745000,1464630732.371956,1464630732.380720,1464630732.931000
756,1464630731.745000,1464630732.409526,1464630732.410576,1464630732.932000
757,1464630731.745000,1464630732.499367,1464630732.517424,1464630732.932000
758,1464630731.745000,1464630732.518321,1464630732.520995,1464630732.934000
759,1464630731.745000,1464630732.385774,1464630732.411146,1464630732.934000
760,1464630731.745000,1464630732.486561,1464630732.487905,1464630732.935000
761,1464630731.745000,1464630732.404591,1464630732.405762,1464630732.936000
762,1464630731.746000,1464630732.458891,1464630732.466431,1464630732.936000
763,1464630731.746000,1464630732.499917,1464630732.515993,1464630732.937000
764,1464630731.746000,1464630732.460061,1464630732.461120,1464630732.938000
765,1464630731.746000,1464630732.374918,1464630732.375922,1464630732.939000
766,1464630731.746000,1464630732.475297,1464630732.476922,1464630732.939000
767,1464630731.746000,1464630732.415577,1464630732.416579,1464630732.940000
768,1464630731.746000,1464630732.410275,1464630732.411631,1464630732.941000
769,1464630731.747000,1464630732.412208,1464630732.413299,1464630732.942000
770,1464630731.748000,1464630732.460214,1464630732.461743,1464630732.943000
771,1464630731.748000,1464630732.466512,1464630732.467872,1464630732.943000
772,1464630731.748000,1464630732.417818,1464630732.419231,1464630732.944000
773,1464630731.748000,1464630732.456901,1464630732.458155,1464630732.945000
774,1464630731.748000,1464630732.439136,1464630732.440206,1464630732.946000
775,1464630731.748000,1464630732.376754,1464630732.400714,1464630732.946000
776,1464630731.748000,1464630732.520647,1464630732.526569,1464630732.947000
777,1464630731.748000,1464630732.522327,1464630732.523350,1464630732.948000
778,1464630731.748000,1464630732.518056,1464630732.519414,1464630732.949000
779,1464630731.748000,1464630732.460897,1464630732.462079,1464630732.950000
780,1464630731.748000,1464630732.461023,1464630732.462010,1464630732.950000
781,1464630731.748000,1464630732.470036,1464630732.471148,1464630732.951000
782,1464630731.749000,1464630732.437071,1464630732.438054,1464630732.952000
783,1464630731.749000,1464630732.436054,1464630732.456387,1464630732.953000
784,1464630731.749000,1464630732.514557,1464630732.515567,1464630732.954000
785,1464630731.750000,1464630732.403900,1464630732.404921,1464630732.954000
786,1464630731.750000,1464630732.476632,1464630732.477663,1464630732.955000
787,1464630731.750000,1464630732.409685,1464630732.410726,1464630732.956000
788,1464630731.750000,1464630732.404187,1464630732.405159,1464630732.956000
789,1464630731.750000,1464630732.492789,1464630732.493832,1464630732.957000
790,1464630731.750000,1464630732.472693,1464630732.473849,1464630732.958000
791,1464630731.750000,1464630732.511030,1464630732.512167,1464630732.958000
792,1464630731.750000,1464630732.467122,1464630732.468367,1464630732.959000
793,1464630731.750000,1464630732.362737,1464630732.363844,1464630732.959000
794,1464630731.751000,1464630732.366806,1464630732.367789,1464630732.960000
795,1464630731.751000,1464630732.486213,1464630732.487244,1464630732.961000
796,1464630731.751000,1464630732.449632,1464630732.450882,1464630732.961000
797,1464630731.751000,1464630732.461285,1464630732.462255,1464630732.962000
798,1464630731.751000,1464630732.423360,1464630732.424594,1464630732.963000
799,1464630731.751000,1464630732.410178,1464630732.412017,1464630732.963000
800,1464630731.751000,1464630732.385622,1464630732.386832,1464630732.964000
801,1464630731.751000,1464630732.479080,1464630732.480323,1464630732.964000
802,1464630731.751000,1464630732.505236,1464630732.512060,1464630732.965000
803,1464630731.751000,1464630732.473591,1464630732.474705,1464630732.966000
804,1464630731.751000,1464630732.380169,1464630732.381189,1464630732.966000
805,1464630731.752000,1464630732.508392,1464630732.509711,1464630732.967000
806,1464630731.752000,1464630732.429171,1464630732.430174,1464630732.967000
807,1464630731.752000,1464630732.528040,1464630732.531163,1464630732.968000
808,1464630731.753000,1464630732.497075,1464630732.498215,1464630732.969000
809,1464630731.753000,1464630732.373115,1464630732.383894,1464630732.970000
810,1464630731.753000,1464630732.509907,1464630732.511431,1464630732.970000
811,1464630731.753000,1464630732.468925,1464630732.470124,1464630732.971000
812,1464630731.753000,1464630732.500024,1464630732.500979,1464630732.972000
813,1464630731.753000,1464630732.442996,1464630732.444806,1464630732.972000
814,1464630731.754000,1464630732.372794,1464630732.375199,1464630732.973000
815,1464630731.754000,1464630732.472513,1464630732.473690,1464630732.974000
816,1464630731.754000,1464630732.469927,1464630732.471391,1464630732.974000
817,1464630731.754000,1464630732.523502,1464630732.526765,1464630732.975000
818,1464630731.755000,1464630732.517095,1464630732.520265,1464630732.976000
819,1464630731.755000,1464630732.400319,1464630732.419899,1464630732.976000
820,1464630731.755000,1464630732.486633,1464630732.494973,1464630732.977000
821,1464630731.755000,1464630732.488639,1464630732.491753,1464630732.978000
822,1464630731.755000,1464630732.506460,1464630732.507745,1464630732.979000
823,1464630731.755000,1464630732.490382,1464630732.491443,1464630732.979000
824,1464630731.755000,1464630732.403970,1464630732.405093,1464630732.980000
825,1464630731.755000,1464630732.469856,1464630732.471102,1464630732.981000
826,1464630731.756000,1464630732.518818,1464630732.520159,1464630732.982000
827,1464630731.756000,1464630732.431210,1464630732.432234,1464630732.982000
828,1464630731.756000,1464630732.482174,1464630732.484062,1464630732.983000
829,1464630731.756000,1464630732.441011,1464630732.442165,1464630732.984000
830,1464630731.756000,1464630732.469516,1464630732.470670,1464630732.985000
831,1464630731.756000,1464630732.470410,1464630732.471642,1464630732.985000
832,1464630731.757000,1464630732.468160,1464630732.469617,1464630732.986000
833,1464630731.757000,1464630732.503962,1464630732.505834,1464630732.987000
834,1464630731.757000,1464630732.450415,1464630732.464201,1464630732.987000
835,1464630731.757000,1464630732.478185,1464630732.479180,1464630732.988000
836,1464630731.758000,1464630732.438101,1464630732.439275,1464630732.989000
837,1464630731.758000,1464630732.521600,1464630732.531701,1464630732.990000
838,1464630731.758000,1464630732.432413,1464630732.433563,1464630732.991000
839,1464630731.758000,1464630732.432434,1464630732.433683,1464630732.991000
840,1464630731.759000,1464630732.453653,1464630732.454687,1464630732.992000
841,1464630731.759000,1464630732.475252,1464630732.476280,1464630732.993000
842,1464630731.759000,1464630732.433085,1464630732.452499,1464630732.993000
843,1464630731.759000,1464630732.417845,1464630732.418863,1464630732.994000
844,1464630731.759000,1464630732.488809,1464630732.495297,1464630732.994000
845,1464630731.759000,1464630732.481005,1464630732.482072,1464630732.995000
846,1464630731.760000,1464630732.422582,1464630732.423616,1464630732.996000
847,1464630731.760000,1464630732.500174,1464630732.509556,1464630732.996000
848,1464630731.761000,1464630732.424055,1464630732.425303,1464630732.997000
849,1464630731.761000,1464630732.516409,1464630732.519554,1464630732.997000
850,1464630731.761000,1464630732.504115,1464630732.505237,1464630732.998000
851,1464630731.761000,1464630732.456107,1464630732.457558,1464630732.999000
852,1464630731.761000,1464630732.525738,1464630732.535038,1464630732.999000
853,1464630731.761000,1464630732.464608,1464630732.465588,1464630733.000000
854,1464630731.761000,1464630732.442932,1464630732.443905,1464630733.001000
855,1464630731.761000,1464630732.438104,1464630732.439138,1464630733.001000
856,1464630731.761000,1464630732.446618,1464630732.447884,1464630733.002000
857,1464630731.762000,1464630732.498340,1464630732.515166,1464630733.003000
858,1464630731.762000,1464630732.454314,1464630732.455414,1464630733.003000
859,1464630731.762000,1464630732.433828,1464630732.435044,1464630733.004000
860,1464630731.762000,1464630732.494114,1464630732.495197,1464630733.005000
861,1464630731.762000,1464630732.416313,1464630732.417472,1464630733.005000
862,1464630731.762000,1464630732.436201,1464630732.437175,1464630733.006000
863,1464630731.762000,1464630732.466625,1464630732.467721,1464630733.007000
864,1464630731.762000,1464630732.517757,1464630732.518942,1464630733.007000
865,1464630731.762000,1464630732.511624,1464630732.512924,1464630733.008000
866,1464630731.762000,1464630732.485248,1464630732.486711,1464630733.009000
867,1464630731.762000,1464630732.467569,1464630732.477993,1464630733.010000
868,1464630731.762000,1464630732.489509,1464630732.490838,1464630733.010000
869,1464630731.762000,1464630732.500647,1464630732.501848,1464630733.011000
870,1464630731.762000,1464630732.498800,1464630732.500329,1464630733.012000
871,1464630731.762000,1464630732.475067,1464630732.476190,1464630733.013000
872,1464630731.763000,1464630732.520134,1464630732.522835,1464630733.013000
873,1464630731.763000,1464630732.472993,1464630732.481546,1464630733.014000
874,1464630731.763000,1464630732.507092,1464630732.508088,1464630733.015000
875,1464630731.763000,1464630732.480795,1464630732.498863,1464630733.015000
876,1464630731.763000,1464630732.482876,1464630732.483956,1464630733.016000
877,1464630731.763000,1464630732.448618,1464630732.449782,1464630733.017000
878,1464630731.763000,1464630732.503986,1464630732.505084,1464630733.018000
879,1464630731.764000,1464630732.438104,1464630732.458268,1464630733.019000
880,1464630731.764000,1464630732.444593,1464630732.445579,1464630733.019000
881,1464630731.765000,1464630732.445419,1464630732.447820,1464630733.020000
882,1464630731.765000,1464630732.485288,1464630732.486474,1464630733.021000
883,1464630731.765000,1464630732.495363,1464630732.496519,1464630733.022000
884,1464630731.765000,1464630732.514289,1464630732.515706,1464630733.022000
885,1464630731.766000,1464630732.486419,1464630732.492108,1464630733.023000
886,1464630731.766000,1464630732.466310,1464630732.467271,1464630733.024000
887,1464630731.766000,1464630732.429691,1464630732.431044,1464630733.025000
888,1464630731.766000,1464630732.511636,1464630732.512660,1464630733.026000
889,1464630731.766000,1464630732.520036,1464630732.534041,1464630733.027000
890,1464630731.766000,1464630732.450054,1464630732.451380,1464630733.027000
891,1464630731.766000,1464630732.500865,1464630732.502168,1464630733.028000
892,1464630731.766000,1464630732.505743,1464630732.506699,1464630733.029000
893,1464630731.767000,1464630732.443162,1464630732.444189,1464630733.030000
894,1464630731.767000,1464630732.473501,1464630732.486193,1464630733.031000
895,1464630731.767000,1464630732.489629,1464630732.490879,1464630733.031000
896,1464630731.767000,1464630732.521662,1464630732.522712,1464630733.032000
897,1464630731.767000,1464630732.459087,1464630732.460064,1464630733.033000
898,1464630731.767000,1464630732.485577,1464630732.486569,1464630733.034000
899,1464630731.769000,1464630732.470829,1464630732.471952,1464630733.034000
900,1464630731.770000,1464630732.446752,1464630732.447729,1464630733.035000
901,1464630731.770000,1464630732.516561,1464630732.517681,1464630733.036000
902,1464630731.771000,1464630732.405525,1464630732.406614,1464630733.036000
903,1464630731.771000,1464630732.439233,1464630732.440448,1464630733.037000
904,1464630731.771000,1464630732.507954,1464630732.527816,1464630733.038000
905,1464630731.771000,1464630732.510013,1464630732.512462,1464630733.038000
906,1464630731.771000,1464630732.495263,1464630732.496297,1464630733.039000
907,1464630731.771000,1464630732.509048,1464630732.511865,1464630733.040000
908,1464630731.772000,1464630732.503286,1464630732.504687,1464630733.041000
909,1464630731.772000,1464630732.497763,1464630732.498894,1464630733.041000
910,1464630731.772000,1464630732.473804,1464630732.474863,1464630733.042000
911,1464630731.773000,1464630732.411622,1464630732.412739,1464630733.043000
912,1464630731.774000,1464630732.455999,1464630732.457114,1464630733.043000
913,1464630731.776000,1464630732.493830,1464630732.509135,1464630733.044000
914,1464630731.776000,1464630732.501872,1464630732.502946,1464630733.045000
915,1464630731.777000,1464630732.486316,1464630732.487414,1464630733.045000
916,1464630731.777000,1464630732.448809,1464630732.450025,1464630733.046000
917,1464630731.777000,1464630732.480302,1464630732.500426,1464630733.047000
918,1464630731.777000,1464630732.490284,1464630732.491365,1464630733.047000
919,1464630731.777000,1464630732.521599,1464630732.522579,1464630733.048000
920,1464630731.777000,1464630732.517657,1464630732.519127,1464630733.049000
921,1464630731.777000,1464630732.449954,1464630732.451027,1464630733.049000
922,1464630731.778000,1464630732.519583,1464630732.520600,1464630733.050000
923,1464630731.779000,1464630732.505504,1464630732.510760,1464630733.051000
924,1464630731.779000,1464630732.510650,1464630732.518869,1464630733.051000
925,1464630731.779000,1464630732.517758,1464630732.522161,1464630733.052000
926,1464630731.779000,1464630732.471412,1464630732.472549,1464630733.053000
927,1464630731.779000,1464630732.492558,1464630732.493665,1464630733.054000
928,1464630731.779000,1464630732.433594,1464630732.434697,1464630733.056000
929,1464630731.779000,1464630732.471592,1464630732.472760,1464630733.058000
930,1464630731.780000,1464630732.492523,1464630732.506557,1464630733.060000
931,1464630731.779000,1464630732.519306,1464630732.523801,1464630733.062000
932,1464630731.779000,1464630732.532539,1464630732.533619,1464630733.064000
933,1464630731.779000,1464630732.496337,1464630732.497649,1464630733.066000
934,1464630731.779000,1464630732.520610,1464630732.521860,1464630733.068000
935,1464630731.780000,1464630732.490905,1464630732.492577,1464630733.069000
936,1464630731.780000,1464630732.504664,1464630732.505610,1464630733.070000
937,1464630731.780000,1464630732.480497,1464630732.481500,1464630733.071000
938,1464630731.781000,1464630732.492364,1464630732.493510,1464630733.071000
939,1464630731.781000,1464630732.510335,1464630732.521969,1464630733.072000
940,1464630731.781000,1464630732.524274,1464630732.527220,1464630733.073000
941,1464630731.782000,1464630732.529550,1464630732.536945,1464630733.074000
942,1464630731.782000,1464630732.510884,1464630732.520123,1464630733.075000
943,1464630731.782000,1464630732.450065,1464630732.458063,1464630733.076000
944,1464630731.782000,1464630732.503117,1464630732.504227,1464630733.077000
945,1464630731.782000,1464630732.473157,1464630732.474293,1464630733.077000
946,1464630731.782000,1464630732.521373,1464630732.524058,1464630733.078000
947,1464630731.783000,1464630732.508425,1464630732.515500,1464630733.079000
948,1464630731.783000,1464630732.497821,1464630732.517845,1464630733.080000
949,1464630731.783000,1464630732.491921,1464630732.493047,1464630733.080000
950,1464630731.783000,1464630732.517045,1464630732.518148,1464630733.081000
951,1464630731.783000,1464630732.457644,1464630732.459128,1464630733.082000
952,1464630731.783000,1464630732.500790,1464630732.502322,1464630733.082000
953,1464630731.783000,1464630732.412135,1464630732.413339,1464630733.083000
954,1464630731.783000,1464630732.495482,1464630732.496909,1464630733.083000
955,1464630731.783000,1464630732.509005,1464630732.509965,1464630733.084000
956,1464630731.784000,1464630732.512961,1464630732.514354,1464630733.085000
957,1464630731.784000,1464630732.447796,1464630732.449012,1464630733.085000
958,1464630731.784000,1464630732.500695,1464630732.501796,1464630733.086000
959,1464630731.784000,1464630732.483567,1464630732.484590,1464630733.086000
960,1464630731.784000,1464630732.502085,1464630732.503528,1464630733.087000
961,1464630731.784000,1464630732.497861,1464630732.499443,1464630733.088000
962,1464630731.784000,1464630732.459297,1464630732.460750,1464630733.089000
963,1464630731.784000,1464630732.470974,1464630732.472120,1464630733.089000
964,1464630731.784000,1464630732.494276,1464630732.495236,1464630733.090000
965,1464630731.785000,1464630732.504416,1464630732.505519,1464630733.091000
966,1464630731.785000,1464630732.524337,1464630732.525463,1464630733.091000
967,1464630731.785000,1464630732.487146,1464630732.488521,1464630733.092000
968,1464630731.785000,1464630732.492723,1464630732.494086,1464630733.092000
969,1464630731.786000,1464630732.511331,1464630732.512312,1464630733.093000
970,1464630731.786000,1464630732.487540,1464630732.501716,1464630733.094000
971,1464630731.786000,1464630732.477181,1464630732.478719,1464630733.094000
972,1464630731.786000,1464630732.499380,1464630732.516899,1464630733.095000
973,1464630731.786000,1464630732.502767,1464630732.504115,1464630733.096000
974,1464630731.786000,1464630732.519275,1464630732.520368,1464630733.096000
975,1464630731.787000,1464630732.521870,1464630732.523021,1464630733.097000
976,1464630731.787000,1464630732.498902,1464630732.499920,1464630733.097000
977,1464630731.787000,1464630732.493732,1464630732.495549,1464630733.098000
978,1464630731.787000,1464630732.483062,1464630732.484308,1464630733.099000
979,1464630731.787000,1464630732.513549,1464630732.514646,1464630733.099000
980,1464630731.787000,1464630732.449131,1464630732.450229,1464630733.100000
981,1464630731.787000,1464630732.525028,1464630732.527033,1464630733.101000
982,1464630731.787000,1464630732.476892,1464630732.477990,1464630733.102000
983,1464630731.787000,1464630732.463256,1464630732.464473,1464630733.102000
984,1464630731.787000,1464630732.494052,1464630732.495424,1464630733.103000
985,1464630731.787000,1464630732.519770,1464630732.520862,1464630733.104000
986,1464630731.787000,1464630732.509166,1464630732.510513,1464630733.105000
987,1464630731.788000,1464630732.496449,1464630732.497765,1464630733.105000
988,1464630731.788000,1464630732.473568,1464630732.474506,1464630733.106000
989,1464630731.789000,1464630732.449968,1464630732.451174,1464630733.107000
990,1464630731.789000,1464630732.465137,1464630732.466319,1464630733.108000
991,1464630731.789000,1464630732.497068,1464630732.498143,1464630733.108000
992,1464630731.789000,1464630732.535831,1464630732.537108,1464630733.109000
993,1464630731.789000,1464630732.508938,1464630732.510173,1464630733.110000
994,1464630731.789000,1464630732.475778,1464630732.477231,1464630733.111000
995,1464630731.790000,1464630732.512441,1464630732.513937,1464630733.112000
996,1464630731.790000,1464630732.519153,1464630732.520134,1464630733.112000
997,1464630731.790000,1464630732.476389,1464630732.477394,1464630733.113000
998,1464630731.790000,1464630732.495840,1464630732.496888,1464630733.114000
999,1464630731.790000,1464630732.476963,1464630732.477985,1464630733.115000
