0,1464630491.492000,1464630492.172745,1464630492.173887,1464630492.251000
1,1464630491.492000,1464630492.160026,1464630492.161211,1464630492.252000
2,1464630491.492000,1464630492.189212,1464630492.190481,1464630492.293000
3,1464630491.492000,1464630492.181591,1464630492.182830,1464630492.294000
4,1464630491.492000,1464630492.163420,1464630492.173587,1464630492.294000
5,1464630491.492000,1464630492.149149,1464630492.150717,1464630492.295000
6,1464630491.492000,1464630492.127868,1464630492.129182,1464630492.296000
7,1464630491.492000,1464630492.212192,1464630492.228101,1464630492.296000
8,1464630491.493000,1464630492.165230,1464630492.166426,1464630492.297000
9,1464630491.493000,1464630492.141567,1464630492.143071,1464630492.297000
10,1464630491.493000,1464630492.166564,1464630492.168417,1464630492.298000
11,1464630491.493000,1464630492.187287,1464630492.188613,1464630492.298000
12,1464630491.493000,1464630492.192592,1464630492.193572,1464630492.299000
13,1464630491.493000,1464630492.163473,1464630492.172895,1464630492.300000
14,1464630491.493000,1464630492.207421,1464630492.216376,1464630492.300000
15,1464630491.493000,0.000000,0.000000,0.000000
16,1464630491.493000,1464630492.181182,1464630492.182558,1464630492.302000
17,1464630491.493000,0.000000,0.000000,0.000000
18,1464630491.493000,0.000000,0.000000,0.000000
19,1464630491.493000,1464630492.210393,1464630492.215640,1464630492.304000
20,1464630491.493000,1464630492.215068,1464630492.216215,1464630492.304000
21,1464630491.493000,0.000000,0.000000,0.000000
22,1464630491.493000,0.000000,0.000000,0.000000
23,1464630491.494000,1464630492.222429,1464630492.223725,1464630492.307000
24,1464630491.494000,1464630492.204362,1464630492.208582,1464630492.307000
25,1464630491.494000,1464630492.186441,1464630492.188755,1464630492.308000
26,1464630491.494000,1464630492.277309,1464630492.279659,1464630492.326000
27,1464630491.494000,1464630492.249744,1464630492.269235,1464630492.346000
28,1464630491.494000,1464630492.180928,1464630492.182120,1464630492.347000
29,1464630491.494000,1464630492.155922,1464630492.157221,1464630492.347000
30,1464630491.494000,0.000000,0.000000,0.000000
31,1464630491.495000,1464630492.189881,1464630492.191090,1464630492.349000
32,1464630491.495000,1464630492.165485,1464630492.166995,1464630492.349000
33,1464630491.495000,1464630492.219114,1464630492.223762,1464630492.350000
34,1464630491.495000,0.000000,0.000000,0.000000
35,1464630491.495000,0.000000,0.000000,0.000000
36,1464630491.495000,1464630492.230955,1464630492.232280,1464630492.352000
37,1464630491.495000,0.000000,0.000000,0.000000
38,1464630491.495000,0.000000,0.000000,0.000000
39,1464630491.495000,0.000000,0.000000,0.000000
40,1464630491.496000,1464630492.155607,1464630492.157291,1464630492.354000
41,1464630491.496000,1464630492.169082,1464630492.170126,1464630492.355000
42,1464630491.496000,1464630492.198125,1464630492.199175,1464630492.356000
43,1464630491.496000,1464630492.216381,1464630492.217713,1464630492.357000
44,1464630491.496000,1464630492.140098,1464630492.141294,1464630492.358000
45,1464630491.496000,1464630492.146906,1464630492.148293,1464630492.358000
46,1464630491.497000,1464630492.251373,1464630492.253076,1464630492.359000
47,1464630491.497000,1464630492.158713,1464630492.160711,1464630492.360000
48,1464630491.497000,1464630492.165703,1464630492.167071,1464630492.361000
49,1464630491.498000,1464630492.162479,1464630492.164080,1464630492.361000
50,1464630491.499000,1464630492.159645,1464630492.161159,1464630492.362000
51,1464630491.500000,1464630492.159148,1464630492.160233,1464630492.363000
52,1464630491.500000,1464630492.145956,1464630492.157424,1464630492.363000
53,1464630491.500000,1464630492.216654,1464630492.218079,1464630492.364000
54,1464630491.500000,0.000000,0.000000,0.000000
55,1464630491.500000,1464630492.272068,1464630492.274114,1464630492.365000
56,1464630491.500000,0.000000,0.000000,0.000000
57,1464630491.500000,1464630492.216884,1464630492.223691,1464630492.367000
58,1464630491.500000,0.000000,0.000000,0.000000
59,1464630491.500000,1464630492.145864,1464630492.147354,1464630492.369000
60,1464630491.500000,1464630492.138770,1464630492.139804,1464630492.369000
61,1464630491.500000,1464630492.133520,1464630492.136650,1464630492.370000
62,1464630491.500000,0.000000,0.000000,0.000000
63,1464630491.501000,1464630492.191172,1464630492.210259,1464630492.371000
64,1464630491.501000,1464630492.207576,1464630492.208638,1464630492.372000
65,1464630491.501000,1464630492.173028,1464630492.174398,1464630492.372000
66,1464630491.501000,0.000000,0.000000,0.000000
67,1464630491.501000,0.000000,0.000000,0.000000
68,1464630491.501000,0.000000,0.000000,0.000000
69,1464630491.501000,1464630492.173312,1464630492.174422,1464630492.375000
70,1464630491.501000,0.000000,0.000000,0.000000
71,1464630491.501000,0.000000,0.000000,0.000000
72,1464630491.502000,1464630492.195957,1464630492.210469,1464630492.376000
73,1464630491.503000,0.000000,0.000000,0.000000
74,1464630491.504000,1464630492.178189,1464630492.198329,1464630492.378000
75,1464630491.504000,0.000000,0.000000,0.000000
76,1464630491.503000,1464630492.210943,1464630492.214970,1464630492.379000
77,1464630491.504000,1464630492.155895,1464630492.157018,1464630492.379000
78,1464630491.504000,0.000000,0.000000,0.000000
79,1464630491.509000,0.000000,0.000000,0.000000
80,1464630491.509000,1464630492.228905,1464630492.252182,1464630492.381000
81,1464630491.510000,1464630493.162055,1464630493.175925,1464630493.275000
82,1464630491.510000,0.000000,0.000000,0.000000
83,1464630491.510000,0.000000,0.000000,0.000000
84,1464630491.510000,1464630492.126413,1464630492.127719,1464630493.277000
85,1464630491.510000,1464630492.268712,1464630492.270292,1464630493.278000
86,1464630491.510000,0.000000,0.000000,0.000000
87,1464630491.510000,1464630492.188834,1464630492.193184,1464630493.279000
88,1464630491.510000,1464630492.194469,1464630492.195612,1464630493.280000
89,1464630491.510000,0.000000,0.000000,0.000000
90,1464630491.510000,0.000000,0.000000,0.000000
91,1464630491.510000,0.000000,0.000000,0.000000
92,1464630491.510000,0.000000,0.000000,0.000000
93,1464630491.510000,1464630492.218253,1464630492.219604,1464630493.288000
94,1464630491.510000,0.000000,0.000000,0.000000
95,1464630491.510000,0.000000,0.000000,0.000000
96,1464630491.510000,0.000000,0.000000,0.000000
97,1464630491.510000,1464630492.178293,1464630492.193807,1464630493.292000
98,1464630491.510000,1464630492.262123,1464630492.263472,1464630493.293000
99,1464630491.510000,0.000000,0.000000,0.000000
100,1464630491.510000,1464630492.179476,1464630492.180446,1464630493.295000
101,1464630491.510000,1464630492.260964,1464630492.277655,1464630493.295000
102,1464630491.510000,1464630492.147961,1464630492.155708,1464630493.296000
103,1464630491.510000,0.000000,0.000000,0.000000
104,1464630491.511000,1464630492.204360,1464630492.205430,1464630493.298000
105,1464630491.511000,0.000000,0.000000,0.000000
106,1464630491.511000,1464630492.261087,1464630492.262196,1464630493.299000
107,1464630491.511000,0.000000,0.000000,0.000000
108,1464630491.511000,1464630492.127115,1464630492.128437,1464630493.301000
109,1464630491.511000,0.000000,0.000000,0.000000
110,1464630491.511000,0.000000,0.000000,0.000000
111,1464630491.511000,0.000000,0.000000,0.000000
112,1464630491.511000,0.000000,0.000000,0.000000
113,1464630491.511000,1464630492.239459,1464630492.240431,1464630493.304000
114,1464630491.511000,0.000000,0.000000,0.000000
115,1464630491.514000,0.000000,0.000000,0.000000
116,1464630491.513000,0.000000,0.000000,0.000000
117,1464630491.513000,0.000000,0.000000,0.000000
118,1464630491.513000,1464630492.282807,1464630492.289089,1464630493.308000
119,1464630491.513000,1464630492.189419,1464630492.193116,1464630493.309000
120,1464630491.513000,0.000000,0.000000,0.000000
121,1464630491.515000,1464630492.181392,1464630492.182387,1464630493.310000
122,1464630491.520000,1464630492.248484,1464630492.254595,1464630493.311000
123,1464630491.522000,0.000000,0.000000,0.000000
124,1464630491.522000,1464630492.175273,1464630492.176293,1464630493.313000
125,1464630491.522000,0.000000,0.000000,0.000000
126,1464630491.522000,1464630492.205003,1464630492.214768,1464630493.314000
127,1464630491.522000,0.000000,0.000000,0.000000
128,1464630491.522000,0.000000,0.000000,0.000000
129,1464630491.522000,0.000000,0.000000,0.000000
130,1464630491.522000,1464630494.075249,1464630494.083166,1464630494.167000
131,1464630491.522000,0.000000,0.000000,0.000000
132,1464630491.522000,0.000000,0.000000,0.000000
133,1464630491.522000,0.000000,0.000000,0.000000
134,1464630491.522000,1464630492.230605,1464630492.231673,1464630494.170000
135,1464630491.522000,0.000000,0.000000,0.000000
136,1464630491.522000,0.000000,0.000000,0.000000
137,1464630491.523000,1464630492.158703,1464630492.174310,1464630494.172000
138,1464630491.523000,1464630492.233594,1464630492.235535,1464630494.172000
139,1464630491.524000,1464630493.685370,1464630493.693815,1464630494.173000
140,1464630491.524000,1464630492.215626,1464630492.216707,1464630494.174000
141,1464630491.524000,0.000000,0.000000,0.000000
142,1464630491.524000,1464630492.222948,1464630492.223940,1464630494.175000
143,1464630491.524000,1464630492.160755,1464630492.162634,1464630494.175000
144,1464630491.524000,0.000000,0.000000,0.000000
145,1464630491.525000,1464630492.170547,1464630492.172001,1464630494.177000
146,1464630491.525000,1464630492.277536,1464630492.279508,1464630494.177000
147,1464630491.525000,1464630492.180779,1464630492.182034,1464630494.178000
148,1464630491.525000,0.000000,0.000000,0.000000
149,1464630491.525000,0.000000,0.000000,0.000000
150,1464630491.526000,1464630492.202643,1464630492.203917,1464630494.180000
151,1464630491.526000,1464630492.164329,1464630492.165786,1464630494.181000
152,1464630491.526000,0.000000,0.000000,0.000000
153,1464630491.526000,0.000000,0.000000,0.000000
154,1464630491.526000,0.000000,0.000000,0.000000
155,1464630491.526000,1464630492.213161,1464630492.232250,1464630494.183000
156,1464630491.526000,1464630492.155420,1464630492.168161,1464630494.184000
157,1464630491.526000,1464630492.141241,1464630492.143036,1464630494.185000
158,1464630491.526000,1464630492.204278,1464630492.205349,1464630494.185000
159,1464630491.526000,1464630492.245077,1464630492.246726,1464630494.186000
160,1464630491.526000,1464630492.137344,1464630492.138961,1464630494.186000
161,1464630491.526000,1464630492.236491,1464630492.238303,1464630494.187000
162,1464630491.526000,1464630492.203857,1464630492.204862,1464630494.188000
163,1464630491.526000,1464630493.783373,1464630493.787397,1464630494.189000
164,1464630491.527000,1464630492.202661,1464630492.204179,1464630494.189000
165,1464630491.527000,1464630492.176260,1464630492.177766,1464630494.190000
166,1464630491.528000,1464630492.234314,1464630492.248579,1464630494.191000
167,1464630491.528000,0.000000,0.000000,0.000000
168,1464630491.528000,1464630492.207138,1464630492.208401,1464630494.192000
169,1464630491.528000,1464630492.177665,1464630492.178668,1464630494.193000
170,1464630491.528000,1464630492.215274,1464630492.217217,1464630494.194000
171,1464630491.529000,0.000000,0.000000,0.000000
172,1464630491.529000,1464630492.251303,1464630492.255328,1464630494.195000
173,1464630491.529000,1464630492.242174,1464630492.244231,1464630494.196000
174,1464630491.529000,1464630492.282710,1464630492.299830,1464630494.197000
175,1464630491.529000,1464630492.190020,1464630492.191493,1464630494.198000
176,1464630491.529000,1464630492.208712,1464630492.215829,1464630494.198000
177,1464630491.529000,1464630492.249067,1464630492.255375,1464630494.199000
178,1464630491.529000,1464630492.165962,1464630492.166970,1464630494.200000
179,1464630491.529000,0.000000,0.000000,0.000000
180,1464630491.529000,1464630492.158683,1464630492.171101,1464630494.202000
181,1464630491.529000,1464630492.217731,1464630492.218744,1464630494.202000
182,1464630491.529000,1464630492.216839,1464630492.217884,1464630494.203000
183,1464630491.529000,1464630492.233672,1464630492.234973,1464630494.204000
184,1464630491.529000,1464630493.504242,1464630493.517073,1464630494.205000
185,1464630491.529000,1464630492.272898,1464630492.291735,1464630494.206000
186,1464630491.529000,1464630492.236633,1464630492.237679,1464630494.206000
187,1464630491.529000,1464630492.177749,1464630492.193729,1464630494.207000
188,1464630491.529000,1464630492.199657,1464630492.200697,1464630494.208000
189,1464630491.529000,0.000000,0.000000,0.000000
190,1464630491.529000,1464630493.764329,1464630493.788204,1464630494.209000
191,1464630491.529000,0.000000,0.000000,0.000000
192,1464630491.529000,1464630492.266558,1464630492.267732,1464630494.210000
193,1464630491.529000,1464630492.184721,1464630492.186467,1464630494.211000
194,1464630491.529000,1464630492.250303,1464630492.254435,1464630494.211000
195,1464630491.529000,1464630492.179174,1464630492.180272,1464630494.212000
196,1464630491.529000,1464630492.154373,1464630492.170318,1464630494.213000
197,1464630491.529000,1464630492.188602,1464630492.189686,1464630494.213000
198,1464630491.529000,1464630492.154464,1464630492.163507,1464630494.214000
199,1464630491.529000,1464630492.274078,1464630492.275678,1464630494.214000
200,1464630491.529000,1464630492.219251,1464630492.220416,1464630494.215000
201,1464630491.529000,1464630492.168940,1464630492.170040,1464630494.216000
202,1464630491.529000,1464630492.245759,1464630492.247279,1464630494.216000
203,1464630491.530000,1464630492.222667,1464630492.238196,1464630494.217000
204,1464630491.530000,1464630492.213536,1464630492.224782,1464630494.218000
205,1464630491.530000,1464630492.268953,1464630492.273248,1464630494.218000
206,1464630491.530000,0.000000,0.000000,0.000000
207,1464630491.530000,1464630492.263717,1464630492.273580,1464630494.220000
208,1464630491.530000,1464630492.266218,1464630492.268476,1464630494.220000
209,1464630491.530000,1464630492.223119,1464630492.224150,1464630494.221000
210,1464630491.530000,1464630492.207496,1464630492.217947,1464630494.221000
211,1464630491.530000,1464630492.269897,1464630492.273770,1464630494.222000
212,1464630491.530000,1464630493.756844,1464630493.764754,1464630494.223000
213,1464630491.530000,1464630492.173565,1464630492.178511,1464630494.223000
214,1464630491.530000,0.000000,0.000000,0.000000
215,1464630491.530000,1464630492.241031,1464630492.242271,1464630494.224000
216,1464630491.530000,1464630492.263551,1464630492.265360,1464630494.225000
217,1464630491.530000,0.000000,0.000000,0.000000
218,1464630491.530000,1464630492.217636,1464630492.224435,1464630494.226000
219,1464630491.530000,1464630492.236039,1464630492.252502,1464630494.227000
220,1464630491.530000,1464630492.160529,1464630492.161686,1464630494.228000
221,1464630491.530000,1464630492.214730,1464630492.232345,1464630494.229000
222,1464630491.530000,1464630492.194450,1464630492.195464,1464630494.229000
223,1464630491.530000,0.000000,0.000000,0.000000
224,1464630491.530000,1464630492.277146,1464630492.278303,1464630494.231000
225,1464630491.530000,0.000000,0.000000,0.000000
226,1464630491.530000,1464630492.191754,1464630492.193364,1464630494.232000
227,1464630491.530000,1464630492.228243,1464630492.229385,1464630494.233000
228,1464630491.530000,1464630492.187873,1464630492.210637,1464630494.234000
229,1464630491.530000,1464630492.223603,1464630492.230445,1464630494.235000
230,1464630491.530000,1464630492.244899,1464630492.265212,1464630494.235000
231,1464630491.530000,1464630492.265952,1464630492.271224,1464630494.236000
232,1464630491.530000,1464630492.194374,1464630492.195435,1464630494.237000
233,1464630491.530000,1464630492.253738,1464630492.255746,1464630494.238000
234,1464630491.530000,1464630492.220405,1464630492.221480,1464630494.239000
235,1464630491.530000,1464630492.181848,1464630492.183384,1464630494.239000
236,1464630491.530000,1464630492.217208,1464630492.223987,1464630494.240000
237,1464630491.530000,1464630492.256589,1464630492.269804,1464630494.241000
238,1464630491.530000,0.000000,0.000000,0.000000
239,1464630491.531000,1464630492.176747,1464630492.177852,1464630494.242000
240,1464630491.531000,1464630492.140696,1464630492.143382,1464630494.243000
241,1464630491.531000,1464630492.261961,1464630492.262956,1464630494.244000
242,1464630491.531000,1464630492.149889,1464630492.169098,1464630494.245000
243,1464630491.531000,1464630492.263433,1464630492.264557,1464630494.245000
244,1464630491.531000,1464630492.235316,1464630492.236856,1464630494.246000
245,1464630491.531000,1464630492.200818,1464630492.202146,1464630494.247000
246,1464630491.531000,1464630492.179794,1464630492.180950,1464630494.247000
247,1464630491.531000,0.000000,0.000000,0.000000
248,1464630491.531000,1464630492.183527,1464630492.184754,1464630494.248000
249,1464630491.531000,1464630492.192491,1464630492.194134,1464630494.249000
250,1464630491.531000,1464630492.215471,1464630492.216743,1464630494.250000
251,1464630491.531000,1464630492.219243,1464630492.222638,1464630494.250000
252,1464630491.531000,1464630492.223513,1464630492.231155,1464630494.251000
253,1464630491.531000,1464630492.176365,1464630492.177428,1464630494.252000
254,1464630491.531000,1464630492.202172,1464630492.203908,1464630494.252000
255,1464630491.531000,1464630492.144979,1464630492.146088,1464630494.253000
256,1464630491.531000,1464630492.282920,1464630492.284021,1464630494.253000
257,1464630491.531000,1464630492.209943,1464630492.215352,1464630494.254000
258,1464630491.531000,1464630492.268168,1464630492.270053,1464630494.255000
259,1464630491.531000,1464630492.196785,1464630492.197710,1464630494.255000
260,1464630491.531000,1464630492.190689,1464630492.191725,1464630494.256000
261,1464630491.531000,1464630492.229861,1464630492.231409,1464630494.257000
262,1464630491.531000,1464630492.185703,1464630492.187074,1464630494.257000
263,1464630491.531000,1464630492.225305,1464630492.235544,1464630494.258000
264,1464630491.531000,1464630492.225072,1464630492.226366,1464630494.258000
265,1464630491.531000,1464630492.210195,1464630492.211621,1464630494.259000
266,1464630491.531000,1464630492.196650,1464630492.202321,1464630494.260000
267,1464630491.531000,1464630492.199101,1464630492.216385,1464630494.260000
268,1464630491.531000,1464630492.205317,1464630492.214354,1464630494.261000
269,1464630491.531000,1464630492.256014,1464630492.257303,1464630494.261000
270,1464630491.531000,1464630492.262916,1464630492.264486,1464630494.262000
271,1464630491.532000,1464630492.271834,1464630492.273151,1464630494.263000
272,1464630491.532000,1464630492.263944,1464630492.270429,1464630494.263000
273,1464630491.532000,1464630492.196054,1464630492.202807,1464630494.264000
274,1464630491.532000,0.000000,0.000000,0.000000
275,1464630491.532000,1464630492.225364,1464630492.232886,1464630494.265000
276,1464630491.532000,1464630492.192445,1464630492.193679,1464630494.266000
277,1464630491.532000,1464630492.264059,1464630492.275775,1464630494.267000
278,1464630491.532000,1464630492.220634,1464630492.231152,1464630494.268000
279,1464630491.532000,1464630492.222413,1464630492.230769,1464630494.268000
280,1464630491.532000,1464630492.183644,1464630492.188583,1464630494.269000
281,1464630491.532000,1464630492.247400,1464630492.249330,1464630494.270000
282,1464630491.532000,1464630492.207736,1464630492.209514,1464630494.271000
283,1464630491.532000,1464630492.254740,1464630492.276702,1464630494.271000
284,1464630491.532000,0.000000,0.000000,0.000000
285,1464630491.533000,1464630492.247413,1464630492.253885,1464630494.273000
286,1464630491.534000,1464630492.198630,1464630492.199745,1464630494.274000
287,1464630491.534000,1464630492.195283,1464630492.196480,1464630494.274000
288,1464630491.536000,1464630492.186106,1464630492.187484,1464630494.275000
289,1464630491.538000,1464630492.209623,1464630492.210646,1464630494.276000
290,1464630491.542000,1464630492.272689,1464630492.276397,1464630494.277000
291,1464630491.556000,1464630493.772845,1464630493.790295,1464630494.278000
292,1464630491.558000,1464630492.244829,1464630492.245922,1464630494.278000
293,1464630491.559000,1464630492.208195,1464630492.247403,1464630494.279000
294,1464630491.559000,1464630492.278794,1464630492.298027,1464630494.280000
295,1464630491.559000,1464630492.185809,1464630492.204015,1464630494.281000
296,1464630491.559000,1464630492.228503,1464630492.229716,1464630494.281000
297,1464630491.559000,1464630492.208888,1464630492.210111,1464630494.282000
298,1464630491.559000,1464630492.251880,1464630492.253106,1464630494.283000
299,1464630491.559000,1464630492.262384,1464630492.264000,1464630494.284000
300,1464630491.559000,1464630492.228722,1464630492.236465,1464630494.284000
301,1464630491.559000,1464630492.230540,1464630492.231674,1464630494.285000
302,1464630491.559000,1464630492.174146,1464630492.190544,1464630494.286000
303,1464630491.559000,1464630492.262418,1464630492.263714,1464630494.286000
304,1464630491.559000,1464630492.226357,1464630492.227435,1464630494.287000
305,1464630491.559000,1464630492.212590,1464630492.214949,1464630494.287000
306,1464630491.560000,1464630492.224806,1464630492.243159,1464630494.288000
307,1464630491.560000,1464630492.212690,1464630492.224132,1464630494.289000
308,1464630491.560000,1464630492.224314,1464630492.225957,1464630494.289000
309,1464630491.560000,1464630492.220547,1464630492.224544,1464630494.290000
310,1464630491.560000,1464630492.278847,1464630492.280677,1464630494.290000
311,1464630491.560000,1464630492.251435,1464630492.268768,1464630494.291000
312,1464630491.560000,1464630492.244657,1464630492.246096,1464630494.292000
313,1464630491.560000,1464630492.234645,1464630492.238916,1464630494.292000
314,1464630491.560000,1464630492.218208,1464630492.219393,1464630494.293000
315,1464630491.561000,1464630492.229431,1464630492.230790,1464630494.294000
316,1464630491.561000,1464630492.208474,1464630492.215801,1464630494.294000
317,1464630491.561000,1464630492.259373,1464630492.260932,1464630494.295000
318,1464630491.561000,1464630492.250404,1464630492.251782,1464630494.296000
319,1464630491.561000,1464630492.224809,1464630492.225941,1464630494.296000
320,1464630491.561000,1464630492.237094,1464630492.257169,1464630494.297000
321,1464630491.561000,1464630493.162129,1464630493.168682,1464630494.297000
322,1464630491.561000,1464630492.225285,1464630492.226571,1464630494.298000
323,1464630491.562000,1464630492.256172,1464630492.257657,1464630494.299000
324,1464630491.562000,1464630492.238625,1464630492.240642,1464630494.299000
325,1464630491.562000,1464630492.261204,1464630492.269526,1464630494.300000
326,1464630491.562000,1464630492.201765,1464630492.202934,1464630494.301000
327,1464630491.562000,1464630492.280127,1464630492.281977,1464630494.301000
328,1464630491.562000,1464630492.253076,1464630492.255308,1464630494.302000
329,1464630491.562000,1464630492.266681,1464630492.273603,1464630494.303000
330,1464630491.562000,1464630492.215274,1464630492.216444,1464630494.303000
331,1464630491.562000,1464630492.248239,1464630492.249456,1464630494.304000
332,1464630491.562000,1464630492.229033,1464630492.243049,1464630494.305000
333,1464630491.562000,1464630492.230245,1464630492.235070,1464630494.305000
334,1464630491.563000,1464630492.638188,1464630492.664023,1464630494.306000
335,1464630491.563000,1464630492.241952,1464630492.243257,1464630494.307000
336,1464630491.563000,1464630492.180151,1464630492.181282,1464630494.308000
337,1464630491.563000,1464630492.216142,1464630492.217562,1464630494.309000
338,1464630491.563000,1464630492.259715,1464630492.260886,1464630494.309000
339,1464630491.563000,1464630492.212688,1464630492.214357,1464630494.310000
340,1464630491.563000,1464630492.255321,1464630492.274118,1464630494.311000
341,1464630491.563000,1464630492.255227,1464630492.256694,1464630494.312000
342,1464630491.563000,1464630492.251959,1464630492.253426,1464630494.313000
343,1464630491.564000,1464630492.212136,1464630492.213776,1464630494.313000
344,1464630491.564000,1464630492.153838,1464630492.154907,1464630494.314000
345,1464630491.564000,1464630492.247644,1464630492.258409,1464630494.315000
346,1464630491.564000,1464630492.205234,1464630492.206498,1464630494.316000
347,1464630491.564000,1464630492.214309,1464630492.215812,1464630494.316000
348,1464630491.564000,1464630492.716878,1464630492.803935,1464630494.317000
349,1464630491.564000,1464630492.264605,1464630492.266378,1464630494.318000
350,1464630491.564000,1464630493.884698,1464630493.907981,1464630494.319000
351,1464630491.565000,1464630492.221815,1464630492.224864,1464630494.320000
352,1464630491.565000,1464630492.235466,1464630492.255367,1464630494.321000
353,1464630491.565000,1464630492.175353,1464630492.176494,1464630494.322000
354,1464630491.565000,1464630492.253045,1464630492.256478,1464630494.322000
355,1464630491.565000,1464630492.238579,1464630492.239781,1464630494.323000
356,1464630491.565000,1464630492.251244,1464630492.252781,1464630494.323000
357,1464630491.566000,1464630492.265721,1464630492.266773,1464630494.324000
358,1464630491.566000,1464630492.250498,1464630492.251463,1464630494.325000
359,1464630491.566000,1464630492.247514,1464630492.249382,1464630494.325000
360,1464630491.566000,1464630492.299046,1464630492.312043,1464630494.326000
361,1464630491.566000,1464630492.251632,1464630492.269969,1464630494.326000
362,1464630491.566000,1464630492.268703,1464630492.271136,1464630494.327000
363,1464630491.567000,1464630492.247912,1464630492.255564,1464630494.327000
364,1464630491.567000,1464630492.260858,1464630492.261863,1464630494.328000
365,1464630491.567000,1464630492.266665,1464630492.270743,1464630494.329000
366,1464630491.567000,1464630492.276495,1464630492.288765,1464630494.329000
367,1464630491.567000,1464630492.194547,1464630492.195694,1464630494.330000
368,1464630491.567000,1464630492.235040,1464630492.240821,1464630494.331000
369,1464630491.567000,1464630492.270290,1464630492.277037,1464630494.331000
370,1464630491.567000,1464630492.215865,1464630492.217049,1464630494.332000
371,1464630491.567000,1464630492.235055,1464630492.236081,1464630494.333000
372,1464630491.568000,1464630492.247724,1464630492.268080,1464630494.333000
373,1464630491.568000,1464630492.244994,1464630492.253635,1464630494.334000
374,1464630491.568000,1464630492.248198,1464630492.249275,1464630494.334000
375,1464630491.568000,1464630492.223244,1464630492.224761,1464630494.335000
376,1464630491.568000,1464630492.252051,1464630492.271797,1464630494.336000
377,1464630491.568000,1464630492.258894,1464630492.260085,1464630494.337000
378,1464630491.569000,1464630492.260454,1464630492.270385,1464630494.337000
379,1464630491.569000,1464630492.244508,1464630492.245552,1464630494.338000
380,1464630491.569000,1464630492.237159,1464630492.254293,1464630494.338000
381,1464630491.569000,1464630492.199017,1464630492.200153,1464630494.339000
382,1464630491.569000,1464630492.235863,1464630492.237340,1464630494.340000
383,1464630491.569000,1464630492.217738,1464630492.219126,1464630494.340000
384,1464630491.570000,1464630492.230876,1464630492.257838,1464630494.341000
385,1464630491.570000,1464630492.249658,1464630492.251486,1464630494.341000
386,1464630491.570000,1464630492.244435,1464630492.245628,1464630494.342000
387,1464630491.570000,1464630492.250531,1464630492.269031,1464630494.343000
388,1464630491.570000,1464630492.248643,1464630492.264933,1464630494.344000
389,1464630491.570000,1464630492.231416,1464630492.245775,1464630494.345000
390,1464630491.570000,1464630492.265681,1464630492.266718,1464630494.345000
391,1464630491.570000,1464630492.261971,1464630492.276452,1464630494.346000
392,1464630491.570000,1464630492.208661,1464630492.210679,1464630494.347000
393,1464630491.571000,1464630492.264255,1464630492.265197,1464630494.348000
394,1464630491.571000,1464630492.289260,1464630492.310124,1464630494.348000
395,1464630491.572000,1464630493.136003,1464630493.160443,1464630494.349000
396,1464630491.572000,1464630492.292254,1464630492.310787,1464630494.350000
397,1464630491.573000,1464630492.303714,1464630492.304973,1464630494.351000
398,1464630491.573000,1464630492.277651,1464630492.279145,1464630494.352000
399,1464630491.573000,1464630492.245592,1464630492.248816,1464630494.352000
400,1464630491.573000,1464630492.291124,1464630492.294983,1464630494.353000
401,1464630491.573000,1464630492.244497,1464630492.245587,1464630494.354000
402,1464630491.573000,1464630492.181646,1464630492.182759,1464630494.355000
403,1464630491.573000,1464630492.234374,1464630492.236021,1464630494.355000
404,1464630491.573000,1464630492.272556,1464630492.275302,1464630494.356000
405,1464630491.573000,1464630492.285790,1464630492.309133,1464630494.357000
406,1464630491.574000,1464630492.237044,1464630492.238548,1464630494.358000
407,1464630491.574000,1464630492.213855,1464630492.231629,1464630494.358000
408,1464630491.574000,1464630492.222840,1464630492.226368,1464630494.359000
409,1464630491.574000,1464630492.283101,1464630492.284280,1464630494.360000
410,1464630491.574000,1464630492.283007,1464630492.309420,1464630494.361000
411,1464630491.574000,1464630492.259157,1464630492.260412,1464630494.361000
412,1464630491.574000,1464630492.274813,1464630492.276848,1464630494.362000
413,1464630491.574000,1464630493.742316,1464630493.753980,1464630494.364000
414,1464630491.575000,1464630493.784195,1464630493.786490,1464630494.365000
415,1464630491.575000,1464630492.290247,1464630492.297775,1464630494.366000
416,1464630491.575000,1464630492.258232,1464630492.261045,1464630494.367000
417,1464630491.575000,1464630492.250698,1464630492.251882,1464630494.368000
418,1464630491.575000,1464630492.264494,1464630492.272628,1464630494.369000
419,1464630491.576000,1464630492.205328,1464630492.213368,1464630494.369000
420,1464630491.576000,1464630492.229040,1464630492.230028,1464630494.370000
421,1464630491.577000,1464630492.214915,1464630492.251168,1464630494.371000
422,1464630491.577000,1464630492.263347,1464630492.270184,1464630494.372000
423,1464630491.577000,1464630492.224230,1464630492.225334,1464630494.372000
424,1464630491.577000,1464630492.285187,1464630492.286819,1464630494.374000
425,1464630491.577000,1464630492.234916,1464630492.236223,1464630494.375000
426,1464630491.578000,1464630492.252646,1464630492.253663,1464630494.375000
427,1464630491.578000,1464630492.311026,1464630492.312510,1464630494.376000
428,1464630491.578000,1464630492.289134,1464630492.293007,1464630494.377000
429,1464630491.578000,1464630492.290116,1464630492.292351,1464630494.377000
430,1464630491.578000,1464630492.293276,1464630492.294405,1464630494.378000
431,1464630491.578000,1464630492.277801,1464630492.279118,1464630494.378000
432,1464630491.578000,1464630492.255932,1464630492.264127,1464630494.379000
433,1464630491.579000,1464630492.217531,1464630492.218585,1464630494.380000
434,1464630491.579000,1464630492.305241,1464630492.316843,1464630494.380000
435,1464630491.579000,1464630492.248190,1464630492.249874,1464630494.381000
436,1464630491.579000,1464630492.261715,1464630492.262865,1464630494.382000
437,1464630491.579000,1464630492.249819,1464630492.269553,1464630494.383000
438,1464630491.579000,1464630492.289366,1464630492.296547,1464630494.383000
439,1464630491.579000,1464630492.222900,1464630492.238470,1464630494.384000
440,1464630491.579000,1464630492.250917,1464630492.255253,1464630494.385000
441,1464630491.580000,1464630492.242736,1464630492.243720,1464630494.386000
442,1464630491.580000,1464630492.233790,1464630492.234802,1464630494.386000
443,1464630491.580000,1464630492.219912,1464630492.220889,1464630494.387000
444,1464630491.580000,1464630492.248210,1464630492.251944,1464630494.388000
445,1464630491.580000,1464630492.194941,1464630492.195920,1464630494.389000
446,1464630491.580000,1464630492.188694,1464630492.197420,1464630494.389000
447,1464630491.580000,1464630492.271536,1464630492.276389,1464630494.390000
448,1464630491.580000,1464630492.220631,1464630492.234814,1464630494.391000
449,1464630491.581000,1464630492.219125,1464630492.226876,1464630494.391000
450,1464630491.581000,1464630492.233207,1464630492.235411,1464630494.392000
451,1464630491.581000,1464630492.261339,1464630492.267580,1464630494.393000
452,1464630491.581000,1464630492.233686,1464630492.249398,1464630494.394000
453,1464630491.581000,1464630492.286651,1464630492.316195,1464630494.394000
454,1464630491.581000,1464630492.242301,1464630492.243379,1464630494.395000
455,1464630491.581000,1464630492.237624,1464630492.238749,1464630494.396000
456,1464630491.581000,1464630492.281154,1464630492.282187,1464630494.397000
457,1464630491.581000,1464630492.223675,1464630492.225198,1464630494.397000
458,1464630491.582000,1464630493.473183,1464630493.509561,1464630494.398000
459,1464630491.583000,1464630492.280482,1464630492.281621,1464630494.399000
460,1464630491.583000,1464630493.503620,1464630493.524362,1464630494.400000
461,1464630491.583000,1464630492.262971,1464630492.268476,1464630494.400000
462,1464630491.583000,1464630492.227483,1464630492.243031,1464630494.401000
463,1464630491.583000,1464630492.254341,1464630492.274840,1464630494.402000
464,1464630491.583000,1464630492.273029,1464630492.274130,1464630494.402000
465,1464630491.583000,1464630492.248906,1464630492.250015,1464630494.403000
466,1464630491.583000,1464630492.246473,1464630492.247679,1464630494.403000
467,1464630491.583000,1464630494.592398,1464630494.603260,1464630494.687000
468,1464630491.583000,1464630492.292663,1464630492.293828,1464630494.688000
469,1464630491.583000,1464630492.234408,1464630492.236287,1464630494.689000
470,1464630491.583000,1464630494.222804,1464630494.232701,1464630494.690000
471,1464630491.584000,1464630492.276143,1464630492.277616,1464630494.690000
472,1464630491.584000,1464630492.213846,1464630492.222922,1464630494.691000
473,1464630491.584000,1464630493.733635,1464630493.747844,1464630494.692000
474,1464630491.584000,1464630492.249111,1464630492.253809,1464630494.693000
475,1464630491.584000,1464630492.210378,1464630492.211360,1464630494.693000
476,1464630491.584000,1464630492.258729,1464630492.278177,1464630494.694000
477,1464630491.584000,1464630492.261304,1464630492.262556,1464630494.694000
478,1464630491.584000,1464630492.258706,1464630492.260944,1464630494.695000
479,1464630491.584000,1464630492.265809,1464630492.266872,1464630494.696000
480,1464630491.584000,1464630493.797402,1464630493.804616,1464630494.697000
481,1464630491.584000,1464630492.254452,1464630492.272807,1464630494.698000
482,1464630491.584000,1464630492.304828,1464630492.311639,1464630494.698000
483,1464630491.584000,1464630492.285245,1464630492.287336,1464630494.699000
484,1464630491.584000,1464630492.263595,1464630492.279217,1464630494.700000
485,1464630491.584000,1464630492.296359,1464630492.315894,1464630494.700000
486,1464630491.585000,1464630492.238668,1464630492.239661,1464630494.701000
487,1464630491.585000,1464630492.396591,1464630492.397637,1464630494.702000
488,1464630491.585000,1464630492.251108,1464630492.252246,1464630494.703000
489,1464630491.586000,1464630493.469074,1464630493.489485,1464630494.703000
490,1464630491.586000,1464630492.244318,1464630492.245525,1464630494.704000
491,1464630491.586000,1464630492.242632,1464630492.257420,1464630494.704000
492,1464630491.586000,1464630492.220929,1464630492.230701,1464630494.705000
493,1464630491.586000,1464630492.249260,1464630492.253506,1464630494.706000
494,1464630491.586000,1464630492.394577,1464630492.395728,1464630494.707000
495,1464630491.586000,1464630492.225113,1464630492.242889,1464630494.708000
496,1464630491.586000,1464630492.430378,1464630492.432223,1464630494.708000
497,1464630491.586000,1464630492.344833,1464630492.345873,1464630494.709000
498,1464630491.587000,1464630492.268938,1464630492.271199,1464630494.710000
499,1464630491.587000,1464630492.414683,1464630492.415848,1464630494.711000
500,1464630491.587000,1464630492.274027,1464630492.291158,1464630494.711000
501,1464630491.587000,1464630492.260504,1464630492.261828,1464630494.712000
502,1464630491.587000,1464630492.226239,1464630492.227377,1464630494.713000
503,1464630491.587000,1464630492.258697,1464630492.260164,1464630494.714000
504,1464630491.587000,1464630492.262535,1464630492.276721,1464630494.715000
505,1464630491.587000,1464630493.488967,1464630493.510196,1464630494.715000
506,1464630491.587000,1464630492.207792,1464630492.208736,1464630494.716000
507,1464630491.587000,1464630492.234343,1464630492.247925,1464630494.717000
508,1464630491.587000,1464630492.240778,1464630492.249234,1464630494.718000
509,1464630491.587000,1464630492.251507,1464630492.253092,1464630494.719000
510,1464630491.587000,1464630492.257544,1464630492.282447,1464630494.719000
511,1464630491.587000,1464630492.369771,1464630492.370778,1464630494.720000
512,1464630491.587000,1464630492.335512,1464630492.337542,1464630494.721000
513,1464630491.587000,1464630492.240541,1464630492.252592,1464630494.722000
514,1464630491.587000,1464630492.278275,1464630492.279419,1464630494.722000
515,1464630491.587000,1464630492.259646,1464630492.260907,1464630494.723000
516,1464630491.587000,1464630492.389509,1464630492.390496,1464630494.724000
517,1464630491.587000,1464630492.391143,1464630492.392269,1464630494.725000
518,1464630491.587000,1464630492.281123,1464630492.282343,1464630494.725000
519,1464630491.587000,1464630492.300779,1464630492.302135,1464630494.726000
520,1464630491.587000,1464630492.326860,1464630492.328047,1464630494.726000
521,1464630491.587000,1464630492.407104,1464630492.414829,1464630494.727000
522,1464630491.587000,1464630492.274437,1464630492.291570,1464630494.728000
523,1464630491.587000,1464630492.337133,1464630492.338242,1464630494.728000
524,1464630491.587000,1464630492.252813,1464630492.254768,1464630494.729000
525,1464630491.587000,1464630492.301934,1464630492.303256,1464630494.729000
526,1464630491.587000,1464630492.205823,1464630492.206876,1464630494.730000
527,1464630491.588000,1464630492.258632,1464630492.261175,1464630494.731000
528,1464630491.588000,1464630492.418514,1464630492.419957,1464630494.732000
529,1464630491.588000,1464630492.260541,1464630492.278376,1464630494.732000
530,1464630491.588000,1464630492.314867,1464630492.316585,1464630494.733000
531,1464630491.588000,1464630492.344453,1464630492.357420,1464630494.733000
532,1464630491.588000,1464630492.241404,1464630492.242495,1464630494.734000
533,1464630491.588000,1464630492.258356,1464630492.259965,1464630494.735000
534,1464630491.588000,1464630492.387341,1464630492.388676,1464630494.735000
535,1464630491.588000,1464630492.234461,1464630492.236359,1464630494.736000
536,1464630491.588000,1464630492.239324,1464630492.240582,1464630494.737000
537,1464630491.588000,1464630492.261842,1464630492.294996,1464630494.737000
538,1464630491.588000,1464630492.263009,1464630492.275989,1464630494.738000
539,1464630491.588000,1464630492.247380,1464630492.248531,1464630494.739000
540,1464630491.588000,1464630492.388905,1464630492.390930,1464630494.739000
541,1464630491.588000,1464630492.241419,1464630492.242713,1464630494.740000
542,1464630491.588000,1464630493.484256,1464630493.515610,1464630494.741000
543,1464630491.588000,1464630492.322587,1464630492.323783,1464630494.742000
544,1464630491.588000,1464630492.351224,1464630492.355840,1464630494.742000
545,1464630491.588000,1464630492.345529,1464630492.349818,1464630494.743000
546,1464630491.588000,1464630492.447466,1464630492.448839,1464630494.744000
547,1464630491.588000,1464630492.413582,1464630492.418378,1464630494.744000
548,1464630491.588000,1464630493.459342,1464630493.482819,1464630494.745000
549,1464630491.588000,1464630492.346554,1464630492.358538,1464630494.746000
550,1464630491.588000,1464630492.353625,1464630492.354816,1464630494.747000
551,1464630491.588000,1464630492.185706,1464630492.212873,1464630494.748000
552,1464630491.588000,1464630492.236946,1464630492.238029,1464630494.748000
553,1464630491.588000,1464630492.274872,1464630492.289770,1464630494.749000
554,1464630491.589000,1464630492.380527,1464630492.381882,1464630494.750000
555,1464630491.589000,1464630492.279679,1464630492.281417,1464630494.751000
556,1464630491.589000,1464630492.256431,1464630492.257442,1464630494.752000
557,1464630491.589000,1464630492.285650,1464630492.286704,1464630494.752000
558,1464630491.589000,1464630492.253721,1464630492.255007,1464630494.753000
559,1464630491.589000,1464630492.325059,1464630492.326158,1464630494.754000
560,1464630491.589000,1464630492.229744,1464630492.230986,1464630494.755000
561,1464630491.589000,1464630492.376533,1464630492.377519,1464630494.756000
562,1464630491.589000,1464630492.300569,1464630492.302009,1464630494.756000
563,1464630491.589000,1464630492.232874,1464630492.234345,1464630494.757000
564,1464630491.589000,1464630492.349234,1464630492.350257,1464630494.758000
565,1464630491.589000,1464630492.245986,1464630492.253778,1464630494.759000
566,1464630491.589000,1464630492.213573,1464630492.232501,1464630494.760000
567,1464630491.589000,1464630492.269437,1464630492.283609,1464630494.760000
568,1464630491.589000,1464630492.188455,1464630492.189449,1464630494.761000
569,1464630491.589000,1464630492.220477,1464630492.233195,1464630494.762000
570,1464630491.589000,1464630492.227101,1464630492.238458,1464630494.762000
571,1464630491.589000,1464630492.338051,1464630492.339085,1464630494.763000
572,1464630491.589000,1464630492.234519,1464630492.235486,1464630494.764000
573,1464630491.589000,1464630492.446439,1464630492.447544,1464630494.764000
574,1464630491.589000,1464630492.268995,1464630492.274681,1464630494.765000
575,1464630491.589000,1464630492.266714,1464630492.268155,1464630494.765000
576,1464630491.589000,1464630492.255806,1464630492.256932,1464630494.766000
577,1464630491.589000,1464630492.346676,1464630492.347929,1464630494.767000
578,1464630491.589000,1464630493.957452,1464630493.971382,1464630494.767000
579,1464630491.589000,1464630492.279058,1464630492.280255,1464630494.768000
580,1464630491.589000,1464630492.270458,1464630492.288721,1464630494.768000
581,1464630491.589000,1464630493.811695,1464630493.835194,1464630494.769000
582,1464630491.589000,1464630492.352183,1464630492.353397,1464630494.770000
583,1464630491.589000,1464630492.350931,1464630492.357119,1464630494.770000
584,1464630491.590000,1464630492.248957,1464630492.249932,1464630494.771000
585,1464630491.590000,1464630492.404531,1464630492.405525,1464630494.771000
586,1464630491.590000,1464630492.271195,1464630492.275053,1464630494.772000
587,1464630491.590000,1464630492.287300,1464630492.298545,1464630494.773000
588,1464630491.590000,1464630492.255291,1464630492.256806,1464630494.773000
589,1464630491.590000,1464630492.263510,1464630492.292723,1464630494.774000
590,1464630491.590000,1464630492.286103,1464630492.287466,1464630494.774000
591,1464630491.590000,1464630492.419369,1464630492.420771,1464630494.775000
592,1464630491.590000,1464630492.316193,1464630492.318414,1464630494.776000
593,1464630491.590000,1464630492.242689,1464630492.244192,1464630494.776000
594,1464630491.590000,1464630492.296142,1464630492.304272,1464630494.777000
595,1464630491.590000,1464630492.359460,1464630492.360484,1464630494.777000
596,1464630491.590000,1464630492.322010,1464630492.323023,1464630494.778000
597,1464630491.590000,1464630492.238872,1464630492.277601,1464630494.779000
598,1464630491.590000,1464630492.275814,1464630492.294275,1464630494.779000
599,1464630491.590000,1464630492.302352,1464630492.303337,1464630494.780000
600,1464630491.590000,1464630492.442211,1464630492.443232,1464630494.781000
601,1464630491.590000,1464630494.616554,1464630494.623346,1464630494.782000
602,1464630491.590000,1464630492.379834,1464630492.381017,1464630494.782000
603,1464630491.590000,1464630492.333652,1464630492.335195,1464630494.783000
604,1464630491.590000,1464630492.301510,1464630492.303262,1464630494.784000
605,1464630491.590000,1464630492.271904,1464630492.274340,1464630494.784000
606,1464630491.590000,1464630492.367404,1464630492.368401,1464630494.785000
607,1464630491.590000,1464630492.381801,1464630492.383842,1464630494.786000
608,1464630491.590000,1464630492.253464,1464630492.256903,1464630494.787000
609,1464630491.590000,1464630492.383928,1464630492.385360,1464630494.787000
610,1464630491.590000,1464630492.372879,1464630492.375114,1464630494.788000
611,1464630491.590000,1464630492.362261,1464630492.363455,1464630494.789000
612,1464630491.590000,1464630492.332370,1464630492.342913,1464630494.790000
613,1464630491.591000,1464630492.246632,1464630492.264653,1464630494.791000
614,1464630491.591000,1464630492.327554,1464630492.328591,1464630494.791000
615,1464630491.591000,1464630493.486987,1464630493.512003,1464630494.792000
616,1464630491.591000,1464630492.335640,1464630492.338008,1464630494.793000
617,1464630491.591000,1464630492.299725,1464630492.304225,1464630494.794000
618,1464630491.591000,1464630492.422046,1464630492.423202,1464630494.794000
619,1464630491.591000,1464630492.339550,1464630492.357127,1464630494.795000
620,1464630491.591000,1464630492.330927,1464630492.331968,1464630494.796000
621,1464630491.591000,1464630492.266110,1464630492.273322,1464630494.797000
622,1464630491.591000,1464630492.408900,1464630492.410164,1464630494.798000
623,1464630491.591000,1464630492.264688,1464630492.284055,1464630494.798000
624,1464630491.591000,1464630492.248128,1464630492.262341,1464630494.799000
625,1464630491.591000,1464630492.346442,1464630492.347695,1464630494.800000
626,1464630491.591000,1464630494.594209,1464630494.663782,1464630494.800000
627,1464630491.591000,1464630492.405868,1464630492.406959,1464630494.801000
628,1464630491.591000,1464630492.360025,1464630492.362998,1464630494.801000
629,1464630491.592000,1464630492.355253,1464630492.356303,1464630494.802000
630,1464630491.592000,1464630492.243828,1464630492.244937,1464630494.803000
631,1464630491.592000,1464630492.328794,1464630492.329783,1464630494.803000
632,1464630491.592000,1464630492.255214,1464630492.266255,1464630494.804000
633,1464630491.592000,1464630492.334418,1464630492.335549,1464630494.804000
634,1464630491.592000,1464630492.383554,1464630492.384596,1464630494.805000
635,1464630491.592000,1464630492.288372,1464630492.289622,1464630494.806000
636,1464630491.592000,1464630492.360024,1464630492.361350,1464630494.806000
637,1464630491.592000,1464630492.399987,1464630492.401487,1464630494.807000
638,1464630491.592000,1464630492.348334,1464630492.349368,1464630494.808000
639,1464630491.592000,1464630492.386531,1464630492.387790,1464630494.808000
640,1464630491.592000,1464630492.345835,1464630492.347093,1464630494.809000
641,1464630491.592000,1464630492.414428,1464630492.416436,1464630494.810000
642,1464630491.592000,1464630493.741096,1464630493.749968,1464630494.810000
643,1464630491.592000,1464630492.286596,1464630492.287629,1464630494.811000
644,1464630491.592000,1464630492.299492,1464630492.300689,1464630494.811000
645,1464630491.592000,1464630492.305460,1464630492.306458,1464630494.812000
646,1464630491.592000,1464630492.285292,1464630492.294294,1464630494.813000
647,1464630491.592000,1464630492.378015,1464630492.379335,1464630494.813000
648,1464630491.592000,1464630492.308508,1464630492.309685,1464630494.814000
649,1464630491.592000,1464630492.335439,1464630492.348169,1464630494.815000
650,1464630491.592000,1464630492.305101,1464630492.306595,1464630494.815000
651,1464630491.592000,1464630492.329119,1464630492.330115,1464630494.816000
652,1464630491.592000,1464630492.270888,1464630492.272074,1464630494.817000
653,1464630491.592000,1464630492.197886,1464630492.198908,1464630494.817000
654,1464630491.592000,1464630494.527264,1464630494.531165,1464630494.818000
655,1464630491.592000,1464630492.325429,1464630492.326452,1464630494.819000
656,1464630491.593000,1464630492.241600,1464630492.242613,1464630494.820000
657,1464630491.593000,1464630492.234915,1464630492.238090,1464630494.820000
658,1464630491.593000,1464630492.358578,1464630492.363232,1464630494.821000
659,1464630491.593000,1464630492.382771,1464630492.383875,1464630494.822000
660,1464630491.593000,1464630493.144208,1464630493.164248,1464630494.823000
661,1464630491.593000,1464630492.273625,1464630492.275321,1464630494.824000
662,1464630491.593000,1464630492.308922,1464630492.310500,1464630494.825000
663,1464630491.593000,1464630492.261370,1464630492.262688,1464630494.825000
664,1464630491.593000,1464630492.255714,1464630492.257929,1464630494.826000
665,1464630491.593000,1464630492.271683,1464630492.278838,1464630494.827000
666,1464630491.593000,1464630492.253508,1464630492.254846,1464630494.828000
667,1464630491.593000,1464630492.268324,1464630492.270430,1464630494.828000
668,1464630491.593000,1464630493.140024,1464630493.162733,1464630494.829000
669,1464630491.593000,1464630492.238403,1464630492.239538,1464630494.830000
670,1464630491.593000,1464630492.263846,1464630492.266032,1464630494.831000
671,1464630491.593000,1464630492.219308,1464630492.220428,1464630494.832000
672,1464630491.593000,1464630492.301215,1464630492.302645,1464630494.832000
673,1464630491.593000,1464630492.243329,1464630492.258734,1464630494.833000
674,1464630491.593000,1464630492.225672,1464630492.232825,1464630494.834000
675,1464630491.593000,1464630492.262431,1464630492.263652,1464630494.834000
676,1464630491.593000,1464630492.316941,1464630492.318414,1464630494.836000
677,1464630491.593000,1464630492.236286,1464630492.237333,1464630494.836000
678,1464630491.593000,1464630492.289452,1464630492.292171,1464630494.837000
679,1464630491.593000,1464630492.290392,1464630492.294694,1464630494.837000
680,1464630491.593000,1464630492.263846,1464630492.265230,1464630494.838000
681,1464630491.593000,1464630492.337579,1464630492.339004,1464630494.839000
682,1464630491.593000,1464630492.384754,1464630492.385811,1464630494.839000
683,1464630491.593000,1464630492.326180,1464630492.327382,1464630494.840000
684,1464630491.594000,1464630492.390555,1464630492.391973,1464630494.841000
685,1464630491.594000,1464630492.404615,1464630492.405726,1464630494.841000
686,1464630491.594000,1464630492.271004,1464630492.275056,1464630494.842000
687,1464630491.594000,1464630492.263112,1464630492.264665,1464630494.842000
688,1464630491.594000,1464630492.248340,1464630492.264508,1464630494.843000
689,1464630491.594000,1464630492.304468,1464630492.305954,1464630494.844000
690,1464630491.594000,1464630492.327749,1464630492.329149,1464630494.844000
691,1464630491.594000,1464630492.401148,1464630492.402300,1464630494.845000
692,1464630491.594000,1464630492.320420,1464630492.323989,1464630494.845000
693,1464630491.594000,1464630492.397514,1464630492.398567,1464630494.846000
694,1464630491.594000,1464630492.254723,1464630492.275818,1464630494.847000
695,1464630491.594000,1464630492.405489,1464630492.409421,1464630494.847000
696,1464630491.594000,1464630493.917612,1464630493.931281,1464630494.848000
697,1464630491.594000,1464630492.275907,1464630492.279458,1464630494.849000
698,1464630491.594000,1464630493.773118,1464630493.790530,1464630494.849000
699,1464630491.594000,1464630492.267226,1464630492.269892,1464630494.850000
700,1464630491.594000,1464630492.423750,1464630492.424887,1464630494.851000
701,1464630491.594000,1464630492.266256,1464630492.267705,1464630494.851000
702,1464630491.594000,1464630492.314678,1464630492.315685,1464630494.852000
703,1464630491.594000,1464630492.361372,1464630492.362835,1464630494.853000
704,1464630491.594000,1464630492.365777,1464630492.367220,1464630494.853000
705,1464630491.594000,1464630492.370284,1464630492.371503,1464630494.854000
706,1464630491.594000,1464630492.282922,1464630492.284264,1464630494.855000
707,1464630491.594000,1464630492.338523,1464630492.348710,1464630494.856000
708,1464630491.594000,1464630492.318018,1464630492.319573,1464630494.856000
709,1464630491.594000,1464630492.391071,1464630492.392292,1464630494.857000
710,1464630491.594000,1464630492.341634,1464630492.342755,1464630494.858000
711,1464630491.594000,1464630492.425481,1464630492.427027,1464630494.858000
712,1464630491.594000,1464630492.275589,1464630492.277129,1464630494.859000
713,1464630491.595000,1464630492.276815,1464630492.297878,1464630494.860000
714,1464630491.595000,1464630492.401138,1464630492.402313,1464630494.861000
715,1464630491.595000,1464630492.342502,1464630492.356284,1464630494.862000
716,1464630491.595000,1464630492.400826,1464630492.402686,1464630494.863000
717,1464630491.595000,1464630492.343086,1464630492.344156,1464630494.863000
718,1464630491.595000,1464630492.279860,1464630492.280938,1464630494.864000
719,1464630491.595000,1464630492.307738,1464630492.309796,1464630494.865000
720,1464630491.595000,1464630492.362749,1464630492.364809,1464630494.865000
721,1464630491.595000,1464630492.378478,1464630492.379576,1464630494.866000
722,1464630491.595000,1464630492.387098,1464630492.388065,1464630494.867000
723,1464630491.595000,1464630494.041506,1464630494.048182,1464630494.868000
724,1464630491.595000,1464630492.326560,1464630492.327526,1464630494.869000
725,1464630491.595000,1464630492.314973,1464630492.316265,1464630494.869000
726,1464630491.595000,1464630492.333126,1464630492.342913,1464630494.870000
727,1464630491.595000,1464630492.396140,1464630492.397176,1464630494.871000
728,1464630491.595000,1464630492.300339,1464630492.308167,1464630494.872000
729,1464630491.595000,1464630492.269053,1464630492.270765,1464630494.872000
730,1464630491.595000,1464630492.364887,1464630492.366010,1464630494.873000
731,1464630491.595000,1464630492.387423,1464630492.388802,1464630494.874000
732,1464630491.595000,1464630492.339743,1464630492.342719,1464630494.874000
733,1464630491.595000,1464630492.303486,1464630492.317207,1464630494.875000
734,1464630491.595000,1464630492.312139,1464630492.313409,1464630494.876000
735,1464630491.595000,1464630492.418825,1464630492.420135,1464630494.876000
736,1464630491.595000,1464630492.241865,1464630492.250336,1464630494.877000
737,1464630491.595000,1464630492.282046,1464630492.283395,1464630494.878000
738,1464630491.595000,1464630492.382132,1464630492.383931,1464630494.878000
739,1464630491.595000,1464630494.243309,1464630494.271078,1464630494.879000
740,1464630491.595000,1464630492.308588,1464630492.309634,1464630494.879000
741,1464630491.596000,1464630492.261516,1464630492.276420,1464630494.880000
742,1464630491.596000,1464630492.259443,1464630492.261289,1464630494.881000
743,1464630491.596000,1464630492.283593,1464630492.284637,1464630494.881000
744,1464630491.596000,1464630492.366958,1464630492.373219,1464630494.882000
745,1464630491.596000,1464630492.406753,1464630492.408917,1464630494.882000
746,1464630491.596000,1464630492.387979,1464630492.389338,1464630494.883000
747,1464630491.596000,1464630492.269618,1464630492.270943,1464630494.884000
748,1464630491.596000,1464630492.382104,1464630492.391798,1464630494.884000
749,1464630491.596000,1464630492.325337,1464630492.326352,1464630494.885000
750,1464630491.596000,1464630492.280350,1464630492.290749,1464630494.886000
751,1464630491.596000,1464630492.393654,1464630492.394873,1464630494.886000
752,1464630491.596000,1464630492.256550,1464630492.257737,1464630494.887000
753,1464630491.596000,1464630492.339068,1464630492.341054,1464630494.887000
754,1464630491.596000,1464630492.367260,1464630492.368539,1464630494.888000
755,1464630491.596000,1464630492.292775,1464630492.308124,1464630494.889000
756,1464630491.596000,1464630492.369431,1464630492.383498,1464630494.889000
757,1464630491.597000,1464630492.345277,1464630492.346461,1464630494.890000
758,1464630491.601000,1464630492.374113,1464630492.375327,1464630494.891000
759,1464630491.611000,1464630492.260176,1464630492.275428,1464630494.891000
760,1464630491.632000,1464630493.988493,1464630494.003403,1464630494.892000
761,1464630491.640000,1464630492.277662,1464630492.279042,1464630494.893000
762,1464630491.645000,1464630492.258404,1464630492.259796,1464630494.894000
763,1464630491.647000,1464630492.297326,1464630492.298751,1464630494.894000
764,1464630491.647000,1464630492.293910,1464630492.295141,1464630494.895000
765,1464630491.648000,1464630492.380676,1464630492.381729,1464630494.896000
766,1464630491.648000,1464630492.277536,1464630492.278496,1464630494.897000
767,1464630491.648000,1464630492.274379,1464630492.278255,1464630494.898000
768,1464630491.648000,1464630492.269469,1464630492.288265,1464630494.898000
769,1464630491.648000,1464630492.359025,1464630492.360375,1464630494.899000
770,1464630491.648000,1464630492.305695,1464630492.306679,1464630494.900000
771,1464630491.648000,1464630492.327346,1464630492.328455,1464630494.901000
772,1464630491.648000,1464630492.433355,1464630492.449671,1464630494.901000
773,1464630491.648000,1464630492.347537,1464630492.348641,1464630494.902000
774,1464630491.648000,1464630492.391481,1464630492.392633,1464630494.903000
775,1464630491.648000,1464630492.417910,1464630492.429849,1464630494.904000
776,1464630491.649000,1464630492.307685,1464630492.311693,1464630494.905000
777,1464630491.649000,1464630492.319654,1464630492.321138,1464630494.905000
778,1464630491.649000,1464630492.354792,1464630492.356191,1464630494.906000
779,1464630491.649000,1464630492.303590,1464630492.304667,1464630494.907000
780,1464630491.649000,1464630492.307651,1464630492.308741,1464630494.908000
781,1464630491.650000,1464630492.358485,1464630492.368724,1464630494.909000
782,1464630491.650000,1464630492.304242,1464630492.305349,1464630494.910000
783,1464630491.650000,1464630492.371253,1464630492.389598,1464630494.910000
784,1464630491.650000,1464630492.307235,1464630492.308513,1464630494.911000
785,1464630491.650000,1464630492.418360,1464630492.435878,1464630494.912000
786,1464630491.650000,1464630492.350157,1464630492.351340,1464630494.912000
787,1464630491.650000,1464630492.250574,1464630492.255673,1464630494.913000
788,1464630491.650000,1464630492.357337,1464630492.358612,1464630494.914000
789,1464630491.650000,1464630492.446472,1464630492.456079,1464630494.914000
790,1464630491.651000,1464630492.386461,1464630492.387502,1464630494.915000
791,1464630491.651000,1464630492.391788,1464630492.392765,1464630494.916000
792,1464630491.651000,1464630493.437205,1464630493.452109,1464630494.916000
793,1464630491.651000,1464630492.279389,1464630492.289049,1464630494.917000
794,1464630491.651000,1464630492.319008,1464630492.320306,1464630494.918000
795,1464630491.651000,1464630492.346082,1464630492.347539,1464630494.918000
796,1464630491.652000,1464630492.363910,1464630492.365527,1464630494.919000
797,1464630491.652000,1464630492.283210,1464630492.285064,1464630494.920000
798,1464630491.652000,1464630492.420886,1464630492.431342,1464630494.921000
799,1464630491.652000,1464630492.373994,1464630492.382266,1464630494.921000
800,1464630491.652000,1464630492.345636,1464630492.346998,1464630494.922000
801,1464630491.652000,1464630492.399319,1464630492.400655,1464630494.923000
802,1464630491.652000,1464630492.452737,1464630492.453942,1464630494.924000
803,1464630491.653000,1464630492.349663,1464630492.351082,1464630494.925000
804,1464630491.653000,1464630492.339095,1464630492.356423,1464630494.925000
805,1464630491.653000,1464630492.435075,1464630492.436187,1464630494.926000
806,1464630491.653000,1464630492.372077,1464630492.376761,1464630494.927000
807,1464630491.653000,1464630492.280805,1464630492.282118,1464630494.934000
808,1464630491.653000,1464630492.337889,1464630492.338940,1464630494.935000
809,1464630491.653000,1464630492.358763,1464630492.359837,1464630494.935000
810,1464630491.654000,1464630492.456461,1464630492.468568,1464630494.936000
811,1464630491.654000,1464630492.330973,1464630492.332254,1464630494.937000
812,1464630491.654000,1464630492.356871,1464630492.358493,1464630494.938000
813,1464630491.654000,1464630492.380103,1464630492.381234,1464630494.938000
814,1464630491.654000,1464630492.403084,1464630492.423475,1464630494.939000
815,1464630491.654000,1464630492.335582,1464630492.337001,1464630494.940000
816,1464630491.654000,1464630492.424617,1464630492.425965,1464630494.941000
817,1464630491.654000,1464630492.361955,1464630492.363098,1464630494.941000
818,1464630491.655000,1464630492.300280,1464630492.301339,1464630494.942000
819,1464630491.655000,1464630492.407430,1464630492.411757,1464630494.943000
820,1464630491.655000,1464630492.304395,1464630492.305376,1464630494.944000
821,1464630491.655000,1464630492.332523,1464630492.333504,1464630494.944000
822,1464630491.655000,1464630492.433106,1464630492.435364,1464630494.945000
823,1464630491.655000,1464630492.367016,1464630492.368070,1464630494.946000
824,1464630491.655000,1464630492.405876,1464630492.417830,1464630494.947000
825,1464630491.655000,1464630492.393800,1464630492.395237,1464630494.948000
826,1464630491.656000,1464630492.399165,1464630492.400147,1464630494.948000
827,1464630491.656000,1464630492.430381,1464630492.432483,1464630494.949000
828,1464630491.656000,1464630492.272586,1464630492.273789,1464630494.950000
829,1464630491.656000,1464630492.402466,1464630492.415557,1464630494.951000
830,1464630491.657000,1464630492.355014,1464630492.356482,1464630494.952000
831,1464630491.657000,1464630492.450657,1464630492.452037,1464630494.953000
832,1464630491.657000,1464630492.407748,1464630492.409228,1464630494.954000
833,1464630491.657000,1464630492.336777,1464630492.338094,1464630494.954000
834,1464630491.657000,1464630492.323600,1464630492.324637,1464630494.955000
835,1464630491.657000,1464630492.268816,1464630492.273013,1464630494.956000
836,1464630491.657000,1464630492.427291,1464630492.428702,1464630494.957000
837,1464630491.657000,1464630492.403337,1464630492.405376,1464630494.958000
838,1464630491.657000,1464630492.428512,1464630492.429562,1464630494.958000
839,1464630491.657000,1464630492.363667,1464630492.398105,1464630494.959000
840,1464630491.658000,1464630492.360331,1464630492.362481,1464630494.960000
841,1464630491.658000,1464630492.398332,1464630492.400273,1464630494.960000
842,1464630491.658000,1464630492.392944,1464630492.403628,1464630494.961000
843,1464630491.658000,1464630492.378527,1464630492.379985,1464630494.962000
844,1464630491.658000,1464630492.380525,1464630492.381819,1464630494.962000
845,1464630491.658000,1464630492.418692,1464630492.419796,1464630494.963000
846,1464630491.659000,1464630492.372174,1464630492.373244,1464630494.963000
847,1464630491.659000,1464630492.426030,1464630492.427329,1464630494.964000
848,1464630491.659000,1464630492.378983,1464630492.380119,1464630494.965000
849,1464630491.660000,1464630492.371742,1464630492.373123,1464630494.965000
850,1464630491.660000,1464630492.379690,1464630492.381629,1464630494.966000
851,1464630491.660000,1464630492.406823,1464630492.409575,1464630494.966000
852,1464630491.660000,1464630492.405385,1464630492.406888,1464630494.967000
853,1464630491.660000,1464630492.420116,1464630492.421766,1464630494.968000
854,1464630491.660000,1464630492.375185,1464630492.376464,1464630494.968000
855,1464630491.660000,1464630492.415501,1464630492.416696,1464630494.969000
856,1464630491.660000,1464630492.352687,1464630492.372634,1464630494.970000
857,1464630491.661000,1464630492.400298,1464630492.410587,1464630494.970000
858,1464630491.661000,1464630492.380099,1464630492.383548,1464630494.971000
859,1464630491.661000,1464630492.328604,1464630492.329981,1464630494.971000
860,1464630491.661000,1464630492.361601,1464630492.362578,1464630494.972000
861,1464630491.661000,1464630492.297624,1464630492.298865,1464630494.973000
862,1464630491.662000,1464630492.430669,1464630492.431796,1464630494.973000
863,1464630491.662000,1464630492.366241,1464630492.367399,1464630494.974000
864,1464630491.662000,1464630492.339404,1464630492.340816,1464630494.975000
865,1464630491.662000,1464630492.390087,1464630492.391085,1464630494.975000
866,1464630491.662000,1464630492.278160,1464630492.279181,1464630494.976000
867,1464630491.663000,1464630492.353432,1464630492.354489,1464630494.977000
868,1464630491.663000,1464630494.552446,1464630494.575078,1464630494.977000
869,1464630491.663000,1464630492.418650,1464630492.419705,1464630494.978000
870,1464630491.663000,1464630492.399736,1464630492.417023,1464630494.979000
871,1464630491.664000,1464630492.409403,1464630492.413642,1464630494.980000
872,1464630491.664000,1464630492.388234,1464630492.389412,1464630494.981000
873,1464630491.664000,1464630492.384927,1464630492.386129,1464630494.981000
874,1464630491.665000,1464630492.383777,1464630492.391111,1464630494.982000
875,1464630491.665000,1464630492.430998,1464630492.433439,1464630494.983000
876,1464630491.665000,1464630492.412272,1464630492.413289,1464630494.984000
877,1464630491.665000,1464630492.415605,1464630492.417089,1464630494.985000
878,1464630491.666000,1464630492.414168,1464630492.415764,1464630494.985000
879,1464630491.666000,1464630492.380322,1464630492.381402,1464630494.986000
880,1464630491.666000,1464630492.306492,1464630492.307755,1464630494.987000
881,1464630491.666000,1464630492.379998,1464630492.381291,1464630494.988000
882,1464630491.666000,1464630492.417156,1464630492.418126,1464630494.989000
883,1464630491.666000,1464630492.323148,1464630492.324182,1464630494.989000
884,1464630491.667000,1464630492.412710,1464630492.414161,1464630494.990000
885,1464630491.668000,1464630492.422465,1464630492.423516,1464630494.991000
886,1464630491.668000,1464630492.352799,1464630492.353991,1464630494.992000
887,1464630491.668000,1464630492.410664,1464630492.412172,1464630494.993000
888,1464630491.668000,1464630492.409798,1464630492.410805,1464630494.993000
889,1464630491.669000,1464630492.403390,1464630492.404369,1464630494.994000
890,1464630491.669000,1464630492.428420,1464630492.429464,1464630494.995000
891,1464630491.669000,1464630492.440655,1464630492.455065,1464630494.995000
892,1464630491.669000,1464630492.424451,1464630492.437812,1464630494.997000
893,1464630491.669000,1464630492.406530,1464630492.407638,1464630494.997000
894,1464630491.669000,1464630492.351243,1464630492.352238,1464630494.998000
895,1464630491.669000,1464630492.390393,1464630492.392203,1464630494.998000
896,1464630491.670000,1464630492.412112,1464630492.413264,1464630494.999000
897,1464630491.670000,1464630492.389869,1464630492.390979,1464630495.000000
898,1464630491.670000,1464630492.376164,1464630492.377211,1464630495.000000
899,1464630491.671000,1464630492.382753,1464630492.384353,1464630495.001000
900,1464630491.671000,1464630492.443737,1464630492.444761,1464630495.001000
901,1464630491.671000,1464630492.410799,1464630492.411917,1464630495.002000
902,1464630491.671000,1464630492.407321,1464630492.408723,1464630495.003000
903,1464630491.671000,1464630492.414066,1464630492.422252,1464630495.004000
904,1464630491.671000,1464630492.311588,1464630492.312624,1464630495.004000
905,1464630491.671000,1464630492.431282,1464630492.434481,1464630495.005000
906,1464630491.671000,1464630492.388013,1464630492.389057,1464630495.006000
907,1464630491.672000,1464630492.402623,1464630492.403637,1464630495.007000
908,1464630491.672000,1464630492.377575,1464630492.378778,1464630495.008000
909,1464630491.672000,1464630492.389901,1464630492.390942,1464630495.009000
910,1464630491.672000,1464630492.405686,1464630492.406671,1464630495.009000
911,1464630491.672000,1464630492.350307,1464630492.351712,1464630495.010000
912,1464630491.672000,1464630492.430965,1464630492.449451,1464630495.011000
913,1464630491.672000,1464630492.443546,1464630492.445113,1464630495.012000
914,1464630491.673000,1464630492.378396,1464630492.379399,1464630495.012000
915,1464630491.673000,1464630492.422775,1464630492.424495,1464630495.013000
916,1464630491.673000,1464630492.392959,1464630492.394095,1464630495.014000
917,1464630491.673000,1464630492.446898,1464630492.448019,1464630495.015000
918,1464630491.673000,1464630492.417461,1464630492.419061,1464630495.015000
919,1464630491.674000,1464630492.391810,1464630492.393017,1464630495.016000
920,1464630491.674000,1464630492.408008,1464630492.409275,1464630495.017000
921,1464630491.674000,1464630492.457218,1464630492.459122,1464630495.018000
922,1464630491.674000,1464630492.420902,1464630492.422034,1464630495.018000
923,1464630491.674000,1464630492.431269,1464630492.436920,1464630495.019000
924,1464630491.675000,1464630492.370361,1464630492.382912,1464630495.020000
925,1464630491.675000,1464630492.412233,1464630492.415563,1464630495.021000
926,1464630491.676000,1464630492.388040,1464630492.398686,1464630495.021000
927,1464630491.676000,1464630492.362700,1464630492.364232,1464630495.022000
928,1464630491.676000,1464630492.357133,1464630492.374627,1464630495.023000
929,1464630491.676000,1464630492.414900,1464630492.416303,1464630495.024000
930,1464630491.676000,1464630492.414592,1464630492.416374,1464630495.025000
931,1464630491.677000,1464630492.360349,1464630492.361324,1464630495.026000
932,1464630491.678000,1464630492.422683,1464630492.429067,1464630495.027000
933,1464630491.678000,1464630492.414226,1464630492.415273,1464630495.027000
934,1464630491.678000,1464630492.433079,1464630492.438455,1464630495.028000
935,1464630491.678000,1464630492.361205,1464630492.362383,1464630495.029000
936,1464630491.678000,1464630492.407010,1464630492.408096,1464630495.030000
937,1464630491.679000,1464630492.400330,1464630492.401694,1464630495.031000
938,1464630491.679000,1464630492.411615,1464630492.412712,1464630495.032000
939,1464630491.679000,1464630492.450209,1464630492.451310,1464630495.033000
940,1464630491.679000,1464630492.392597,1464630492.393621,1464630495.034000
941,1464630491.679000,1464630492.415772,1464630492.416731,1464630495.034000
942,1464630491.679000,1464630492.402541,1464630492.404159,1464630495.035000
943,1464630491.680000,1464630492.362728,1464630492.363761,1464630495.036000
944,1464630491.681000,1464630492.359213,1464630492.360180,1464630495.037000
945,1464630491.681000,1464630492.402895,1464630492.407727,1464630495.038000
946,1464630491.681000,1464630492.314770,1464630492.322489,1464630495.039000
947,1464630491.682000,1464630492.418454,1464630492.436495,1464630495.039000
948,1464630491.682000,1464630492.347195,1464630492.348161,1464630495.040000
949,1464630491.683000,1464630492.411502,1464630492.412731,1464630495.040000
950,1464630491.683000,1464630492.435307,1464630492.436446,1464630495.041000
951,1464630491.683000,1464630492.358471,1464630492.359488,1464630495.042000
952,1464630491.683000,1464630492.410749,1464630492.429507,1464630495.042000
953,1464630491.683000,1464630492.400098,1464630492.402867,1464630495.043000
954,1464630491.684000,1464630492.379708,1464630492.382038,1464630495.044000
955,1464630491.684000,1464630492.365778,1464630492.366778,1464630495.044000
956,1464630491.684000,1464630492.408726,1464630492.412219,1464630495.045000
957,1464630491.684000,1464630492.416918,1464630492.417983,1464630495.046000
958,1464630491.684000,1464630492.373690,1464630492.374985,1464630495.046000
959,1464630491.684000,1464630492.329375,1464630492.330395,1464630495.047000
960,1464630491.684000,1464630492.425696,1464630492.437813,1464630495.047000
961,1464630491.685000,1464630492.347352,1464630492.348453,1464630495.048000
962,1464630491.685000,1464630492.350781,1464630492.351861,1464630495.049000
963,1464630491.685000,1464630492.404009,1464630492.405077,1464630495.050000
964,1464630491.685000,1464630492.373292,1464630492.374738,1464630495.050000
965,1464630491.685000,1464630492.416972,1464630492.417971,1464630495.051000
966,1464630491.685000,1464630492.373921,1464630492.375001,1464630495.052000
967,1464630491.686000,1464630492.369691,1464630492.370740,1464630495.052000
968,1464630491.686000,1464630492.432896,1464630492.449414,1464630495.053000
969,1464630491.686000,1464630492.395951,1464630492.397290,1464630495.054000
970,1464630491.686000,1464630492.393057,1464630492.394906,1464630495.055000
971,1464630491.686000,1464630492.371082,1464630492.376507,1464630495.055000
972,1464630491.686000,1464630492.392527,1464630492.393977,1464630495.056000
973,1464630491.686000,1464630492.411151,1464630492.412135,1464630495.057000
974,1464630491.687000,1464630492.414174,1464630492.416130,1464630495.058000
975,1464630491.687000,1464630492.398976,1464630492.401349,1464630495.059000
976,1464630491.687000,1464630492.341925,1464630492.343048,1464630495.059000
977,1464630491.687000,1464630492.334562,1464630492.352629,1464630495.060000
978,1464630491.687000,1464630492.400347,1464630492.401509,1464630495.061000
979,1464630491.687000,1464630492.393702,1464630492.394669,1464630495.062000
980,1464630491.687000,1464630492.355919,1464630492.358626,1464630495.062000
981,1464630491.688000,1464630492.422976,1464630492.424309,1464630495.063000
982,1464630491.688000,1464630492.357318,1464630492.367917,1464630495.064000
983,1464630491.688000,1464630492.395425,1464630492.396621,1464630495.065000
984,1464630491.688000,1464630492.394123,1464630492.395261,1464630495.066000
985,1464630491.689000,1464630492.422776,1464630492.423945,1464630495.066000
986,1464630491.689000,1464630492.409939,1464630492.412417,1464630495.067000
987,1464630491.689000,1464630492.358434,1464630492.359498,1464630495.068000
988,1464630491.689000,1464630492.410970,1464630492.412337,1464630495.069000
989,1464630491.689000,1464630492.435815,1464630492.437200,1464630495.069000
990,1464630491.689000,1464630492.426054,1464630492.427190,1464630495.070000
991,1464630491.689000,1464630492.402307,1464630492.403417,1464630495.071000
992,1464630491.690000,1464630492.338756,1464630492.339962,1464630495.072000
993,1464630491.690000,1464630492.422346,1464630492.423317,1464630495.072000
994,1464630491.690000,1464630492.380994,1464630492.382019,1464630495.073000
995,1464630491.690000,1464630492.457584,1464630492.468881,1464630495.074000
996,1464630491.690000,1464630492.427118,1464630492.428218,1464630495.075000
997,1464630491.690000,1464630492.333345,1464630492.334386,1464630495.076000
998,1464630491.690000,1464630492.432314,1464630492.433491,1464630495.077000
999,1464630491.691000,1464630492.435050,1464630492.438892,1464630495.078000
