0,1464661370.056000,1464661370.793196,1464661370.795133,1464661370.871000
1,1464661370.056000,1464661370.709668,1464661370.710715,1464661370.872000
2,1464661370.056000,1464661370.718968,1464661370.719999,1464661370.872000
3,1464661370.056000,1464661370.779917,1464661370.781058,1464661370.873000
4,1464661370.056000,1464661370.729503,1464661370.730863,1464661370.874000
5,1464661370.056000,1464661370.755925,1464661370.756903,1464661370.874000
6,1464661370.056000,1464661370.675754,1464661370.677150,1464661370.875000
7,1464661370.056000,1464661370.693581,1464661370.694579,1464661370.875000
8,1464661370.056000,1464661370.738095,1464661370.739185,1464661370.876000
9,1464661370.056000,1464661370.718704,1464661370.720249,1464661370.876000
10,1464661370.056000,0.000000,0.000000,0.000000
11,1464661370.057000,1464661370.756030,1464661370.756981,1464661370.878000
12,1464661370.057000,1464661370.749030,1464661370.755594,1464661370.878000
13,1464661370.057000,1464661370.700917,1464661370.702255,1464661370.879000
14,1464661370.057000,1464661370.757340,1464661370.763161,1464661370.879000
15,1464661370.057000,1464661370.676002,1464661370.677362,1464661370.880000
16,1464661370.057000,1464661370.738068,1464661370.739429,1464661370.880000
17,1464661370.057000,1464661370.707805,1464661370.709098,1464661370.881000
18,1464661370.057000,1464661370.703920,1464661370.705379,1464661370.882000
19,1464661370.057000,1464661370.679222,1464661370.686148,1464661370.882000
20,1464661370.057000,1464661370.767943,1464661370.769026,1464661370.883000
21,1464661370.057000,1464661370.730981,1464661370.742799,1464661370.883000
22,1464661370.057000,1464661370.768937,1464661370.789851,1464661370.884000
23,1464661370.057000,1464661370.695116,1464661370.696612,1464661370.885000
24,1464661370.058000,1464661370.799520,1464661370.800876,1464661370.885000
25,1464661370.058000,1464661370.764898,1464661370.765856,1464661370.886000
26,1464661370.058000,1464661370.775138,1464661370.776227,1464661370.886000
27,1464661370.058000,1464661370.713871,1464661370.714964,1464661370.887000
28,1464661370.058000,1464661370.728490,1464661370.730266,1464661370.889000
29,1464661370.059000,1464661370.723923,1464661370.725064,1464661370.896000
30,1464661370.059000,1464661370.675103,1464661370.676473,1464661370.896000
31,1464661370.059000,1464661370.683995,1464661370.685104,1464661370.897000
32,1464661370.059000,1464661370.683371,1464661370.684735,1464661370.897000
33,1464661370.059000,1464661370.674299,1464661370.707235,1464661370.898000
34,1464661370.059000,1464661370.792532,1464661370.806098,1464661370.899000
35,1464661370.060000,1464661370.743809,1464661370.745090,1464661370.900000
36,1464661370.061000,1464661370.766128,1464661370.767197,1464661370.901000
37,1464661370.061000,1464661370.735767,1464661370.737275,1464661370.901000
38,1464661370.062000,0.000000,0.000000,0.000000
39,1464661370.063000,1464661370.773975,1464661370.775013,1464661370.903000
40,1464661370.063000,1464661370.726972,1464661370.728419,1464661370.903000
41,1464661370.063000,1464661370.729152,1464661370.730141,1464661370.904000
42,1464661370.063000,1464661370.696972,1464661370.697929,1464661370.905000
43,1464661370.063000,0.000000,0.000000,0.000000
44,1464661370.063000,1464661370.796966,1464661370.807107,1464661370.906000
45,1464661370.063000,1464661370.794532,1464661370.815143,1464661370.907000
46,1464661370.063000,1464661370.748249,1464661370.749590,1464661370.908000
47,1464661370.063000,1464661370.720278,1464661370.721316,1464661370.917000
48,1464661370.063000,1464661370.711104,1464661370.712136,1464661370.917000
49,1464661370.063000,1464661370.731753,1464661370.732795,1464661370.918000
50,1464661370.063000,1464661370.775538,1464661370.776678,1464661370.919000
51,1464661370.063000,1464661370.710778,1464661370.727625,1464661370.919000
52,1464661370.063000,1464661370.745445,1464661370.746597,1464661370.920000
53,1464661370.063000,1464661370.814770,1464661370.816303,1464661370.921000
54,1464661370.064000,0.000000,0.000000,0.000000
55,1464661370.064000,0.000000,0.000000,0.000000
56,1464661370.067000,1464661370.717023,1464661370.717991,1464661370.923000
57,1464661370.067000,1464661370.680673,1464661370.682018,1464661370.924000
58,1464661370.070000,1464661370.764410,1464661370.765517,1464661370.924000
59,1464661370.072000,1464661370.719772,1464661370.720904,1464661370.925000
60,1464661370.072000,0.000000,0.000000,0.000000
61,1464661370.072000,1464661370.701559,1464661370.702701,1464661370.926000
62,1464661370.072000,1464661370.837771,1464661370.839394,1464661370.926000
63,1464661370.072000,0.000000,0.000000,0.000000
64,1464661370.072000,0.000000,0.000000,0.000000
65,1464661370.072000,1464661370.667314,1464661370.668852,1464661370.928000
66,1464661370.072000,1464661370.730810,1464661370.731905,1464661370.929000
67,1464661370.072000,1464661370.742660,1464661370.743788,1464661370.929000
68,1464661370.072000,1464661370.805226,1464661370.806893,1464661370.930000
69,1464661370.072000,1464661370.727948,1464661370.747484,1464661370.930000
70,1464661370.072000,1464661370.755064,1464661370.756037,1464661370.931000
71,1464661370.072000,0.000000,0.000000,0.000000
72,1464661370.072000,1464661370.770642,1464661370.771780,1464661370.935000
73,1464661370.072000,0.000000,0.000000,0.000000
74,1464661370.073000,0.000000,0.000000,0.000000
75,1464661370.073000,1464661370.772165,1464661370.773126,1464661370.939000
76,1464661370.073000,1464661370.702530,1464661370.704004,1464661370.939000
77,1464661370.073000,1464661370.845959,1464661370.847087,1464661370.940000
78,1464661370.073000,1464661370.699049,1464661370.700224,1464661370.940000
79,1464661370.073000,1464661370.748862,1464661370.749865,1464661370.941000
80,1464661370.073000,0.000000,0.000000,0.000000
81,1464661370.073000,1464661370.809936,1464661370.811018,1464661370.942000
82,1464661370.073000,1464661370.749703,1464661370.750637,1464661370.943000
83,1464661370.073000,1464661370.747930,1464661370.758911,1464661370.943000
84,1464661370.073000,0.000000,0.000000,0.000000
85,1464661370.073000,1464661370.726564,1464661370.728025,1464661370.944000
86,1464661370.073000,1464661370.730714,1464661370.731844,1464661370.945000
87,1464661370.073000,1464661370.730730,1464661370.731782,1464661370.946000
88,1464661370.073000,0.000000,0.000000,0.000000
89,1464661370.073000,1464661370.773087,1464661370.774224,1464661370.947000
90,1464661370.073000,1464661370.825888,1464661370.842858,1464661370.947000
91,1464661370.074000,1464661370.710599,1464661370.711907,1464661370.948000
92,1464661370.073000,1464661370.752002,1464661370.753050,1464661370.949000
93,1464661370.073000,1464661370.777274,1464661370.778640,1464661370.949000
94,1464661370.074000,0.000000,0.000000,0.000000
95,1464661370.073000,0.000000,0.000000,0.000000
96,1464661370.074000,1464661370.775657,1464661370.786496,1464661370.951000
97,1464661370.077000,0.000000,0.000000,0.000000
98,1464661370.081000,1464661370.778323,1464661370.799388,1464661370.953000
99,1464661370.081000,1464661370.771295,1464661370.772313,1464661370.954000
100,1464661370.081000,1464661370.784337,1464661370.798640,1464661370.954000
101,1464661370.081000,0.000000,0.000000,0.000000
102,1464661370.082000,1464661370.797149,1464661370.812928,1464661370.956000
103,1464661370.082000,1464661370.783099,1464661370.790227,1464661370.956000
104,1464661370.082000,0.000000,0.000000,0.000000
105,1464661370.082000,1464661370.746057,1464661370.750834,1464661370.958000
106,1464661370.083000,1464661370.813139,1464661370.815100,1464661370.959000
107,1464661370.083000,1464661370.680555,1464661370.681950,1464661370.959000
108,1464661370.083000,0.000000,0.000000,0.000000
109,1464661370.083000,1464661370.779310,1464661370.780622,1464661370.961000
110,1464661370.083000,0.000000,0.000000,0.000000
111,1464661370.083000,1464661370.758426,1464661370.759515,1464661370.963000
112,1464661370.083000,0.000000,0.000000,0.000000
113,1464661370.083000,1464661370.838865,1464661370.839869,1464661370.964000
114,1464661370.083000,0.000000,0.000000,0.000000
115,1464661370.083000,0.000000,0.000000,0.000000
116,1464661370.083000,1464661370.822065,1464661370.823382,1464661370.966000
117,1464661370.083000,1464661370.746146,1464661370.751288,1464661370.967000
118,1464661370.083000,0.000000,0.000000,0.000000
119,1464661370.083000,1464661370.738558,1464661370.751288,1464661370.968000
120,1464661370.083000,0.000000,0.000000,0.000000
121,1464661370.084000,0.000000,0.000000,0.000000
122,1464661370.084000,0.000000,0.000000,0.000000
123,1464661370.084000,1464661370.718860,1464661370.720026,1464661370.970000
124,1464661370.085000,1464661370.814506,1464661370.815944,1464661370.973000
125,1464661370.085000,1464661370.759188,1464661370.760231,1464661370.974000
126,1464661370.085000,1464661370.774799,1464661370.787037,1464661370.974000
127,1464661370.085000,1464661370.783489,1464661370.784476,1464661370.975000
128,1464661370.085000,0.000000,0.000000,0.000000
129,1464661370.085000,0.000000,0.000000,0.000000
130,1464661370.085000,0.000000,0.000000,0.000000
131,1464661370.085000,1464661370.780197,1464661370.783384,1464661370.977000
132,1464661370.085000,1464661370.782196,1464661370.783168,1464661370.978000
133,1464661370.086000,1464661370.771989,1464661370.790420,1464661370.978000
134,1464661370.086000,1464661370.740662,1464661370.749407,1464661370.979000
135,1464661370.086000,1464661370.776932,1464661370.781010,1464661370.980000
136,1464661370.086000,0.000000,0.000000,0.000000
137,1464661370.087000,1464661370.753046,1464661370.754073,1464661370.981000
138,1464661370.087000,0.000000,0.000000,0.000000
139,1464661370.087000,1464661370.763569,1464661370.764573,1464661370.982000
140,1464661370.087000,0.000000,0.000000,0.000000
141,1464661370.087000,1464661370.731466,1464661370.732941,1464661370.983000
142,1464661370.087000,1464661370.791450,1464661370.799501,1464661370.984000
143,1464661370.087000,0.000000,0.000000,0.000000
144,1464661370.087000,0.000000,0.000000,0.000000
145,1464661370.087000,1464661370.803014,1464661370.821436,1464661370.990000
146,1464661370.087000,0.000000,0.000000,0.000000
147,1464661370.087000,1464661370.687607,1464661370.688625,1464661370.991000
148,1464661370.087000,1464661370.771269,1464661370.772318,1464661370.992000
149,1464661370.087000,1464661370.775944,1464661370.779887,1464661370.992000
150,1464661370.088000,1464661370.785819,1464661370.799597,1464661370.993000
151,1464661370.088000,1464661370.788330,1464661370.789457,1464661370.994000
152,1464661370.088000,0.000000,0.000000,0.000000
153,1464661370.088000,1464661370.800824,1464661370.801795,1464661370.995000
154,1464661370.088000,0.000000,0.000000,0.000000
155,1464661370.088000,1464661370.733922,1464661370.735173,1464661370.996000
156,1464661370.089000,1464661370.796927,1464661370.799375,1464661370.997000
157,1464661370.090000,0.000000,0.000000,0.000000
158,1464661370.090000,1464661370.819325,1464661370.828488,1464661370.998000
159,1464661370.090000,0.000000,0.000000,0.000000
160,1464661370.090000,1464661370.802360,1464661370.807697,1464661371.000000
161,1464661370.090000,0.000000,0.000000,0.000000
162,1464661370.090000,1464661370.758014,1464661370.759115,1464661371.001000
163,1464661370.090000,1464661370.768470,1464661370.769642,1464661371.002000
164,1464661370.090000,1464661370.773273,1464661370.774392,1464661371.003000
165,1464661370.090000,0.000000,0.000000,0.000000
166,1464661370.090000,0.000000,0.000000,0.000000
167,1464661370.090000,0.000000,0.000000,0.000000
168,1464661370.091000,1464661370.775349,1464661370.779785,1464661371.006000
169,1464661370.091000,1464661370.755584,1464661370.756850,1464661371.007000
170,1464661370.091000,1464661370.749366,1464661370.750353,1464661371.007000
171,1464661370.091000,1464661370.786687,1464661370.787787,1464661371.008000
172,1464661370.091000,0.000000,0.000000,0.000000
173,1464661370.091000,1464661370.824296,1464661370.825309,1464661371.010000
174,1464661370.091000,1464661370.727140,1464661370.731972,1464661371.010000
175,1464661370.091000,1464661370.722462,1464661370.723602,1464661371.011000
176,1464661370.091000,0.000000,0.000000,0.000000
177,1464661370.091000,1464661370.725705,1464661370.738627,1464661371.013000
178,1464661370.091000,1464661370.771052,1464661370.772076,1464661371.013000
179,1464661370.091000,1464661370.818244,1464661370.819519,1464661371.014000
180,1464661370.091000,0.000000,0.000000,0.000000
181,1464661370.091000,1464661370.739238,1464661370.740512,1464661371.015000
182,1464661370.091000,0.000000,0.000000,0.000000
183,1464661370.091000,1464661370.748926,1464661370.750202,1464661371.016000
184,1464661370.091000,1464661370.790668,1464661370.791768,1464661371.017000
185,1464661370.091000,0.000000,0.000000,0.000000
186,1464661370.092000,1464661370.682216,1464661370.683538,1464661371.018000
187,1464661370.092000,0.000000,0.000000,0.000000
188,1464661370.092000,1464661370.783471,1464661370.784602,1464661371.019000
189,1464661370.092000,1464661370.803672,1464661370.804749,1464661371.020000
190,1464661370.092000,1464661370.793097,1464661370.794208,1464661371.024000
191,1464661370.092000,0.000000,0.000000,0.000000
192,1464661370.092000,1464661370.716985,1464661370.718068,1464661371.025000
193,1464661370.092000,1464661370.830184,1464661370.831719,1464661371.026000
194,1464661370.092000,0.000000,0.000000,0.000000
195,1464661370.092000,1464661370.822184,1464661370.823178,1464661371.031000
196,1464661370.092000,1464661370.778128,1464661370.779215,1464661371.031000
197,1464661370.092000,1464661370.752171,1464661370.753223,1464661371.032000
198,1464661370.092000,0.000000,0.000000,0.000000
199,1464661370.092000,1464661370.754567,1464661370.755639,1464661371.033000
200,1464661370.092000,1464661370.763464,1464661370.764443,1464661371.034000
201,1464661370.092000,1464661370.778972,1464661370.779996,1464661371.034000
202,1464661370.092000,1464661370.746813,1464661370.750249,1464661371.035000
203,1464661370.092000,1464661370.784423,1464661370.787515,1464661371.036000
204,1464661370.092000,1464661370.774635,1464661370.775648,1464661371.036000
205,1464661370.092000,1464661370.788544,1464661370.789667,1464661371.037000
206,1464661370.092000,0.000000,0.000000,0.000000
207,1464661370.092000,1464661370.706604,1464661370.719615,1464661371.038000
208,1464661370.092000,1464661370.793274,1464661370.795283,1464661371.038000
209,1464661370.092000,1464661370.830601,1464661370.832011,1464661371.039000
210,1464661370.092000,1464661370.811553,1464661370.812773,1464661371.040000
211,1464661370.092000,1464661370.741900,1464661370.743004,1464661371.040000
212,1464661370.092000,1464661370.775328,1464661370.776417,1464661371.041000
213,1464661370.092000,1464661370.813561,1464661370.814901,1464661371.041000
214,1464661370.093000,1464661370.809865,1464661370.832028,1464661371.042000
215,1464661370.092000,1464661370.796758,1464661370.808970,1464661371.043000
216,1464661370.092000,1464661370.726684,1464661370.731972,1464661371.043000
217,1464661370.092000,0.000000,0.000000,0.000000
218,1464661370.092000,1464661370.828980,1464661370.832427,1464661371.045000
219,1464661370.093000,0.000000,0.000000,0.000000
220,1464661370.093000,1464661370.800066,1464661370.801133,1464661371.046000
221,1464661370.093000,1464661370.820881,1464661370.822701,1464661371.047000
222,1464661370.093000,1464661370.810538,1464661370.811550,1464661371.048000
223,1464661370.093000,1464661370.767943,1464661370.769253,1464661371.048000
224,1464661370.093000,1464661370.736076,1464661370.737155,1464661371.049000
225,1464661370.093000,1464661370.807249,1464661370.821067,1464661371.050000
226,1464661370.093000,1464661370.777337,1464661370.778311,1464661371.051000
227,1464661370.093000,1464661370.769973,1464661370.770973,1464661371.051000
228,1464661370.093000,0.000000,0.000000,0.000000
229,1464661370.093000,0.000000,0.000000,0.000000
230,1464661370.093000,1464661370.783399,1464661370.784526,1464661371.054000
231,1464661370.093000,1464661370.752213,1464661370.753194,1464661371.054000
232,1464661370.093000,1464661370.819452,1464661370.820540,1464661371.055000
233,1464661370.093000,1464661370.711860,1464661370.712945,1464661371.056000
234,1464661370.093000,1464661370.819198,1464661370.821743,1464661371.057000
235,1464661370.093000,0.000000,0.000000,0.000000
236,1464661370.093000,0.000000,0.000000,0.000000
237,1464661370.093000,1464661370.797272,1464661370.813176,1464661371.059000
238,1464661370.093000,1464661370.822676,1464661370.834738,1464661371.060000
239,1464661370.093000,1464661370.773176,1464661370.774706,1464661371.060000
240,1464661370.093000,1464661370.814640,1464661370.815697,1464661371.061000
241,1464661370.093000,1464661370.774771,1464661370.775904,1464661371.061000
242,1464661370.093000,1464661370.801702,1464661370.803130,1464661371.062000
243,1464661370.093000,1464661370.796389,1464661370.798244,1464661371.062000
244,1464661370.093000,1464661370.792343,1464661370.794868,1464661371.063000
245,1464661370.093000,1464661370.799004,1464661370.800517,1464661371.063000
246,1464661370.093000,1464661370.771930,1464661370.772900,1464661371.064000
247,1464661370.093000,0.000000,0.000000,0.000000
248,1464661370.093000,1464661370.769935,1464661370.770970,1464661371.065000
249,1464661370.093000,1464661370.761435,1464661370.762431,1464661371.066000
250,1464661370.093000,1464661370.802499,1464661370.803517,1464661371.066000
251,1464661370.093000,1464661370.841860,1464661370.860243,1464661371.067000
252,1464661370.093000,1464661370.779184,1464661370.781233,1464661371.068000
253,1464661370.094000,1464661370.724925,1464661370.728889,1464661371.075000
254,1464661370.094000,1464661370.788824,1464661370.790024,1464661371.077000
255,1464661370.094000,1464661370.827176,1464661370.828240,1464661371.077000
256,1464661370.094000,1464661370.742987,1464661370.743932,1464661371.078000
257,1464661370.094000,0.000000,0.000000,0.000000
258,1464661370.094000,0.000000,0.000000,0.000000
259,1464661370.094000,1464661370.771792,1464661370.772879,1464661371.080000
260,1464661370.094000,1464661370.812581,1464661370.813596,1464661371.080000
261,1464661370.094000,1464661370.777623,1464661370.780067,1464661371.081000
262,1464661370.094000,1464661370.787591,1464661370.788835,1464661371.082000
263,1464661370.094000,1464661370.780460,1464661370.782584,1464661371.082000
264,1464661370.094000,1464661370.791536,1464661370.793195,1464661371.083000
265,1464661370.094000,1464661370.810346,1464661370.811316,1464661371.084000
266,1464661370.094000,1464661370.703927,1464661370.704892,1464661371.084000
267,1464661370.094000,1464661370.741146,1464661370.742120,1464661371.085000
268,1464661370.094000,1464661370.785382,1464661370.786582,1464661371.085000
269,1464661370.094000,1464661370.773532,1464661370.774741,1464661371.086000
270,1464661370.094000,1464661370.754068,1464661370.755041,1464661371.087000
271,1464661370.094000,1464661370.765350,1464661370.766446,1464661371.087000
272,1464661370.094000,1464661370.689726,1464661370.690814,1464661371.088000
273,1464661370.094000,1464661370.810199,1464661370.811421,1464661371.089000
274,1464661370.094000,1464661370.757187,1464661370.758237,1464661371.089000
275,1464661370.094000,1464661370.754806,1464661370.755943,1464661371.090000
276,1464661370.094000,1464661370.818075,1464661370.819223,1464661371.091000
277,1464661370.094000,1464661370.815275,1464661370.816409,1464661371.092000
278,1464661370.094000,1464661370.717915,1464661370.719141,1464661371.092000
279,1464661370.094000,1464661370.777013,1464661370.795907,1464661371.093000
280,1464661370.094000,1464661370.736138,1464661370.737060,1464661371.094000
281,1464661370.094000,0.000000,0.000000,0.000000
282,1464661370.094000,1464661370.740671,1464661370.741646,1464661371.095000
283,1464661370.094000,1464661370.780188,1464661370.781675,1464661371.096000
284,1464661370.094000,1464661370.811528,1464661370.812758,1464661371.097000
285,1464661370.094000,1464661370.732737,1464661370.734258,1464661371.098000
286,1464661370.095000,1464661370.757938,1464661370.759152,1464661371.098000
287,1464661370.095000,0.000000,0.000000,0.000000
288,1464661370.095000,0.000000,0.000000,0.000000
289,1464661370.095000,1464661370.754818,1464661370.778924,1464661371.103000
290,1464661370.095000,0.000000,0.000000,0.000000
291,1464661370.095000,1464661370.723904,1464661370.739156,1464661371.104000
292,1464661370.095000,1464661370.801651,1464661370.802680,1464661371.105000
293,1464661370.095000,1464661370.744832,1464661370.748525,1464661371.106000
294,1464661370.095000,1464661370.753714,1464661370.754694,1464661371.107000
295,1464661370.095000,1464661370.804394,1464661370.805584,1464661371.107000
296,1464661370.095000,0.000000,0.000000,0.000000
297,1464661370.095000,0.000000,0.000000,0.000000
298,1464661370.095000,0.000000,0.000000,0.000000
299,1464661370.095000,1464661370.823090,1464661370.824504,1464661371.110000
300,1464661370.095000,1464661370.709684,1464661370.710720,1464661371.110000
301,1464661370.097000,1464661370.710449,1464661370.711692,1464661371.111000
302,1464661370.098000,1464661370.821639,1464661370.832297,1464661371.112000
303,1464661370.101000,1464661370.831109,1464661370.847067,1464661371.112000
304,1464661370.108000,1464661370.800961,1464661370.810258,1464661371.113000
305,1464661370.119000,1464661370.821052,1464661370.822061,1464661371.115000
306,1464661370.124000,1464661370.785046,1464661370.805656,1464661371.116000
307,1464661370.125000,0.000000,0.000000,0.000000
308,1464661370.126000,1464661370.758679,1464661370.760544,1464661371.120000
309,1464661370.126000,1464661370.794152,1464661370.795191,1464661371.120000
310,1464661370.126000,1464661370.757365,1464661370.762778,1464661371.121000
311,1464661370.126000,1464661370.832965,1464661370.836484,1464661371.122000
312,1464661370.126000,1464661370.778648,1464661370.781434,1464661371.123000
313,1464661370.126000,1464661370.745324,1464661370.750750,1464661371.123000
314,1464661370.126000,1464661370.809032,1464661370.810446,1464661371.124000
315,1464661370.126000,0.000000,0.000000,0.000000
316,1464661370.126000,0.000000,0.000000,0.000000
317,1464661370.127000,0.000000,0.000000,0.000000
318,1464661370.127000,1464661370.814374,1464661370.819364,1464661371.126000
319,1464661370.127000,1464661370.817214,1464661370.818506,1464661371.127000
320,1464661370.127000,1464661370.734926,1464661370.738539,1464661371.128000
321,1464661370.127000,1464661370.801987,1464661370.805960,1464661371.129000
322,1464661370.127000,1464661370.720196,1464661370.728176,1464661371.130000
323,1464661370.127000,1464661370.783653,1464661370.785133,1464661371.130000
324,1464661370.128000,1464661370.842368,1464661370.858243,1464661371.131000
325,1464661370.128000,1464661370.816756,1464661370.817888,1464661371.132000
326,1464661370.128000,1464661370.775116,1464661370.789857,1464661371.132000
327,1464661370.129000,1464661370.805425,1464661370.807934,1464661371.133000
328,1464661370.129000,1464661370.791108,1464661370.794332,1464661371.134000
329,1464661370.129000,1464661370.820505,1464661370.821946,1464661371.135000
330,1464661370.129000,1464661370.740990,1464661370.760058,1464661371.135000
331,1464661370.129000,1464661370.818008,1464661370.819359,1464661371.136000
332,1464661370.129000,1464661370.736094,1464661370.737132,1464661371.137000
333,1464661370.129000,1464661370.792142,1464661370.814206,1464661371.138000
334,1464661370.129000,1464661370.814141,1464661370.816770,1464661371.140000
335,1464661370.129000,1464661370.841062,1464661370.850812,1464661371.141000
336,1464661370.129000,1464661370.810670,1464661370.820871,1464661371.141000
337,1464661370.129000,1464661370.829434,1464661370.830710,1464661371.142000
338,1464661370.130000,1464661370.749507,1464661370.750531,1464661371.143000
339,1464661370.130000,1464661370.779872,1464661370.781132,1464661371.144000
340,1464661370.130000,1464661370.788030,1464661370.788989,1464661371.148000
341,1464661370.130000,1464661370.785010,1464661370.786673,1464661371.149000
342,1464661370.130000,1464661370.736074,1464661370.737212,1464661371.150000
343,1464661370.130000,1464661370.824209,1464661370.844797,1464661371.150000
344,1464661370.130000,1464661370.807134,1464661370.816941,1464661371.151000
345,1464661370.131000,1464661370.794034,1464661370.795051,1464661371.152000
346,1464661370.131000,1464661370.788729,1464661370.789912,1464661371.153000
347,1464661370.131000,1464661370.780009,1464661370.796319,1464661371.153000
348,1464661370.131000,1464661370.755616,1464661370.758625,1464661371.154000
349,1464661370.131000,1464661370.815848,1464661370.816947,1464661371.155000
350,1464661370.131000,1464661370.796549,1464661370.813616,1464661371.155000
351,1464661370.132000,1464661370.818514,1464661370.823487,1464661371.156000
352,1464661370.132000,1464661370.813523,1464661370.814695,1464661371.157000
353,1464661370.132000,1464661370.813024,1464661370.814196,1464661371.158000
354,1464661370.132000,1464661370.785349,1464661370.786434,1464661371.160000
355,1464661370.133000,1464661370.796578,1464661370.797557,1464661371.160000
356,1464661370.133000,1464661370.804594,1464661370.805597,1464661371.161000
357,1464661370.133000,1464661370.837345,1464661370.838603,1464661371.161000
358,1464661370.133000,1464661370.811967,1464661370.813354,1464661371.162000
359,1464661370.133000,1464661370.813978,1464661370.815188,1464661371.162000
360,1464661370.133000,1464661370.821264,1464661370.822262,1464661371.163000
361,1464661370.133000,1464661370.828537,1464661370.829864,1464661371.164000
362,1464661370.133000,1464661370.820801,1464661370.840145,1464661371.164000
363,1464661370.133000,1464661370.768535,1464661370.769865,1464661371.165000
364,1464661370.133000,1464661370.784598,1464661370.799596,1464661371.165000
365,1464661370.133000,1464661370.785934,1464661370.786880,1464661371.166000
366,1464661370.133000,1464661370.795934,1464661370.813003,1464661371.167000
367,1464661370.134000,1464661370.764890,1464661370.765940,1464661371.167000
368,1464661370.134000,1464661370.835886,1464661370.837025,1464661371.168000
369,1464661370.134000,1464661370.800415,1464661370.801438,1464661371.169000
370,1464661370.134000,1464661370.825775,1464661370.827303,1464661371.169000
371,1464661370.134000,1464661370.830379,1464661370.836309,1464661371.170000
372,1464661370.134000,1464661370.797709,1464661370.798967,1464661371.171000
373,1464661370.134000,1464661370.791931,1464661370.793003,1464661371.171000
374,1464661370.135000,1464661370.799155,1464661370.800306,1464661371.172000
375,1464661370.135000,1464661370.792191,1464661370.793635,1464661371.172000
376,1464661370.135000,1464661370.872969,1464661370.874052,1464661371.173000
377,1464661370.135000,1464661370.813371,1464661370.830300,1464661371.174000
378,1464661370.135000,1464661370.830676,1464661370.834079,1464661371.174000
379,1464661370.135000,1464661370.840134,1464661370.847682,1464661371.176000
380,1464661370.135000,1464661370.781729,1464661370.790649,1464661371.177000
381,1464661370.135000,1464661370.810511,1464661370.811438,1464661371.178000
382,1464661370.136000,1464661370.831785,1464661370.848884,1464661371.178000
383,1464661370.136000,1464661370.763326,1464661370.764280,1464661371.179000
384,1464661370.136000,1464661370.824891,1464661370.825880,1464661371.180000
385,1464661370.136000,1464661370.811755,1464661370.822885,1464661371.181000
386,1464661370.136000,1464661370.758478,1464661370.759905,1464661371.181000
387,1464661370.136000,1464661370.826153,1464661370.853487,1464661371.182000
388,1464661370.136000,1464661370.820530,1464661370.835746,1464661371.183000
389,1464661370.137000,1464661370.830222,1464661370.848047,1464661371.183000
390,1464661370.137000,1464661370.796297,1464661370.799325,1464661371.184000
391,1464661370.137000,1464661370.757053,1464661370.758082,1464661371.185000
392,1464661370.137000,1464661370.787004,1464661370.788788,1464661371.186000
393,1464661370.137000,1464661370.827440,1464661370.829018,1464661371.186000
394,1464661370.137000,1464661370.766535,1464661370.767619,1464661371.187000
395,1464661370.137000,1464661370.816005,1464661370.817164,1464661371.188000
396,1464661370.137000,1464661370.802435,1464661370.821223,1464661371.189000
397,1464661370.138000,1464661370.795470,1464661370.813192,1464661371.189000
398,1464661370.138000,1464661370.813269,1464661370.815016,1464661371.190000
399,1464661370.138000,1464661370.790789,1464661370.796667,1464661371.191000
400,1464661370.138000,1464661370.802160,1464661370.803182,1464661371.192000
401,1464661370.138000,1464661370.791189,1464661370.792298,1464661371.197000
402,1464661370.138000,1464661370.717545,1464661370.718937,1464661371.198000
403,1464661370.138000,1464661370.829517,1464661370.830778,1464661371.199000
404,1464661370.138000,1464661370.818295,1464661370.819326,1464661371.200000
405,1464661370.138000,1464661370.781037,1464661370.782116,1464661371.201000
406,1464661370.138000,1464661370.816191,1464661370.817435,1464661371.203000
407,1464661370.138000,1464661370.801867,1464661370.804913,1464661371.204000
408,1464661370.139000,1464661370.815793,1464661370.828910,1464661371.204000
409,1464661370.139000,1464661370.775233,1464661370.786602,1464661371.205000
410,1464661370.139000,1464661370.811100,1464661370.812334,1464661371.205000
411,1464661370.139000,1464661370.815317,1464661370.834928,1464661371.206000
412,1464661370.139000,1464661370.824515,1464661370.843429,1464661371.207000
413,1464661370.140000,1464661370.841668,1464661370.843110,1464661371.207000
414,1464661370.140000,1464661370.809129,1464661370.819664,1464661371.208000
415,1464661370.141000,1464661370.800361,1464661370.810819,1464661371.208000
416,1464661370.141000,1464661370.812187,1464661370.813212,1464661371.209000
417,1464661370.141000,1464661370.828595,1464661370.838822,1464661371.210000
418,1464661370.141000,1464661370.831327,1464661370.832282,1464661371.210000
419,1464661370.142000,1464661370.844446,1464661370.859113,1464661371.211000
420,1464661370.142000,1464661370.843690,1464661370.845578,1464661371.211000
421,1464661370.142000,1464661370.807504,1464661370.821376,1464661371.212000
422,1464661370.142000,1464661370.836081,1464661370.837130,1464661371.213000
423,1464661370.142000,1464661370.875765,1464661370.876745,1464661371.213000
424,1464661370.142000,1464661370.782969,1464661370.784321,1464661371.214000
425,1464661370.142000,1464661370.827665,1464661370.828795,1464661371.215000
426,1464661370.142000,1464661370.791650,1464661370.792699,1464661371.215000
427,1464661370.142000,1464661370.821955,1464661370.823239,1464661371.216000
428,1464661370.142000,1464661370.825538,1464661370.826649,1464661371.217000
429,1464661370.142000,1464661370.842419,1464661370.843434,1464661371.217000
430,1464661370.143000,1464661370.777404,1464661370.781201,1464661371.218000
431,1464661370.143000,1464661370.822184,1464661370.824726,1464661371.219000
432,1464661370.143000,1464661370.767382,1464661370.787231,1464661371.220000
433,1464661370.143000,1464661370.806482,1464661370.808465,1464661371.220000
434,1464661370.144000,1464661370.822024,1464661370.823145,1464661371.221000
435,1464661370.144000,1464661370.808257,1464661370.809273,1464661371.222000
436,1464661370.144000,1464661370.770126,1464661370.771126,1464661371.223000
437,1464661370.144000,1464661370.823648,1464661370.824619,1464661371.223000
438,1464661370.144000,1464661370.821757,1464661370.823147,1464661371.224000
439,1464661370.144000,1464661370.767673,1464661370.768704,1464661371.225000
440,1464661370.144000,1464661370.805923,1464661370.807490,1464661371.225000
441,1464661370.144000,1464661370.825753,1464661370.826697,1464661371.226000
442,1464661370.144000,1464661370.802912,1464661370.806284,1464661371.227000
443,1464661370.144000,1464661370.758752,1464661370.787563,1464661371.228000
444,1464661370.145000,1464661370.758872,1464661370.760326,1464661371.228000
445,1464661370.145000,1464661370.829964,1464661370.840636,1464661371.229000
446,1464661370.146000,1464661370.824446,1464661370.834379,1464661371.230000
447,1464661370.146000,1464661370.808353,1464661370.809556,1464661371.231000
448,1464661370.146000,1464661370.832385,1464661370.833922,1464661371.232000
449,1464661370.146000,1464661370.780813,1464661370.782202,1464661371.238000
450,1464661370.146000,1464661370.798387,1464661370.799747,1464661371.241000
451,1464661370.146000,1464661370.781615,1464661370.782567,1464661371.242000
452,1464661370.146000,1464661370.823312,1464661370.829792,1464661371.242000
453,1464661370.146000,1464661370.751292,1464661370.752347,1464661371.243000
454,1464661370.146000,1464661370.819386,1464661370.821483,1464661371.244000
455,1464661370.146000,1464661370.831213,1464661370.833883,1464661371.245000
456,1464661370.146000,1464661370.810868,1464661370.812165,1464661371.245000
457,1464661370.146000,1464661370.787212,1464661370.788446,1464661371.246000
458,1464661370.146000,1464661370.768202,1464661370.769298,1464661371.247000
459,1464661370.146000,1464661370.806100,1464661370.817423,1464661371.248000
460,1464661370.147000,1464661370.814821,1464661370.816220,1464661371.249000
461,1464661370.147000,1464661370.804030,1464661370.805496,1464661371.249000
462,1464661370.147000,1464661370.838901,1464661370.860050,1464661371.250000
463,1464661370.148000,1464661370.780368,1464661370.781882,1464661371.250000
464,1464661370.148000,1464661370.814771,1464661370.815720,1464661371.251000
465,1464661370.148000,1464661370.800679,1464661370.801643,1464661371.252000
466,1464661370.148000,1464661370.852772,1464661370.872946,1464661371.252000
467,1464661370.148000,1464661370.785869,1464661370.786956,1464661371.253000
468,1464661370.148000,1464661370.824295,1464661370.825253,1464661371.253000
469,1464661370.148000,1464661370.794603,1464661370.795858,1464661371.254000
470,1464661370.148000,1464661370.840591,1464661370.841837,1464661371.255000
471,1464661370.148000,1464661370.803265,1464661370.804345,1464661371.255000
472,1464661370.148000,1464661370.788498,1464661370.789451,1464661371.256000
473,1464661370.148000,1464661370.844313,1464661370.845968,1464661371.256000
474,1464661370.149000,1464661370.823289,1464661370.824446,1464661371.257000
475,1464661370.149000,1464661370.787062,1464661370.788195,1464661371.258000
476,1464661370.149000,1464661370.825659,1464661370.827174,1464661371.258000
477,1464661370.149000,1464661370.832676,1464661370.833818,1464661371.259000
478,1464661370.149000,1464661370.833497,1464661370.835019,1464661371.260000
479,1464661370.149000,1464661370.826208,1464661370.853292,1464661371.260000
480,1464661370.149000,1464661370.829440,1464661370.830750,1464661371.265000
481,1464661370.150000,1464661370.847901,1464661370.866981,1464661371.265000
482,1464661370.150000,1464661370.800163,1464661370.801274,1464661371.266000
483,1464661370.150000,1464661370.804527,1464661370.805489,1464661371.267000
484,1464661370.150000,1464661370.802923,1464661370.804976,1464661371.267000
485,1464661370.150000,1464661370.782868,1464661370.787330,1464661371.268000
486,1464661370.150000,1464661370.785802,1464661370.786812,1464661371.269000
487,1464661370.150000,1464661370.834294,1464661370.835459,1464661371.270000
488,1464661370.151000,1464661370.792016,1464661370.794598,1464661371.270000
489,1464661370.151000,1464661370.841702,1464661370.853803,1464661371.271000
490,1464661370.151000,1464661370.852094,1464661370.853080,1464661371.272000
491,1464661370.151000,1464661370.821803,1464661370.823058,1464661371.273000
492,1464661370.151000,1464661370.899369,1464661370.900319,1464661371.273000
493,1464661370.151000,1464661370.794191,1464661370.795394,1464661371.274000
494,1464661370.151000,1464661370.833242,1464661370.853292,1464661371.275000
495,1464661370.151000,1464661370.826494,1464661370.829851,1464661371.276000
496,1464661370.151000,1464661370.805662,1464661370.806879,1464661371.277000
497,1464661370.151000,1464661370.958046,1464661370.959033,1464661371.277000
498,1464661370.151000,1464661370.754461,1464661370.778304,1464661371.281000
499,1464661370.151000,1464661370.800818,1464661370.801918,1464661371.282000
500,1464661370.151000,1464661370.986428,1464661370.987418,1464661371.283000
501,1464661370.151000,1464661370.822175,1464661370.823505,1464661371.284000
502,1464661370.151000,1464661370.917663,1464661370.918733,1464661371.285000
503,1464661370.152000,1464661370.917585,1464661370.919642,1464661371.286000
504,1464661370.152000,1464661370.850584,1464661370.851689,1464661371.287000
505,1464661370.152000,1464661370.958399,1464661370.959407,1464661371.287000
506,1464661370.152000,1464661370.982698,1464661370.984801,1464661371.288000
507,1464661370.152000,1464661370.838396,1464661370.839616,1464661371.289000
508,1464661370.152000,1464661370.931222,1464661370.932827,1464661371.290000
509,1464661370.152000,1464661370.799891,1464661370.801859,1464661371.290000
510,1464661370.152000,1464661370.815757,1464661370.817349,1464661371.291000
511,1464661370.152000,1464661370.886283,1464661370.887365,1464661371.292000
512,1464661370.152000,1464661370.927534,1464661370.928493,1464661371.293000
513,1464661370.152000,1464661370.794196,1464661370.795238,1464661371.294000
514,1464661370.152000,1464661370.846358,1464661370.847407,1464661371.295000
515,1464661370.152000,1464661370.820125,1464661370.842576,1464661371.297000
516,1464661370.152000,1464661370.835426,1464661370.837416,1464661371.299000
517,1464661370.152000,1464661370.818745,1464661370.819877,1464661371.299000
518,1464661370.152000,1464661370.839633,1464661370.840620,1464661371.301000
519,1464661370.152000,1464661370.867734,1464661370.868767,1464661371.302000
520,1464661370.152000,1464661370.888851,1464661370.889830,1464661371.303000
521,1464661370.152000,1464661370.961270,1464661370.962589,1464661371.303000
522,1464661370.152000,1464661370.975207,1464661370.978625,1464661371.304000
523,1464661370.152000,1464661370.867175,1464661370.868234,1464661371.305000
524,1464661370.152000,1464661370.934840,1464661370.935962,1464661371.305000
525,1464661370.152000,1464661370.977356,1464661370.978394,1464661371.306000
526,1464661370.152000,1464661370.787803,1464661370.789193,1464661371.306000
527,1464661370.152000,1464661370.838127,1464661370.840156,1464661371.307000
528,1464661370.152000,1464661370.802856,1464661370.803892,1464661371.308000
529,1464661370.152000,1464661370.867466,1464661370.868444,1464661371.308000
530,1464661370.152000,1464661370.927297,1464661370.928267,1464661371.309000
531,1464661370.153000,1464661370.824993,1464661370.833944,1464661371.309000
532,1464661370.153000,1464661370.880325,1464661370.881350,1464661371.310000
533,1464661370.153000,1464661370.819001,1464661370.834182,1464661371.311000
534,1464661370.153000,1464661370.877430,1464661370.878618,1464661371.312000
535,1464661370.153000,1464661370.854002,1464661370.859929,1464661371.312000
536,1464661370.153000,1464661370.955075,1464661370.957057,1464661371.313000
537,1464661370.153000,1464661370.938523,1464661370.939581,1464661371.314000
538,1464661370.153000,1464661370.800860,1464661370.801877,1464661371.314000
539,1464661370.153000,1464661370.821428,1464661370.822828,1464661371.315000
540,1464661370.153000,1464661370.885813,1464661370.886771,1464661371.316000
541,1464661370.153000,1464661370.793932,1464661370.795057,1464661371.316000
542,1464661370.153000,1464661370.884340,1464661370.885580,1464661371.317000
543,1464661370.153000,1464661370.847826,1464661370.849270,1464661371.318000
544,1464661370.153000,1464661370.874239,1464661370.875301,1464661371.321000
545,1464661370.153000,1464661370.880712,1464661370.881722,1464661371.323000
546,1464661370.153000,1464661370.835288,1464661370.837695,1464661371.324000
547,1464661370.153000,1464661370.832596,1464661370.839739,1464661371.324000
548,1464661370.153000,1464661370.931594,1464661370.932561,1464661371.325000
549,1464661370.153000,1464661370.991992,1464661370.992994,1464661371.326000
550,1464661370.153000,1464661370.821959,1464661370.829802,1464661371.327000
551,1464661370.153000,1464661370.960537,1464661370.961568,1464661371.327000
552,1464661370.153000,1464661370.902396,1464661370.903365,1464661371.328000
553,1464661370.153000,1464661370.807691,1464661370.808932,1464661371.329000
554,1464661370.153000,1464661370.882778,1464661370.884418,1464661371.330000
555,1464661370.153000,1464661370.843470,1464661370.844586,1464661371.330000
556,1464661370.153000,1464661370.899090,1464661370.900128,1464661371.331000
557,1464661370.153000,1464661370.819212,1464661370.820246,1464661371.332000
558,1464661370.153000,1464661370.906097,1464661370.907144,1464661371.333000
559,1464661370.153000,1464661370.849344,1464661370.851473,1464661371.333000
560,1464661370.153000,1464661370.848696,1464661370.859791,1464661371.334000
561,1464661370.154000,1464661370.826669,1464661370.831226,1464661371.335000
562,1464661370.154000,1464661370.801348,1464661370.802306,1464661371.338000
563,1464661370.154000,1464661370.803292,1464661370.804683,1464661371.339000
564,1464661370.154000,1464661370.785004,1464661370.786057,1464661371.339000
565,1464661370.154000,1464661370.767360,1464661370.768455,1464661371.340000
566,1464661370.154000,1464661370.790534,1464661370.791684,1464661371.341000
567,1464661370.154000,1464661370.908334,1464661370.909305,1464661371.342000
568,1464661370.154000,1464661370.854281,1464661370.855370,1464661371.343000
569,1464661370.154000,1464661370.827457,1464661370.828413,1464661371.343000
570,1464661370.154000,1464661370.954286,1464661370.955675,1464661371.344000
571,1464661370.154000,1464661370.817649,1464661370.835955,1464661371.345000
572,1464661370.154000,1464661370.827637,1464661370.840389,1464661371.345000
573,1464661370.154000,1464661370.846981,1464661370.849619,1464661371.346000
574,1464661370.154000,1464661370.795293,1464661370.796413,1464661371.346000
575,1464661370.154000,1464661370.841636,1464661370.851662,1464661371.347000
576,1464661370.154000,1464661370.874030,1464661370.874992,1464661371.348000
577,1464661370.154000,1464661370.793333,1464661370.817045,1464661371.348000
578,1464661370.154000,1464661370.903877,1464661370.904919,1464661371.349000
579,1464661370.154000,1464661370.782262,1464661370.792031,1464661371.349000
580,1464661370.154000,1464661370.797395,1464661370.798693,1464661371.350000
581,1464661370.154000,1464661370.760480,1464661370.765058,1464661371.351000
582,1464661370.154000,1464661370.969544,1464661370.970797,1464661371.351000
583,1464661370.154000,1464661370.817015,1464661370.819586,1464661371.355000
584,1464661370.154000,1464661370.816096,1464661370.820298,1464661371.356000
585,1464661370.154000,1464661370.943736,1464661370.944776,1464661371.356000
586,1464661370.154000,1464661370.966275,1464661370.967240,1464661371.357000
587,1464661370.154000,1464661370.968476,1464661370.969791,1464661371.358000
588,1464661370.154000,1464661370.918257,1464661370.919223,1464661371.358000
589,1464661370.154000,1464661370.832985,1464661370.834414,1464661371.359000
590,1464661370.155000,1464661370.792576,1464661370.793589,1464661371.360000
591,1464661370.155000,1464661370.840307,1464661370.841501,1464661371.360000
592,1464661370.155000,1464661370.943255,1464661370.944202,1464661371.361000
593,1464661370.155000,1464661370.822665,1464661370.833656,1464661371.362000
594,1464661370.155000,1464661370.837742,1464661370.838683,1464661371.363000
595,1464661370.155000,1464661370.962281,1464661370.963235,1464661371.363000
596,1464661370.155000,1464661370.769857,1464661370.770854,1464661371.364000
597,1464661370.155000,1464661370.855107,1464661370.856358,1464661371.365000
598,1464661370.155000,1464661370.829923,1464661370.836687,1464661371.369000
599,1464661370.155000,1464661370.884417,1464661370.885383,1464661371.370000
600,1464661370.155000,1464661370.839817,1464661370.847274,1464661371.371000
601,1464661370.155000,1464661370.882924,1464661370.885013,1464661371.372000
602,1464661370.155000,1464661370.878131,1464661370.879352,1464661371.372000
603,1464661370.155000,1464661370.850868,1464661370.870382,1464661371.373000
604,1464661370.155000,1464661370.816556,1464661370.817748,1464661371.374000
605,1464661370.155000,1464661370.769119,1464661370.779190,1464661371.375000
606,1464661370.155000,1464661370.805977,1464661370.807072,1464661371.376000
607,1464661370.155000,1464661370.891949,1464661370.892950,1464661371.381000
608,1464661370.155000,1464661370.879292,1464661370.880257,1464661371.381000
609,1464661370.155000,1464661370.942300,1464661370.943262,1464661371.382000
610,1464661370.155000,1464661370.830333,1464661370.831808,1464661371.383000
611,1464661370.155000,1464661370.833773,1464661370.835019,1464661371.384000
612,1464661370.155000,1464661370.803929,1464661370.805827,1464661371.385000
613,1464661370.155000,1464661370.971357,1464661370.972462,1464661371.386000
614,1464661370.155000,1464661370.837364,1464661370.850367,1464661371.386000
615,1464661370.155000,1464661370.890230,1464661370.892968,1464661371.387000
616,1464661370.155000,1464661370.912899,1464661370.913871,1464661371.388000
617,1464661370.155000,1464661370.857952,1464661370.858919,1464661371.390000
618,1464661370.155000,1464661370.829696,1464661370.830991,1464661371.391000
619,1464661370.155000,1464661370.822361,1464661370.824743,1464661371.392000
620,1464661370.156000,1464661370.916761,1464661370.917812,1464661371.393000
621,1464661370.156000,1464661370.837729,1464661370.839074,1464661371.393000
622,1464661370.156000,1464661370.827301,1464661370.828937,1464661371.394000
623,1464661370.156000,1464661370.844157,1464661370.846204,1464661371.395000
624,1464661370.156000,1464661370.777961,1464661370.780593,1464661371.395000
625,1464661370.156000,1464661370.943832,1464661370.944779,1464661371.396000
626,1464661370.156000,1464661370.853278,1464661370.855141,1464661371.396000
627,1464661370.156000,1464661370.835576,1464661370.836698,1464661371.397000
628,1464661370.156000,1464661370.776623,1464661370.777940,1464661371.398000
629,1464661370.156000,1464661370.841099,1464661370.842215,1464661371.398000
630,1464661370.156000,1464661370.932239,1464661370.933220,1464661371.399000
631,1464661370.156000,1464661370.830077,1464661370.831608,1464661371.399000
632,1464661370.157000,1464661370.799864,1464661370.811705,1464661371.400000
633,1464661370.157000,1464661370.870153,1464661370.871177,1464661371.401000
634,1464661370.157000,1464661370.960624,1464661370.961635,1464661371.401000
635,1464661370.157000,1464661370.844848,1464661370.846810,1464661371.402000
636,1464661370.157000,1464661370.811636,1464661370.821561,1464661371.404000
637,1464661370.157000,1464661370.896098,1464661370.897054,1464661371.409000
638,1464661370.157000,1464661370.962969,1464661370.964275,1464661371.410000
639,1464661370.157000,1464661370.901493,1464661370.902586,1464661371.410000
640,1464661370.157000,1464661370.955147,1464661370.956276,1464661371.411000
641,1464661370.157000,1464661370.957819,1464661370.958900,1464661371.411000
642,1464661370.157000,1464661370.933805,1464661370.934882,1464661371.412000
643,1464661370.157000,1464661370.868231,1464661370.869383,1464661371.413000
644,1464661370.157000,1464661370.977477,1464661370.979998,1464661371.413000
645,1464661370.157000,1464661370.916570,1464661370.917770,1464661371.414000
646,1464661370.157000,1464661370.858323,1464661370.859786,1464661371.415000
647,1464661370.157000,1464661370.835187,1464661370.836547,1464661371.416000
648,1464661370.157000,1464661370.963818,1464661370.965271,1464661371.416000
649,1464661370.157000,1464661370.851421,1464661370.852431,1464661371.417000
650,1464661370.157000,1464661370.912204,1464661370.913320,1464661371.418000
651,1464661370.157000,1464661370.905271,1464661370.906295,1464661371.419000
652,1464661370.157000,1464661370.847602,1464661370.855627,1464661371.419000
653,1464661370.157000,1464661370.865036,1464661370.866088,1464661371.420000
654,1464661370.157000,1464661370.832604,1464661370.833962,1464661371.422000
655,1464661370.157000,1464661370.825329,1464661370.826363,1464661371.422000
656,1464661370.157000,1464661370.863617,1464661370.864664,1464661371.423000
657,1464661370.157000,1464661370.816168,1464661370.817332,1464661371.424000
658,1464661370.158000,1464661370.881079,1464661370.882012,1464661371.429000
659,1464661370.158000,1464661370.839730,1464661370.860950,1464661371.429000
660,1464661370.158000,1464661370.880627,1464661370.881663,1464661371.430000
661,1464661370.158000,1464661370.828781,1464661370.834654,1464661371.431000
662,1464661370.158000,1464661370.810559,1464661370.831774,1464661371.432000
663,1464661370.158000,1464661370.821251,1464661370.825054,1464661371.433000
664,1464661370.158000,1464661370.797068,1464661370.798573,1464661371.434000
665,1464661370.158000,1464661370.797289,1464661370.807085,1464661371.434000
666,1464661370.158000,1464661370.941125,1464661370.942088,1464661371.435000
667,1464661370.158000,1464661370.807398,1464661370.808620,1464661371.439000
668,1464661370.158000,1464661370.803652,1464661370.810207,1464661371.441000
669,1464661370.158000,1464661370.846833,1464661370.859556,1464661371.442000
670,1464661370.158000,1464661370.803873,1464661370.804851,1464661371.443000
671,1464661370.158000,1464661370.838798,1464661370.845873,1464661371.445000
672,1464661370.158000,1464661370.973764,1464661370.974808,1464661371.447000
673,1464661370.158000,1464661370.841350,1464661370.842388,1464661371.450000
674,1464661370.158000,1464661370.955505,1464661370.956805,1464661371.452000
675,1464661370.158000,1464661370.827161,1464661370.828584,1464661371.454000
676,1464661370.158000,1464661370.822537,1464661370.836555,1464661371.459000
677,1464661370.158000,1464661370.814077,1464661370.815236,1464661371.463000
678,1464661370.158000,1464661370.802789,1464661370.812377,1464661371.465000
679,1464661370.158000,1464661370.791819,1464661370.806507,1464661371.467000
680,1464661370.158000,1464661370.844647,1464661370.845909,1464661371.469000
681,1464661370.158000,1464661370.858310,1464661370.860335,1464661371.471000
682,1464661370.158000,1464661370.832793,1464661370.833857,1464661371.473000
683,1464661370.158000,1464661370.962858,1464661370.963952,1464661371.475000
684,1464661370.158000,1464661370.950761,1464661370.958894,1464661371.477000
685,1464661370.159000,1464661370.830693,1464661370.832154,1464661371.479000
686,1464661370.159000,1464661370.914765,1464661370.915827,1464661371.480000
687,1464661370.159000,1464661370.968592,1464661370.969789,1464661371.480000
688,1464661370.159000,1464661370.816817,1464661370.820957,1464661371.481000
689,1464661370.159000,1464661370.891079,1464661370.892043,1464661371.482000
690,1464661370.159000,1464661370.913666,1464661370.914762,1464661371.482000
691,1464661370.159000,1464661370.824723,1464661370.825908,1464661371.483000
692,1464661370.159000,1464661370.906159,1464661370.907183,1464661371.483000
693,1464661370.159000,1464661370.958005,1464661370.959123,1464661371.484000
694,1464661370.159000,1464661370.926404,1464661370.927598,1464661371.485000
695,1464661370.159000,1464661370.907957,1464661370.908959,1464661371.485000
696,1464661370.159000,1464661370.897285,1464661370.898295,1464661371.486000
697,1464661370.159000,1464661370.796042,1464661370.798057,1464661371.486000
698,1464661370.159000,1464661370.824891,1464661370.826144,1464661371.487000
699,1464661370.159000,1464661370.844465,1464661370.845511,1464661371.488000
700,1464661370.159000,1464661370.795321,1464661370.796716,1464661371.488000
701,1464661370.159000,1464661370.851983,1464661370.853060,1464661371.489000
702,1464661370.159000,1464661370.813538,1464661370.815013,1464661371.490000
703,1464661370.159000,1464661371.001563,1464661371.002577,1464661371.490000
704,1464661370.159000,1464661370.926464,1464661370.927557,1464661371.491000
705,1464661370.159000,1464661370.947197,1464661370.948191,1464661371.492000
706,1464661370.159000,1464661370.976302,1464661370.980568,1464661371.493000
707,1464661370.159000,1464661370.840875,1464661370.842005,1464661371.493000
708,1464661370.159000,1464661370.827976,1464661370.829683,1464661371.494000
709,1464661370.159000,1464661370.925664,1464661370.926659,1464661371.495000
710,1464661370.159000,1464661370.832178,1464661370.833843,1464661371.500000
711,1464661370.159000,1464661370.985841,1464661370.997677,1464661371.503000
712,1464661370.160000,1464661370.957905,1464661370.958945,1464661371.504000
713,1464661370.160000,1464661370.838362,1464661370.851112,1464661371.505000
714,1464661370.160000,1464661370.839429,1464661370.840767,1464661371.506000
715,1464661370.160000,1464661370.921372,1464661370.922505,1464661371.506000
716,1464661370.160000,1464661370.803933,1464661370.804936,1464661371.507000
717,1464661370.160000,1464661370.929861,1464661370.930846,1464661371.508000
718,1464661370.160000,1464661370.837299,1464661370.838408,1464661371.508000
719,1464661370.160000,1464661370.909409,1464661370.910359,1464661371.509000
720,1464661370.160000,1464661370.976484,1464661370.982518,1464661371.510000
721,1464661370.160000,1464661370.818737,1464661370.820563,1464661371.510000
722,1464661370.160000,1464661370.841161,1464661370.842718,1464661371.511000
723,1464661370.160000,1464661370.782853,1464661370.784280,1464661371.512000
724,1464661370.160000,1464661370.926046,1464661370.927260,1464661371.513000
725,1464661370.160000,1464661370.924544,1464661370.925883,1464661371.513000
726,1464661370.160000,1464661370.843433,1464661370.853993,1464661371.514000
727,1464661370.160000,1464661370.977479,1464661370.978551,1464661371.515000
728,1464661370.160000,1464661370.772676,1464661370.790136,1464661371.516000
729,1464661370.160000,1464661370.847335,1464661370.848535,1464661371.516000
730,1464661370.160000,1464661370.848924,1464661370.849895,1464661371.517000
731,1464661370.160000,1464661370.915074,1464661370.916053,1464661371.517000
732,1464661370.160000,1464661370.854992,1464661370.855942,1464661371.518000
733,1464661370.160000,1464661370.816448,1464661370.817427,1464661371.519000
734,1464661370.160000,1464661370.896082,1464661370.897108,1464661371.519000
735,1464661370.160000,1464661370.948607,1464661370.950539,1464661371.520000
736,1464661370.160000,1464661370.857846,1464661370.877731,1464661371.520000
737,1464661370.160000,1464661370.947809,1464661370.948850,1464661371.521000
738,1464661370.160000,1464661370.910886,1464661370.912443,1464661371.521000
739,1464661370.161000,1464661370.848678,1464661370.860881,1464661371.522000
740,1464661370.161000,1464661370.929817,1464661370.930791,1464661371.523000
741,1464661370.161000,1464661370.921875,1464661370.933130,1464661371.523000
742,1464661370.161000,1464661370.827514,1464661370.828624,1464661371.524000
743,1464661370.161000,1464661370.783446,1464661370.784507,1464661371.524000
744,1464661370.161000,1464661370.917674,1464661370.919717,1464661371.525000
745,1464661370.161000,1464661370.802875,1464661370.816024,1464661371.526000
746,1464661370.161000,1464661370.812714,1464661370.814124,1464661371.526000
747,1464661370.163000,1464661370.983633,1464661370.986191,1464661371.527000
748,1464661370.165000,1464661370.930055,1464661370.931390,1464661371.527000
749,1464661370.169000,1464661370.882945,1464661370.883975,1464661371.528000
750,1464661370.190000,1464661370.831267,1464661370.832451,1464661371.529000
751,1464661370.190000,1464661370.902964,1464661370.903936,1464661371.529000
752,1464661370.211000,1464661370.975305,1464661370.976378,1464661371.530000
753,1464661370.214000,1464661370.987000,1464661370.988442,1464661371.530000
754,1464661370.214000,1464661370.981959,1464661370.983236,1464661371.531000
755,1464661370.214000,1464661370.853141,1464661370.854202,1464661371.532000
756,1464661370.214000,1464661370.840715,1464661370.841877,1464661371.533000
757,1464661370.214000,1464661370.907363,1464661370.908359,1464661371.533000
758,1464661370.215000,1464661370.914836,1464661370.916026,1464661371.534000
759,1464661370.215000,1464661370.906062,1464661370.912978,1464661371.535000
760,1464661370.215000,1464661370.878148,1464661370.879342,1464661371.535000
761,1464661370.215000,1464661370.983367,1464661370.984445,1464661371.536000
762,1464661370.215000,1464661370.920763,1464661370.921759,1464661371.537000
763,1464661370.215000,1464661370.980657,1464661370.981683,1464661371.537000
764,1464661370.215000,1464661370.972404,1464661370.973411,1464661371.540000
765,1464661370.215000,1464661370.920324,1464661370.921435,1464661371.544000
766,1464661370.215000,1464661370.921863,1464661370.922847,1464661371.547000
767,1464661370.216000,1464661370.844746,1464661370.846374,1464661371.548000
768,1464661370.216000,1464661370.910399,1464661370.911520,1464661371.548000
769,1464661370.216000,1464661370.885099,1464661370.886060,1464661371.549000
770,1464661370.216000,1464661370.894863,1464661370.896212,1464661371.550000
771,1464661370.216000,1464661370.973480,1464661370.974828,1464661371.551000
772,1464661370.216000,1464661370.977000,1464661370.977952,1464661371.552000
773,1464661370.216000,1464661370.935292,1464661370.938978,1464661371.552000
774,1464661370.217000,1464661370.923156,1464661370.924321,1464661371.553000
775,1464661370.217000,1464661370.961942,1464661370.963058,1464661371.554000
776,1464661370.217000,1464661370.860809,1464661370.861840,1464661371.554000
777,1464661370.217000,1464661370.852901,1464661370.853904,1464661371.555000
778,1464661370.217000,1464661370.960695,1464661370.961651,1464661371.556000
779,1464661370.217000,1464661370.831094,1464661370.832923,1464661371.557000
780,1464661370.217000,1464661370.985753,1464661370.986941,1464661371.557000
781,1464661370.217000,1464661370.864715,1464661370.870330,1464661371.558000
782,1464661370.217000,1464661370.986350,1464661370.987380,1464661371.559000
783,1464661370.218000,1464661370.844168,1464661370.846356,1464661371.559000
784,1464661370.218000,1464661370.831870,1464661370.833070,1464661371.560000
785,1464661370.218000,1464661370.874971,1464661370.876025,1464661371.561000
786,1464661370.218000,1464661370.917972,1464661370.921588,1464661371.561000
787,1464661370.219000,1464661370.914066,1464661370.915121,1464661371.562000
788,1464661370.219000,1464661370.922367,1464661370.923518,1464661371.562000
789,1464661370.219000,1464661370.989399,1464661370.990604,1464661371.563000
790,1464661370.219000,1464661370.877792,1464661370.879175,1464661371.564000
791,1464661370.219000,1464661370.944822,1464661370.945757,1464661371.564000
792,1464661370.220000,1464661370.943294,1464661370.944348,1464661371.565000
793,1464661370.220000,1464661370.973435,1464661370.974428,1464661371.565000
794,1464661370.221000,1464661370.980914,1464661370.991338,1464661371.566000
795,1464661370.221000,1464661370.960166,1464661370.961193,1464661371.567000
796,1464661370.221000,1464661370.843706,1464661370.844689,1464661371.567000
797,1464661370.221000,1464661370.897029,1464661370.898123,1464661371.568000
798,1464661370.221000,1464661371.001418,1464661371.002453,1464661371.568000
799,1464661370.221000,1464661370.932835,1464661370.933803,1464661371.569000
800,1464661370.222000,1464661370.911047,1464661370.912160,1464661371.569000
801,1464661370.222000,1464661370.927341,1464661370.928536,1464661371.570000
802,1464661370.222000,1464661370.831113,1464661370.832499,1464661371.571000
803,1464661370.222000,1464661370.960593,1464661370.962211,1464661371.571000
804,1464661370.222000,1464661370.974211,1464661370.981033,1464661371.572000
805,1464661370.222000,1464661370.928947,1464661370.929919,1464661371.572000
806,1464661370.222000,1464661370.875738,1464661370.876726,1464661371.573000
807,1464661370.223000,1464661370.952485,1464661370.953554,1464661371.574000
808,1464661370.223000,1464661370.920455,1464661370.921481,1464661371.574000
809,1464661370.223000,1464661370.916487,1464661370.917447,1464661371.575000
810,1464661370.223000,1464661370.930795,1464661370.931830,1464661371.576000
811,1464661370.224000,1464661370.912546,1464661370.914017,1464661371.577000
812,1464661370.224000,1464661370.954908,1464661370.955933,1464661371.578000
813,1464661370.225000,1464661370.856250,1464661370.857310,1464661371.578000
814,1464661370.225000,1464661370.951477,1464661370.952602,1464661371.579000
815,1464661370.225000,1464661370.973862,1464661370.974895,1464661371.580000
816,1464661370.225000,1464661370.877235,1464661370.878425,1464661371.580000
817,1464661370.226000,1464661370.889725,1464661370.890811,1464661371.581000
818,1464661370.226000,1464661370.975379,1464661370.976357,1464661371.582000
819,1464661370.226000,1464661370.982644,1464661370.984244,1464661371.583000
820,1464661370.226000,1464661370.968198,1464661370.986161,1464661371.590000
821,1464661370.226000,1464661370.958720,1464661370.959730,1464661371.591000
822,1464661370.226000,1464661370.941650,1464661370.946591,1464661371.592000
823,1464661370.226000,1464661370.968829,1464661370.969861,1464661371.593000
824,1464661370.227000,1464661370.832851,1464661370.833855,1464661371.594000
825,1464661370.227000,1464661370.990037,1464661371.010306,1464661371.594000
826,1464661370.227000,1464661370.967275,1464661370.968266,1464661371.595000
827,1464661370.228000,1464661370.966860,1464661370.968000,1464661371.596000
828,1464661370.228000,1464661370.889380,1464661370.890356,1464661371.596000
829,1464661370.228000,1464661370.926843,1464661370.927851,1464661371.597000
830,1464661370.228000,1464661370.878397,1464661370.879537,1464661371.598000
831,1464661370.228000,1464661370.958708,1464661370.959890,1464661371.599000
832,1464661370.229000,1464661370.996010,1464661370.997396,1464661371.599000
833,1464661370.229000,1464661370.911763,1464661370.913083,1464661371.600000
834,1464661370.229000,1464661370.963888,1464661370.965773,1464661371.601000
835,1464661370.229000,1464661370.872289,1464661370.873504,1464661371.602000
836,1464661370.230000,1464661370.997617,1464661370.999843,1464661371.602000
837,1464661370.230000,1464661370.886777,1464661370.887773,1464661371.603000
838,1464661370.230000,1464661370.895262,1464661370.910255,1464661371.604000
839,1464661370.230000,1464661370.932183,1464661370.933493,1464661371.604000
840,1464661370.230000,1464661370.925549,1464661370.926639,1464661371.605000
841,1464661370.230000,1464661370.901553,1464661370.902627,1464661371.605000
842,1464661370.230000,1464661370.885610,1464661370.886879,1464661371.606000
843,1464661370.230000,1464661370.986750,1464661370.987746,1464661371.607000
844,1464661370.230000,1464661370.954238,1464661370.955440,1464661371.607000
845,1464661370.230000,1464661370.858191,1464661370.859180,1464661371.608000
846,1464661370.231000,1464661370.985576,1464661370.986499,1464661371.612000
847,1464661370.231000,1464661370.933719,1464661370.934674,1464661371.613000
848,1464661370.231000,1464661370.973517,1464661370.974619,1464661371.613000
849,1464661370.231000,1464661370.891426,1464661370.892406,1464661371.614000
850,1464661370.231000,1464661370.918303,1464661370.919294,1464661371.615000
851,1464661370.232000,1464661370.936349,1464661370.938122,1464661371.615000
852,1464661370.232000,1464661370.967943,1464661370.969052,1464661371.616000
853,1464661370.232000,1464661370.931753,1464661370.932928,1464661371.616000
854,1464661370.232000,1464661370.976194,1464661370.979244,1464661371.617000
855,1464661370.232000,1464661370.972575,1464661370.974961,1464661371.618000
856,1464661370.232000,1464661370.948042,1464661370.949012,1464661371.618000
857,1464661370.232000,1464661370.904050,1464661370.905240,1464661371.619000
858,1464661370.233000,1464661370.905671,1464661370.906906,1464661371.619000
859,1464661370.233000,1464661370.965049,1464661370.979090,1464661371.620000
860,1464661370.233000,1464661370.975122,1464661370.976131,1464661371.621000
861,1464661370.234000,1464661370.910886,1464661370.912172,1464661371.621000
862,1464661370.234000,1464661370.989874,1464661370.991122,1464661371.622000
863,1464661370.234000,1464661370.965165,1464661370.966890,1464661371.623000
864,1464661370.234000,1464661370.917809,1464661370.919030,1464661371.623000
865,1464661370.234000,1464661370.980601,1464661370.992928,1464661371.624000
866,1464661370.234000,1464661370.932954,1464661370.934180,1464661371.625000
867,1464661370.235000,1464661370.899216,1464661370.900344,1464661371.626000
868,1464661370.235000,1464661370.923966,1464661370.925168,1464661371.626000
869,1464661370.235000,1464661370.956185,1464661370.957131,1464661371.627000
870,1464661370.235000,1464661370.926335,1464661370.927352,1464661371.628000
871,1464661370.236000,1464661370.888821,1464661370.889790,1464661371.628000
872,1464661370.236000,1464661370.976180,1464661370.977134,1464661371.629000
873,1464661370.237000,1464661370.894226,1464661370.895205,1464661371.630000
874,1464661370.237000,1464661370.946229,1464661370.947241,1464661371.631000
875,1464661370.238000,1464661370.919111,1464661370.921515,1464661371.631000
876,1464661370.238000,1464661370.846722,1464661370.847682,1464661371.632000
877,1464661370.238000,1464661370.953694,1464661370.954712,1464661371.634000
878,1464661370.238000,1464661370.963713,1464661370.964740,1464661371.636000
879,1464661370.238000,1464661370.971467,1464661370.972738,1464661371.637000
880,1464661370.238000,1464661370.969417,1464661370.970541,1464661371.638000
881,1464661370.239000,1464661370.932994,1464661370.933951,1464661371.638000
882,1464661370.239000,1464661370.936848,1464661370.937810,1464661371.639000
883,1464661370.240000,1464661370.956535,1464661370.957557,1464661371.640000
884,1464661370.240000,1464661370.978383,1464661370.979784,1464661371.640000
885,1464661370.240000,1464661370.964449,1464661370.965602,1464661371.641000
886,1464661370.240000,1464661370.917594,1464661370.919173,1464661371.642000
887,1464661370.240000,1464661370.992218,1464661370.993160,1464661371.642000
888,1464661370.241000,1464661370.900298,1464661370.901242,1464661371.643000
889,1464661370.241000,1464661370.961714,1464661370.962672,1464661371.644000
890,1464661370.241000,1464661370.906672,1464661370.913034,1464661371.645000
891,1464661370.241000,1464661370.873373,1464661370.874601,1464661371.645000
892,1464661370.241000,1464661370.951827,1464661370.952924,1464661371.646000
893,1464661370.242000,1464661370.953188,1464661370.967437,1464661371.646000
894,1464661370.242000,1464661370.919062,1464661370.920499,1464661371.647000
895,1464661370.242000,1464661370.893981,1464661370.895011,1464661371.648000
896,1464661370.242000,1464661370.876878,1464661370.890180,1464661371.648000
897,1464661370.243000,1464661370.960154,1464661370.961419,1464661371.649000
898,1464661370.243000,1464661370.950932,1464661370.952541,1464661371.649000
899,1464661370.243000,1464661370.973118,1464661370.974149,1464661371.650000
900,1464661370.243000,1464661370.978927,1464661370.979999,1464661371.650000
901,1464661370.243000,1464661370.961721,1464661370.992597,1464661371.651000
902,1464661370.244000,1464661370.945399,1464661370.946377,1464661371.652000
903,1464661370.244000,1464661370.977649,1464661370.978629,1464661371.652000
904,1464661370.245000,1464661370.925688,1464661370.926666,1464661371.653000
905,1464661370.245000,1464661370.950207,1464661370.951198,1464661371.654000
906,1464661370.245000,1464661370.976379,1464661370.977749,1464661371.654000
907,1464661370.245000,1464661370.956601,1464661370.958074,1464661371.655000
908,1464661370.245000,1464661370.967390,1464661370.979454,1464661371.655000
909,1464661370.245000,1464661370.972964,1464661370.974212,1464661371.656000
910,1464661370.245000,1464661370.916837,1464661370.917891,1464661371.656000
911,1464661370.246000,1464661370.973599,1464661370.974904,1464661371.657000
912,1464661370.246000,1464661370.952083,1464661370.953173,1464661371.658000
913,1464661370.246000,1464661370.997862,1464661370.999010,1464661371.658000
914,1464661370.246000,1464661370.979527,1464661370.997729,1464661371.659000
915,1464661370.246000,1464661370.887909,1464661370.889049,1464661371.660000
916,1464661370.246000,1464661370.987084,1464661370.988750,1464661371.660000
917,1464661370.246000,1464661370.981015,1464661370.987897,1464661371.661000
918,1464661370.247000,1464661370.944533,1464661370.960377,1464661371.662000
919,1464661370.247000,1464661370.972721,1464661370.975855,1464661371.663000
920,1464661370.247000,1464661370.997351,1464661371.001490,1464661371.663000
921,1464661370.247000,1464661370.974686,1464661370.975656,1464661371.664000
922,1464661370.247000,1464661370.986997,1464661370.988442,1464661371.665000
923,1464661370.248000,1464661370.938345,1464661370.939305,1464661371.665000
924,1464661370.249000,1464661370.971767,1464661370.972790,1464661371.666000
925,1464661370.249000,1464661370.958506,1464661370.959487,1464661371.667000
926,1464661370.249000,1464661370.948790,1464661370.950130,1464661371.668000
927,1464661370.249000,1464661370.979327,1464661370.980536,1464661371.668000
928,1464661370.249000,1464661370.982300,1464661370.984712,1464661371.669000
929,1464661370.249000,1464661370.955745,1464661370.956851,1464661371.670000
930,1464661370.249000,1464661370.984365,1464661370.985468,1464661371.670000
931,1464661370.250000,1464661370.914840,1464661370.916001,1464661371.671000
932,1464661370.250000,1464661370.984638,1464661370.985621,1464661371.672000
933,1464661370.250000,1464661370.894233,1464661370.895253,1464661371.672000
934,1464661370.250000,1464661370.903556,1464661370.904503,1464661371.673000
935,1464661370.250000,1464661370.923859,1464661370.925109,1464661371.674000
936,1464661370.250000,1464661370.985688,1464661370.986627,1464661371.674000
937,1464661370.250000,1464661370.914408,1464661370.915396,1464661371.675000
938,1464661370.250000,1464661370.971060,1464661370.973282,1464661371.676000
939,1464661370.250000,1464661370.977803,1464661370.978784,1464661371.677000
940,1464661370.251000,1464661370.949015,1464661370.950521,1464661371.677000
941,1464661370.251000,1464661370.954699,1464661370.955811,1464661371.678000
942,1464661370.251000,1464661370.949773,1464661370.950762,1464661371.679000
943,1464661370.251000,1464661370.988008,1464661370.989375,1464661371.679000
944,1464661370.251000,1464661370.983393,1464661370.986760,1464661371.680000
945,1464661370.252000,1464661370.970539,1464661370.971718,1464661371.681000
946,1464661370.252000,1464661370.974787,1464661370.975880,1464661371.681000
947,1464661370.252000,1464661370.908315,1464661370.909479,1464661371.682000
948,1464661370.252000,1464661370.964859,1464661370.965804,1464661371.682000
949,1464661370.253000,1464661370.989750,1464661370.990753,1464661371.683000
950,1464661370.253000,1464661370.946604,1464661370.947586,1464661371.683000
951,1464661370.253000,1464661370.937877,1464661370.938839,1464661371.684000
952,1464661370.253000,1464661370.958329,1464661370.959315,1464661371.685000
953,1464661370.253000,1464661370.924614,1464661370.925688,1464661371.685000
954,1464661370.253000,1464661370.912379,1464661370.913351,1464661371.686000
955,1464661370.253000,1464661370.935044,1464661370.936007,1464661371.686000
956,1464661370.253000,1464661370.992429,1464661371.005012,1464661371.687000
957,1464661370.254000,1464661370.944114,1464661370.945318,1464661371.688000
958,1464661370.254000,1464661370.980108,1464661370.981189,1464661371.688000
959,1464661370.254000,1464661370.990061,1464661370.991164,1464661371.689000
960,1464661370.254000,1464661370.907884,1464661370.927284,1464661371.689000
961,1464661370.255000,1464661370.967065,1464661370.968346,1464661371.690000
962,1464661370.255000,1464661370.980153,1464661370.981288,1464661371.691000
963,1464661370.255000,1464661370.938940,1464661370.948095,1464661371.691000
964,1464661370.255000,1464661371.003682,1464661371.012776,1464661371.692000
965,1464661370.255000,1464661370.998617,1464661371.000741,1464661371.697000
966,1464661370.255000,1464661370.965461,1464661370.966781,1464661371.700000
967,1464661370.255000,1464661370.975878,1464661370.979717,1464661371.701000
968,1464661370.255000,1464661370.940141,1464661370.941187,1464661371.702000
969,1464661370.256000,1464661370.950307,1464661370.952523,1464661371.702000
970,1464661370.256000,1464661371.001439,1464661371.002434,1464661371.703000
971,1464661370.256000,1464661370.975695,1464661370.985387,1464661371.704000
972,1464661370.256000,1464661370.978280,1464661370.979275,1464661371.704000
973,1464661370.257000,1464661370.932656,1464661370.934082,1464661371.705000
974,1464661370.257000,1464661370.989500,1464661370.991415,1464661371.706000
975,1464661370.257000,1464661370.992960,1464661370.994087,1464661371.707000
976,1464661370.258000,1464661370.952864,1464661370.954232,1464661371.707000
977,1464661370.258000,1464661370.980386,1464661370.981902,1464661371.708000
978,1464661370.258000,1464661370.952011,1464661370.953240,1464661371.709000
979,1464661370.258000,1464661370.955502,1464661370.956658,1464661371.709000
980,1464661370.258000,1464661370.976710,1464661370.993154,1464661371.710000
981,1464661370.258000,1464661370.924174,1464661370.925218,1464661371.711000
982,1464661370.258000,1464661370.956353,1464661370.957436,1464661371.712000
983,1464661370.259000,1464661370.870949,1464661370.872105,1464661371.712000
984,1464661370.259000,1464661370.956258,1464661370.957683,1464661371.713000
985,1464661370.259000,1464661370.970852,1464661370.971854,1464661371.714000
986,1464661370.259000,1464661370.940368,1464661370.941443,1464661371.714000
987,1464661370.259000,1464661370.959977,1464661370.960998,1464661371.715000
988,1464661370.259000,1464661370.981774,1464661370.983900,1464661371.716000
989,1464661370.260000,1464661370.964427,1464661370.965552,1464661371.716000
990,1464661370.260000,1464661370.962386,1464661370.963490,1464661371.717000
991,1464661370.260000,1464661370.931671,1464661370.932899,1464661371.718000
992,1464661370.260000,1464661370.977493,1464661370.978710,1464661371.719000
993,1464661370.261000,1464661370.998775,1464661371.002076,1464661371.719000
994,1464661370.261000,1464661370.956667,1464661370.957840,1464661371.720000
995,1464661370.261000,1464661370.991884,1464661370.993220,1464661371.721000
996,1464661370.261000,1464661370.985201,1464661370.986154,1464661371.722000
997,1464661370.261000,1464661370.935987,1464661370.937256,1464661371.722000
998,1464661370.261000,1464661370.959459,1464661370.960652,1464661371.723000
999,1464661370.261000,1464661370.986622,1464661370.988894,1464661371.724000
