0,1464469988,1464469993,1464469993,1464469993
1,1464469988,1464469994,1464469994,1464469994
2,1464469988,1464469994,1464469994,1464469994
3,1464469988,1464469993,1464469993,1464469993
4,1464469988,1464469993,1464469993,1464469993
5,1464469988,1464469993,1464469993,1464469993
6,1464469988,1464469993,1464469993,1464469993
7,1464469988,1464469993,1464469993,1464469993
8,1464469988,1464469992,1464469992,1464469992
9,1464469988,1464469992,1464469992,1464469992
10,1464469988,1464469993,1464469993,1464469993
11,1464469988,1464469994,1464469994,1464469994
12,1464469988,1464469993,1464469993,1464469993
13,1464469988,1464469994,1464469994,1464469994
14,1464469988,1464469994,1464469994,1464469994
15,1464469988,1464469994,1464469994,1464469994
16,1464469988,1464469994,1464469994,1464469994
17,1464469988,1464469992,1464469992,1464469992
18,1464469988,1464469993,1464469994,1464469994
19,1464469988,1464469994,1464469994,1464469994
20,1464469988,1464469993,1464469993,1464469994
21,1464469988,1464469993,1464469993,1464469993
22,1464469988,1464469993,1464469993,1464469993
23,1464469988,1464469993,1464469993,1464469993
24,1464469988,1464469993,1464469993,1464469993
25,1464469988,1464469993,1464469993,1464469993
26,1464469988,1464469995,1464469995,1464469995
27,1464469988,1464469992,1464469992,1464469992
28,1464469988,1464469992,1464469992,1464469992
29,1464469988,1464469993,1464469993,1464469993
30,1464469988,1464469993,1464469993,1464469993
31,1464469988,1464469995,1464469995,1464469995
32,1464469988,1464469994,1464469994,1464469994
33,1464469988,1464469994,1464469994,1464469994
34,1464469988,1464469992,1464469992,1464469992
35,1464469988,1464469993,1464469993,1464469993
36,1464469988,1464469992,1464469992,1464469992
37,1464469988,1464469993,1464469993,1464469994
38,1464469988,1464469993,1464469993,1464469993
39,1464469988,1464469995,1464469995,1464469995
40,1464469988,1464469993,1464469993,1464469993
41,1464469988,1464469994,1464469994,1464469994
42,1464469988,1464469993,1464469993,1464469994
43,1464469988,1464469993,1464469993,1464469993
44,1464469988,1464469994,1464469994,1464469994
45,1464469988,1464469994,1464469994,1464469994
46,1464469988,1464469992,1464469992,1464469992
47,1464469988,1464469993,1464469993,1464469993
48,1464469988,1464469993,1464469993,1464469993
49,1464469988,1464469992,1464469992,1464469992
50,1464469988,1464469994,1464469994,1464469994
51,1464469988,1464469992,1464469992,1464469992
52,1464469988,1464469995,1464469995,1464469995
53,1464469988,1464469994,1464469994,1464469994
54,1464469988,1464469992,1464469992,1464469992
55,1464469988,1464469993,1464469993,1464469993
56,1464469988,1464469993,1464469993,1464469994
57,1464469988,1464469993,1464469993,1464469993
58,1464469988,1464469993,1464469993,1464469993
59,1464469988,1464469993,1464469993,1464469993
60,1464469988,1464469994,1464469994,1464469994
61,1464469988,1464469994,1464469994,1464469994
62,1464469988,1464469994,1464469994,1464469994
63,1464469988,1464469993,1464469993,1464469993
64,1464469988,1464469993,1464469993,1464469993
65,1464469988,1464469992,1464469992,1464469992
66,1464469988,1464469993,1464469993,1464469994
67,1464469988,1464469994,1464469994,1464469994
68,1464469988,1464469994,1464469994,1464469994
69,1464469988,1464469994,1464469994,1464469994
70,1464469988,1464469993,1464469993,1464469993
71,1464469988,1464469994,1464469994,1464469994
72,1464469988,1464469993,1464469993,1464469993
73,1464469988,1464469994,1464469994,1464469994
74,1464469988,1464469993,1464469993,1464469993
75,1464469988,1464469993,1464469993,1464469993
76,1464469988,1464469993,1464469993,1464469993
77,1464469988,1464469993,1464469993,1464469993
78,1464469988,1464469994,1464469994,1464469994
79,1464469988,1464469993,1464469993,1464469993
80,1464469988,1464469995,1464469995,1464469995
81,1464469988,1464469993,1464469993,1464469993
82,1464469988,1464469992,1464469992,1464469992
83,1464469988,1464469993,1464469993,1464469993
84,1464469988,1464469993,1464469993,1464469994
85,1464469988,1464469994,1464469994,1464469994
86,1464469988,1464469993,1464469993,1464469993
87,1464469988,1464469993,1464469993,1464469994
88,1464469988,1464469993,1464469993,1464469993
89,1464469988,1464469994,1464469994,1464469994
90,1464469988,1464469992,1464469992,1464469992
91,1464469988,1464469993,1464469993,1464469993
92,1464469988,1464469993,1464469993,1464469993
93,1464469988,1464469993,1464469993,1464469993
94,1464469988,1464469994,1464469994,1464469994
95,1464469988,1464469993,1464469993,1464469993
96,1464469988,1464469994,1464469994,1464469994
97,1464469988,1464469993,1464469993,1464469993
98,1464469988,1464469993,1464469993,1464469993
99,1464469988,1464469993,1464469993,1464469994
100,1464469988,1464469993,1464469993,1464469993
101,1464469988,1464469993,1464469993,1464469994
102,1464469988,1464469995,1464469995,1464469995
103,1464469988,1464469993,1464469993,1464469993
104,1464469988,1464469993,1464469993,1464469993
105,1464469988,1464469993,1464469993,1464469993
106,1464469988,1464469994,1464469994,1464469994
107,1464469988,1464469993,1464469993,1464469993
108,1464469988,1464469993,1464469993,1464469993
109,1464469988,1464469993,1464469993,1464469993
110,1464469988,1464469994,1464469994,1464469994
111,1464469988,1464469992,1464469992,1464469992
112,1464469988,1464469992,1464469992,1464469992
113,1464469988,1464469994,1464469994,1464469994
114,1464469988,1464469993,1464469993,1464469993
115,1464469988,1464469994,1464469994,1464469994
116,1464469988,1464469993,1464469993,1464469993
117,1464469988,1464469993,1464469993,1464469993
118,1464469988,1464469993,1464469993,1464469993
119,1464469988,1464469992,1464469992,1464469992
120,1464469988,1464469993,1464469993,1464469993
121,1464469988,1464469992,1464469992,1464469992
122,1464469988,1464469993,1464469993,1464469993
123,1464469988,1464469993,1464469993,1464469993
124,1464469988,1464469993,1464469993,1464469993
125,1464469988,1464469994,1464469994,1464469994
126,1464469988,1464469993,1464469993,1464469993
127,1464469988,1464469994,1464469994,1464469994
128,1464469988,1464469993,1464469993,1464469993
129,1464469988,1464469992,1464469992,1464469992
130,1464469988,1464469992,1464469992,1464469992
131,1464469988,1464469993,1464469993,1464469993
132,1464469988,1464469993,1464469993,1464469993
133,1464469988,1464469992,1464469992,1464469992
134,1464469988,1464469992,1464469992,1464469992
135,1464469988,1464469992,1464469992,1464469992
136,1464469988,1464469993,1464469993,1464469993
137,1464469988,1464469993,1464469993,1464469993
138,1464469988,1464469993,1464469993,1464469993
139,1464469988,1464469993,1464469993,1464469993
140,1464469988,1464469994,1464469994,1464469994
141,1464469988,1464469993,1464469993,1464469993
142,1464469988,1464469992,1464469992,1464469992
143,1464469988,1464469993,1464469994,1464469994
144,1464469988,1464469994,1464469994,1464469994
145,1464469988,1464469994,1464469994,1464469994
146,1464469988,1464469993,1464469993,1464469993
147,1464469988,1464469993,1464469993,1464469993
148,1464469988,1464469993,1464469993,1464469993
149,1464469988,1464469993,1464469993,1464469993
150,1464469988,1464469994,1464469994,1464469994
151,1464469988,1464469993,1464469993,1464469993
152,1464469988,1464469994,1464469994,1464469994
153,1464469988,1464469993,1464469993,1464469994
154,1464469988,1464469995,1464469995,1464469995
155,1464469988,1464469993,1464469993,1464469993
156,1464469988,1464469993,1464469993,1464469993
157,1464469988,1464469993,1464469993,1464469993
158,1464469988,1464469993,1464469993,1464469993
159,1464469988,1464469993,1464469993,1464469993
160,1464469988,1464469993,1464469993,1464469993
161,1464469988,1464469993,1464469993,1464469993
162,1464469988,1464469993,1464469993,1464469993
163,1464469988,1464469993,1464469993,1464469993
164,1464469988,1464469993,1464469993,1464469993
165,1464469988,1464469993,1464469993,1464469993
166,1464469988,1464469993,1464469993,1464469993
167,1464469988,1464469993,1464469993,1464469993
168,1464469988,1464469995,1464469995,1464469995
169,1464469988,1464469993,1464469993,1464469993
170,1464469988,1464469994,1464469994,1464469994
171,1464469988,1464469993,1464469993,1464469993
172,1464469988,1464469993,1464469994,1464469994
173,1464469988,1464469993,1464469993,1464469993
174,1464469988,1464469993,1464469993,1464469993
175,1464469988,1464469993,1464469993,1464469993
176,1464469988,1464469994,1464469994,1464469994
177,1464469988,1464469993,1464469993,1464469993
178,1464469988,1464469995,1464469995,1464469995
179,1464469988,1464469993,1464469993,1464469993
180,1464469988,1464469993,1464469994,1464469994
181,1464469988,1464469993,1464469993,1464469993
182,1464469988,1464469995,1464469995,1464469995
183,1464469988,1464469993,1464469993,1464469993
184,1464469988,1464469993,1464469993,1464469993
185,1464469988,1464469993,1464469993,1464469993
186,1464469988,1464469993,1464469993,1464469994
187,1464469988,1464469993,1464469993,1464469993
188,1464469988,1464469993,1464469993,1464469993
189,1464469988,1464469993,1464469993,1464469994
190,1464469988,1464469993,1464469993,1464469993
191,1464469988,1464469993,1464469993,1464469993
192,1464469988,1464469994,1464469994,1464469994
193,1464469988,1464469992,1464469992,1464469992
194,1464469988,1464469994,1464469994,1464469994
195,1464469988,1464469993,1464469993,1464469993
196,1464469988,1464469994,1464469994,1464469994
197,1464469989,1464469993,1464469993,1464469993
198,1464469989,1464469993,1464469993,1464469993
199,1464469989,1464469993,1464469994,1464469994
200,1464469989,1464469994,1464469994,1464469994
201,1464469989,1464469993,1464469993,1464469994
202,1464469989,1464469994,1464469994,1464469994
203,1464469989,1464469994,1464469994,1464469994
204,1464469989,1464469995,1464469995,1464469995
205,1464469989,1464469993,1464469993,1464469993
206,1464469989,1464469994,1464469994,1464469994
207,1464469989,1464469994,1464469994,1464469994
208,1464469989,1464469993,1464469993,1464469994
209,1464469989,1464469994,1464469994,1464469994
210,1464469989,1464469993,1464469993,1464469993
211,1464469989,1464469993,1464469994,1464469994
212,1464469989,1464469993,1464469993,1464469993
213,1464469989,1464469993,1464469993,1464469993
214,1464469989,1464469992,1464469992,1464469992
215,1464469989,1464469994,1464469994,1464469994
216,1464469989,1464469994,1464469994,1464469994
217,1464469989,1464469993,1464469993,1464469993
218,1464469989,1464469994,1464469994,1464469994
219,1464469989,1464469994,1464469994,1464469994
220,1464469989,1464469994,1464469994,1464469994
221,1464469989,1464469993,1464469993,1464469993
222,1464469989,1464469993,1464469993,1464469994
223,1464469989,1464469993,1464469993,1464469993
224,1464469989,1464469993,1464469993,1464469993
225,1464469989,1464469993,1464469993,1464469993
226,1464469989,1464469994,1464469994,1464469994
227,1464469989,1464469993,1464469993,1464469993
228,1464469989,1464469993,1464469993,1464469994
229,1464469989,1464469994,1464469994,1464469994
230,1464469989,1464469993,1464469993,1464469993
231,1464469989,1464469994,1464469994,1464469994
232,1464469989,1464469995,1464469995,1464469995
233,1464469989,1464469994,1464469994,1464469994
234,1464469989,1464469993,1464469993,1464469993
235,1464469989,1464469993,1464469993,1464469993
236,1464469989,1464469994,1464469994,1464469995
237,1464469989,1464469994,1464469994,1464469994
238,1464469989,1464469994,1464469994,1464469994
239,1464469989,1464469994,1464469994,1464469994
240,1464469989,1464469993,1464469993,1464469993
241,1464469989,1464469993,1464469993,1464469993
242,1464469989,1464469993,1464469993,1464469993
243,1464469989,1464469994,1464469994,1464469994
244,1464469989,1464469994,1464469994,1464469994
245,1464469989,1464469993,1464469993,1464469993
246,1464469989,1464469993,1464469993,1464469993
247,1464469989,1464469994,1464469994,1464469994
248,1464469989,1464469993,1464469993,1464469993
249,1464469989,1464469993,1464469993,1464469993
250,1464469989,1464469993,1464469993,1464469993
251,1464469989,1464469993,1464469993,1464469993
252,1464469989,1464469993,1464469993,1464469993
253,1464469989,1464469993,1464469993,1464469993
254,1464469989,1464469993,1464469993,1464469993
255,1464469989,1464469993,1464469993,1464469993
256,1464469989,1464469994,1464469994,1464469994
257,1464469989,1464469994,1464469994,1464469994
258,1464469989,1464469993,1464469993,1464469993
259,1464469989,1464469994,1464469994,1464469994
260,1464469989,1464469995,1464469995,1464469995
261,1464469989,1464469994,1464469994,1464469994
262,1464469989,1464469995,1464469995,1464469995
263,1464469989,1464469995,1464469995,1464469995
264,1464469989,1464469993,1464469994,1464469994
265,1464469989,1464469993,1464469993,1464469993
266,1464469989,1464469994,1464469994,1464469994
267,1464469989,1464469993,1464469993,1464469993
268,1464469989,1464469993,1464469993,1464469993
269,1464469989,1464469993,1464469993,1464469993
270,1464469989,1464469993,1464469993,1464469993
271,1464469989,1464469992,1464469992,1464469992
272,1464469989,1464469993,1464469993,1464469993
273,1464469989,1464469993,1464469993,1464469993
274,1464469989,1464469993,1464469993,1464469993
275,1464469989,1464469993,1464469993,1464469993
276,1464469989,1464469995,1464469995,1464469995
277,1464469989,1464469993,1464469993,1464469993
278,1464469989,1464469993,1464469994,1464469994
279,1464469989,1464469993,1464469993,1464469993
280,1464469989,1464469993,1464469994,1464469994
281,1464469989,1464469994,1464469994,1464469994
282,1464469989,1464469993,1464469993,1464469993
283,1464469989,1464469995,1464469995,1464469995
284,1464469989,1464469994,1464469994,1464469994
285,1464469989,1464469994,1464469994,1464469994
286,1464469989,1464469993,1464469993,1464469993
287,1464469989,1464469993,1464469993,1464469993
288,1464469989,1464469993,1464469993,1464469993
289,1464469989,1464469993,1464469994,1464469994
290,1464469989,1464469993,1464469993,1464469994
291,1464469989,1464469994,1464469994,1464469994
292,1464469989,1464469993,1464469993,1464469993
293,1464469989,1464469994,1464469994,1464469994
294,1464469989,1464469993,1464469993,1464469993
295,1464469989,1464469994,1464469994,1464469994
296,1464469989,1464469995,1464469995,1464469995
297,1464469989,1464469993,1464469993,1464469994
298,1464469989,1464469993,1464469993,1464469993
299,1464469989,1464469993,1464469993,1464469993
300,1464469989,1464469993,1464469993,1464469993
301,1464469989,1464469993,1464469993,1464469993
302,1464469989,1464469993,1464469993,1464469993
303,1464469989,1464469993,1464469993,1464469993
304,1464469989,1464469994,1464469994,1464469994
305,1464469989,1464469993,1464469993,1464469993
306,1464469989,1464469993,1464469993,1464469993
307,1464469989,1464469994,1464469994,1464469994
308,1464469989,1464469993,1464469993,1464469993
309,1464469989,1464469993,1464469993,1464469993
310,1464469989,1464469993,1464469993,1464469993
311,1464469989,1464469994,1464469994,1464469994
312,1464469989,1464469993,1464469994,1464469994
313,1464469989,1464469993,1464469993,1464469993
314,1464469989,1464469993,1464469993,1464469993
315,1464469989,1464469993,1464469993,1464469993
316,1464469989,1464469993,1464469993,1464469993
317,1464469989,1464469993,1464469993,1464469993
318,1464469989,1464469993,1464469993,1464469993
319,1464469989,1464469993,1464469993,1464469993
320,1464469989,1464469993,1464469993,1464469994
321,1464469989,1464469995,1464469995,1464469995
322,1464469989,1464469993,1464469994,1464469994
323,1464469989,1464469993,1464469993,1464469993
324,1464469989,1464469994,1464469994,1464469994
325,1464469989,1464469993,1464469994,1464469994
326,1464469989,1464469994,1464469994,1464469994
327,1464469989,1464469993,1464469993,1464469993
328,1464469989,1464469994,1464469994,1464469994
329,1464469989,1464469993,1464469993,1464469993
330,1464469989,1464469993,1464469994,1464469994
331,1464469989,1464469994,1464469994,1464469994
332,1464469989,1464469994,1464469994,1464469994
333,1464469989,1464469995,1464469995,1464469995
334,1464469989,1464469993,1464469993,1464469993
335,1464469989,1464469993,1464469993,1464469993
336,1464469989,1464469994,1464469994,1464469994
337,1464469989,1464469993,1464469993,1464469993
338,1464469989,1464469993,1464469993,1464469994
339,1464469989,1464469993,1464469993,1464469993
340,1464469989,1464469994,1464469994,1464469994
341,1464469989,1464469993,1464469993,1464469993
342,1464469989,1464469993,1464469994,1464469994
343,1464469989,1464469993,1464469993,1464469993
344,1464469989,1464469993,1464469994,1464469994
345,1464469989,1464469994,1464469994,1464469994
346,1464469989,1464469993,1464469993,1464469993
347,1464469989,1464469993,1464469993,1464469993
348,1464469989,1464469993,1464469993,1464469993
349,1464469989,1464469994,1464469994,1464469994
350,1464469989,1464469993,1464469993,1464469993
351,1464469989,1464469993,1464469993,1464469993
352,1464469989,1464469993,1464469993,1464469994
353,1464469989,1464469993,1464469993,1464469993
354,1464469989,1464469994,1464469994,1464469994
355,1464469989,1464469993,1464469993,1464469993
356,1464469989,1464469994,1464469994,1464469994
357,1464469989,1464469994,1464469994,1464469994
358,1464469989,1464469993,1464469993,1464469993
359,1464469989,1464469993,1464469993,1464469993
360,1464469989,1464469993,1464469993,1464469993
361,1464469989,1464469993,1464469993,1464469993
362,1464469989,1464469993,1464469993,1464469993
363,1464469989,1464469993,1464469993,1464469993
364,1464469989,1464469993,1464469993,1464469993
365,1464469989,1464469993,1464469993,1464469993
366,1464469989,1464469995,1464469995,1464469995
367,1464469989,1464469993,1464469993,1464469993
368,1464469989,1464469993,1464469993,1464469993
369,1464469989,1464469993,1464469993,1464469993
370,1464469989,1464469993,1464469993,1464469993
371,1464469989,1464469994,1464469994,1464469994
372,1464469989,1464469993,1464469993,1464469993
373,1464469989,1464469993,1464469993,1464469993
374,1464469989,1464469993,1464469993,1464469993
375,1464469989,1464469994,1464469994,1464469994
376,1464469989,1464469994,1464469994,1464469994
377,1464469989,1464469994,1464469994,1464469994
378,1464469989,1464469993,1464469993,1464469993
379,1464469989,1464469993,1464469994,1464469994
380,1464469989,1464469993,1464469993,1464469993
381,1464469989,1464469993,1464469993,1464469993
382,1464469989,1464469993,1464469993,1464469993
383,1464469989,1464469994,1464469994,1464469994
384,1464469989,1464469993,1464469993,1464469993
385,1464469989,1464469993,1464469994,1464469994
386,1464469989,1464469993,1464469993,1464469993
387,1464469989,1464469992,1464469992,1464469992
388,1464469989,1464469993,1464469993,1464469993
389,1464469989,1464469994,1464469994,1464469994
390,1464469989,1464469994,1464469994,1464469994
391,1464469989,1464469994,1464469994,1464469994
392,1464469989,1464469993,1464469993,1464469994
393,1464469989,1464469993,1464469993,1464469993
394,1464469989,1464469993,1464469993,1464469993
395,1464469989,1464469993,1464469993,1464469993
396,1464469989,1464469993,1464469993,1464469993
397,1464469989,1464469993,1464469993,1464469993
398,1464469989,1464469994,1464469994,1464469994
399,1464469989,1464469993,1464469993,1464469993
400,1464469989,1464469994,1464469994,1464469994
401,1464469989,1464469994,1464469994,1464469994
402,1464469989,1464469994,1464469994,1464469994
403,1464469989,1464469993,1464469993,1464469993
404,1464469989,1464469995,1464469995,1464469995
405,1464469989,1464469994,1464469994,1464469994
406,1464469989,1464469993,1464469993,1464469993
407,1464469989,1464469993,1464469993,1464469993
408,1464469989,1464469994,1464469994,1464469994
409,1464469989,1464469993,1464469993,1464469993
410,1464469989,1464469993,1464469993,1464469993
411,1464469989,1464469995,1464469995,1464469995
412,1464469989,1464469993,1464469993,1464469993
413,1464469989,1464469994,1464469994,1464469994
414,1464469989,1464469994,1464469994,1464469994
415,1464469989,1464469995,1464469995,1464469995
416,1464469989,1464469993,1464469993,1464469993
417,1464469989,1464469994,1464469994,1464469994
418,1464469989,1464469993,1464469993,1464469994
419,1464469989,1464469993,1464469993,1464469993
420,1464469989,1464469994,1464469994,1464469994
421,1464469989,1464469994,1464469994,1464469995
422,1464469989,1464469995,1464469995,1464469995
423,1464469989,1464469993,1464469993,1464469993
424,1464469989,1464469994,1464469994,1464469994
425,1464469989,1464469995,1464469995,1464469995
426,1464469989,1464469993,1464469993,1464469993
427,1464469989,1464469995,1464469995,1464469995
428,1464469989,1464469993,1464469993,1464469993
429,1464469989,1464469993,1464469993,1464469993
430,1464469989,1464469994,1464469994,1464469994
431,1464469989,1464469993,1464469993,1464469993
432,1464469989,1464469994,1464469994,1464469994
433,1464469989,1464469995,1464469995,1464469995
434,1464469989,1464469994,1464469994,1464469994
435,1464469989,1464469994,1464469994,1464469994
436,1464469989,1464469994,1464469994,1464469994
437,1464469989,1464469994,1464469994,1464469994
438,1464469989,1464469994,1464469994,1464469994
439,1464469989,1464469993,1464469993,1464469993
440,1464469989,1464469993,1464469993,1464469993
441,1464469989,1464469994,1464469994,1464469995
442,1464469989,1464469994,1464469994,1464469994
443,1464469989,1464469994,1464469994,1464469994
444,1464469989,1464469994,1464469994,1464469994
445,1464469989,1464469993,1464469993,1464469993
446,1464469989,1464469993,1464469993,1464469993
447,1464469989,1464469993,1464469993,1464469993
448,1464469989,1464469994,1464469994,1464469994
449,1464469989,1464469995,1464469995,1464469995
450,1464469989,1464469993,1464469993,1464469993
451,1464469989,1464469993,1464469993,1464469993
452,1464469989,1464469993,1464469993,1464469993
453,1464469989,1464469994,1464469994,1464469994
454,1464469989,1464469993,1464469993,1464469993
455,1464469989,1464469993,1464469993,1464469993
456,1464469989,1464469993,1464469993,1464469993
457,1464469989,1464469994,1464469994,1464469994
458,1464469989,1464469994,1464469994,1464469994
459,1464469989,1464469993,1464469993,1464469993
460,1464469989,1464469994,1464469994,1464469994
461,1464469989,1464469994,1464469994,1464469994
462,1464469989,1464469993,1464469993,1464469993
463,1464469989,1464469993,1464469993,1464469993
464,1464469989,1464469995,1464469995,1464469995
465,1464469989,1464469993,1464469993,1464469993
466,1464469989,1464469993,1464469994,1464469994
467,1464469989,1464469994,1464469994,1464469994
468,1464469989,1464469993,1464469993,1464469993
469,1464469989,1464469993,1464469993,1464469993
470,1464469989,1464469993,1464469993,1464469993
471,1464469989,1464469992,1464469992,1464469992
472,1464469989,1464469993,1464469993,1464469993
473,1464469989,1464469993,1464469993,1464469993
474,1464469989,1464469994,1464469994,1464469994
475,1464469989,1464469994,1464469994,1464469994
476,1464469989,1464469994,1464469994,1464469994
477,1464469989,1464469993,1464469993,1464469993
478,1464469989,1464469993,1464469993,1464469993
479,1464469989,1464469994,1464469994,1464469994
480,1464469989,1464469994,1464469994,1464469994
481,1464469989,1464469993,1464469993,1464469993
482,1464469989,1464469993,1464469993,1464469993
483,1464469989,1464469993,1464469994,1464469994
484,1464469989,1464469994,1464469994,1464469994
485,1464469989,1464469994,1464469994,1464469994
486,1464469989,1464469993,1464469993,1464469993
487,1464469989,1464469993,1464469993,1464469993
488,1464469989,1464469993,1464469993,1464469994
489,1464469989,1464469993,1464469993,1464469993
490,1464469989,1464469994,1464469994,1464469994
491,1464469989,1464469994,1464469994,1464469994
492,1464469989,1464469994,1464469994,1464469994
493,1464469989,1464469994,1464469994,1464469994
494,1464469989,1464469996,1464469996,1464469996
495,1464469989,1464469993,1464469993,1464469993
496,1464469989,1464469993,1464469993,1464469993
497,1464469989,1464469993,1464469993,1464469993
498,1464469989,1464469993,1464469993,1464469993
499,1464469989,1464469993,1464469993,1464469993
500,1464469989,1464469993,1464469993,1464469993
501,1464469989,1464469994,1464469994,1464469994
502,1464469989,1464469994,1464469994,1464469994
503,1464469989,1464469994,1464469994,1464469994
504,1464469989,1464469993,1464469993,1464469993
505,1464469989,1464469994,1464469994,1464469994
506,1464469989,1464469995,1464469995,1464469995
507,1464469989,1464469994,1464469994,1464469994
508,1464469989,1464469994,1464469994,1464469994
509,1464469989,1464469993,1464469993,1464469993
510,1464469989,1464469994,1464469994,1464469994
511,1464469989,1464469996,1464469996,1464469996
512,1464469989,1464469994,1464469994,1464469994
513,1464469989,1464469995,1464469995,1464469995
514,1464469989,1464469993,1464469993,1464469993
515,1464469989,1464469993,1464469993,1464469993
516,1464469989,1464469993,1464469993,1464469993
517,1464469989,1464469993,1464469993,1464469993
518,1464469989,1464469994,1464469994,1464469994
519,1464469989,1464469994,1464469994,1464469994
520,1464469989,1464469993,1464469993,1464469993
521,1464469989,1464469993,1464469993,1464469993
522,1464469989,1464469993,1464469994,1464469994
523,1464469989,1464469993,1464469993,1464469993
524,1464469989,1464469994,1464469994,1464469994
525,1464469989,1464469993,1464469993,1464469993
526,1464469989,1464469993,1464469993,1464469993
527,1464469989,1464469993,1464469993,1464469993
528,1464469989,1464469993,1464469993,1464469993
529,1464469989,1464469994,1464469994,1464469994
530,1464469989,1464469994,1464469994,1464469994
531,1464469989,1464469993,1464469993,1464469993
532,1464469989,1464469993,1464469993,1464469993
533,1464469989,1464469993,1464469993,1464469993
534,1464469989,1464469993,1464469993,1464469993
535,1464469989,1464469995,1464469995,1464469995
536,1464469989,1464469993,1464469993,1464469993
537,1464469989,1464469994,1464469994,1464469995
538,1464469989,1464469994,1464469994,1464469994
539,1464469989,1464469995,1464469995,1464469995
540,1464469989,1464469994,1464469994,1464469994
541,1464469989,1464469993,1464469993,1464469993
542,1464469989,1464469994,1464469994,1464469995
543,1464469989,1464469994,1464469994,1464469994
544,1464469989,1464469993,1464469993,1464469994
545,1464469989,1464469995,1464469995,1464469995
546,1464469989,1464469993,1464469993,1464469993
547,1464469989,1464469993,1464469993,1464469993
548,1464469989,1464469994,1464469994,1464469994
549,1464469989,1464469993,1464469993,1464469993
550,1464469989,1464469993,1464469993,1464469993
551,1464469989,1464469993,1464469993,1464469993
552,1464469989,1464469993,1464469993,1464469994
553,1464469989,1464469994,1464469994,1464469994
554,1464469989,1464469994,1464469994,1464469994
555,1464469989,1464469994,1464469994,1464469994
556,1464469989,1464469993,1464469993,1464469993
557,1464469989,1464469993,1464469993,1464469993
558,1464469989,1464469993,1464469993,1464469994
559,1464469989,1464469993,1464469993,1464469993
560,1464469989,1464469993,1464469993,1464469993
561,1464469989,1464469993,1464469994,1464469994
562,1464469989,1464469993,1464469993,1464469993
563,1464469989,1464469994,1464469994,1464469994
564,1464469989,1464469993,1464469993,1464469993
565,1464469989,1464469994,1464469994,1464469994
566,1464469989,1464469994,1464469994,1464469994
567,1464469989,1464469993,1464469993,1464469993
568,1464469989,1464469994,1464469994,1464469994
569,1464469989,1464469994,1464469994,1464469994
570,1464469989,1464469993,1464469993,1464469993
571,1464469989,1464469993,1464469993,1464469993
572,1464469989,1464469993,1464469993,1464469993
573,1464469989,1464469993,1464469993,1464469993
574,1464469989,1464469993,1464469993,1464469993
575,1464469989,1464469994,1464469994,1464469994
576,1464469989,1464469993,1464469993,1464469993
577,1464469989,1464469993,1464469993,1464469993
578,1464469989,1464469995,1464469995,1464469995
579,1464469989,1464469993,1464469993,1464469993
580,1464469989,1464469993,1464469993,1464469993
581,1464469989,1464469993,1464469993,1464469993
582,1464469989,1464469994,1464469994,1464469994
583,1464469989,1464469994,1464469994,1464469994
584,1464469989,1464469993,1464469993,1464469993
585,1464469989,1464469993,1464469993,1464469993
586,1464469989,1464469993,1464469993,1464469993
587,1464469989,1464469993,1464469993,1464469993
588,1464469989,1464469992,1464469992,1464469992
589,1464469989,1464469994,1464469994,1464469994
590,1464469989,1464469994,1464469994,1464469994
591,1464469989,1464469993,1464469993,1464469993
592,1464469989,1464469993,1464469993,1464469993
593,1464469989,1464469993,1464469993,1464469993
594,1464469989,1464469994,1464469994,1464469994
595,1464469989,1464469993,1464469993,1464469993
596,1464469989,1464469993,1464469993,1464469993
597,1464469989,1464469996,1464469996,1464469996
598,1464469989,1464469996,1464469996,1464469996
599,1464469989,1464469994,1464469994,1464469994
600,1464469989,1464469993,1464469994,1464469994
601,1464469989,1464469994,1464469994,1464469994
602,1464469989,1464469994,1464469994,1464469994
603,1464469989,1464469993,1464469993,1464469993
604,1464469989,1464469993,1464469993,1464469993
605,1464469989,1464469994,1464469994,1464469994
606,1464469989,1464469993,1464469993,1464469993
607,1464469989,1464469994,1464469994,1464469994
608,1464469989,1464469993,1464469993,1464469993
609,1464469989,1464469993,1464469993,1464469993
610,1464469989,1464469994,1464469995,1464469995
611,1464469989,1464469994,1464469994,1464469994
612,1464469989,1464469993,1464469993,1464469993
613,1464469989,1464469993,1464469993,1464469994
614,1464469989,1464469993,1464469993,1464469993
615,1464469989,1464469993,1464469993,1464469993
616,1464469989,1464469993,1464469993,1464469993
617,1464469989,1464469993,1464469993,1464469993
618,1464469989,1464469994,1464469994,1464469994
619,1464469989,1464469994,1464469994,1464469994
620,1464469989,1464469993,1464469993,1464469993
621,1464469989,1464469994,1464469994,1464469994
622,1464469989,1464469993,1464469993,1464469993
623,1464469989,1464469993,1464469993,1464469993
624,1464469989,1464469994,1464469994,1464469994
625,1464469989,1464469993,1464469993,1464469993
626,1464469989,1464469993,1464469993,1464469993
627,1464469989,1464469993,1464469993,1464469993
628,1464469989,1464469993,1464469993,1464469993
629,1464469989,1464469993,1464469993,1464469993
630,1464469989,1464469993,1464469993,1464469993
631,1464469989,1464469994,1464469994,1464469994
632,1464469989,1464469993,1464469993,1464469993
633,1464469989,1464469994,1464469994,1464469994
634,1464469989,1464469994,1464469994,1464469994
635,1464469989,1464469993,1464469993,1464469993
636,1464469989,1464469994,1464469994,1464469994
637,1464469989,1464469994,1464469994,1464469994
638,1464469989,1464469994,1464469994,1464469994
639,1464469989,1464469993,1464469993,1464469994
640,1464469989,1464469993,1464469993,1464469993
641,1464469989,1464469993,1464469993,1464469993
642,1464469989,1464469993,1464469993,1464469993
643,1464469989,1464469996,1464469996,1464469996
644,1464469989,1464469993,1464469993,1464469993
645,1464469989,1464469993,1464469993,1464469993
646,1464469989,1464469994,1464469994,1464469994
647,1464469989,1464469994,1464469994,1464469994
648,1464469989,1464469994,1464469994,1464469995
649,1464469989,1464469993,1464469993,1464469993
650,1464469989,1464469994,1464469994,1464469994
651,1464469989,1464469994,1464469994,1464469994
652,1464469989,1464469993,1464469993,1464469993
653,1464469989,1464469993,1464469993,1464469993
654,1464469989,1464469993,1464469993,1464469993
655,1464469989,1464469992,1464469993,1464469993
656,1464469989,1464469993,1464469993,1464469993
657,1464469989,1464469994,1464469994,1464469994
658,1464469989,1464469994,1464469994,1464469994
659,1464469989,1464469993,1464469993,1464469993
660,1464469989,1464469993,1464469993,1464469993
661,1464469989,1464469993,1464469993,1464469993
662,1464469989,1464469994,1464469994,1464469994
663,1464469989,1464469994,1464469994,1464469994
664,1464469989,1464469993,1464469993,1464469993
665,1464469989,1464469994,1464469994,1464469994
666,1464469989,1464469993,1464469993,1464469993
667,1464469989,1464469994,1464469994,1464469994
668,1464469989,1464469993,1464469993,1464469994
669,1464469989,1464469994,1464469994,1464469994
670,1464469989,1464469993,1464469993,1464469993
671,1464469989,1464469993,1464469993,1464469993
672,1464469989,1464469993,1464469993,1464469993
673,1464469989,1464469994,1464469994,1464469995
674,1464469989,1464469993,1464469993,1464469993
675,1464469989,1464469993,1464469993,1464469993
676,1464469989,1464469994,1464469994,1464469994
677,1464469989,1464469994,1464469994,1464469994
678,1464469989,1464469996,1464469996,1464469996
679,1464469989,1464469993,1464469993,1464469993
680,1464469989,1464469993,1464469993,1464469993
681,1464469989,1464469994,1464469994,1464469994
682,1464469989,1464469993,1464469993,1464469993
683,1464469989,1464469993,1464469993,1464469994
684,1464469989,1464469994,1464469994,1464469994
685,1464469989,1464469994,1464469994,1464469994
686,1464469989,1464469994,1464469994,1464469995
687,1464469989,1464469993,1464469993,1464469993
688,1464469989,1464469996,1464469996,1464469996
689,1464469989,1464469996,1464469996,1464469996
690,1464469989,1464469993,1464469993,1464469994
691,1464469989,1464469993,1464469993,1464469993
692,1464469989,1464469994,1464469994,1464469994
693,1464469989,1464469994,1464469994,1464469994
694,1464469989,1464469993,1464469993,1464469994
695,1464469989,1464469993,1464469994,1464469994
696,1464469989,1464469994,1464469994,1464469994
697,1464469989,1464469993,1464469993,1464469993
698,1464469989,1464469994,1464469994,1464469994
699,1464469989,1464469994,1464469994,1464469994
700,1464469989,1464469994,1464469994,1464469994
701,1464469989,1464469993,1464469993,1464469993
702,1464469989,1464469993,1464469993,1464469993
703,1464469989,1464469994,1464469994,1464469994
704,1464469989,1464469993,1464469993,1464469993
705,1464469989,1464469993,1464469993,1464469993
706,1464469989,1464469994,1464469994,1464469994
707,1464469989,1464469993,1464469993,1464469993
708,1464469989,1464469996,1464469996,1464469996
709,1464469989,1464469994,1464469994,1464469994
710,1464469989,1464469994,1464469994,1464469994
711,1464469989,1464469994,1464469994,1464469994
712,1464469989,1464469994,1464469994,1464469994
713,1464469989,1464469994,1464469994,1464469995
714,1464469989,1464469996,1464469996,1464469996
715,1464469989,1464469994,1464469994,1464469994
716,1464469989,1464469993,1464469993,1464469993
717,1464469989,1464469993,1464469993,1464469994
718,1464469989,1464469994,1464469994,1464469995
719,1464469989,1464469994,1464469994,1464469994
720,1464469989,1464469993,1464469993,1464469993
721,1464469989,1464469993,1464469993,1464469993
722,1464469989,1464469994,1464469994,1464469994
723,1464469989,1464469993,1464469993,1464469993
724,1464469989,1464469993,1464469993,1464469993
725,1464469989,1464469994,1464469994,1464469994
726,1464469989,1464469994,1464469994,1464469994
727,1464469989,1464469994,1464469994,1464469994
728,1464469989,1464469994,1464469994,1464469994
729,1464469989,1464469993,1464469993,1464469993
730,1464469989,1464469994,1464469994,1464469994
731,1464469989,1464469994,1464469994,1464469994
732,1464469989,1464469995,1464469995,1464469995
733,1464469989,1464469993,1464469993,1464469993
734,1464469989,1464469993,1464469993,1464469993
735,1464469989,1464469993,1464469993,1464469993
736,1464469989,1464469993,1464469993,1464469993
737,1464469989,1464469994,1464469994,1464469994
738,1464469989,1464469994,1464469994,1464469994
739,1464469989,1464469993,1464469993,1464469993
740,1464469989,1464469994,1464469994,1464469994
741,1464469989,1464469994,1464469994,1464469994
742,1464469989,1464469994,1464469994,1464469994
743,1464469989,1464469993,1464469993,1464469993
744,1464469989,1464469994,1464469994,1464469994
745,1464469989,1464469994,1464469994,1464469994
746,1464469989,1464469994,1464469994,1464469994
747,1464469989,1464469994,1464469994,1464469994
748,1464469989,1464469994,1464469994,1464469994
749,1464469989,1464469996,1464469996,1464469996
750,1464469989,1464469994,1464469994,1464469994
751,1464469989,1464469993,1464469993,1464469993
752,1464469989,1464469993,1464469993,1464469993
753,1464469989,1464469994,1464469994,1464469994
754,1464469989,1464469996,1464469996,1464469996
755,1464469989,1464469993,1464469993,1464469993
756,1464469989,1464469996,1464469996,1464469996
757,1464469989,1464469993,1464469993,1464469993
758,1464469989,1464469994,1464469994,1464469994
759,1464469989,1464469994,1464469994,1464469994
760,1464469989,1464469993,1464469994,1464469994
761,1464469989,1464469994,1464469994,1464469994
762,1464469989,1464469994,1464469994,1464469994
763,1464469989,1464469994,1464469994,1464469995
764,1464469989,1464469993,1464469994,1464469994
765,1464469989,1464469994,1464469994,1464469994
766,1464469989,1464469994,1464469994,1464469994
767,1464469989,1464469994,1464469994,1464469994
768,1464469989,1464469994,1464469994,1464469994
769,1464469989,1464469993,1464469993,1464469993
770,1464469989,1464469993,1464469993,1464469993
771,1464469989,1464469994,1464469994,1464469994
772,1464469989,1464469994,1464469994,1464469994
773,1464469989,1464469994,1464469994,1464469994
774,1464469989,1464469994,1464469994,1464469994
775,1464469989,1464469994,1464469994,1464469994
776,1464469989,1464469992,1464469993,1464469993
777,1464469989,1464469993,1464469993,1464469993
778,1464469989,1464469993,1464469993,1464469993
779,1464469989,1464469994,1464469994,1464469994
780,1464469989,1464469994,1464469994,1464469994
781,1464469989,1464469992,1464469993,1464469993
782,1464469989,1464469996,1464469996,1464469996
783,1464469989,1464469994,1464469994,1464469994
784,1464469989,1464469996,1464469996,1464469996
785,1464469989,1464469994,1464469994,1464469994
786,1464469989,1464469996,1464469996,1464469996
787,1464469989,1464469993,1464469993,1464469993
788,1464469989,1464469994,1464469994,1464469994
789,1464469989,1464469994,1464469994,1464469994
790,1464469989,1464469994,1464469994,1464469994
791,1464469989,1464469994,1464469994,1464469994
792,1464469989,1464469992,1464469993,1464469993
793,1464469989,1464469994,1464469994,1464469994
794,1464469989,1464469994,1464469994,1464469994
795,1464469989,1464469994,1464469994,1464469994
796,1464469989,1464469993,1464469993,1464469993
797,1464469989,1464469993,1464469993,1464469993
798,1464469989,1464469994,1464469994,1464469995
799,1464469989,1464469993,1464469993,1464469993
800,1464469989,1464469996,1464469996,1464469996
801,1464469989,1464469994,1464469994,1464469994
802,1464469989,1464469993,1464469993,1464469994
803,1464469989,1464469996,1464469996,1464469996
804,1464469989,1464469993,1464469994,1464469994
805,1464469989,1464469995,1464469995,1464469995
806,1464469989,1464469993,1464469993,1464469993
807,1464469989,1464469993,1464469993,1464469993
808,1464469989,1464469994,1464469994,1464469994
809,1464469989,1464469993,1464469993,1464469993
810,1464469989,1464469993,1464469993,1464469993
811,1464469989,1464469994,1464469994,1464469994
812,1464469989,1464469994,1464469994,1464469994
813,1464469989,1464469996,1464469996,1464469996
814,1464469989,1464469994,1464469994,1464469994
815,1464469989,1464469993,1464469993,1464469993
816,1464469989,1464469996,1464469996,1464469996
817,1464469989,1464469996,1464469996,1464469996
818,1464469989,1464469993,1464469993,1464469993
819,1464469989,1464469993,1464469993,1464469994
820,1464469989,1464469993,1464469993,1464469993
821,1464469989,1464469993,1464469994,1464469994
822,1464469989,1464469994,1464469994,1464469994
823,1464469989,1464469993,1464469993,1464469993
824,1464469989,1464469996,1464469996,1464469996
825,1464469989,1464469993,1464469993,1464469993
826,1464469989,1464469993,1464469993,1464469993
827,1464469989,1464469994,1464469994,1464469994
828,1464469989,1464469994,1464469994,1464469994
829,1464469989,1464469994,1464469994,1464469994
830,1464469989,1464469994,1464469994,1464469994
831,1464469989,1464469994,1464469994,1464469994
832,1464469989,1464469993,1464469993,1464469993
833,1464469989,1464469993,1464469993,1464469993
834,1464469989,1464469994,1464469994,1464469994
835,1464469989,1464469994,1464469994,1464469994
836,1464469989,1464469994,1464469994,1464469994
837,1464469989,1464469992,1464469992,1464469992
838,1464469989,1464469994,1464469994,1464469994
839,1464469989,1464469994,1464469994,1464469994
840,1464469989,1464469993,1464469993,1464469993
841,1464469989,1464469994,1464469994,1464469994
842,1464469989,1464469993,1464469993,1464469993
843,1464469989,1464469993,1464469993,1464469993
844,1464469989,1464469994,1464469994,1464469994
845,1464469989,1464469994,1464469994,1464469994
846,1464469989,1464469994,1464469994,1464469994
847,1464469989,1464469994,1464469994,1464469994
848,1464469989,1464469994,1464469994,1464469994
849,1464469989,1464469993,1464469993,1464469993
850,1464469989,1464469994,1464469994,1464469994
851,1464469989,1464469993,1464469993,1464469993
852,1464469989,1464469996,1464469996,1464469996
853,1464469989,1464469994,1464469994,1464469994
854,1464469989,1464469994,1464469994,1464469994
855,1464469989,1464469996,1464469996,1464469996
856,1464469989,1464469994,1464469994,1464469994
857,1464469989,1464469996,1464469996,1464469996
858,1464469989,1464469993,1464469993,1464469993
859,1464469989,1464469994,1464469994,1464469994
860,1464469989,1464469993,1464469993,1464469993
861,1464469989,1464469993,1464469994,1464469994
862,1464469989,1464469994,1464469994,1464469994
863,1464469989,1464469993,1464469993,1464469993
864,1464469989,1464469993,1464469993,1464469993
865,1464469989,1464469994,1464469994,1464469994
866,1464469989,1464469994,1464469994,1464469994
867,1464469989,1464469993,1464469993,1464469993
868,1464469989,1464469994,1464469994,1464469995
869,1464469989,1464469994,1464469994,1464469994
870,1464469989,1464469994,1464469994,1464469995
871,1464469989,1464469993,1464469993,1464469993
872,1464469989,1464469994,1464469994,1464469994
873,1464469989,1464469994,1464469994,1464469994
874,1464469989,1464469993,1464469993,1464469993
875,1464469989,1464469993,1464469993,1464469993
876,1464469989,1464469992,1464469992,1464469992
877,1464469989,1464469993,1464469993,1464469993
878,1464469989,1464469993,1464469994,1464469994
879,1464469989,1464469994,1464469994,1464469994
880,1464469989,1464469994,1464469994,1464469994
881,1464469989,1464469993,1464469994,1464469994
882,1464469989,1464469993,1464469993,1464469993
883,1464469989,1464469994,1464469994,1464469994
884,1464469989,1464469993,1464469993,1464469993
885,1464469989,1464469993,1464469993,1464469994
886,1464469989,1464469994,1464469994,1464469994
887,1464469989,1464469994,1464469994,1464469994
888,1464469989,1464469994,1464469994,1464469995
889,1464469989,1464469993,1464469994,1464469994
890,1464469989,1464469993,1464469993,1464469993
891,1464469989,1464469994,1464469994,1464469994
892,1464469989,1464469993,1464469993,1464469993
893,1464469989,1464469994,1464469994,1464469994
894,1464469989,1464469993,1464469993,1464469993
895,1464469989,1464469994,1464469994,1464469994
896,1464469989,1464469993,1464469994,1464469994
897,1464469989,1464469993,1464469993,1464469993
898,1464469989,1464469994,1464469994,1464469994
