0,1466914786.098000,1466914786.961000,1466914790.025090,1466914790.145000
1,1466914786.098000,1466914786.911265,1466914787.860267,1466914787.978000
2,1466914786.098000,1466914786.984432,1466914788.233215,1466914788.368000
3,1466914786.098000,1466914786.945845,1466914789.023339,1466914789.140000
4,1466914786.098000,1466914786.940654,1466914788.528434,1466914788.629000
5,1466914786.099000,1466914786.916334,1466914790.340454,1466914790.468000
6,1466914786.099000,1466914786.929224,1466914788.240675,1466914788.372000
7,1466914786.099000,1466914786.952593,1466914788.906497,1466914789.063000
8,1466914786.099000,1466914786.928142,1466914788.937673,1466914789.065000
9,1466914786.099000,1466914786.930722,1466914788.778330,1466914788.868000
10,1466914786.099000,1466914786.902749,1466914787.982037,1466914788.128000
11,1466914786.099000,1466914786.951358,1466914789.597596,1466914789.675000
12,1466914786.099000,1466914786.952933,1466914788.351671,1466914788.472000
13,1466914786.099000,1466914786.946855,1466914788.345179,1466914788.468000
14,1466914786.099000,1466914786.963500,1466914788.273555,1466914788.389000
15,1466914786.099000,1466914786.845613,1466914788.703210,1466914788.812000
16,1466914786.099000,1466914786.908839,1466914788.802327,1466914788.928000
17,1466914786.100000,1466914786.941517,1466914788.897484,1466914789.016000
18,1466914786.100000,1466914786.979198,1466914788.193295,1466914788.308000
19,1466914786.100000,1466914786.958523,1466914788.029424,1466914788.103000
20,1466914786.100000,1466914786.946668,1466914788.237949,1466914788.374000
21,1466914786.100000,1466914786.968922,1466914788.504767,1466914788.598000
22,1466914786.101000,1466914787.003503,1466914788.143457,1466914788.267000
23,1466914786.101000,1466914786.986744,1466914788.177372,1466914788.285000
24,1466914786.101000,1466914786.946728,1466914788.515885,1466914788.647000
25,1466914786.101000,1466914786.984563,1466914788.235181,1466914788.370000
26,1466914786.102000,1466914787.010968,1466914789.433434,1466914789.554000
27,1466914786.102000,1466914787.031323,1466914788.885369,1466914788.994000
28,1466914786.102000,1466914786.926082,1466914788.109912,1466914788.268000
29,1466914786.102000,1466914786.999187,1466914788.326776,1466914788.465000
30,1466914786.102000,1466914786.981699,1466914788.429966,1466914788.546000
31,1466914786.102000,1466914786.957567,1466914789.113235,1466914789.208000
32,1466914786.102000,1466914786.913721,1466914790.165245,1466914790.277000
33,1466914786.103000,1466914786.932568,1466914788.589153,1466914788.718000
34,1466914786.103000,1466914786.983162,1466914788.230592,1466914788.321000
35,1466914786.103000,1466914787.026190,1466914789.515415,1466914789.638000
36,1466914786.105000,1466914787.018529,1466914788.213390,1466914788.351000
37,1466914786.105000,1466914786.960769,1466914788.171615,1466914788.305000
38,1466914786.105000,1466914787.011871,1466914788.197189,1466914788.353000
39,1466914786.105000,1466914786.922116,1466914789.393203,1466914789.534000
40,1466914786.106000,1466914786.956262,1466914788.133985,1466914788.255000
41,1466914786.106000,1466914786.940633,1466914788.168603,1466914788.275000
42,1466914786.106000,1466914786.918332,1466914789.017234,1466914789.125000
43,1466914786.106000,1466914786.964523,1466914788.247722,1466914788.369000
44,1466914786.106000,1466914786.892170,1466914788.047446,1466914788.190000
45,1466914786.106000,1466914786.948177,1466914789.037350,1466914789.152000
46,1466914786.106000,1466914786.950719,1466914790.994473,1466914791.102000
47,1466914786.107000,1466914786.983036,1466914788.464933,1466914788.572000
48,1466914786.107000,1466914786.986861,1466914788.498838,1466914788.590000
49,1466914786.107000,1466914786.982282,1466914788.193010,1466914788.334000
50,1466914786.107000,1466914786.935752,1466914788.398173,1466914788.524000
51,1466914786.107000,1466914787.282980,1466914791.950556,1466914792.052000
52,1466914786.107000,1466914787.311413,1466914788.450867,1466914788.568000
53,1466914786.108000,1466914787.013658,1466914788.361572,1466914788.452000
54,1466914786.108000,1466914786.996173,1466914788.344136,1466914788.480000
55,1466914786.108000,1466914787.006895,1466914788.351294,1466914788.462000
56,1466914786.108000,1466914787.016141,1466914790.620467,1466914790.759000
57,1466914786.108000,1466914787.052690,1466914788.534438,1466914788.661000
58,1466914786.108000,1466914786.997491,1466914789.731505,1466914789.858000
59,1466914786.109000,1466914787.074230,1466914788.652323,1466914788.770000
60,1466914786.109000,1466914786.927795,1466914788.032678,1466914788.148000
61,1466914786.109000,1466914786.932631,1466914787.923706,1466914788.027000
62,1466914786.109000,1466914787.029911,1466914788.257133,1466914788.367000
63,1466914786.109000,1466914787.019823,1466914788.172950,1466914788.291000
64,1466914786.111000,1466914786.982529,1466914792.016158,1466914792.143000
65,1466914786.113000,1466914786.951995,1466914788.404689,1466914788.500000
66,1466914786.112000,1466914786.989073,1466914788.883896,1466914789.001000
67,1466914786.113000,1466914786.992048,1466914788.314128,1466914788.397000
68,1466914786.115000,1466914787.009697,1466914789.010807,1466914789.136000
69,1466914786.115000,1466914786.988996,1466914788.217822,1466914788.352000
70,1466914786.115000,1466914787.045298,1466914788.228490,1466914788.376000
71,1466914786.115000,1466914787.051473,1466914788.205370,1466914788.297000
72,1466914786.116000,1466914787.002116,1466914788.649381,1466914788.748000
73,1466914786.116000,1466914786.969055,1466914788.896772,1466914789.029000
74,1466914786.117000,1466914786.987164,1466914789.204829,1466914789.361000
75,1466914786.117000,1466914786.990765,1466914788.544859,1466914788.666000
76,1466914786.117000,1466914786.954415,1466914789.929105,1466914790.033000
77,1466914786.118000,1466914787.046679,1466914789.219116,1466914789.348000
78,1466914786.118000,1466914787.062424,1466914788.461711,1466914788.580000
79,1466914786.118000,1466914786.969677,1466914788.752962,1466914788.887000
80,1466914786.118000,1466914786.979905,1466914788.432145,1466914788.543000
81,1466914786.118000,1466914786.998274,1466914788.654976,1466914788.771000
82,1466914786.118000,1466914787.052166,1466914788.410654,1466914788.533000
83,1466914786.118000,1466914786.917191,1466914788.334240,1466914788.477000
84,1466914786.119000,1466914787.086025,1466914788.635291,1466914788.770000
85,1466914786.119000,1466914786.903589,1466914787.978727,1466914788.118000
86,1466914786.119000,1466914787.059935,1466914788.208728,1466914788.331000
87,1466914786.119000,1466914786.920881,1466914787.933689,1466914788.009000
88,1466914786.119000,1466914787.073852,1466914788.287386,1466914788.426000
89,1466914786.119000,1466914787.276451,1466914788.516511,1466914788.607000
90,1466914786.119000,1466914786.950062,1466914788.194377,1466914788.304000
91,1466914786.119000,1466914786.989659,1466914789.614605,1466914789.723000
92,1466914786.119000,1466914787.037525,1466914788.277138,1466914788.455000
93,1466914786.119000,1466914787.007234,1466914788.170833,1466914788.327000
94,1466914786.119000,1466914787.012965,1466914789.742768,1466914789.856000
95,1466914786.119000,1466914787.009857,1466914790.297831,1466914790.425000
96,1466914786.119000,1466914787.030776,1466914788.974906,1466914789.120000
97,1466914786.119000,1466914786.990984,1466914789.339227,1466914789.453000
98,1466914786.119000,1466914786.998906,1466914790.064403,1466914790.167000
99,1466914786.119000,1466914786.978969,1466914788.909132,1466914788.997000
100,1466914786.119000,1466914786.953414,1466914788.376060,1466914788.531000
101,1466914786.119000,1466914787.005407,1466914788.295288,1466914788.427000
102,1466914786.119000,1466914786.981902,1466914788.453393,1466914788.549000
103,1466914786.120000,1466914787.013442,1466914788.706219,1466914788.854000
104,1466914786.120000,1466914787.085269,1466914789.941963,1466914790.058000
105,1466914786.120000,1466914787.018589,1466914790.047446,1466914790.140000
106,1466914786.120000,1466914787.057647,1466914788.387698,1466914788.504000
107,1466914786.120000,1466914787.060153,1466914788.270254,1466914788.361000
108,1466914786.120000,1466914787.078374,1466914789.112363,1466914789.219000
109,1466914786.120000,1466914787.026950,1466914788.340984,1466914788.472000
110,1466914786.120000,1466914787.069944,1466914789.832827,1466914789.977000
111,1466914786.120000,1466914786.944781,1466914788.318467,1466914788.437000
112,1466914786.120000,1466914790.223831,1466914793.479317,1466914793.564000
113,1466914786.120000,1466914787.047401,1466914788.304709,1466914788.425000
114,1466914786.120000,1466914787.017857,1466914788.273355,1466914788.366000
115,1466914786.120000,1466914786.912794,1466914788.940774,1466914789.078000
116,1466914786.120000,1466914787.012340,1466914788.162415,1466914788.278000
117,1466914786.120000,1466914786.992120,1466914788.248866,1466914788.370000
118,1466914786.121000,1466914787.063494,1466914788.247275,1466914788.376000
119,1466914786.124000,1466914786.976486,1466914788.884529,1466914788.990000
120,1466914786.122000,1466914786.937989,1466914788.591363,1466914788.674000
121,1466914786.122000,1466914787.066769,1466914789.187404,1466914789.319000
122,1466914786.122000,1466914787.056307,1466914788.249945,1466914788.372000
123,1466914786.123000,1466914787.012550,1466914789.161048,1466914789.285000
124,1466914786.125000,1466914786.993008,1466914788.260451,1466914788.396000
125,1466914786.129000,1466914786.992039,1466914788.922668,1466914789.067000
126,1466914786.129000,1466914786.941337,1466914788.160655,1466914788.274000
127,1466914786.132000,1466914786.954838,1466914787.984627,1466914788.135000
128,1466914786.126000,1466914786.993147,1466914790.941241,1466914791.073000
129,1466914786.132000,1466914786.997839,1466914788.315942,1466914788.450000
130,1466914786.132000,1466914786.961633,1466914788.784254,1466914788.916000
131,1466914786.129000,1466914787.028657,1466914788.591132,1466914788.715000
132,1466914786.130000,1466914786.994223,1466914788.951099,1466914789.047000
133,1466914786.134000,1466914787.045805,1466914789.795529,1466914789.912000
134,1466914786.131000,1466914787.015180,1466914788.781108,1466914788.929000
135,1466914786.131000,1466914790.304260,1466914793.539985,1466914793.631000
136,1466914786.132000,1466914787.032039,1466914788.235802,1466914788.368000
137,1466914786.134000,1466914786.998372,1466914788.052629,1466914788.155000
138,1466914786.136000,1466914787.048333,1466914788.326346,1466914788.410000
139,1466914786.146000,1466914787.068833,1466914788.444862,1466914788.577000
140,1466914786.141000,1466914786.985509,1466914788.303102,1466914788.420000
141,1466914786.142000,1466914787.013346,1466914788.457165,1466914788.563000
142,1466914786.138000,1466914787.076106,1466914788.304097,1466914788.429000
143,1466914786.139000,1466914787.025364,1466914788.244995,1466914788.387000
144,1466914786.138000,1466914787.159825,1466914788.348445,1466914788.502000
145,1466914786.139000,1466914787.059251,1466914788.395002,1466914788.525000
146,1466914786.140000,1466914787.037138,1466914788.256812,1466914788.360000
147,1466914786.140000,1466914787.009697,1466914789.413729,1466914789.533000
148,1466914786.141000,1466914787.080055,1466914788.224335,1466914788.369000
149,1466914786.142000,1466914787.015739,1466914788.444647,1466914788.553000
150,1466914786.143000,1466914787.060384,1466914788.404219,1466914788.525000
151,1466914786.142000,1466914786.938242,1466914788.145681,1466914788.256000
152,1466914786.143000,1466914787.080510,1466914788.358894,1466914788.469000
153,1466914786.145000,1466914789.882552,1466914793.657477,1466914793.778000
154,1466914786.145000,1466914787.055201,1466914788.305717,1466914788.408000
155,1466914786.146000,1466914787.009093,1466914789.045238,1466914789.165000
156,1466914786.147000,1466914787.059216,1466914788.244068,1466914788.349000
157,1466914786.148000,1466914787.259695,1466914788.750503,1466914788.847000
158,1466914786.150000,1466914787.202363,1466914788.890587,1466914789.033000
159,1466914786.148000,1466914787.185497,1466914789.210018,1466914789.333000
160,1466914786.149000,1466914787.012593,1466914789.336856,1466914789.434000
161,1466914786.150000,1466914787.337840,1466914790.051865,1466914790.172000
162,1466914786.150000,1466914787.450521,1466914790.415299,1466914790.514000
163,1466914786.150000,1466914794.463914,1466914795.632192,1466914795.729000
164,1466914786.151000,1466914787.322524,1466914791.015507,1466914791.114000
165,1466914786.150000,1466914787.347776,1466914790.039255,1466914790.160000
166,1466914786.150000,1466914787.135177,1466914788.488361,1466914788.589000
167,1466914786.150000,1466914786.981817,1466914788.360174,1466914788.516000
168,1466914786.150000,1466914786.992001,1466914789.587397,1466914789.703000
169,1466914786.152000,1466914787.150020,1466914789.751876,1466914789.887000
170,1466914786.151000,1466914787.053124,1466914788.440978,1466914788.544000
171,1466914786.151000,1466914791.821093,1466914792.881859,1466914792.967000
172,1466914786.151000,1466914786.992172,1466914790.171357,1466914790.270000
173,1466914786.152000,1466914792.385345,1466914793.546983,1466914793.691000
174,1466914786.152000,1466914787.193478,1466914790.172744,1466914790.262000
175,1466914786.152000,1466914787.197811,1466914789.106266,1466914789.213000
176,1466914786.152000,1466914787.188797,1466914788.512603,1466914788.604000
177,1466914786.154000,1466914787.317008,1466914789.743900,1466914789.833000
178,1466914786.155000,1466914793.138112,1466914794.481154,1466914794.578000
179,1466914786.154000,1466914787.370882,1466914792.576573,1466914792.707000
180,1466914786.153000,1466914787.205910,1466914789.269736,1466914789.377000
181,1466914786.155000,1466914795.878158,1466914797.165728,1466914797.289000
182,1466914786.155000,1466914787.389744,1466914789.533865,1466914789.628000
183,1466914786.156000,1466914787.299823,1466914789.011322,1466914789.151000
184,1466914786.155000,1466914787.168271,1466914788.800118,1466914788.930000
185,1466914786.155000,1466914787.169316,1466914788.470669,1466914788.585000
186,1466914786.156000,1466914787.345833,1466914792.642338,1466914792.769000
187,1466914786.155000,1466914787.236814,1466914788.955271,1466914789.074000
188,1466914786.155000,1466914787.188683,1466914789.765265,1466914790.630000
189,1466914786.156000,1466914787.442064,1466914788.659386,1466914788.770000
190,1466914786.156000,1466914787.191554,1466914788.931508,1466914789.063000
191,1466914786.156000,1466914794.772688,1466914796.042976,1466914796.147000
192,1466914786.156000,1466914787.255022,1466914790.115423,1466914790.212000
193,1466914786.156000,1466914787.059608,1466914790.519761,1466914790.616000
194,1466914786.156000,1466914787.286737,1466914790.388767,1466914790.515000
195,1466914786.156000,1466914787.137873,1466914788.747992,1466914788.834000
196,1466914786.156000,1466914793.494353,1466914794.741091,1466914794.848000
197,1466914786.156000,1466914787.415380,1466914790.786694,1466914790.916000
198,1466914786.157000,1466914787.256900,1466914789.824374,1466914789.942000
199,1466914786.157000,1466914787.179006,1466914789.284291,1466914789.375000
200,1466914786.157000,1466914787.398528,1466914791.302993,1466914791.385000
201,1466914786.156000,1466914787.242888,1466914790.397903,1466914790.525000
202,1466914786.157000,1466914787.217566,1466914789.679910,1466914789.810000
203,1466914786.156000,1466914787.066906,1466914790.499615,1466914790.609000
204,1466914786.158000,1466914787.373798,1466914789.917343,1466914790.036000
205,1466914786.157000,1466914787.267430,1466914790.382961,1466914790.527000
206,1466914786.157000,1466914787.477489,1466914789.510302,1466914789.615000
207,1466914786.157000,1466914794.077884,1466914795.326781,1466914795.456000
208,1466914786.157000,1466914787.393262,1466914788.480767,1466914788.589000
209,1466914786.157000,1466914787.248331,1466914790.116724,1466914790.210000
210,1466914786.157000,1466914787.195607,1466914790.662695,1466914790.754000
211,1466914786.157000,1466914787.255739,1466914789.075042,1466914789.158000
212,1466914786.159000,1466914794.249151,1466914795.531583,1466914795.638000
213,1466914786.158000,1466914792.979576,1466914794.216464,1466914794.326000
214,1466914786.158000,1466914791.945439,1466914793.085941,1466914793.178000
215,1466914786.157000,1466914787.370404,1466914788.597042,1466914788.708000
216,1466914786.159000,1466914794.140307,1466914795.689842,1466914795.792000
217,1466914786.168000,1466914791.947325,1466914793.209799,1466914793.297000
218,1466914786.177000,1466914787.476551,1466914789.831450,1466914789.936000
219,1466914786.164000,1466914793.105744,1466914794.305491,1466914794.384000
220,1466914786.173000,1466914792.771411,1466914794.561752,1466914794.640000
221,1466914786.159000,1466914793.046019,1466914794.557991,1466914794.660000
222,1466914786.158000,1466914794.804847,1466914796.147930,1466914796.247000
223,1466914786.172000,1466914787.517571,1466914789.714903,1466914789.846000
224,1466914786.160000,1466914793.274954,1466914794.518023,1466914794.617000
225,1466914786.159000,1466914790.145349,1466914790.938359,1466914791.032000
226,1466914786.158000,1466914787.419599,1466914791.347545,1466914791.445000
227,1466914786.159000,1466914793.506911,1466914794.767333,1466914794.914000
228,1466914786.159000,1466914794.812610,1466914796.111271,1466914796.196000
229,1466914786.159000,1466914792.901792,1466914794.098819,1466914794.234000
230,1466914786.159000,1466914794.154232,1466914795.532962,1466914795.670000
231,1466914786.167000,1466914792.406337,1466914793.629670,1466914793.725000
232,1466914786.159000,1466914794.421674,1466914795.571012,1466914795.707000
233,1466914786.159000,1466914792.500466,1466914793.705061,1466914793.823000
234,1466914786.158000,1466914787.474609,1466914789.018178,1466914789.117000
235,1466914786.166000,1466914787.441382,1466914790.601210,1466914790.746000
236,1466914786.159000,1466914793.084918,1466914794.274490,1466914794.419000
237,1466914786.224000,1466914793.859373,1466914795.022523,1466914795.179000
238,1466914786.174000,1466914792.860939,1466914794.120071,1466914794.260000
239,1466914786.160000,1466914787.482043,1466914788.606220,1466914788.683000
240,1466914786.169000,1466914787.584745,1466914789.325409,1466914789.405000
241,1466914786.174000,1466914787.337536,1466914789.408743,1466914789.509000
242,1466914786.172000,1466914792.672021,1466914793.801432,1466914793.903000
243,1466914786.172000,1466914792.623796,1466914793.719935,1466914793.821000
244,1466914786.168000,1466914793.011264,1466914794.179307,1466914794.257000
245,1466914786.164000,1466914793.075963,1466914794.382476,1466914794.468000
246,1466914786.226000,1466914787.521804,1466914789.258243,1466914789.373000
247,1466914786.159000,1466914787.408549,1466914789.413858,1466914789.526000
248,1466914786.158000,1466914787.471163,1466914791.133809,1466914791.261000
249,1466914786.178000,1466914792.949975,1466914794.175669,1466914794.272000
250,1466914786.227000,1466914793.004837,1466914794.279125,1466914794.389000
251,1466914786.160000,1466914787.402549,1466914791.881201,1466914791.993000
252,1466914786.173000,1466914793.442012,1466914794.632780,1466914794.731000
253,1466914786.159000,1466914793.717987,1466914794.958803,1466914795.056000
254,1466914786.160000,1466914791.612162,1466914792.636516,1466914792.756000
255,1466914786.174000,1466914793.407013,1466914794.696704,1466914794.798000
256,1466914786.226000,1466914787.515422,1466914788.785061,1466914788.886000
257,1466914786.225000,1466914793.674764,1466914795.158939,1466914795.254000
258,1466914786.226000,1466914793.133881,1466914794.351107,1466914794.433000
259,1466914786.167000,1466914794.431377,1466914795.779023,1466914795.900000
260,1466914786.160000,1466914793.471455,1466914794.666506,1466914794.748000
261,1466914786.225000,1466914794.112455,1466914795.436164,1466914795.559000
262,1466914786.173000,1466914794.506190,1466914795.771686,1466914795.867000
263,1466914786.176000,1466914787.542028,1466914788.594697,1466914788.691000
264,1466914786.208000,1466914793.581736,1466914794.836091,1466914794.917000
265,1466914786.225000,1466914792.192534,1466914793.334067,1466914793.455000
266,1466914786.177000,1466914787.408552,1466914789.414414,1466914789.527000
267,1466914786.171000,1466914792.962045,1466914794.184523,1466914794.301000
268,1466914786.176000,1466914787.523324,1466914790.050412,1466914790.125000
269,1466914786.179000,1466914792.890106,1466914794.107944,1466914794.226000
270,1466914786.180000,1466914792.189543,1466914793.256106,1466914793.373000
271,1466914786.170000,1466914791.473303,1466914792.622102,1466914792.687000
272,1466914786.172000,1466914787.526153,1466914789.089734,1466914789.181000
273,1466914786.164000,1466914787.474154,1466914789.404919,1466914789.492000
274,1466914786.176000,1466914792.532777,1466914793.626366,1466914793.801000
275,1466914786.226000,1466914792.656945,1466914793.859256,1466914793.941000
276,1466914786.226000,1466914791.277473,1466914792.352192,1466914792.454000
277,1466914786.176000,1466914792.186112,1466914793.411562,1466914793.526000
278,1466914786.173000,1466914787.454187,1466914790.079191,1466914790.212000
279,1466914786.230000,1466914787.461585,1466914791.930440,1466914792.028000
280,1466914786.224000,1466914792.562597,1466914793.756570,1466914793.845000
281,1466914786.228000,1466914787.443116,1466914792.126866,1466914792.263000
282,1466914786.172000,1466914793.911676,1466914795.197609,1466914795.291000
283,1466914786.174000,1466914792.928951,1466914793.930163,1466914794.067000
284,1466914786.177000,1466914790.508221,1466914793.004292,1466914793.106000
285,1466914786.175000,1466914791.534403,1466914792.692399,1466914792.794000
286,1466914786.172000,1466914787.492452,1466914788.625690,1466914788.700000
287,1466914786.180000,1466914794.214330,1466914795.517727,1466914795.633000
288,1466914786.228000,1466914793.271580,1466914794.591438,1466914794.727000
289,1466914786.228000,1466914791.456775,1466914792.638585,1466914792.713000
290,1466914786.227000,1466914787.535283,1466914788.756798,1466914788.867000
291,1466914786.176000,1466914795.806128,1466914797.067590,1466914797.214000
292,1466914786.180000,1466914793.727542,1466914794.992395,1466914795.116000
293,1466914786.176000,1466914792.952459,1466914794.185941,1466914794.279000
294,1466914786.178000,1466914793.829042,1466914795.043714,1466914795.174000
295,1466914786.227000,1466914792.712523,1466914793.900193,1466914794.001000
296,1466914786.227000,1466914794.269036,1466914795.357393,1466914795.482000
297,1466914786.173000,1466914792.303362,1466914793.655253,1466914793.746000
298,1466914786.166000,1466914787.454463,1466914790.383797,1466914790.500000
299,1466914786.227000,1466914795.837839,1466914797.162580,1466914797.289000
300,1466914786.168000,1466914795.646547,1466914796.926205,1466914797.033000
301,1466914786.176000,1466914794.775619,1466914795.942605,1466914796.094000
302,1466914786.224000,1466914794.709638,1466914795.904471,1466914796.045000
303,1466914786.226000,1466914787.525696,1466914789.239486,1466914789.336000
304,1466914786.226000,1466914792.286614,1466914793.430780,1466914793.546000
305,1466914786.164000,1466914787.195588,1466914788.317183,1466914788.427000
306,1466914786.174000,1466914792.770535,1466914793.952536,1466914794.067000
307,1466914786.174000,1466914793.478021,1466914794.798116,1466914794.893000
308,1466914786.231000,1466914791.721174,1466914792.762784,1466914792.867000
309,1466914786.176000,1466914792.876185,1466914794.129966,1466914794.229000
310,1466914786.165000,1466914787.484134,1466914789.347263,1466914789.454000
311,1466914786.173000,1466914793.432582,1466914794.569296,1466914794.675000
312,1466914786.228000,1466914793.615461,1466914794.801277,1466914794.933000
313,1466914786.225000,1466914792.064981,1466914793.112312,1466914793.204000
314,1466914786.170000,1466914792.587015,1466914793.682761,1466914793.822000
315,1466914786.228000,1466914787.497447,1466914788.971744,1466914789.069000
316,1466914786.172000,1466914793.630337,1466914794.885804,1466914795.016000
317,1466914786.178000,1466914792.229724,1466914793.323516,1466914793.430000
318,1466914786.177000,1466914787.225635,1466914788.508172,1466914788.602000
319,1466914786.227000,1466914791.700902,1466914792.628553,1466914792.730000
320,1466914786.165000,1466914791.249742,1466914793.486725,1466914793.588000
321,1466914786.176000,1466914787.523869,1466914788.735557,1466914788.829000
322,1466914786.175000,1466914792.791708,1466914794.037902,1466914794.153000
323,1466914786.171000,1466914790.332986,1466914791.318683,1466914791.412000
324,1466914786.169000,1466914793.256866,1466914794.504381,1466914794.586000
325,1466914786.174000,1466914787.358307,1466914791.008170,1466914791.120000
326,1466914786.227000,1466914792.049284,1466914793.113869,1466914793.193000
327,1466914786.176000,1466914792.687421,1466914793.838805,1466914793.935000
328,1466914786.180000,1466914792.205719,1466914793.373542,1466914793.460000
329,1466914786.178000,1466914793.048240,1466914794.245502,1466914794.394000
330,1466914786.226000,1466914793.353984,1466914794.461726,1466914794.539000
331,1466914786.226000,1466914791.160372,1466914792.096879,1466914792.208000
332,1466914786.227000,1466914791.930682,1466914792.937128,1466914793.026000
333,1466914786.213000,1466914787.522626,1466914788.716545,1466914788.809000
334,1466914786.226000,1466914794.098183,1466914795.341673,1466914795.453000
335,1466914786.225000,1466914791.393562,1466914792.660974,1466914792.768000
336,1466914786.225000,1466914791.760143,1466914792.722306,1466914792.814000
337,1466914786.228000,1466914791.947626,1466914793.042237,1466914793.135000
338,1466914786.173000,1466914795.635722,1466914796.893885,1466914797.013000
339,1466914786.173000,1466914792.983241,1466914794.166641,1466914794.281000
340,1466914786.180000,1466914795.890527,1466914797.224831,1466914797.298000
341,1466914786.177000,1466914792.769602,1466914793.971742,1466914794.084000
342,1466914786.174000,1466914787.385732,1466914788.316515,1466914788.393000
343,1466914786.171000,1466914794.815697,1466914796.047870,1466914796.168000
344,1466914786.175000,1466914790.177304,1466914792.977740,1466914793.123000
345,1466914786.175000,1466914792.226126,1466914793.490379,1466914793.579000
346,1466914786.175000,1466914793.063476,1466914794.356667,1466914794.437000
347,1466914786.176000,1466914792.127463,1466914793.248804,1466914793.392000
348,1466914786.170000,1466914792.891015,1466914794.144133,1466914794.224000
349,1466914786.171000,1466914792.444611,1466914793.619257,1466914793.742000
350,1466914786.178000,1466914787.489759,1466914788.765817,1466914788.839000
351,1466914786.172000,1466914792.719401,1466914793.886931,1466914793.973000
352,1466914786.178000,1466914790.946234,1466914792.150443,1466914792.237000
353,1466914786.181000,1466914793.093046,1466914794.416522,1466914794.507000
354,1466914786.175000,1466914794.504605,1466914795.699746,1466914795.796000
355,1466914786.180000,1466914793.078570,1466914794.301711,1466914794.379000
356,1466914786.168000,1466914794.090259,1466914795.273396,1466914795.367000
357,1466914786.171000,1466914787.530555,1466914788.686206,1466914788.762000
358,1466914786.173000,1466914793.691245,1466914794.877401,1466914795.001000
359,1466914786.173000,1466914792.203463,1466914793.473335,1466914793.566000
360,1466914786.177000,1466914787.591176,1466914788.792697,1466914788.906000
361,1466914786.170000,1466914794.008004,1466914795.370954,1466914795.498000
362,1466914786.174000,1466914795.799332,1466914797.133702,1466914797.230000
363,1466914786.180000,1466914787.471862,1466914789.505283,1466914789.596000
364,1466914786.180000,1466914790.893828,1466914791.825302,1466914791.906000
365,1466914786.170000,1466914791.262456,1466914792.258716,1466914792.364000
366,1466914786.176000,1466914793.583733,1466914794.824290,1466914794.924000
367,1466914786.172000,1466914795.882563,1466914797.134198,1466914797.251000
368,1466914786.174000,1466914787.372537,1466914791.236880,1466914791.357000
369,1466914786.227000,1466914795.809431,1466914797.107614,1466914797.248000
370,1466914786.181000,1466914787.439186,1466914789.780922,1466914789.870000
371,1466914786.175000,1466914792.865544,1466914794.055482,1466914794.161000
372,1466914786.181000,1466914793.422222,1466914794.536585,1466914794.636000
373,1466914786.177000,1466914793.614317,1466914794.816204,1466914794.906000
374,1466914786.175000,1466914791.262456,1466914792.345194,1466914792.464000
375,1466914786.181000,1466914794.755449,1466914796.052851,1466914796.168000
376,1466914786.182000,1466914793.326800,1466914794.560997,1466914794.665000
377,1466914786.180000,1466914794.185296,1466914795.556796,1466914795.651000
378,1466914786.180000,1466914794.045903,1466914795.315518,1466914795.454000
379,1466914786.177000,1466914793.218798,1466914794.435526,1466914794.540000
380,1466914786.173000,1466914787.524460,1466914790.125220,1466914790.190000
381,1466914786.178000,1466914793.534574,1466914794.726709,1466914794.804000
382,1466914786.174000,1466914793.563053,1466914794.742159,1466914794.856000
383,1466914786.175000,1466914787.451189,1466914790.764749,1466914790.893000
384,1466914786.175000,1466914787.461534,1466914789.766171,1466914789.893000
385,1466914786.172000,1466914793.534550,1466914794.740573,1466914794.866000
386,1466914786.170000,1466914787.417990,1466914790.433179,1466914790.549000
387,1466914786.181000,1466914793.446844,1466914794.724936,1466914794.820000
388,1466914786.175000,1466914793.134502,1466914794.230093,1466914794.318000
389,1466914786.172000,1466914787.373553,1466914790.201545,1466914790.267000
390,1466914786.173000,1466914792.689270,1466914793.783591,1466914793.865000
391,1466914786.180000,1466914794.108000,1466914795.422121,1466914795.536000
392,1466914786.174000,1466914794.610340,1466914795.851987,1466914795.948000
393,1466914786.175000,1466914787.382959,1466914789.269848,1466914789.391000
394,1466914786.174000,1466914787.153093,1466914789.236433,1466914789.325000
395,1466914786.180000,1466914792.875086,1466914794.032843,1466914794.143000
396,1466914786.173000,1466914793.672945,1466914794.889180,1466914795.006000
397,1466914786.172000,1466914791.928047,1466914793.024251,1466914793.143000
398,1466914786.176000,1466914787.510424,1466914789.788792,1466914789.894000
399,1466914786.177000,1466914792.191481,1466914793.330245,1466914793.428000
400,1466914786.177000,1466914792.794208,1466914794.200157,1466914794.282000
401,1466914786.181000,1466914792.348526,1466914793.412697,1466914793.589000
402,1466914786.176000,1466914793.368670,1466914794.695471,1466914794.796000
403,1466914786.177000,1466914787.465838,1466914788.690369,1466914788.787000
404,1466914786.174000,1466914794.906433,1466914796.139967,1466914796.265000
405,1466914786.180000,1466914793.084860,1466914794.341624,1466914794.497000
406,1466914786.181000,1466914791.967685,1466914793.061375,1466914793.153000
407,1466914786.173000,1466914787.702043,1466914788.919486,1466914788.996000
408,1466914786.180000,1466914787.263395,1466914791.452566,1466914791.540000
409,1466914786.173000,1466914787.499674,1466914792.019335,1466914792.105000
410,1466914786.168000,1466914787.483367,1466914789.751663,1466914789.826000
411,1466914786.181000,1466914794.159356,1466914795.375017,1466914795.473000
412,1466914786.173000,1466914794.135517,1466914795.401498,1466914795.534000
413,1466914786.175000,1466914787.514058,1466914789.832886,1466914789.954000
414,1466914786.176000,1466914791.378023,1466914792.500147,1466914792.607000
415,1466914786.182000,1466914787.557320,1466914788.751625,1466914788.849000
416,1466914786.179000,1466914787.529572,1466914789.311114,1466914789.431000
417,1466914786.176000,1466914792.824797,1466914794.114965,1466914794.219000
418,1466914786.180000,1466914794.850068,1466914796.070163,1466914796.155000
419,1466914786.181000,1466914787.501529,1466914789.592548,1466914789.712000
420,1466914786.173000,1466914793.372236,1466914794.598373,1466914794.675000
421,1466914786.176000,1466914793.257436,1466914794.484854,1466914794.598000
422,1466914786.178000,1466914793.254437,1466914794.432906,1466914794.539000
423,1466914786.174000,1466914791.231509,1466914792.336573,1466914792.458000
424,1466914786.176000,1466914787.458526,1466914788.565932,1466914788.666000
425,1466914786.178000,1466914795.841800,1466914797.164035,1466914797.269000
426,1466914786.176000,1466914792.920996,1466914794.097060,1466914794.191000
427,1466914786.177000,1466914791.581050,1466914792.543503,1466914792.617000
428,1466914786.177000,1466914793.272584,1466914794.530905,1466914794.665000
429,1466914786.177000,1466914795.693213,1466914796.987492,1466914797.099000
430,1466914786.171000,1466914794.204804,1466914795.539568,1466914795.655000
431,1466914786.171000,1466914792.927836,1466914794.168366,1466914794.261000
432,1466914786.177000,1466914794.406248,1466914795.524554,1466914795.660000
433,1466914786.176000,1466914793.487630,1466914794.703964,1466914794.805000
434,1466914786.175000,1466914787.433858,1466914790.225155,1466914790.348000
435,1466914786.179000,1466914795.818604,1466914797.128524,1466914797.203000
436,1466914786.176000,1466914787.459739,1466914788.648514,1466914788.745000
437,1466914786.171000,1466914787.199553,1466914788.505733,1466914788.622000
438,1466914786.170000,1466914787.425474,1466914789.833814,1466914789.946000
439,1466914786.177000,1466914792.515966,1466914793.638920,1466914793.763000
440,1466914786.181000,1466914787.468697,1466914790.465530,1466914790.586000
441,1466914786.176000,1466914792.914525,1466914794.175953,1466914794.303000
442,1466914786.177000,1466914787.458390,1466914789.079854,1466914789.177000
443,1466914786.171000,1466914793.002768,1466914794.162339,1466914794.242000
444,1466914786.176000,1466914792.570593,1466914793.773989,1466914793.922000
445,1466914786.171000,1466914787.461795,1466914789.412238,1466914789.554000
446,1466914786.179000,1466914793.510876,1466914794.766374,1466914794.868000
447,1466914786.172000,1466914791.237506,1466914792.295404,1466914792.389000
448,1466914786.166000,1466914793.204917,1466914794.504946,1466914794.633000
449,1466914786.176000,1466914792.853544,1466914794.236211,1466914794.371000
450,1466914786.174000,1466914793.148399,1466914794.361194,1466914794.496000
451,1466914786.177000,1466914792.671575,1466914793.934893,1466914794.063000
452,1466914786.179000,1466914793.772433,1466914795.097987,1466914795.212000
453,1466914786.172000,1466914790.893044,1466914792.439202,1466914792.521000
454,1466914786.179000,1466914787.441808,1466914790.297903,1466914790.407000
455,1466914786.178000,1466914787.241045,1466914789.458781,1466914789.591000
456,1466914786.169000,1466914787.545404,1466914788.744008,1466914788.817000
457,1466914786.175000,1466914792.166087,1466914793.471147,1466914793.611000
458,1466914786.176000,1466914787.521848,1466914788.738082,1466914788.830000
459,1466914786.174000,1466914787.492796,1466914789.219128,1466914789.353000
460,1466914786.176000,1466914791.346764,1466914792.994752,1466914793.140000
461,1466914786.172000,1466914787.395765,1466914789.931958,1466914790.014000
462,1466914786.178000,1466914793.439555,1466914794.578719,1466914794.655000
463,1466914786.174000,1466914794.666846,1466914795.888427,1466914796.025000
464,1466914786.175000,1466914791.838620,1466914792.919857,1466914792.993000
465,1466914786.175000,1466914795.768097,1466914796.980706,1466914797.093000
466,1466914786.172000,1466914791.619790,1466914792.665860,1466914792.751000
467,1466914786.175000,1466914787.482810,1466914789.905621,1466914789.983000
468,1466914786.177000,1466914787.454179,1466914790.501978,1466914790.648000
469,1466914786.173000,1466914795.799332,1466914797.149184,1466914797.223000
470,1466914786.177000,1466914791.023681,1466914792.144082,1466914792.243000
471,1466914786.174000,1466914794.866147,1466914796.066899,1466914796.185000
472,1466914786.177000,1466914793.984415,1466914795.142143,1466914795.224000
473,1466914786.169000,1466914794.777991,1466914795.888696,1466914796.028000
474,1466914786.177000,1466914791.023681,1466914792.124588,1466914792.225000
475,1466914786.177000,1466914793.462358,1466914794.730849,1466914794.868000
476,1466914786.181000,1466914794.195012,1466914795.542353,1466914795.653000
477,1466914786.176000,1466914792.087466,1466914793.308243,1466914793.433000
478,1466914786.180000,1466914787.335849,1466914789.820194,1466914789.918000
479,1466914786.176000,1466914793.383065,1466914794.651020,1466914794.736000
480,1466914786.180000,1466914793.817790,1466914795.111543,1466914795.195000
481,1466914786.173000,1466914792.508519,1466914793.827753,1466914793.944000
482,1466914786.170000,1466914793.766762,1466914795.021148,1466914795.143000
483,1466914786.171000,1466914793.507419,1466914794.849876,1466914794.944000
484,1466914786.175000,1466914794.331633,1466914795.529627,1466914795.677000
485,1466914786.175000,1466914787.401244,1466914790.952360,1466914791.088000
486,1466914786.176000,1466914792.128215,1466914793.260853,1466914793.365000
487,1466914786.176000,1466914787.426414,1466914790.493198,1466914790.628000
488,1466914786.170000,1466914795.820946,1466914797.163599,1466914797.255000
489,1466914786.178000,1466914794.167693,1466914795.503406,1466914795.617000
490,1466914786.175000,1466914793.834216,1466914795.095482,1466914795.191000
491,1466914786.175000,1466914792.954302,1466914794.212577,1466914794.366000
492,1466914786.174000,1466914793.564533,1466914794.897629,1466914795.018000
493,1466914786.169000,1466914790.995032,1466914791.856311,1466914791.936000
494,1466914786.173000,1466914793.312418,1466914794.562509,1466914794.676000
495,1466914786.176000,1466914792.209021,1466914793.391571,1466914793.513000
496,1466914786.176000,1466914792.527040,1466914793.639859,1466914793.764000
497,1466914786.176000,1466914787.382556,1466914789.545286,1466914789.675000
498,1466914786.175000,1466914787.481134,1466914789.981586,1466914790.073000
499,1466914786.174000,1466914787.444494,1466914788.375860,1466914788.460000
500,1466914786.170000,1466914787.137615,1466914789.062558,1466914789.191000
501,1466914786.172000,1466914791.746829,1466914792.966668,1466914793.110000
502,1466914786.174000,1466914793.392451,1466914794.647397,1466914794.745000
503,1466914786.173000,1466914792.326412,1466914793.497186,1466914793.577000
504,1466914786.171000,1466914787.480374,1466914791.846685,1466914791.923000
505,1466914786.177000,1466914793.541607,1466914794.870109,1466914795.012000
506,1466914786.176000,1466914793.053123,1466914794.320772,1466914794.441000
507,1466914786.175000,1466914794.047988,1466914795.358293,1466914795.477000
508,1466914786.175000,1466914790.173722,1466914792.943835,1466914793.042000
509,1466914786.178000,1466914791.275527,1466914792.344687,1466914792.428000
510,1466914786.183000,1466914787.394318,1466914790.777295,1466914790.929000
511,1466914786.174000,1466914795.726962,1466914797.065423,1466914797.190000
512,1466914786.172000,1466914792.868621,1466914794.018474,1466914794.099000
513,1466914786.169000,1466914787.471009,1466914790.652551,1466914790.739000
514,1466914786.173000,1466914792.449455,1466914793.614415,1466914793.695000
515,1466914786.176000,1466914787.411262,1466914789.579125,1466914789.686000
516,1466914786.175000,1466914792.087240,1466914793.142273,1466914793.256000
517,1466914786.178000,1466914787.431464,1466914791.826435,1466914791.904000
518,1466914786.169000,1466914791.475955,1466914792.652750,1466914792.748000
519,1466914786.170000,1466914792.573605,1466914793.727883,1466914793.868000
520,1466914786.178000,1466914792.248737,1466914793.518175,1466914793.598000
521,1466914786.181000,1466914793.133462,1466914794.312643,1466914794.469000
522,1466914786.173000,1466914792.541498,1466914793.833805,1466914793.924000
523,1466914786.172000,1466914787.351017,1466914788.270149,1466914788.359000
524,1466914786.177000,1466914792.835199,1466914794.021101,1466914794.099000
525,1466914786.177000,1466914793.599757,1466914794.877169,1466914794.994000
526,1466914786.168000,1466914794.074793,1466914795.382414,1466914795.512000
527,1466914786.175000,1466914794.014600,1466914795.122117,1466914795.258000
528,1466914786.176000,1466914787.432646,1466914790.041559,1466914790.149000
529,1466914786.174000,1466914787.254027,1466914789.256381,1466914789.392000
530,1466914786.172000,1466914793.451629,1466914794.559831,1466914794.650000
531,1466914786.176000,1466914794.684732,1466914795.932563,1466914796.067000
532,1466914786.176000,1466914793.263921,1466914794.606643,1466914794.736000
533,1466914786.177000,1466914795.886377,1466914797.204610,1466914797.278000
534,1466914786.180000,1466914791.947680,1466914793.139113,1466914793.264000
535,1466914786.174000,1466914790.870152,1466914792.199868,1466914792.300000
536,1466914786.177000,1466914787.174336,1466914788.651811,1466914788.769000
537,1466914786.179000,1466914791.593421,1466914792.956647,1466914793.033000
538,1466914786.172000,1466914787.445966,1466914789.741481,1466914789.830000
539,1466914786.176000,1466914787.393674,1466914790.905290,1466914791.001000
540,1466914786.172000,1466914793.019560,1466914794.170662,1466914794.268000
541,1466914786.177000,1466914792.903523,1466914794.126371,1466914794.207000
542,1466914786.165000,1466914794.154994,1466914795.419655,1466914795.571000
543,1466914786.177000,1466914787.417245,1466914789.948472,1466914790.077000
544,1466914786.174000,1466914792.628248,1466914793.814089,1466914793.894000
545,1466914786.172000,1466914794.488319,1466914795.687107,1466914795.821000
546,1466914786.180000,1466914792.344603,1466914793.424134,1466914793.589000
547,1466914786.173000,1466914793.146110,1466914794.340760,1466914794.437000
548,1466914786.180000,1466914792.159805,1466914793.362190,1466914793.488000
549,1466914786.175000,1466914787.472092,1466914790.851508,1466914790.973000
550,1466914786.172000,1466914787.410552,1466914789.586120,1466914789.703000
551,1466914786.177000,1466914792.610487,1466914793.804601,1466914793.921000
552,1466914786.175000,1466914795.761987,1466914797.112489,1466914797.187000
553,1466914786.181000,1466914787.526501,1466914788.697535,1466914788.809000
554,1466914786.174000,1466914792.708226,1466914793.911608,1466914794.004000
555,1466914786.178000,1466914787.431175,1466914790.796651,1466914790.924000
556,1466914786.172000,1466914795.940864,1466914797.253904,1466914797.348000
557,1466914786.178000,1466914793.732149,1466914794.892487,1466914794.994000
558,1466914786.177000,1466914793.252221,1466914794.486550,1466914794.584000
559,1466914786.181000,1466914787.441587,1466914788.643509,1466914788.721000
560,1466914786.176000,1466914793.357306,1466914794.621146,1466914794.746000
561,1466914786.173000,1466914787.485536,1466914788.571663,1466914788.689000
562,1466914786.180000,1466914792.469596,1466914793.751284,1466914793.884000
563,1466914786.179000,1466914793.955096,1466914795.093152,1466914795.236000
564,1466914786.182000,1466914792.667784,1466914793.768581,1466914793.923000
565,1466914786.175000,1466914794.350344,1466914795.522246,1466914795.678000
566,1466914786.167000,1466914792.973550,1466914794.153227,1466914794.273000
567,1466914786.179000,1466914793.554415,1466914794.657492,1466914794.772000
568,1466914786.178000,1466914787.549629,1466914788.969976,1466914789.103000
569,1466914786.170000,1466914792.293125,1466914793.403488,1466914793.500000
570,1466914786.175000,1466914787.474943,1466914789.470061,1466914789.586000
571,1466914786.175000,1466914787.427693,1466914789.947887,1466914790.086000
572,1466914786.170000,1466914787.518971,1466914790.039199,1466914790.151000
573,1466914786.176000,1466914787.482476,1466914789.321414,1466914789.401000
574,1466914786.173000,1466914787.418473,1466914789.389399,1466914789.500000
575,1466914786.175000,1466914787.465122,1466914789.881812,1466914789.995000
576,1466914786.173000,1466914791.912090,1466914792.961086,1466914793.057000
577,1466914786.170000,1466914787.461831,1466914791.381513,1466914791.510000
578,1466914786.179000,1466914794.311091,1466914795.538129,1466914795.682000
579,1466914786.177000,1466914787.518781,1466914788.713883,1466914788.845000
580,1466914786.177000,1466914787.437545,1466914788.696195,1466914788.790000
581,1466914786.177000,1466914793.516084,1466914794.696309,1466914794.831000
582,1466914786.180000,1466914787.412887,1466914788.894169,1466914789.005000
583,1466914786.175000,1466914787.455527,1466914790.212836,1466914790.310000
584,1466914786.179000,1466914787.511043,1466914789.476605,1466914789.570000
585,1466914786.169000,1466914794.492056,1466914795.707975,1466914795.840000
586,1466914786.173000,1466914787.438800,1466914789.953100,1466914790.088000
587,1466914786.175000,1466914795.007578,1466914796.332368,1466914796.445000
588,1466914786.177000,1466914787.417579,1466914789.531243,1466914789.634000
589,1466914786.176000,1466914794.071019,1466914795.411172,1466914795.559000
590,1466914786.177000,1466914787.455443,1466914789.066775,1466914789.190000
591,1466914786.174000,1466914790.524816,1466914793.858057,1466914793.943000
592,1466914786.173000,1466914787.532688,1466914789.086168,1466914789.193000
593,1466914786.176000,1466914794.345887,1466914795.623113,1466914795.741000
594,1466914786.176000,1466914793.372825,1466914794.868493,1466914795.005000
595,1466914786.182000,1466914793.003181,1466914794.314633,1466914794.457000
596,1466914786.174000,1466914787.154580,1466914789.532238,1466914789.625000
597,1466914786.169000,1466914795.764161,1466914797.249461,1466914797.323000
598,1466914786.227000,1466914791.821093,1466914792.886057,1466914792.971000
599,1466914786.225000,1466914795.877607,1466914797.240876,1466914797.315000
