0,1464630597.033000,1464630597.651181,1464630597.925206,1464630598.008000
1,1464630597.033000,1464630597.672766,1464630597.912804,1464630598.009000
2,1464630597.033000,1464630597.664422,1464630597.922425,1464630598.009000
3,1464630597.033000,1464630597.680830,1464630597.930874,1464630598.012000
4,1464630597.033000,1464630597.655465,1464630597.854883,1464630598.013000
5,1464630597.033000,1464630597.724726,1464630597.965806,1464630598.048000
6,1464630597.034000,1464630597.667941,1464630597.947140,1464630598.049000
7,1464630597.034000,1464630597.704576,1464630597.947309,1464630598.050000
8,1464630597.034000,1464630597.622024,1464630597.818459,1464630598.050000
9,1464630597.034000,1464630597.621722,1464630597.865558,1464630598.051000
10,1464630597.034000,1464630597.701124,1464630597.942808,1464630598.052000
11,1464630597.034000,1464630597.673065,1464630597.927441,1464630598.052000
12,1464630597.034000,1464630597.624686,1464630597.831238,1464630598.053000
13,1464630597.034000,1464630597.605817,1464630597.884292,1464630598.053000
14,1464630597.034000,1464630597.645469,1464630597.874955,1464630598.054000
15,1464630597.034000,1464630597.603268,1464630597.731098,1464630598.055000
16,1464630597.034000,1464630597.656221,1464630597.874172,1464630598.055000
17,1464630597.034000,1464630597.648364,1464630597.831241,1464630598.056000
18,1464630597.034000,1464630597.635007,1464630597.854693,1464630598.056000
19,1464630597.035000,1464630597.633240,1464630597.831496,1464630598.057000
20,1464630597.035000,1464630597.685174,1464630597.949596,1464630598.058000
21,1464630597.035000,1464630597.694825,1464630597.856950,1464630598.058000
22,1464630597.035000,1464630597.703102,1464630598.002722,1464630598.088000
23,1464630597.035000,1464630597.655780,1464630597.892118,1464630598.089000
24,1464630597.035000,1464630597.621980,1464630597.837318,1464630598.090000
25,1464630597.035000,1464630597.728544,1464630597.944368,1464630598.090000
26,1464630597.035000,1464630597.667780,1464630597.931077,1464630598.091000
27,1464630597.035000,1464630597.651895,1464630597.901447,1464630598.092000
28,1464630597.036000,1464630597.673163,1464630597.895543,1464630598.092000
29,1464630597.036000,1464630597.673000,1464630597.893161,1464630598.093000
30,1464630597.036000,1464630597.688029,1464630597.911477,1464630598.093000
31,1464630597.036000,1464630597.691601,1464630597.944059,1464630598.094000
32,1464630597.038000,1464630597.685587,1464630597.983877,1464630598.095000
33,1464630597.037000,1464630597.794389,1464630598.005318,1464630598.096000
34,1464630597.038000,1464630597.668002,1464630597.863297,1464630598.096000
35,1464630597.038000,1464630597.644140,1464630597.856658,1464630598.097000
36,1464630597.039000,1464630597.645511,1464630597.877616,1464630598.098000
37,1464630597.039000,1464630597.655912,1464630597.859909,1464630598.099000
38,1464630597.039000,1464630597.662716,1464630597.863340,1464630598.099000
39,1464630597.039000,1464630597.683734,1464630597.903093,1464630598.100000
40,1464630597.039000,1464630597.652739,1464630597.835447,1464630598.101000
41,1464630597.039000,1464630597.685900,1464630597.945158,1464630598.102000
42,1464630597.039000,1464630597.674911,1464630597.892741,1464630598.103000
43,1464630597.040000,1464630597.623129,1464630597.875177,1464630598.103000
44,1464630597.040000,1464630597.656490,1464630597.923679,1464630598.104000
45,1464630597.040000,1464630597.703867,1464630597.925592,1464630598.105000
46,1464630597.040000,1464630597.627033,1464630597.849744,1464630598.105000
47,1464630597.040000,1464630597.671037,1464630597.891845,1464630598.106000
48,1464630597.042000,1464630597.691246,1464630597.971812,1464630598.107000
49,1464630597.042000,1464630597.630273,1464630597.854129,1464630598.108000
50,1464630597.042000,1464630597.673156,1464630597.904638,1464630598.108000
51,1464630597.042000,1464630597.659093,1464630597.933603,1464630598.109000
52,1464630597.042000,1464630597.694463,1464630597.914629,1464630598.110000
53,1464630597.046000,1464630597.647293,1464630597.930680,1464630598.110000
54,1464630597.048000,1464630597.704871,1464630597.972834,1464630598.111000
55,1464630597.048000,1464630597.763795,1464630598.017891,1464630598.112000
56,1464630597.048000,1464630597.692727,1464630597.973858,1464630598.112000
57,1464630597.048000,1464630597.690594,1464630597.932570,1464630598.113000
58,1464630597.048000,1464630597.698928,1464630597.953967,1464630598.113000
59,1464630597.048000,1464630597.734022,1464630598.016807,1464630598.114000
60,1464630597.048000,1464630597.720909,1464630597.941849,1464630598.115000
61,1464630597.048000,1464630597.719832,1464630597.921302,1464630598.115000
62,1464630597.048000,1464630597.734584,1464630597.912238,1464630598.116000
63,1464630597.048000,1464630597.769445,1464630598.124855,1464630598.211000
64,1464630597.048000,1464630597.742826,1464630597.903447,1464630598.212000
65,1464630597.048000,1464630597.659032,1464630597.953731,1464630598.212000
66,1464630597.049000,1464630597.755275,1464630597.956564,1464630598.213000
67,1464630597.049000,1464630597.764448,1464630597.985717,1464630598.213000
68,1464630597.049000,1464630597.682523,1464630597.916747,1464630598.214000
69,1464630597.049000,1464630597.692147,1464630597.942779,1464630598.215000
70,1464630597.049000,1464630597.673401,1464630597.920969,1464630598.216000
71,1464630597.049000,1464630597.712909,1464630597.940112,1464630598.216000
72,1464630597.049000,1464630597.647718,1464630597.914108,1464630598.217000
73,1464630597.049000,1464630597.680208,1464630597.877361,1464630598.218000
74,1464630597.049000,1464630597.681767,1464630597.791824,1464630598.218000
75,1464630597.049000,1464630597.695158,1464630597.976506,1464630598.219000
76,1464630597.049000,1464630597.654294,1464630597.834691,1464630598.220000
77,1464630597.049000,1464630597.690332,1464630597.870432,1464630598.220000
78,1464630597.049000,1464630597.780637,1464630598.014724,1464630598.221000
79,1464630597.049000,1464630597.695647,1464630597.931634,1464630598.222000
80,1464630597.049000,1464630597.786972,1464630598.026166,1464630598.223000
81,1464630597.049000,1464630597.679442,1464630597.972972,1464630598.223000
82,1464630597.049000,1464630597.724614,1464630598.013827,1464630598.224000
83,1464630597.050000,1464630597.686991,1464630597.938428,1464630598.224000
84,1464630597.050000,1464630597.744977,1464630597.994085,1464630598.225000
85,1464630597.050000,1464630597.681057,1464630597.919528,1464630598.226000
86,1464630597.050000,1464630597.755207,1464630597.995163,1464630598.227000
87,1464630597.050000,1464630597.736398,1464630597.991320,1464630598.228000
88,1464630597.050000,1464630597.704319,1464630597.917886,1464630598.228000
89,1464630597.050000,1464630597.707622,1464630597.898943,1464630598.229000
90,1464630597.050000,1464630597.759860,1464630598.018183,1464630598.230000
91,1464630597.050000,1464630597.745410,1464630598.029386,1464630598.230000
92,1464630597.050000,1464630597.815738,1464630598.110767,1464630598.231000
93,1464630597.050000,1464630597.713803,1464630597.958118,1464630598.232000
94,1464630597.050000,1464630597.678648,1464630597.911839,1464630598.232000
95,1464630597.050000,1464630597.678973,1464630597.932771,1464630598.233000
96,1464630597.050000,1464630597.784842,1464630598.082001,1464630598.234000
97,1464630597.050000,1464630597.672905,1464630597.990456,1464630598.235000
98,1464630597.050000,1464630597.851713,1464630598.073129,1464630598.235000
99,1464630597.050000,1464630597.918569,1464630598.077610,1464630598.236000
100,1464630597.050000,1464630597.647104,1464630597.880963,1464630598.237000
101,1464630597.050000,1464630597.834978,1464630598.015211,1464630598.238000
102,1464630597.050000,1464630597.694980,1464630597.946528,1464630598.238000
103,1464630597.050000,1464630597.703296,1464630597.941502,1464630598.239000
104,1464630597.050000,1464630597.671678,1464630597.875469,1464630598.240000
105,1464630597.051000,1464630597.699043,1464630597.865627,1464630598.240000
106,1464630597.051000,1464630597.814066,1464630598.073794,1464630598.241000
107,1464630597.051000,1464630597.848884,1464630598.108561,1464630598.242000
108,1464630597.051000,1464630597.684337,1464630597.884067,1464630598.242000
109,1464630597.053000,1464630597.721151,1464630597.984994,1464630598.243000
110,1464630597.055000,1464630597.779760,1464630598.022764,1464630598.244000
111,1464630597.058000,1464630597.764610,1464630597.980953,1464630598.244000
112,1464630597.058000,1464630597.722051,1464630597.998080,1464630598.245000
113,1464630597.058000,1464630597.749291,1464630597.995342,1464630598.246000
114,1464630597.058000,1464630597.881846,1464630598.082031,1464630598.246000
115,1464630597.058000,1464630597.676186,1464630597.933580,1464630598.247000
116,1464630597.058000,1464630597.732667,1464630597.994778,1464630598.247000
117,1464630597.060000,0.000000,0.000000,0.000000
118,1464630597.061000,0.000000,0.000000,0.000000
119,1464630597.061000,0.000000,0.000000,0.000000
120,1464630597.061000,1464630597.682236,1464630597.952434,1464630598.250000
121,1464630597.061000,1464630597.696289,1464630597.924622,1464630598.250000
122,1464630597.061000,1464630597.804778,1464630598.083357,1464630598.251000
123,1464630597.061000,1464630597.710935,1464630597.946857,1464630598.251000
124,1464630597.061000,0.000000,0.000000,0.000000
125,1464630597.061000,1464630597.672350,1464630597.915261,1464630598.253000
126,1464630597.061000,1464630597.689445,1464630597.956253,1464630598.253000
127,1464630597.061000,1464630597.680089,1464630597.933858,1464630598.254000
128,1464630597.061000,0.000000,0.000000,0.000000
129,1464630597.061000,0.000000,0.000000,0.000000
130,1464630597.061000,1464630597.736447,1464630597.954663,1464630598.256000
131,1464630597.061000,0.000000,0.000000,0.000000
132,1464630597.062000,1464630597.820442,1464630598.075775,1464630598.257000
133,1464630597.062000,1464630597.697560,1464630597.962292,1464630598.258000
134,1464630597.062000,1464630597.713901,1464630597.983482,1464630598.258000
135,1464630597.063000,1464630597.745635,1464630597.959946,1464630598.259000
136,1464630597.063000,1464630597.898115,1464630598.088541,1464630598.260000
137,1464630597.063000,1464630597.715432,1464630597.933754,1464630598.260000
138,1464630597.063000,1464630597.773115,1464630598.049935,1464630598.261000
139,1464630597.063000,1464630597.698465,1464630597.934975,1464630598.261000
140,1464630597.063000,1464630597.763417,1464630598.011526,1464630598.262000
141,1464630597.063000,1464630597.735950,1464630598.017752,1464630598.262000
142,1464630597.063000,1464630597.745285,1464630597.986577,1464630598.263000
143,1464630597.064000,1464630597.736219,1464630598.020180,1464630598.264000
144,1464630597.064000,0.000000,0.000000,0.000000
145,1464630597.064000,1464630597.811250,1464630598.070291,1464630598.265000
146,1464630597.064000,0.000000,0.000000,0.000000
147,1464630597.064000,1464630597.823292,1464630598.060996,1464630598.266000
148,1464630597.064000,1464630597.673715,1464630597.959044,1464630598.267000
149,1464630597.064000,1464630597.758150,1464630598.010013,1464630598.268000
150,1464630597.064000,1464630597.749437,1464630597.991148,1464630598.269000
151,1464630597.064000,0.000000,0.000000,0.000000
152,1464630597.065000,1464630597.696021,1464630597.925815,1464630598.270000
153,1464630597.066000,1464630597.712866,1464630597.993859,1464630598.271000
154,1464630597.066000,1464630597.770742,1464630597.994197,1464630598.272000
155,1464630597.066000,0.000000,0.000000,0.000000
156,1464630597.066000,0.000000,0.000000,0.000000
157,1464630597.066000,1464630597.791965,1464630598.027368,1464630598.274000
158,1464630597.066000,0.000000,0.000000,0.000000
159,1464630597.066000,1464630597.942809,1464630598.130176,1464630598.275000
160,1464630597.066000,1464630597.718601,1464630597.979430,1464630598.276000
161,1464630597.067000,1464630597.702459,1464630597.900948,1464630598.276000
162,1464630597.067000,0.000000,0.000000,0.000000
163,1464630597.067000,1464630597.740377,1464630597.972720,1464630598.278000
164,1464630597.067000,1464630597.757976,1464630598.011527,1464630598.279000
165,1464630597.068000,0.000000,0.000000,0.000000
166,1464630597.068000,1464630597.727739,1464630598.027141,1464630598.280000
167,1464630597.068000,0.000000,0.000000,0.000000
168,1464630597.068000,1464630597.784932,1464630598.056777,1464630598.282000
169,1464630597.068000,0.000000,0.000000,0.000000
170,1464630597.068000,1464630597.725243,1464630598.014210,1464630598.283000
171,1464630597.068000,1464630597.748588,1464630597.948082,1464630598.283000
172,1464630597.068000,0.000000,0.000000,0.000000
173,1464630597.068000,0.000000,0.000000,0.000000
174,1464630597.068000,0.000000,0.000000,0.000000
175,1464630597.068000,0.000000,0.000000,0.000000
176,1464630597.068000,0.000000,0.000000,0.000000
177,1464630597.068000,0.000000,0.000000,0.000000
178,1464630597.068000,0.000000,0.000000,0.000000
179,1464630597.068000,0.000000,0.000000,0.000000
180,1464630597.068000,1464630597.767714,1464630598.023301,1464630598.289000
181,1464630597.068000,0.000000,0.000000,0.000000
182,1464630597.068000,0.000000,0.000000,0.000000
183,1464630597.068000,0.000000,0.000000,0.000000
184,1464630597.068000,1464630597.759412,1464630598.021306,1464630598.291000
185,1464630597.068000,0.000000,0.000000,0.000000
186,1464630597.068000,0.000000,0.000000,0.000000
187,1464630597.068000,1464630597.719590,1464630597.997607,1464630598.293000
188,1464630597.068000,0.000000,0.000000,0.000000
189,1464630597.068000,0.000000,0.000000,0.000000
190,1464630597.068000,0.000000,0.000000,0.000000
191,1464630597.068000,1464630597.757650,1464630598.013512,1464630598.295000
192,1464630597.068000,0.000000,0.000000,0.000000
193,1464630597.068000,1464630597.812237,1464630598.033422,1464630598.296000
194,1464630597.068000,0.000000,0.000000,0.000000
195,1464630597.068000,0.000000,0.000000,0.000000
196,1464630597.068000,1464630597.798514,1464630597.984802,1464630598.298000
197,1464630597.068000,1464630597.743182,1464630597.981352,1464630598.299000
198,1464630597.069000,0.000000,0.000000,0.000000
199,1464630597.069000,1464630597.853025,1464630598.050118,1464630598.300000
200,1464630597.069000,0.000000,0.000000,0.000000
201,1464630597.069000,1464630597.787858,1464630597.999466,1464630598.301000
202,1464630597.069000,0.000000,0.000000,0.000000
203,1464630597.069000,1464630597.697369,1464630597.914278,1464630598.302000
204,1464630597.069000,1464630597.769822,1464630598.033291,1464630598.303000
205,1464630597.069000,0.000000,0.000000,0.000000
206,1464630597.069000,1464630597.825416,1464630598.046148,1464630598.304000
207,1464630597.069000,0.000000,0.000000,0.000000
208,1464630597.069000,1464630597.719918,1464630597.932218,1464630598.305000
209,1464630597.069000,1464630597.826738,1464630598.062171,1464630598.306000
210,1464630597.069000,1464630597.684410,1464630597.959315,1464630598.306000
211,1464630597.069000,1464630597.829056,1464630598.068886,1464630598.307000
212,1464630597.069000,0.000000,0.000000,0.000000
213,1464630597.069000,1464630597.928817,1464630598.127558,1464630598.308000
214,1464630597.069000,1464630597.739518,1464630597.976845,1464630598.309000
215,1464630597.069000,1464630597.787385,1464630597.978394,1464630598.310000
216,1464630597.069000,1464630597.816692,1464630598.056567,1464630598.310000
217,1464630597.069000,0.000000,0.000000,0.000000
218,1464630597.069000,0.000000,0.000000,0.000000
219,1464630597.069000,1464630597.768456,1464630598.020812,1464630598.313000
220,1464630597.069000,0.000000,0.000000,0.000000
221,1464630597.069000,1464630597.813931,1464630598.092353,1464630598.314000
222,1464630597.069000,0.000000,0.000000,0.000000
223,1464630597.069000,1464630597.746828,1464630597.975425,1464630598.315000
224,1464630597.069000,1464630597.819788,1464630598.044493,1464630598.316000
225,1464630597.069000,1464630597.876470,1464630598.108082,1464630598.316000
226,1464630597.069000,1464630597.769938,1464630598.040761,1464630598.317000
227,1464630597.069000,0.000000,0.000000,0.000000
228,1464630597.069000,0.000000,0.000000,0.000000
229,1464630597.069000,1464630597.775061,1464630598.045038,1464630598.319000
230,1464630597.070000,1464630597.736001,1464630598.013442,1464630598.320000
231,1464630597.070000,1464630597.899017,1464630598.111248,1464630598.321000
232,1464630597.070000,1464630597.690058,1464630597.922315,1464630598.322000
233,1464630597.070000,0.000000,0.000000,0.000000
234,1464630597.070000,1464630597.746418,1464630598.040259,1464630598.323000
235,1464630597.070000,0.000000,0.000000,0.000000
236,1464630597.070000,1464630597.827861,1464630598.088758,1464630598.324000
237,1464630597.070000,1464630597.849185,1464630598.083110,1464630598.325000
238,1464630597.070000,0.000000,0.000000,0.000000
239,1464630597.070000,0.000000,0.000000,0.000000
240,1464630597.070000,1464630597.842682,1464630598.094033,1464630598.326000
241,1464630597.070000,1464630597.765625,1464630598.041621,1464630598.327000
242,1464630597.070000,1464630597.807548,1464630598.052466,1464630598.328000
243,1464630597.070000,1464630597.729404,1464630598.003599,1464630598.328000
244,1464630597.070000,1464630597.816907,1464630598.042744,1464630598.329000
245,1464630597.070000,1464630597.815530,1464630598.113390,1464630598.329000
246,1464630597.070000,0.000000,0.000000,0.000000
247,1464630597.070000,0.000000,0.000000,0.000000
248,1464630597.070000,1464630597.816380,1464630598.029897,1464630598.331000
249,1464630597.070000,1464630597.783664,1464630598.046324,1464630598.332000
250,1464630597.070000,0.000000,0.000000,0.000000
251,1464630597.070000,0.000000,0.000000,0.000000
252,1464630597.070000,0.000000,0.000000,0.000000
253,1464630597.070000,1464630597.777274,1464630598.073696,1464630598.334000
254,1464630597.070000,1464630597.802271,1464630598.062125,1464630598.335000
255,1464630597.070000,0.000000,0.000000,0.000000
256,1464630597.070000,0.000000,0.000000,0.000000
257,1464630597.070000,1464630597.686896,1464630597.903392,1464630598.336000
258,1464630597.070000,1464630597.889994,1464630598.104109,1464630598.337000
259,1464630597.070000,1464630597.873759,1464630598.067997,1464630598.338000
260,1464630597.070000,0.000000,0.000000,0.000000
261,1464630597.070000,1464630597.748122,1464630598.040883,1464630598.339000
262,1464630597.071000,0.000000,0.000000,0.000000
263,1464630597.071000,0.000000,0.000000,0.000000
264,1464630597.071000,1464630597.822321,1464630598.001420,1464630598.341000
265,1464630597.071000,0.000000,0.000000,0.000000
266,1464630597.071000,1464630597.751166,1464630598.030231,1464630598.342000
267,1464630597.071000,1464630597.716426,1464630597.920649,1464630598.343000
268,1464630597.071000,0.000000,0.000000,0.000000
269,1464630597.071000,0.000000,0.000000,0.000000
270,1464630597.071000,1464630597.755792,1464630598.066059,1464630598.344000
271,1464630597.071000,1464630597.764306,1464630598.046344,1464630598.345000
272,1464630597.071000,0.000000,0.000000,0.000000
273,1464630597.071000,1464630597.824312,1464630598.074673,1464630598.346000
274,1464630597.071000,0.000000,0.000000,0.000000
275,1464630597.072000,1464630597.732187,1464630597.975913,1464630598.348000
276,1464630597.072000,1464630597.805215,1464630598.065715,1464630598.348000
277,1464630597.072000,0.000000,0.000000,0.000000
278,1464630597.073000,1464630597.832703,1464630598.039318,1464630598.350000
279,1464630597.073000,1464630597.798233,1464630598.061502,1464630598.351000
280,1464630597.075000,1464630597.865087,1464630598.119665,1464630598.351000
281,1464630597.087000,1464630597.873569,1464630598.105084,1464630598.352000
282,1464630597.091000,0.000000,0.000000,0.000000
283,1464630597.091000,1464630597.786334,1464630597.981880,1464630598.353000
284,1464630597.094000,1464630597.857597,1464630598.050715,1464630598.354000
285,1464630597.094000,1464630597.877261,1464630598.071910,1464630598.355000
286,1464630597.094000,1464630597.783618,1464630597.984446,1464630598.355000
287,1464630597.094000,0.000000,0.000000,0.000000
288,1464630597.094000,1464630597.758855,1464630598.033753,1464630598.357000
289,1464630597.094000,1464630597.824394,1464630598.076840,1464630598.358000
290,1464630597.094000,1464630597.847950,1464630598.147800,1464630598.358000
291,1464630597.094000,1464630597.716006,1464630597.979123,1464630598.359000
292,1464630597.094000,1464630597.803517,1464630598.058119,1464630598.360000
293,1464630597.094000,1464630597.811482,1464630598.066419,1464630598.361000
294,1464630597.094000,1464630597.905811,1464630598.177082,1464630598.361000
295,1464630597.094000,0.000000,0.000000,0.000000
296,1464630597.094000,1464630597.748923,1464630597.990353,1464630598.363000
297,1464630597.094000,0.000000,0.000000,0.000000
298,1464630597.095000,1464630597.791126,1464630598.122927,1464630598.364000
299,1464630597.095000,1464630597.746563,1464630597.954392,1464630598.364000
300,1464630597.095000,1464630597.833946,1464630598.118117,1464630598.365000
301,1464630597.095000,1464630597.841757,1464630598.069776,1464630598.365000
302,1464630597.095000,0.000000,0.000000,0.000000
303,1464630597.095000,1464630597.842673,1464630598.051621,1464630598.367000
304,1464630597.095000,1464630597.801193,1464630598.105390,1464630598.367000
305,1464630597.095000,1464630597.881639,1464630598.136479,1464630598.368000
306,1464630597.095000,1464630597.848469,1464630598.023173,1464630598.368000
307,1464630597.095000,1464630597.851217,1464630598.085690,1464630598.369000
308,1464630597.095000,1464630597.834492,1464630598.071456,1464630598.369000
309,1464630597.096000,1464630597.799107,1464630598.001917,1464630598.370000
310,1464630597.096000,1464630597.840296,1464630598.061702,1464630598.371000
311,1464630597.096000,1464630597.821971,1464630598.096469,1464630598.371000
312,1464630597.096000,1464630597.810756,1464630597.983697,1464630598.372000
313,1464630597.097000,1464630597.749822,1464630598.019332,1464630598.372000
314,1464630597.097000,1464630597.742317,1464630598.051160,1464630598.373000
315,1464630597.097000,1464630597.732524,1464630597.943660,1464630598.374000
316,1464630597.097000,1464630597.832256,1464630598.076982,1464630598.374000
317,1464630597.097000,1464630597.833238,1464630598.075240,1464630598.375000
318,1464630597.097000,0.000000,0.000000,0.000000
319,1464630597.097000,1464630597.855280,1464630598.092737,1464630598.376000
320,1464630597.097000,1464630597.800616,1464630598.054238,1464630598.377000
321,1464630597.097000,1464630597.834477,1464630598.033302,1464630598.377000
322,1464630597.098000,1464630597.825843,1464630598.090438,1464630598.378000
323,1464630597.098000,0.000000,0.000000,0.000000
324,1464630597.098000,1464630597.807078,1464630598.040394,1464630598.379000
325,1464630597.098000,1464630597.843112,1464630598.035549,1464630598.380000
326,1464630597.098000,1464630597.820888,1464630597.999949,1464630598.381000
327,1464630597.098000,1464630597.864144,1464630598.133065,1464630598.381000
328,1464630597.099000,1464630597.846571,1464630598.073973,1464630598.382000
329,1464630597.099000,1464630597.757183,1464630598.008652,1464630598.383000
330,1464630597.099000,1464630597.771507,1464630598.016626,1464630598.383000
331,1464630597.099000,1464630597.898205,1464630598.132446,1464630598.384000
332,1464630597.100000,1464630597.834211,1464630598.093376,1464630598.385000
333,1464630597.100000,1464630597.804446,1464630598.098371,1464630598.385000
334,1464630597.100000,0.000000,0.000000,0.000000
335,1464630597.100000,1464630597.827088,1464630598.030922,1464630598.387000
336,1464630597.100000,1464630597.941290,1464630598.213018,1464630598.387000
337,1464630597.100000,1464630601.470043,1464630601.705455,1464630601.784000
338,1464630597.100000,1464630597.805810,1464630598.066988,1464630601.785000
339,1464630597.100000,1464630597.852165,1464630598.130470,1464630601.786000
340,1464630597.100000,1464630597.837743,1464630598.023344,1464630601.787000
341,1464630597.100000,1464630597.832776,1464630598.107077,1464630601.789000
342,1464630597.100000,1464630597.731185,1464630597.973163,1464630601.790000
343,1464630597.100000,1464630597.826282,1464630598.091707,1464630601.792000
344,1464630597.101000,1464630597.846765,1464630598.073334,1464630601.793000
345,1464630597.102000,1464630597.902183,1464630598.100654,1464630601.794000
346,1464630597.102000,1464630597.888728,1464630598.109100,1464630601.795000
347,1464630597.102000,1464630597.787634,1464630597.939025,1464630601.796000
348,1464630597.102000,1464630597.868701,1464630598.113846,1464630601.797000
349,1464630597.102000,1464630597.826365,1464630598.064390,1464630601.798000
350,1464630597.102000,1464630597.872740,1464630598.113968,1464630601.799000
351,1464630597.103000,1464630597.923321,1464630598.095710,1464630601.800000
352,1464630597.103000,1464630597.903589,1464630598.176491,1464630601.801000
353,1464630597.103000,1464630597.845600,1464630598.047219,1464630601.802000
354,1464630597.103000,1464630597.826097,1464630598.086187,1464630601.802000
355,1464630597.103000,1464630597.782819,1464630598.004335,1464630601.803000
356,1464630597.103000,1464630597.827449,1464630598.124750,1464630601.803000
357,1464630597.103000,1464630597.795145,1464630598.078862,1464630601.804000
358,1464630597.103000,0.000000,0.000000,0.000000
359,1464630597.104000,1464630597.887963,1464630598.128643,1464630601.805000
360,1464630597.104000,1464630597.821463,1464630598.061555,1464630601.806000
361,1464630597.104000,1464630597.831747,1464630598.075193,1464630601.807000
362,1464630597.104000,0.000000,0.000000,0.000000
363,1464630597.104000,1464630597.772313,1464630597.983026,1464630601.808000
364,1464630597.104000,1464630597.829986,1464630598.114922,1464630601.809000
365,1464630597.104000,1464630597.727327,1464630597.974593,1464630601.809000
366,1464630597.104000,1464630597.860789,1464630598.118920,1464630601.810000
367,1464630597.104000,1464630597.856079,1464630598.096348,1464630601.811000
368,1464630597.104000,0.000000,0.000000,0.000000
369,1464630597.104000,1464630597.794689,1464630598.014690,1464630601.812000
370,1464630597.105000,1464630597.872879,1464630598.101524,1464630601.813000
371,1464630597.105000,0.000000,0.000000,0.000000
372,1464630597.105000,1464630597.846324,1464630598.065795,1464630601.814000
373,1464630597.105000,1464630597.775013,1464630598.046024,1464630601.815000
374,1464630597.105000,1464630597.830996,1464630598.055561,1464630601.815000
375,1464630597.105000,0.000000,0.000000,0.000000
376,1464630597.106000,0.000000,0.000000,0.000000
377,1464630597.106000,1464630597.805674,1464630598.023830,1464630601.817000
378,1464630597.106000,1464630597.707524,1464630597.875773,1464630601.818000
379,1464630597.106000,0.000000,0.000000,0.000000
380,1464630597.106000,1464630597.859426,1464630598.126071,1464630601.819000
381,1464630597.107000,1464630597.819380,1464630598.066369,1464630601.820000
382,1464630597.107000,1464630597.823334,1464630598.071637,1464630601.820000
383,1464630597.107000,0.000000,0.000000,0.000000
384,1464630597.107000,0.000000,0.000000,0.000000
385,1464630597.107000,1464630597.881394,1464630598.158225,1464630601.822000
386,1464630597.108000,1464630597.780684,1464630598.016523,1464630601.823000
387,1464630597.108000,1464630597.793517,1464630598.028832,1464630601.824000
388,1464630597.108000,1464630597.782278,1464630598.070797,1464630601.825000
389,1464630597.108000,1464630597.839490,1464630598.076474,1464630601.825000
390,1464630597.108000,1464630597.870404,1464630598.150142,1464630601.826000
391,1464630597.108000,1464630597.849647,1464630598.070582,1464630601.827000
392,1464630597.108000,1464630597.824939,1464630598.115050,1464630601.828000
393,1464630597.108000,1464630601.831943,1464630602.086246,1464630602.168000
394,1464630597.108000,1464630601.429414,1464630601.683840,1464630602.169000
395,1464630597.108000,0.000000,0.000000,0.000000
396,1464630597.108000,1464630597.856266,1464630598.155173,1464630602.171000
397,1464630597.109000,1464630597.789390,1464630598.048012,1464630602.171000
398,1464630597.109000,1464630597.831575,1464630598.032838,1464630602.172000
399,1464630597.109000,1464630597.842470,1464630598.084766,1464630602.173000
400,1464630597.109000,1464630597.798056,1464630597.995028,1464630602.174000
401,1464630597.109000,1464630597.869472,1464630598.130513,1464630602.174000
402,1464630597.109000,1464630597.862063,1464630598.063988,1464630602.175000
403,1464630597.109000,1464630597.855729,1464630598.135593,1464630602.176000
404,1464630597.109000,1464630601.845799,1464630602.104458,1464630602.187000
405,1464630597.110000,1464630597.870187,1464630598.110275,1464630602.187000
406,1464630597.110000,1464630597.873248,1464630598.091494,1464630602.188000
407,1464630597.110000,1464630597.879624,1464630598.080659,1464630602.189000
408,1464630597.110000,1464630597.873772,1464630598.115466,1464630602.190000
409,1464630597.111000,1464630597.844953,1464630598.097819,1464630602.191000
410,1464630597.111000,1464630597.776104,1464630597.918524,1464630602.191000
411,1464630597.111000,1464630597.866408,1464630598.130564,1464630602.192000
412,1464630597.111000,1464630597.813316,1464630598.077888,1464630602.193000
413,1464630597.111000,1464630597.850843,1464630598.082633,1464630602.193000
414,1464630597.111000,1464630597.791371,1464630598.068832,1464630602.194000
415,1464630597.112000,1464630597.862099,1464630598.035507,1464630602.194000
416,1464630597.112000,1464630597.795183,1464630598.084698,1464630602.195000
417,1464630597.112000,1464630597.752799,1464630597.992006,1464630602.196000
418,1464630597.112000,1464630597.840218,1464630598.103372,1464630602.196000
419,1464630597.112000,1464630597.780948,1464630598.035351,1464630602.197000
420,1464630597.112000,0.000000,0.000000,0.000000
421,1464630597.112000,1464630597.832457,1464630598.086034,1464630602.198000
422,1464630597.112000,1464630597.900705,1464630598.127620,1464630602.199000
423,1464630597.112000,1464630597.838374,1464630598.090826,1464630602.200000
424,1464630597.113000,1464630597.806762,1464630598.043860,1464630602.200000
425,1464630597.113000,1464630597.831180,1464630598.064125,1464630602.201000
426,1464630597.113000,1464630597.816293,1464630598.133534,1464630602.201000
427,1464630597.113000,1464630597.916089,1464630598.133896,1464630602.202000
428,1464630597.113000,1464630601.084632,1464630601.344542,1464630602.203000
429,1464630597.113000,1464630597.815370,1464630598.011364,1464630602.203000
430,1464630597.114000,1464630597.810393,1464630598.073404,1464630602.204000
431,1464630597.113000,1464630597.795915,1464630598.073574,1464630602.205000
432,1464630597.113000,1464630597.826957,1464630598.087461,1464630602.205000
433,1464630597.113000,1464630597.834547,1464630598.086815,1464630602.206000
434,1464630597.114000,1464630597.933349,1464630598.173150,1464630602.207000
435,1464630597.114000,1464630597.904058,1464630598.104341,1464630602.207000
436,1464630597.115000,1464630597.915070,1464630598.068388,1464630602.208000
437,1464630597.115000,1464630597.872959,1464630598.093798,1464630602.208000
438,1464630597.115000,1464630597.781804,1464630597.954809,1464630602.209000
439,1464630597.115000,1464630597.914646,1464630598.162469,1464630602.210000
440,1464630597.115000,1464630597.902657,1464630598.115216,1464630602.210000
441,1464630597.116000,1464630597.758094,1464630597.965582,1464630602.211000
442,1464630597.116000,1464630597.828736,1464630598.062772,1464630602.212000
443,1464630597.116000,1464630597.831066,1464630598.041053,1464630602.212000
444,1464630597.116000,1464630597.863384,1464630598.131105,1464630602.213000
445,1464630597.116000,1464630597.835403,1464630598.132538,1464630602.214000
446,1464630597.116000,1464630597.768364,1464630598.046089,1464630602.215000
447,1464630597.116000,0.000000,0.000000,0.000000
448,1464630597.116000,1464630597.961546,1464630598.219987,1464630602.216000
449,1464630597.116000,1464630597.800779,1464630598.004028,1464630602.217000
450,1464630597.116000,1464630597.812064,1464630598.102160,1464630602.218000
451,1464630597.117000,1464630597.878331,1464630598.153514,1464630602.219000
452,1464630597.117000,1464630597.888261,1464630598.127561,1464630602.219000
453,1464630597.117000,1464630597.955377,1464630598.183482,1464630602.220000
454,1464630597.117000,1464630597.930813,1464630598.191138,1464630602.221000
455,1464630597.117000,1464630597.823197,1464630598.090549,1464630602.222000
456,1464630597.117000,1464630597.799971,1464630598.094267,1464630602.223000
457,1464630597.117000,1464630597.836349,1464630598.103687,1464630602.223000
458,1464630597.118000,1464630597.803558,1464630598.049730,1464630602.224000
459,1464630597.118000,1464630597.897567,1464630598.115403,1464630602.225000
460,1464630597.118000,1464630597.893728,1464630598.144789,1464630602.226000
461,1464630597.119000,1464630597.886904,1464630598.181124,1464630602.226000
462,1464630597.119000,1464630597.935841,1464630598.158343,1464630602.227000
463,1464630597.119000,1464630597.902886,1464630598.141812,1464630602.228000
464,1464630597.119000,1464630597.868932,1464630598.076560,1464630602.229000
465,1464630597.119000,1464630597.864115,1464630598.122378,1464630602.229000
466,1464630597.120000,0.000000,0.000000,0.000000
467,1464630597.120000,1464630597.888852,1464630598.082473,1464630602.231000
468,1464630597.120000,1464630597.908603,1464630598.154752,1464630602.231000
469,1464630597.120000,1464630597.808032,1464630598.014875,1464630602.232000
470,1464630597.120000,1464630597.881932,1464630598.108171,1464630602.232000
471,1464630597.120000,1464630597.810536,1464630598.012905,1464630602.233000
472,1464630597.121000,1464630601.525692,1464630601.765560,1464630602.234000
473,1464630597.121000,0.000000,0.000000,0.000000
474,1464630597.121000,1464630597.873216,1464630598.140030,1464630602.235000
475,1464630597.122000,1464630597.905347,1464630598.152026,1464630602.236000
476,1464630597.122000,1464630597.853981,1464630598.048261,1464630602.236000
477,1464630597.122000,1464630597.818083,1464630598.053300,1464630602.237000
478,1464630597.122000,1464630597.882841,1464630598.126840,1464630602.238000
479,1464630597.122000,1464630597.945094,1464630598.103681,1464630602.238000
480,1464630597.122000,1464630597.870239,1464630598.110871,1464630602.239000
481,1464630597.122000,1464630597.889602,1464630598.116676,1464630602.239000
482,1464630597.122000,1464630597.957198,1464630598.176139,1464630602.240000
483,1464630597.123000,1464630597.788747,1464630597.949775,1464630602.241000
484,1464630597.123000,1464630597.869046,1464630598.091322,1464630602.241000
485,1464630597.123000,1464630597.737669,1464630597.991301,1464630602.242000
486,1464630597.123000,1464630597.853232,1464630598.092243,1464630602.243000
487,1464630597.123000,1464630597.954785,1464630598.209617,1464630602.243000
488,1464630597.123000,1464630597.835527,1464630598.006211,1464630602.244000
489,1464630597.123000,1464630597.818977,1464630598.057231,1464630602.245000
490,1464630597.124000,1464630601.866856,1464630602.066156,1464630602.245000
491,1464630597.124000,1464630597.979648,1464630598.172426,1464630602.246000
492,1464630597.124000,1464630597.911457,1464630598.096369,1464630602.246000
493,1464630597.124000,1464630597.781108,1464630598.045542,1464630602.247000
494,1464630597.124000,1464630597.930337,1464630598.129544,1464630602.248000
495,1464630597.124000,1464630597.955376,1464630598.195007,1464630602.248000
496,1464630597.124000,1464630597.899164,1464630598.146554,1464630602.249000
497,1464630597.124000,1464630597.964718,1464630598.186963,1464630602.250000
498,1464630597.124000,1464630597.918717,1464630598.146399,1464630602.250000
499,1464630597.124000,1464630597.881023,1464630598.101100,1464630602.251000
500,1464630597.124000,1464630597.951456,1464630598.148181,1464630602.252000
501,1464630597.125000,1464630597.823002,1464630597.996801,1464630602.253000
502,1464630597.125000,1464630597.842318,1464630598.121958,1464630602.253000
503,1464630597.125000,1464630597.914809,1464630598.172398,1464630602.254000
504,1464630597.125000,1464630597.933365,1464630598.158139,1464630602.255000
505,1464630597.125000,1464630597.911810,1464630598.075951,1464630602.256000
506,1464630597.125000,1464630597.855885,1464630598.069294,1464630602.256000
507,1464630597.125000,1464630597.913774,1464630598.131509,1464630602.257000
508,1464630597.125000,1464630597.934085,1464630598.156659,1464630602.258000
509,1464630597.125000,1464630597.917859,1464630598.176307,1464630602.259000
510,1464630597.125000,1464630597.895350,1464630598.109207,1464630602.260000
511,1464630597.125000,1464630597.901802,1464630598.081637,1464630602.261000
512,1464630597.125000,1464630597.847682,1464630598.083075,1464630602.261000
513,1464630597.125000,1464630597.930723,1464630598.177165,1464630602.262000
514,1464630597.125000,1464630597.970357,1464630598.229032,1464630602.263000
515,1464630597.125000,1464630597.884424,1464630598.131370,1464630602.263000
516,1464630597.125000,1464630597.873514,1464630598.108044,1464630602.264000
517,1464630597.125000,1464630597.865059,1464630598.049403,1464630602.265000
518,1464630597.125000,1464630597.835210,1464630598.096682,1464630602.266000
519,1464630597.125000,1464630601.548792,1464630601.802922,1464630602.267000
520,1464630597.125000,1464630597.835527,1464630598.133123,1464630602.267000
521,1464630597.125000,1464630597.919417,1464630598.110829,1464630602.268000
522,1464630597.125000,1464630597.901335,1464630598.096704,1464630602.268000
523,1464630597.125000,1464630597.976697,1464630598.157467,1464630602.269000
524,1464630597.125000,1464630597.890254,1464630598.131120,1464630602.270000
525,1464630597.125000,1464630597.824115,1464630598.132939,1464630602.270000
526,1464630597.125000,1464630597.871906,1464630598.185800,1464630602.271000
527,1464630597.125000,1464630597.866236,1464630598.102628,1464630602.271000
528,1464630597.126000,1464630597.890878,1464630598.122124,1464630602.272000
529,1464630597.126000,1464630597.865743,1464630598.145512,1464630602.273000
530,1464630597.126000,1464630597.986801,1464630598.204162,1464630602.273000
531,1464630597.126000,1464630597.949324,1464630598.203641,1464630602.274000
532,1464630597.126000,1464630597.916097,1464630598.177141,1464630602.274000
533,1464630597.126000,1464630598.037166,1464630598.287215,1464630602.275000
534,1464630597.126000,1464630597.938590,1464630598.079065,1464630602.276000
535,1464630597.126000,1464630597.937962,1464630598.230560,1464630602.276000
536,1464630597.126000,1464630597.896894,1464630598.087691,1464630602.277000
537,1464630597.126000,1464630597.893646,1464630598.173226,1464630602.277000
538,1464630597.126000,1464630597.970222,1464630598.229797,1464630602.278000
539,1464630597.126000,1464630597.824099,1464630598.028079,1464630602.279000
540,1464630597.126000,1464630597.924898,1464630598.176641,1464630602.279000
541,1464630597.126000,1464630597.955534,1464630598.188860,1464630602.280000
542,1464630597.126000,1464630597.895664,1464630598.111715,1464630602.281000
543,1464630597.126000,1464630597.830369,1464630598.047314,1464630602.281000
544,1464630597.126000,1464630597.873700,1464630598.096856,1464630602.282000
545,1464630597.126000,1464630597.923483,1464630598.066261,1464630602.282000
546,1464630597.126000,1464630597.837183,1464630598.106524,1464630602.283000
547,1464630597.126000,1464630597.937986,1464630598.209811,1464630602.284000
548,1464630597.126000,1464630597.893575,1464630598.131123,1464630602.285000
549,1464630597.126000,1464630597.906566,1464630598.087512,1464630602.285000
550,1464630597.126000,1464630597.910458,1464630598.159311,1464630602.286000
551,1464630597.126000,1464630597.885213,1464630598.156408,1464630602.286000
552,1464630597.126000,1464630597.916924,1464630598.166545,1464630602.287000
553,1464630597.126000,1464630597.944310,1464630598.181901,1464630602.288000
554,1464630597.126000,1464630597.956018,1464630598.178305,1464630602.289000
555,1464630597.126000,1464630597.795295,1464630598.085689,1464630602.289000
556,1464630597.127000,1464630597.979138,1464630598.251477,1464630602.290000
557,1464630597.127000,1464630597.942656,1464630598.217570,1464630602.291000
558,1464630597.127000,1464630597.740170,1464630597.943471,1464630602.292000
559,1464630597.127000,1464630597.982532,1464630598.175021,1464630602.292000
560,1464630597.127000,1464630597.954582,1464630598.132014,1464630602.293000
561,1464630597.127000,1464630597.851356,1464630598.106222,1464630602.294000
562,1464630597.127000,1464630597.901108,1464630598.179366,1464630602.295000
563,1464630597.127000,1464630597.922417,1464630598.172636,1464630602.295000
564,1464630597.127000,1464630597.955155,1464630598.172324,1464630602.296000
565,1464630597.127000,1464630597.813233,1464630598.092427,1464630602.297000
566,1464630597.127000,1464630597.891078,1464630598.031426,1464630602.297000
567,1464630597.127000,1464630597.831199,1464630598.127927,1464630602.298000
568,1464630597.127000,1464630597.951894,1464630598.166862,1464630602.299000
569,1464630597.127000,1464630597.866578,1464630598.092433,1464630602.300000
570,1464630597.127000,1464630597.891357,1464630598.116875,1464630602.301000
571,1464630597.127000,1464630597.914621,1464630598.115176,1464630602.301000
572,1464630597.127000,1464630597.858613,1464630598.073273,1464630602.302000
573,1464630597.127000,1464630597.936119,1464630598.100112,1464630602.303000
574,1464630597.127000,1464630597.907840,1464630598.139931,1464630602.303000
575,1464630597.127000,1464630598.013613,1464630598.222437,1464630602.304000
576,1464630597.127000,1464630597.834372,1464630598.071564,1464630602.305000
577,1464630597.127000,1464630597.834282,1464630598.068177,1464630602.305000
578,1464630597.127000,1464630597.883756,1464630598.143273,1464630602.306000
579,1464630597.127000,1464630597.844449,1464630597.985637,1464630602.306000
580,1464630597.127000,1464630597.890693,1464630598.047436,1464630602.307000
581,1464630597.127000,1464630597.876913,1464630598.153879,1464630602.308000
582,1464630597.127000,1464630597.856280,1464630598.062240,1464630602.308000
583,1464630597.128000,1464630597.911729,1464630598.142493,1464630602.309000
584,1464630597.128000,1464630597.878638,1464630598.099888,1464630602.310000
585,1464630597.128000,1464630597.871799,1464630598.107400,1464630602.310000
586,1464630597.128000,1464630597.915101,1464630598.053276,1464630602.311000
587,1464630597.128000,1464630597.930699,1464630598.138325,1464630602.312000
588,1464630597.128000,1464630598.028778,1464630598.263238,1464630602.312000
589,1464630597.128000,1464630597.899956,1464630598.108563,1464630602.313000
590,1464630597.128000,1464630597.969869,1464630598.209118,1464630602.313000
591,1464630597.128000,1464630597.905510,1464630598.049540,1464630602.314000
592,1464630597.128000,1464630597.894079,1464630598.134298,1464630602.315000
593,1464630597.128000,1464630597.974108,1464630598.132241,1464630602.315000
594,1464630597.128000,1464630597.874596,1464630598.157761,1464630602.316000
595,1464630597.128000,1464630597.879882,1464630598.134711,1464630602.317000
596,1464630597.128000,1464630597.917481,1464630598.169496,1464630602.317000
597,1464630597.128000,1464630597.847454,1464630598.081559,1464630602.318000
598,1464630597.128000,1464630597.947874,1464630598.272606,1464630602.318000
599,1464630597.128000,1464630597.859865,1464630598.098635,1464630602.319000
600,1464630597.128000,1464630597.929598,1464630598.219914,1464630602.320000
601,1464630597.128000,1464630598.045158,1464630598.265916,1464630602.320000
602,1464630597.128000,1464630597.869429,1464630598.089159,1464630602.321000
603,1464630597.128000,1464630597.951709,1464630598.178741,1464630602.322000
604,1464630597.128000,1464630601.830335,1464630602.084342,1464630602.322000
605,1464630597.128000,1464630597.948800,1464630598.137255,1464630602.323000
606,1464630597.128000,1464630597.887907,1464630598.111504,1464630602.324000
607,1464630597.128000,1464630597.892839,1464630598.091133,1464630602.324000
608,1464630597.128000,1464630601.444411,1464630601.625368,1464630602.325000
609,1464630597.128000,1464630597.956049,1464630598.184749,1464630602.326000
610,1464630597.128000,1464630597.826039,1464630598.078019,1464630602.327000
611,1464630597.129000,1464630597.995509,1464630598.203172,1464630602.327000
612,1464630597.128000,1464630597.889257,1464630598.148479,1464630602.328000
613,1464630597.129000,1464630597.931592,1464630598.175229,1464630602.329000
614,1464630597.129000,1464630597.917450,1464630598.157516,1464630602.330000
615,1464630597.129000,1464630597.898155,1464630598.101479,1464630602.330000
616,1464630597.129000,1464630601.464607,1464630601.708367,1464630602.331000
617,1464630597.129000,1464630597.887404,1464630598.081626,1464630602.332000
618,1464630597.129000,1464630597.927874,1464630598.151536,1464630602.332000
619,1464630597.129000,1464630597.894319,1464630598.119211,1464630602.333000
620,1464630597.129000,1464630597.889297,1464630598.017341,1464630602.334000
621,1464630597.129000,1464630597.935954,1464630598.131108,1464630602.335000
622,1464630597.129000,1464630597.908315,1464630598.134304,1464630602.336000
623,1464630597.129000,1464630597.942775,1464630598.183634,1464630602.336000
624,1464630597.129000,1464630597.974242,1464630598.131460,1464630602.337000
625,1464630597.129000,1464630598.040222,1464630598.272849,1464630602.338000
626,1464630597.129000,1464630597.928359,1464630598.194849,1464630602.339000
627,1464630597.129000,1464630597.962755,1464630598.261031,1464630602.339000
628,1464630597.129000,1464630597.912764,1464630598.177873,1464630602.340000
629,1464630597.129000,1464630597.848279,1464630598.127351,1464630602.340000
630,1464630597.129000,1464630597.899064,1464630598.094410,1464630602.341000
631,1464630597.129000,1464630597.901366,1464630598.134162,1464630602.342000
632,1464630597.129000,1464630597.891593,1464630598.158124,1464630602.342000
633,1464630597.129000,1464630597.869324,1464630598.088356,1464630602.343000
634,1464630597.129000,1464630597.930639,1464630598.158571,1464630602.343000
635,1464630597.129000,1464630598.026441,1464630598.265770,1464630602.344000
636,1464630597.129000,1464630597.939871,1464630598.190495,1464630602.345000
637,1464630597.129000,1464630597.954542,1464630598.075642,1464630602.345000
638,1464630597.129000,1464630597.910156,1464630598.133142,1464630602.346000
639,1464630597.129000,1464630597.935317,1464630598.178989,1464630602.346000
640,1464630597.130000,1464630597.954867,1464630598.208562,1464630602.347000
641,1464630597.130000,1464630597.914834,1464630598.150002,1464630602.348000
642,1464630597.130000,1464630597.924980,1464630598.167178,1464630602.349000
643,1464630597.130000,1464630597.822801,1464630598.028837,1464630602.349000
644,1464630597.130000,1464630597.900120,1464630598.142832,1464630602.350000
645,1464630597.130000,1464630597.885444,1464630598.083167,1464630602.351000
646,1464630597.130000,1464630601.543894,1464630601.782987,1464630602.351000
647,1464630597.130000,1464630597.944164,1464630598.195147,1464630602.352000
648,1464630597.130000,1464630597.934182,1464630598.118053,1464630602.353000
649,1464630597.130000,1464630597.875397,1464630598.067356,1464630602.353000
650,1464630597.130000,1464630597.866200,1464630598.107153,1464630602.354000
651,1464630597.130000,1464630597.951635,1464630598.164816,1464630602.354000
652,1464630597.130000,1464630597.842372,1464630597.974349,1464630602.355000
653,1464630597.130000,1464630597.941613,1464630598.115875,1464630602.356000
654,1464630597.130000,1464630597.938113,1464630598.129872,1464630602.356000
655,1464630597.131000,1464630597.863048,1464630598.093066,1464630602.357000
656,1464630597.131000,1464630598.011813,1464630598.212276,1464630602.357000
657,1464630597.131000,1464630597.905766,1464630598.182044,1464630602.358000
658,1464630597.131000,1464630597.866046,1464630598.074242,1464630602.359000
659,1464630597.131000,1464630597.952843,1464630598.174935,1464630602.360000
660,1464630597.131000,1464630597.924271,1464630598.197721,1464630602.360000
661,1464630597.131000,1464630597.995385,1464630598.215919,1464630602.361000
662,1464630597.131000,1464630597.827245,1464630598.036851,1464630602.362000
663,1464630597.131000,1464630597.980674,1464630598.183619,1464630602.362000
664,1464630597.131000,1464630597.807857,1464630598.064311,1464630602.363000
665,1464630597.131000,1464630597.957812,1464630598.155539,1464630602.364000
666,1464630597.131000,1464630597.871440,1464630598.126353,1464630602.365000
667,1464630597.131000,1464630597.894204,1464630598.098466,1464630602.365000
668,1464630597.131000,1464630597.967349,1464630598.209142,1464630602.366000
669,1464630597.131000,1464630597.927658,1464630598.130203,1464630602.367000
670,1464630597.131000,1464630597.829403,1464630598.048605,1464630602.368000
671,1464630597.131000,1464630598.031469,1464630598.253446,1464630602.369000
672,1464630597.131000,1464630598.057271,1464630598.310852,1464630602.369000
673,1464630597.131000,1464630597.925201,1464630598.135195,1464630602.370000
674,1464630597.131000,1464630597.957385,1464630598.198539,1464630602.371000
675,1464630597.131000,1464630597.915719,1464630598.071002,1464630602.372000
676,1464630597.131000,1464630597.886358,1464630598.146468,1464630602.372000
677,1464630597.131000,1464630597.893274,1464630598.114014,1464630602.373000
678,1464630597.131000,1464630601.385393,1464630601.662363,1464630602.374000
679,1464630597.131000,1464630597.837772,1464630598.131094,1464630602.375000
680,1464630597.131000,1464630597.851351,1464630598.113337,1464630602.375000
681,1464630597.131000,1464630597.849595,1464630598.141475,1464630602.376000
682,1464630597.131000,1464630597.850470,1464630598.097275,1464630602.377000
683,1464630597.131000,1464630597.833608,1464630598.094548,1464630602.377000
684,1464630597.132000,1464630597.903097,1464630598.162296,1464630602.378000
685,1464630597.132000,1464630597.976470,1464630598.201710,1464630602.379000
686,1464630597.132000,1464630597.897722,1464630598.153149,1464630602.379000
687,1464630597.132000,1464630597.942686,1464630598.176350,1464630602.380000
688,1464630597.132000,1464630597.958751,1464630598.158576,1464630602.380000
689,1464630597.132000,1464630601.521350,1464630601.763111,1464630602.381000
690,1464630597.132000,1464630597.859854,1464630598.087928,1464630602.382000
691,1464630597.132000,1464630597.943932,1464630598.168448,1464630602.382000
692,1464630597.132000,1464630597.906378,1464630598.135540,1464630602.383000
693,1464630597.132000,1464630597.914053,1464630598.202323,1464630602.383000
694,1464630597.132000,1464630597.884930,1464630598.106776,1464630602.384000
695,1464630597.132000,1464630597.828238,1464630598.095063,1464630602.385000
696,1464630597.132000,1464630597.832239,1464630598.029195,1464630602.385000
697,1464630597.132000,1464630597.925390,1464630598.174851,1464630602.386000
698,1464630597.132000,1464630598.000441,1464630598.239043,1464630602.387000
699,1464630597.132000,1464630597.878439,1464630598.087791,1464630602.387000
700,1464630597.132000,1464630597.952937,1464630598.152691,1464630602.388000
701,1464630597.132000,1464630597.925024,1464630598.141414,1464630602.388000
702,1464630597.132000,1464630597.860307,1464630598.096517,1464630602.389000
703,1464630597.132000,1464630597.883262,1464630598.138914,1464630602.390000
704,1464630597.132000,1464630597.969522,1464630598.150502,1464630602.390000
705,1464630597.132000,1464630597.836098,1464630598.052364,1464630602.391000
706,1464630597.132000,1464630597.913255,1464630598.135079,1464630602.392000
707,1464630597.132000,1464630597.885450,1464630598.130719,1464630602.392000
708,1464630597.132000,1464630597.898615,1464630598.107051,1464630602.393000
709,1464630597.132000,1464630597.842583,1464630598.026067,1464630602.394000
710,1464630597.132000,1464630597.869019,1464630598.116689,1464630602.394000
711,1464630597.132000,1464630597.893977,1464630598.088050,1464630602.395000
712,1464630597.133000,1464630597.923836,1464630598.164629,1464630602.396000
713,1464630597.133000,1464630597.946820,1464630598.149039,1464630602.396000
714,1464630597.133000,1464630597.894636,1464630598.065159,1464630602.397000
715,1464630597.133000,1464630598.017795,1464630598.254629,1464630602.397000
716,1464630597.133000,1464630597.880040,1464630598.094200,1464630602.398000
717,1464630597.133000,1464630597.919287,1464630598.166732,1464630602.399000
718,1464630597.133000,1464630597.927003,1464630598.166859,1464630602.400000
719,1464630597.133000,1464630597.962158,1464630598.221499,1464630602.401000
720,1464630597.133000,1464630597.928451,1464630598.173783,1464630602.401000
721,1464630597.133000,1464630597.933659,1464630598.166414,1464630602.402000
722,1464630597.133000,1464630597.978191,1464630598.211706,1464630602.403000
723,1464630597.133000,1464630597.960618,1464630598.154189,1464630602.404000
724,1464630597.133000,1464630597.892147,1464630598.083985,1464630602.405000
725,1464630597.133000,1464630601.872890,1464630601.986538,1464630602.405000
726,1464630597.133000,1464630597.897793,1464630598.119317,1464630602.406000
727,1464630597.133000,1464630597.920594,1464630598.101860,1464630602.407000
728,1464630597.133000,1464630597.861948,1464630598.094129,1464630602.407000
729,1464630597.133000,1464630597.892085,1464630598.038990,1464630602.408000
730,1464630597.133000,1464630597.926645,1464630598.217058,1464630602.409000
731,1464630597.133000,1464630597.901639,1464630598.045382,1464630602.410000
732,1464630597.133000,1464630598.003356,1464630598.130690,1464630602.410000
733,1464630597.133000,1464630598.018868,1464630598.269916,1464630602.411000
734,1464630597.133000,1464630597.948239,1464630598.203728,1464630602.412000
735,1464630597.133000,1464630597.860519,1464630598.102522,1464630602.413000
736,1464630597.133000,1464630597.849774,1464630598.090351,1464630602.413000
737,1464630597.133000,1464630598.009017,1464630598.218964,1464630602.414000
738,1464630597.133000,1464630597.864056,1464630598.106645,1464630602.414000
739,1464630597.134000,1464630597.883975,1464630598.097544,1464630602.415000
740,1464630597.134000,1464630597.849993,1464630598.109605,1464630602.416000
741,1464630597.134000,1464630597.911962,1464630598.188445,1464630602.416000
742,1464630597.134000,1464630597.909944,1464630598.086883,1464630602.417000
743,1464630597.134000,1464630597.919980,1464630598.140575,1464630602.417000
744,1464630597.134000,1464630597.945003,1464630598.188879,1464630602.418000
745,1464630597.134000,1464630597.919207,1464630598.101029,1464630602.419000
746,1464630597.134000,1464630597.937049,1464630598.131759,1464630602.419000
747,1464630597.134000,1464630597.915156,1464630598.036368,1464630602.420000
748,1464630597.134000,1464630597.901087,1464630598.166848,1464630602.421000
749,1464630597.134000,1464630597.786887,1464630598.049875,1464630602.422000
750,1464630597.134000,1464630597.900326,1464630598.140353,1464630602.423000
751,1464630597.134000,1464630597.969938,1464630598.185539,1464630602.423000
752,1464630597.134000,1464630598.020369,1464630598.210688,1464630602.424000
753,1464630597.134000,1464630601.786333,1464630601.974489,1464630602.424000
754,1464630597.134000,1464630597.916285,1464630598.018429,1464630602.426000
755,1464630597.134000,1464630597.919222,1464630598.095136,1464630602.426000
756,1464630597.134000,1464630597.908443,1464630598.103736,1464630602.427000
757,1464630597.134000,1464630597.929231,1464630598.205333,1464630602.427000
758,1464630597.134000,1464630597.844011,1464630598.044116,1464630602.428000
759,1464630597.134000,1464630597.945439,1464630598.123998,1464630602.429000
760,1464630597.134000,1464630597.908884,1464630598.181059,1464630602.429000
761,1464630597.134000,1464630597.890604,1464630598.095769,1464630602.430000
762,1464630597.134000,1464630597.909064,1464630598.127926,1464630602.431000
763,1464630597.134000,1464630597.937604,1464630598.177204,1464630602.431000
764,1464630597.134000,1464630597.926260,1464630598.139089,1464630602.432000
765,1464630597.136000,1464630597.931459,1464630598.034153,1464630602.432000
766,1464630597.138000,1464630597.894798,1464630598.172733,1464630602.433000
767,1464630597.151000,1464630597.895125,1464630598.060490,1464630602.434000
768,1464630597.161000,1464630599.552084,1464630599.731764,1464630602.434000
769,1464630597.185000,1464630598.064171,1464630598.219191,1464630602.435000
770,1464630597.199000,1464630598.120531,1464630598.334093,1464630602.436000
771,1464630597.208000,1464630597.889104,1464630598.070419,1464630602.437000
772,1464630597.214000,1464630598.068645,1464630598.322892,1464630602.437000
773,1464630597.205000,1464630598.031515,1464630598.155654,1464630602.438000
774,1464630597.212000,1464630598.117240,1464630598.315690,1464630602.439000
775,1464630597.206000,1464630598.113235,1464630598.324763,1464630602.439000
776,1464630597.206000,1464630597.919592,1464630598.155348,1464630602.440000
777,1464630597.204000,1464630598.076320,1464630598.293011,1464630602.441000
778,1464630597.204000,1464630598.032584,1464630598.188322,1464630602.442000
779,1464630597.204000,1464630598.062153,1464630598.280972,1464630602.442000
780,1464630597.204000,1464630598.045821,1464630598.300310,1464630602.443000
781,1464630597.215000,1464630598.090008,1464630598.328415,1464630602.444000
782,1464630597.206000,1464630598.023185,1464630598.185535,1464630602.444000
783,1464630597.205000,1464630598.114797,1464630598.253890,1464630602.445000
784,1464630597.201000,1464630598.106343,1464630598.262733,1464630602.446000
785,1464630597.205000,1464630598.091222,1464630598.291316,1464630602.447000
786,1464630597.205000,1464630598.105746,1464630598.314303,1464630602.448000
787,1464630597.202000,1464630598.039938,1464630598.291364,1464630602.448000
788,1464630597.203000,1464630597.899891,1464630598.114018,1464630602.449000
789,1464630597.211000,1464630598.064609,1464630598.251597,1464630602.450000
790,1464630597.203000,1464630598.095674,1464630598.276893,1464630602.451000
791,1464630597.205000,1464630597.910022,1464630598.117932,1464630602.451000
792,1464630597.203000,1464630598.105152,1464630598.280642,1464630602.452000
793,1464630597.203000,1464630598.140226,1464630598.339943,1464630602.453000
794,1464630597.204000,1464630598.055173,1464630598.351713,1464630602.454000
795,1464630597.204000,1464630599.222783,1464630599.364083,1464630602.454000
796,1464630597.204000,1464630598.124719,1464630598.365881,1464630602.455000
797,1464630597.204000,1464630598.075859,1464630598.330067,1464630602.456000
798,1464630597.221000,1464630598.087663,1464630598.292066,1464630602.456000
799,1464630597.209000,1464630598.100681,1464630598.294566,1464630602.457000
800,1464630597.204000,1464630598.148526,1464630598.273977,1464630602.458000
801,1464630597.205000,1464630598.075950,1464630598.284115,1464630602.458000
802,1464630597.205000,1464630598.074334,1464630598.276109,1464630602.459000
803,1464630597.214000,1464630598.147646,1464630598.285928,1464630602.460000
804,1464630597.205000,1464630598.090391,1464630598.374680,1464630602.460000
805,1464630597.205000,1464630598.123227,1464630598.325588,1464630602.461000
806,1464630597.209000,1464630598.007755,1464630598.227236,1464630602.462000
807,1464630597.209000,1464630598.072779,1464630598.312026,1464630602.463000
808,1464630597.217000,1464630598.060362,1464630598.265352,1464630602.463000
809,1464630597.209000,1464630598.056816,1464630598.262014,1464630602.464000
810,1464630597.209000,1464630598.102465,1464630598.337536,1464630602.465000
811,1464630597.209000,1464630598.089552,1464630598.307926,1464630602.465000
812,1464630597.209000,1464630598.027446,1464630598.181923,1464630602.466000
813,1464630597.221000,1464630598.045797,1464630598.252381,1464630602.466000
814,1464630597.212000,1464630598.126486,1464630598.372946,1464630602.467000
815,1464630597.221000,1464630598.064581,1464630598.300745,1464630602.468000
816,1464630597.212000,1464630598.074973,1464630598.352611,1464630602.468000
817,1464630597.212000,1464630598.011602,1464630598.173079,1464630602.469000
818,1464630597.213000,1464630598.100442,1464630598.261346,1464630602.470000
819,1464630597.210000,1464630598.090088,1464630598.295933,1464630602.471000
820,1464630597.208000,1464630598.008519,1464630598.262168,1464630602.471000
821,1464630597.213000,1464630598.106230,1464630598.313636,1464630602.472000
822,1464630597.221000,1464630598.048374,1464630598.204117,1464630602.473000
823,1464630597.213000,1464630598.101937,1464630598.318528,1464630602.474000
824,1464630597.219000,1464630598.040872,1464630598.248312,1464630602.474000
825,1464630597.208000,1464630598.031451,1464630598.301890,1464630602.475000
826,1464630597.208000,1464630597.944081,1464630598.183900,1464630602.476000
827,1464630597.208000,1464630598.165588,1464630598.305483,1464630602.477000
828,1464630597.216000,1464630598.118867,1464630598.335853,1464630602.477000
829,1464630597.211000,1464630598.079815,1464630598.234641,1464630602.478000
830,1464630597.209000,1464630598.056006,1464630598.211803,1464630602.479000
831,1464630597.209000,1464630597.916630,1464630598.150092,1464630602.479000
832,1464630597.221000,1464630598.050459,1464630598.239140,1464630602.480000
833,1464630597.211000,1464630598.098129,1464630598.276783,1464630602.481000
834,1464630597.213000,1464630598.088177,1464630598.273452,1464630602.481000
835,1464630597.222000,1464630598.054045,1464630598.326785,1464630602.482000
836,1464630597.220000,1464630598.074059,1464630598.293763,1464630602.483000
837,1464630597.214000,1464630597.935301,1464630598.110706,1464630602.484000
838,1464630597.220000,1464630598.124323,1464630598.297413,1464630602.484000
839,1464630597.221000,1464630598.006772,1464630598.203680,1464630602.485000
840,1464630597.225000,1464630598.122660,1464630598.355114,1464630602.486000
841,1464630597.223000,1464630598.027188,1464630598.257153,1464630602.486000
842,1464630597.223000,1464630598.104104,1464630598.335480,1464630602.487000
843,1464630597.225000,1464630598.151940,1464630598.430915,1464630602.488000
844,1464630597.225000,1464630598.020853,1464630598.243070,1464630602.488000
845,1464630597.227000,1464630598.096807,1464630598.284210,1464630602.489000
846,1464630597.227000,1464630598.089476,1464630598.259519,1464630602.489000
847,1464630597.227000,1464630598.023333,1464630598.223375,1464630602.490000
848,1464630597.227000,1464630598.067547,1464630598.282267,1464630602.491000
849,1464630597.226000,1464630598.074017,1464630598.288318,1464630602.491000
850,1464630597.227000,1464630598.053307,1464630598.225928,1464630602.492000
851,1464630597.227000,1464630598.080230,1464630598.311663,1464630602.492000
852,1464630597.229000,1464630598.104743,1464630598.277227,1464630602.493000
853,1464630597.228000,1464630598.025511,1464630598.230757,1464630602.494000
854,1464630597.226000,1464630598.109737,1464630598.292128,1464630602.494000
855,1464630597.226000,1464630598.057300,1464630598.272157,1464630602.495000
856,1464630597.229000,1464630598.096202,1464630598.312026,1464630602.496000
857,1464630597.227000,1464630598.044440,1464630598.200462,1464630602.496000
858,1464630597.227000,1464630598.047182,1464630598.188613,1464630602.497000
859,1464630597.227000,1464630598.008767,1464630598.237310,1464630602.498000
860,1464630597.227000,1464630598.032011,1464630598.275258,1464630602.498000
861,1464630597.227000,1464630598.057035,1464630598.327133,1464630602.499000
862,1464630597.227000,1464630598.088871,1464630598.231460,1464630602.499000
863,1464630597.231000,1464630598.120794,1464630598.333653,1464630602.500000
864,1464630597.227000,1464630598.048121,1464630598.244175,1464630602.501000
865,1464630597.227000,1464630598.119455,1464630598.316202,1464630602.501000
866,1464630597.227000,1464630598.035005,1464630598.236061,1464630602.502000
867,1464630597.227000,1464630598.137162,1464630598.372953,1464630602.503000
868,1464630597.228000,1464630598.090704,1464630598.296259,1464630602.503000
869,1464630597.231000,1464630598.049168,1464630598.212855,1464630602.504000
870,1464630597.228000,1464630598.048432,1464630598.240035,1464630602.505000
871,1464630597.227000,1464630598.050534,1464630598.262153,1464630602.506000
872,1464630597.227000,1464630599.391412,1464630599.594396,1464630602.506000
873,1464630597.227000,1464630598.029440,1464630598.220388,1464630602.507000
874,1464630597.227000,1464630598.073122,1464630598.251111,1464630602.508000
875,1464630597.227000,1464630598.025563,1464630598.146170,1464630602.508000
876,1464630597.228000,1464630598.079189,1464630598.318987,1464630602.509000
877,1464630597.228000,1464630598.115026,1464630598.348863,1464630602.510000
878,1464630597.228000,1464630598.058394,1464630598.215891,1464630602.510000
879,1464630597.228000,1464630598.019395,1464630598.255472,1464630602.511000
880,1464630597.229000,1464630598.095066,1464630598.216842,1464630602.512000
881,1464630597.228000,1464630598.072636,1464630598.231132,1464630602.512000
882,1464630597.228000,1464630597.942997,1464630598.183601,1464630602.513000
883,1464630597.228000,1464630598.116089,1464630598.352051,1464630602.514000
884,1464630597.232000,1464630598.063657,1464630598.223624,1464630602.515000
885,1464630597.228000,1464630598.068266,1464630598.312788,1464630602.515000
886,1464630597.228000,1464630598.049967,1464630598.210980,1464630602.516000
887,1464630597.228000,1464630598.056874,1464630598.273484,1464630602.517000
888,1464630597.229000,1464630598.042109,1464630598.229394,1464630602.518000
889,1464630597.228000,1464630598.038740,1464630598.282689,1464630602.518000
890,1464630597.229000,1464630598.117077,1464630598.322550,1464630602.519000
891,1464630597.228000,1464630598.072348,1464630598.352794,1464630602.520000
892,1464630597.229000,1464630598.058602,1464630598.171995,1464630602.520000
893,1464630597.229000,1464630598.088865,1464630598.272023,1464630602.521000
894,1464630597.228000,1464630598.074920,1464630598.294068,1464630602.522000
895,1464630597.228000,1464630598.128930,1464630598.305761,1464630602.523000
896,1464630597.228000,1464630598.096217,1464630598.233933,1464630602.523000
897,1464630597.228000,1464630598.067300,1464630598.298659,1464630602.524000
898,1464630597.229000,1464630598.006146,1464630598.199122,1464630602.525000
899,1464630597.229000,1464630598.139115,1464630598.296273,1464630602.525000
900,1464630597.229000,1464630598.052040,1464630598.264888,1464630602.526000
901,1464630597.229000,1464630598.128042,1464630598.264857,1464630602.527000
902,1464630597.230000,1464630598.074932,1464630598.298742,1464630602.527000
903,1464630597.229000,1464630598.109631,1464630598.333976,1464630602.528000
904,1464630597.229000,1464630598.131384,1464630598.320946,1464630602.529000
905,1464630597.230000,1464630598.028277,1464630598.176362,1464630602.530000
906,1464630597.231000,1464630598.086288,1464630598.336040,1464630602.530000
907,1464630597.229000,1464630598.125999,1464630598.294913,1464630602.531000
908,1464630597.229000,1464630598.097523,1464630598.257263,1464630602.532000
909,1464630597.230000,1464630598.041070,1464630598.280832,1464630602.532000
910,1464630597.231000,1464630598.106693,1464630598.280107,1464630602.533000
911,1464630597.230000,1464630598.086908,1464630598.300345,1464630602.534000
912,1464630597.232000,1464630598.134665,1464630598.293714,1464630602.534000
913,1464630597.233000,1464630599.513203,1464630599.710486,1464630602.535000
914,1464630597.230000,1464630598.116557,1464630598.273655,1464630602.536000
915,1464630597.231000,1464630598.045552,1464630598.237386,1464630602.536000
916,1464630597.230000,1464630598.098651,1464630598.314899,1464630602.537000
917,1464630597.230000,1464630599.246884,1464630599.440787,1464630602.538000
918,1464630597.230000,1464630598.093369,1464630598.309228,1464630602.538000
919,1464630597.230000,1464630597.907831,1464630598.132065,1464630602.539000
920,1464630597.230000,1464630598.055849,1464630598.274120,1464630602.540000
921,1464630597.232000,1464630598.064820,1464630598.218881,1464630602.540000
922,1464630597.230000,1464630598.110954,1464630598.331678,1464630602.541000
923,1464630597.230000,1464630598.013993,1464630598.224322,1464630602.541000
924,1464630597.230000,1464630598.179822,1464630598.317675,1464630602.542000
925,1464630597.234000,1464630598.091908,1464630598.249039,1464630602.543000
926,1464630597.231000,1464630598.053309,1464630598.292772,1464630602.543000
927,1464630597.230000,1464630598.079275,1464630598.276804,1464630602.544000
928,1464630597.230000,1464630598.093370,1464630598.315989,1464630602.545000
929,1464630597.231000,1464630598.087319,1464630598.250167,1464630602.545000
930,1464630597.230000,1464630598.052517,1464630598.211665,1464630602.546000
931,1464630597.230000,1464630597.982525,1464630598.146985,1464630602.547000
932,1464630597.232000,1464630598.108519,1464630598.249019,1464630602.547000
933,1464630597.231000,1464630598.088053,1464630598.345139,1464630602.548000
934,1464630597.231000,1464630598.087777,1464630598.285607,1464630602.549000
935,1464630597.231000,1464630598.048340,1464630598.254326,1464630602.549000
936,1464630597.231000,1464630598.087630,1464630598.289690,1464630602.550000
937,1464630597.231000,1464630598.044149,1464630598.228104,1464630602.551000
938,1464630597.231000,1464630598.134589,1464630598.314342,1464630602.551000
939,1464630597.231000,1464630598.057905,1464630598.225230,1464630602.552000
940,1464630597.233000,1464630598.058510,1464630598.281718,1464630602.553000
941,1464630597.231000,1464630598.048115,1464630598.196159,1464630602.554000
942,1464630597.232000,1464630598.137056,1464630598.310256,1464630602.554000
943,1464630597.231000,1464630598.146199,1464630598.385541,1464630602.555000
944,1464630597.233000,1464630598.145970,1464630598.306353,1464630602.556000
945,1464630597.234000,1464630598.087582,1464630598.314917,1464630602.556000
946,1464630597.231000,1464630598.062427,1464630598.243153,1464630602.557000
947,1464630597.231000,1464630598.027348,1464630598.242844,1464630602.558000
948,1464630597.231000,1464630598.126066,1464630598.401242,1464630602.558000
949,1464630597.233000,1464630598.030676,1464630598.183997,1464630602.559000
950,1464630597.233000,1464630597.926718,1464630598.155212,1464630602.560000
951,1464630597.232000,1464630598.039640,1464630598.213997,1464630602.560000
952,1464630597.231000,1464630598.044662,1464630598.256848,1464630602.561000
953,1464630597.233000,1464630598.105000,1464630598.336140,1464630602.562000
954,1464630597.232000,1464630598.121912,1464630598.294242,1464630602.563000
955,1464630597.233000,1464630598.120943,1464630598.322843,1464630602.563000
956,1464630597.232000,1464630598.077719,1464630598.238981,1464630602.564000
957,1464630597.232000,1464630598.110458,1464630598.270595,1464630602.565000
958,1464630597.233000,1464630598.121695,1464630598.350657,1464630602.565000
959,1464630597.233000,1464630598.036835,1464630598.251082,1464630602.566000
960,1464630597.232000,1464630598.087672,1464630598.333975,1464630602.567000
961,1464630597.232000,1464630598.110202,1464630598.327634,1464630602.568000
962,1464630597.232000,1464630598.108499,1464630598.248539,1464630602.575000
963,1464630597.232000,1464630598.084398,1464630598.257682,1464630602.576000
964,1464630597.232000,1464630598.083172,1464630598.275569,1464630602.577000
965,1464630597.232000,1464630598.078647,1464630598.273230,1464630602.577000
966,1464630597.234000,1464630598.095785,1464630598.273125,1464630602.578000
967,1464630597.232000,1464630598.119028,1464630598.331814,1464630602.579000
968,1464630597.232000,1464630598.059134,1464630598.233267,1464630602.580000
969,1464630597.232000,1464630598.144080,1464630598.344125,1464630602.580000
970,1464630597.234000,1464630598.022016,1464630598.274866,1464630602.581000
971,1464630597.232000,1464630598.100985,1464630598.256424,1464630602.581000
972,1464630597.234000,1464630599.281025,1464630599.460648,1464630602.582000
973,1464630597.234000,1464630598.105285,1464630598.295856,1464630602.583000
974,1464630597.232000,1464630598.111831,1464630598.270921,1464630602.583000
975,1464630597.234000,1464630599.522447,1464630599.654431,1464630602.584000
976,1464630597.234000,1464630598.031928,1464630598.293956,1464630602.584000
977,1464630597.232000,1464630598.097491,1464630598.331676,1464630602.585000
978,1464630597.233000,1464630598.083500,1464630598.316306,1464630602.586000
979,1464630597.233000,1464630598.033046,1464630598.214289,1464630602.586000
980,1464630597.233000,1464630598.018143,1464630598.285258,1464630602.587000
981,1464630597.235000,1464630598.023193,1464630598.264602,1464630602.587000
982,1464630597.233000,1464630598.064793,1464630598.276589,1464630602.588000
983,1464630597.233000,1464630597.995112,1464630598.214425,1464630602.589000
984,1464630597.233000,1464630598.130968,1464630598.266145,1464630602.590000
985,1464630597.233000,1464630598.056429,1464630598.216444,1464630602.590000
986,1464630597.240000,1464630598.143441,1464630598.301524,1464630602.591000
987,1464630597.233000,1464630598.102263,1464630598.297711,1464630602.592000
988,1464630597.233000,1464630598.104962,1464630598.242836,1464630602.592000
989,1464630597.233000,1464630598.055550,1464630598.261093,1464630602.593000
990,1464630597.234000,1464630598.092900,1464630598.331533,1464630602.594000
991,1464630597.236000,1464630598.054682,1464630598.313046,1464630602.595000
992,1464630597.236000,1464630598.040064,1464630598.183315,1464630602.595000
993,1464630597.277000,1464630598.078224,1464630598.275534,1464630602.596000
994,1464630597.245000,1464630598.049890,1464630598.267904,1464630602.597000
995,1464630597.236000,1464630598.032200,1464630598.274294,1464630602.597000
996,1464630597.236000,1464630598.110881,1464630598.345445,1464630602.598000
997,1464630597.236000,1464630598.122720,1464630598.353662,1464630602.599000
998,1464630597.245000,1464630598.033723,1464630598.217441,1464630602.600000
999,1464630597.236000,1464630598.094394,1464630598.249651,1464630602.601000
