0,1465857926.349000,1465857927.016591,1465857932.017852,1465857932.108000
1,1465857926.349000,1465857927.013458,1465857932.014755,1465857932.102000
2,1465857926.349000,1465857927.052936,1465857932.067243,1465857932.164000
3,1465857926.349000,1465857927.006580,1465857932.007867,1465857932.098000
4,1465857926.349000,1465857926.993239,1465857931.994647,1465857932.078000
5,1465857926.349000,1465857926.996549,1465857931.998087,1465857932.078000
6,1465857926.349000,1465857927.030489,1465857932.037673,1465857932.143000
7,1465857926.349000,1465857927.008889,1465857932.010341,1465857932.095000
8,1465857926.349000,1465857926.975541,1465857931.977336,1465857932.059000
9,1465857926.349000,1465857927.001373,1465857932.002657,1465857932.093000
10,1465857926.349000,1465857927.006329,1465857932.007597,1465857932.087000
11,1465857926.350000,1465857926.970506,1465857931.971690,1465857932.062000
12,1465857926.350000,1465857927.056301,1465857932.057500,1465857932.140000
13,1465857926.350000,1465857926.982228,1465857931.983707,1465857932.067000
14,1465857926.350000,1465857927.015965,1465857932.017262,1465857932.108000
15,1465857926.350000,1465857927.003568,1465857932.004761,1465857932.085000
16,1465857926.350000,1465857926.975755,1465857931.977084,1465857932.068000
17,1465857926.350000,1465857926.980416,1465857931.981780,1465857932.076000
18,1465857926.351000,1465857927.022498,1465857932.023651,1465857932.104000
19,1465857926.351000,1465857927.033485,1465857932.035156,1465857932.129000
20,1465857926.350000,1465857927.050628,1465857932.052081,1465857932.133000
21,1465857926.351000,1465857926.973684,1465857931.975480,1465857932.068000
22,1465857926.351000,1465857927.016547,1465857932.017751,1465857932.114000
23,1465857926.351000,1465857926.992663,1465857931.994096,1465857932.092000
24,1465857926.351000,1465857927.025125,1465857932.026416,1465857932.128000
25,1465857926.351000,1465857926.976960,1465857931.978510,1465857932.063000
26,1465857926.351000,1465857927.013582,1465857932.014909,1465857932.094000
27,1465857926.351000,1465857927.009526,1465857932.011410,1465857932.117000
28,1465857926.352000,1465857926.968580,1465857931.970227,1465857932.070000
29,1465857926.352000,1465857927.035787,1465857932.037279,1465857932.121000
30,1465857926.353000,1465857927.059199,1465857932.060358,1465857932.141000
31,1465857926.353000,1465857927.034771,1465857932.035915,1465857932.116000
32,1465857926.353000,1465857927.014220,1465857932.015483,1465857932.106000
33,1465857926.353000,1465857927.014284,1465857932.015628,1465857932.106000
34,1465857926.353000,1465857926.997286,1465857931.998731,1465857932.083000
35,1465857926.354000,1465857927.049461,1465857932.051336,1465857932.148000
36,1465857926.355000,1465857927.016239,1465857932.017510,1465857932.109000
37,1465857926.355000,1465857927.068678,1465857932.070852,1465857932.154000
38,1465857926.355000,1465857926.994638,1465857931.996123,1465857932.094000
39,1465857926.356000,1465857927.053387,1465857932.055127,1465857932.134000
40,1465857926.356000,1465857926.983811,1465857931.985046,1465857932.068000
41,1465857926.356000,1465857927.068917,1465857932.070471,1465857932.147000
42,1465857926.356000,1465857927.027008,1465857932.028782,1465857932.121000
43,1465857926.356000,1465857926.992999,1465857931.994501,1465857932.082000
44,1465857926.356000,1465857926.984420,1465857931.996407,1465857932.102000
45,1465857926.356000,1465857927.019550,1465857932.020781,1465857932.100000
46,1465857926.356000,1465857927.011209,1465857932.012492,1465857932.097000
47,1465857926.356000,1465857926.977311,1465857931.978606,1465857932.063000
48,1465857926.356000,1465857926.971237,1465857931.972527,1465857932.072000
49,1465857926.356000,1465857926.982518,1465857931.984270,1465857932.069000
50,1465857926.356000,1465857927.027178,1465857932.028342,1465857932.108000
51,1465857926.356000,1465857927.013800,1465857932.015547,1465857932.121000
52,1465857926.356000,1465857926.994342,1465857931.995681,1465857932.080000
53,1465857926.356000,1465857926.990004,1465857931.991345,1465857932.075000
54,1465857926.357000,1465857926.979356,1465857931.980935,1465857932.061000
55,1465857926.357000,1465857927.073600,1465857932.076553,1465857932.153000
56,1465857926.358000,1465857926.987605,1465857931.988982,1465857932.073000
57,1465857926.358000,1465857927.002305,1465857932.004093,1465857932.097000
58,1465857926.359000,1465857926.995744,1465857931.997053,1465857932.080000
59,1465857926.359000,1465857927.034733,1465857932.035980,1465857932.121000
60,1465857926.359000,1465857926.976395,1465857931.977785,1465857932.072000
61,1465857926.359000,1465857926.997456,1465857931.999029,1465857932.079000
62,1465857926.359000,1465857926.994815,1465857931.996579,1465857932.080000
63,1465857926.359000,1465857926.998278,1465857931.999504,1465857932.090000
64,1465857926.359000,1465857926.979061,1465857931.980317,1465857932.070000
65,1465857926.361000,1465857927.031771,1465857932.032959,1465857932.115000
66,1465857926.365000,1465857926.986395,1465857931.987637,1465857932.080000
67,1465857926.365000,1465857927.041125,1465857932.042384,1465857932.119000
68,1465857926.365000,1465857927.046469,1465857932.066649,1465857932.164000
69,1465857926.365000,1465857927.012623,1465857932.014207,1465857932.106000
70,1465857926.365000,1465857926.982627,1465857931.984153,1465857932.081000
71,1465857926.365000,1465857926.973385,1465857931.974902,1465857932.059000
72,1465857926.365000,1465857927.017435,1465857932.018761,1465857932.104000
73,1465857926.366000,1465857927.009411,1465857932.010670,1465857932.103000
74,1465857926.366000,1465857927.058887,1465857932.060069,1465857932.140000
75,1465857926.366000,1465857927.019617,1465857932.021082,1465857932.103000
76,1465857926.366000,1465857926.974623,1465857931.976084,1465857932.060000
77,1465857926.366000,1465857927.015621,1465857932.016899,1465857932.099000
78,1465857926.366000,1465857927.029686,1465857932.031065,1465857932.118000
79,1465857926.366000,1465857927.036712,1465857932.038609,1465857932.126000
80,1465857926.366000,1465857927.004930,1465857932.006613,1465857932.099000
81,1465857926.366000,1465857926.972646,1465857931.974742,1465857932.081000
82,1465857926.366000,1465857926.977178,1465857931.978636,1465857932.074000
83,1465857926.366000,1465857927.066505,1465857932.073684,1465857932.164000
84,1465857926.366000,1465857927.043072,1465857932.044344,1465857932.128000
85,1465857926.366000,1465857927.046991,1465857932.048193,1465857932.129000
86,1465857926.366000,1465857927.003774,1465857932.009176,1465857932.101000
87,1465857926.366000,1465857927.060543,1465857932.061907,1465857932.139000
88,1465857926.366000,1465857927.010615,1465857932.012041,1465857932.100000
89,1465857926.366000,1465857927.024233,1465857932.025559,1465857932.106000
90,1465857926.366000,1465857927.018903,1465857932.020112,1465857932.102000
91,1465857926.366000,1465857927.008118,1465857932.009373,1465857932.109000
92,1465857926.366000,1465857927.003137,1465857932.004542,1465857932.084000
93,1465857926.366000,1465857927.050330,1465857932.051626,1465857932.141000
94,1465857926.366000,1465857927.052343,1465857932.058227,1465857932.164000
95,1465857926.367000,1465857927.000301,1465857932.001517,1465857932.083000
96,1465857926.367000,1465857926.996757,1465857931.998854,1465857932.084000
97,1465857926.367000,1465857927.017867,1465857932.019166,1465857932.106000
98,1465857926.367000,1465857926.996098,1465857931.997583,1465857932.081000
99,1465857926.367000,1465857926.997864,1465857931.999393,1465857932.085000
100,1465857926.367000,1465857927.044864,1465857932.046167,1465857932.131000
101,1465857926.367000,1465857926.999764,1465857932.000965,1465857932.086000
102,1465857926.367000,1465857927.035511,1465857932.037435,1465857932.130000
103,1465857926.367000,1465857926.989144,1465857931.992038,1465857932.085000
104,1465857926.367000,1465857926.981575,1465857931.982796,1465857932.076000
105,1465857926.369000,1465857926.994313,1465857931.995672,1465857932.083000
106,1465857926.369000,1465857927.025555,1465857932.026846,1465857932.127000
107,1465857926.370000,1465857926.998537,1465857931.999952,1465857932.093000
108,1465857926.375000,1465857926.990220,1465857931.992189,1465857932.079000
109,1465857926.377000,1465857926.988818,1465857931.990095,1465857932.090000
110,1465857926.377000,1465857926.979011,1465857931.980214,1465857932.063000
111,1465857926.378000,1465857927.003617,1465857932.005232,1465857932.099000
112,1465857926.378000,1465857927.031696,1465857932.033038,1465857932.118000
113,1465857926.378000,1465857927.001866,1465857932.003495,1465857932.083000
114,1465857926.378000,1465857926.974929,1465857931.976705,1465857932.072000
115,1465857926.378000,1465857927.004622,1465857932.006076,1465857932.087000
116,1465857926.378000,1465857927.035658,1465857932.037675,1465857932.143000
117,1465857926.378000,1465857927.019086,1465857932.020316,1465857932.110000
118,1465857926.378000,1465857927.012695,1465857932.014111,1465857932.094000
119,1465857926.378000,1465857927.039305,1465857932.040920,1465857932.139000
120,1465857926.378000,1465857927.054943,1465857932.056310,1465857932.149000
121,1465857926.378000,1465857927.063155,1465857932.076143,1465857932.166000
122,1465857926.378000,1465857927.071786,1465857932.080495,1465857932.163000
123,1465857926.378000,1465857927.034029,1465857932.035910,1465857932.138000
124,1465857926.378000,1465857927.004056,1465857932.006841,1465857932.098000
125,1465857926.379000,1465857926.999670,1465857932.000964,1465857932.092000
126,1465857926.379000,1465857927.014553,1465857932.015865,1465857932.099000
127,1465857926.379000,1465857926.996466,1465857931.997986,1465857932.080000
128,1465857926.379000,1465857927.040326,1465857932.042090,1465857932.136000
129,1465857926.380000,1465857927.035614,1465857932.040825,1465857932.124000
130,1465857926.380000,1465857927.078897,1465857932.080040,1465857932.170000
131,1465857926.380000,1465857927.003420,1465857932.004593,1465857932.102000
132,1465857926.380000,1465857927.045773,1465857932.047091,1465857932.127000
133,1465857926.380000,1465857927.056366,1465857932.057824,1465857932.145000
134,1465857926.380000,1465857926.974646,1465857931.975955,1465857932.068000
135,1465857926.381000,1465857927.070815,1465857932.072342,1465857932.153000
136,1465857926.381000,1465857926.970943,1465857931.972549,1465857932.068000
137,1465857926.381000,1465857927.002480,1465857932.003687,1465857932.088000
138,1465857926.381000,1465857927.018382,1465857932.019813,1465857932.103000
139,1465857926.381000,1465857927.048310,1465857932.049765,1465857932.129000
140,1465857926.381000,1465857926.983303,1465857931.984832,1465857932.083000
141,1465857926.381000,1465857926.996934,1465857931.998275,1465857932.098000
142,1465857926.381000,1465857927.021153,1465857932.022448,1465857932.106000
143,1465857926.381000,1465857927.064964,1465857932.066788,1465857932.159000
144,1465857926.381000,1465857926.992651,1465857931.993915,1465857932.086000
145,1465857926.381000,1465857926.990438,1465857931.991657,1465857932.076000
146,1465857926.381000,1465857926.997357,1465857931.998603,1465857932.082000
147,1465857926.381000,1465857927.032395,1465857932.036190,1465857932.129000
148,1465857926.381000,1465857927.007938,1465857932.009201,1465857932.089000
149,1465857926.382000,1465857927.041582,1465857932.043708,1465857932.149000
150,1465857926.382000,1465857926.996525,1465857931.997927,1465857932.089000
151,1465857926.382000,1465857927.028226,1465857932.029561,1465857932.114000
152,1465857926.382000,1465857927.009096,1465857932.010418,1465857932.095000
153,1465857926.382000,1465857926.964557,1465857931.966065,1465857932.055000
154,1465857926.382000,1465857926.990738,1465857931.992812,1465857932.094000
155,1465857926.382000,1465857927.019595,1465857932.020843,1465857932.114000
156,1465857926.384000,1465857927.026130,1465857932.027424,1465857932.110000
157,1465857926.384000,1465857927.036467,1465857932.037808,1465857932.117000
158,1465857926.384000,1465857927.007988,1465857932.009357,1465857932.103000
159,1465857926.384000,1465857927.056699,1465857932.058037,1465857932.135000
160,1465857926.384000,1465857927.034907,1465857932.036204,1465857932.133000
161,1465857926.384000,1465857927.078063,1465857932.081413,1465857932.163000
162,1465857926.385000,1465857927.026564,1465857932.027772,1465857932.107000
163,1465857926.385000,1465857927.049698,1465857932.051729,1465857932.157000
164,1465857926.385000,1465857927.039035,1465857932.040246,1465857932.125000
165,1465857926.385000,1465857927.055499,1465857932.057593,1465857932.159000
166,1465857926.385000,1465857927.043141,1465857932.044597,1465857932.130000
167,1465857926.385000,1465857927.031436,1465857932.033094,1465857932.125000
168,1465857926.385000,1465857927.036439,1465857932.037905,1465857932.114000
169,1465857926.385000,1465857927.009135,1465857932.010332,1465857932.107000
170,1465857926.385000,1465857927.068190,1465857932.077499,1465857932.167000
171,1465857926.385000,1465857927.011363,1465857932.013191,1465857932.119000
172,1465857926.385000,1465857927.015233,1465857932.016605,1465857932.110000
173,1465857926.385000,1465857927.053425,1465857932.054601,1465857932.152000
174,1465857926.385000,1465857927.051984,1465857932.054409,1465857932.136000
175,1465857926.385000,1465857927.041302,1465857932.048936,1465857932.134000
176,1465857926.385000,1465857927.046099,1465857932.047894,1465857932.144000
177,1465857926.385000,1465857927.049216,1465857932.050727,1465857932.130000
178,1465857926.385000,1465857927.074081,1465857932.076494,1465857932.153000
179,1465857926.385000,1465857927.048298,1465857932.049809,1465857932.147000
180,1465857926.385000,1465857927.080131,1465857932.081815,1465857932.163000
181,1465857926.385000,1465857926.995102,1465857931.996769,1465857932.086000
182,1465857926.385000,1465857927.104527,1465857932.106422,1465857932.195000
183,1465857926.385000,1465857927.056525,1465857932.057809,1465857932.142000
184,1465857926.385000,1465857926.989709,1465857931.991225,1465857932.077000
185,1465857926.385000,1465857927.011758,1465857932.013299,1465857932.105000
186,1465857926.385000,1465857927.015578,1465857932.017082,1465857932.119000
187,1465857926.385000,1465857927.064825,1465857932.067950,1465857932.151000
188,1465857926.385000,1465857927.015864,1465857932.017245,1465857932.102000
189,1465857926.385000,1465857927.099330,1465857932.116126,1465857932.182000
190,1465857926.385000,1465857927.071040,1465857932.072606,1465857932.157000
191,1465857926.385000,1465857927.082835,1465857932.084622,1465857932.166000
192,1465857926.385000,1465857927.041175,1465857932.048211,1465857932.134000
193,1465857926.385000,1465857927.004376,1465857932.006035,1465857932.097000
194,1465857926.385000,1465857927.067638,1465857932.068940,1465857932.162000
195,1465857926.385000,1465857927.051949,1465857932.053390,1465857932.150000
196,1465857926.386000,1465857927.067080,1465857932.086256,1465857932.168000
197,1465857926.386000,1465857927.077294,1465857932.082137,1465857932.172000
198,1465857926.386000,1465857927.064617,1465857932.068181,1465857932.155000
199,1465857926.386000,1465857927.042701,1465857932.044845,1465857932.150000
200,1465857926.386000,1465857927.063767,1465857932.065195,1465857932.149000
201,1465857926.386000,1465857927.051374,1465857932.057881,1465857932.164000
202,1465857926.386000,1465857927.065269,1465857932.067303,1465857932.166000
203,1465857926.386000,1465857927.081746,1465857932.088253,1465857932.174000
204,1465857926.386000,1465857927.077413,1465857932.092463,1465857932.183000
205,1465857926.386000,1465857927.069015,1465857932.071473,1465857932.155000
206,1465857926.386000,1465857927.054935,1465857932.061917,1465857932.167000
207,1465857926.386000,1465857927.079806,1465857932.082876,1465857932.173000
208,1465857926.386000,1465857927.062188,1465857932.072092,1465857932.162000
209,1465857926.386000,1465857927.053387,1465857932.055048,1465857932.135000
210,1465857926.386000,1465857927.057600,1465857932.058759,1465857932.145000
211,1465857926.386000,1465857927.066919,1465857932.076248,1465857932.161000
212,1465857926.386000,1465857927.049804,1465857932.051379,1465857932.133000
213,1465857926.386000,1465857927.064013,1465857932.069607,1465857932.153000
214,1465857926.386000,1465857927.062009,1465857932.063716,1465857932.151000
215,1465857926.386000,1465857927.068617,1465857932.070465,1465857932.147000
216,1465857926.386000,1465857927.085493,1465857932.087788,1465857932.170000
217,1465857926.386000,1465857927.055106,1465857932.056462,1465857932.140000
218,1465857926.386000,1465857926.994637,1465857931.995870,1465857932.093000
219,1465857926.386000,1465857927.064156,1465857932.073449,1465857932.164000
220,1465857926.386000,1465857927.005523,1465857932.016372,1465857932.121000
221,1465857926.386000,1465857927.058290,1465857932.077110,1465857932.167000
222,1465857926.386000,1465857927.054404,1465857932.056270,1465857932.144000
223,1465857926.386000,1465857927.054984,1465857932.056532,1465857932.146000
224,1465857926.386000,1465857927.052825,1465857932.066369,1465857932.148000
225,1465857926.386000,1465857927.052156,1465857932.056650,1465857932.144000
226,1465857926.386000,1465857927.063522,1465857932.065225,1465857932.145000
227,1465857926.386000,1465857927.039341,1465857932.041018,1465857932.143000
228,1465857926.386000,1465857927.076393,1465857932.094356,1465857932.171000
229,1465857926.387000,1465857927.056575,1465857932.058671,1465857932.152000
230,1465857926.387000,1465857927.008876,1465857932.010242,1465857932.097000
231,1465857926.387000,1465857927.044743,1465857932.045963,1465857932.148000
232,1465857926.387000,1465857927.075614,1465857932.076780,1465857932.157000
233,1465857926.387000,1465857927.078798,1465857932.080910,1465857932.157000
234,1465857926.387000,1465857927.058474,1465857932.062532,1465857932.168000
235,1465857926.387000,1465857927.057833,1465857932.059731,1465857932.153000
236,1465857926.387000,1465857927.059976,1465857932.061294,1465857932.158000
237,1465857926.387000,1465857927.038358,1465857932.039804,1465857932.124000
238,1465857926.387000,1465857927.068159,1465857932.069730,1465857932.154000
239,1465857926.387000,1465857927.063281,1465857932.071340,1465857932.170000
240,1465857926.387000,1465857927.084161,1465857932.085959,1465857932.176000
241,1465857926.387000,1465857927.027230,1465857932.039442,1465857932.132000
242,1465857926.387000,1465857927.058653,1465857932.071008,1465857932.161000
243,1465857926.387000,1465857927.032084,1465857932.033694,1465857932.140000
244,1465857926.387000,1465857927.057181,1465857932.058401,1465857932.138000
245,1465857926.387000,1465857927.052106,1465857932.054704,1465857932.137000
246,1465857926.387000,1465857927.066297,1465857932.068012,1465857932.155000
247,1465857926.387000,1465857927.041382,1465857932.042534,1465857932.145000
248,1465857926.387000,1465857927.034145,1465857932.036665,1465857932.129000
249,1465857926.387000,1465857927.059450,1465857932.060861,1465857932.137000
250,1465857926.387000,1465857927.055664,1465857932.057273,1465857932.150000
251,1465857926.387000,1465857927.080487,1465857932.082788,1465857932.168000
252,1465857926.387000,1465857927.075071,1465857932.089647,1465857932.183000
253,1465857926.387000,1465857927.049784,1465857932.051121,1465857932.135000
254,1465857926.387000,1465857927.059190,1465857932.077693,1465857932.165000
255,1465857926.387000,1465857927.065147,1465857932.066598,1465857932.146000
256,1465857926.387000,1465857927.083942,1465857932.085066,1465857932.165000
257,1465857926.387000,1465857927.089275,1465857932.091939,1465857932.167000
258,1465857926.387000,1465857927.075675,1465857932.093210,1465857932.182000
259,1465857926.387000,1465857927.059518,1465857932.060916,1465857932.163000
260,1465857926.388000,1465857927.081967,1465857932.083094,1465857932.160000
261,1465857926.388000,1465857927.079643,1465857932.081605,1465857932.158000
262,1465857926.388000,1465857927.039670,1465857932.040947,1465857932.131000
263,1465857926.388000,1465857927.028575,1465857932.029854,1465857932.120000
264,1465857926.388000,1465857927.052851,1465857932.054387,1465857932.138000
265,1465857926.388000,1465857927.087116,1465857932.088232,1465857932.179000
266,1465857926.388000,1465857927.070502,1465857932.071894,1465857932.170000
267,1465857926.388000,1465857927.068509,1465857932.077452,1465857932.167000
268,1465857926.389000,1465857927.048688,1465857932.050132,1465857932.138000
269,1465857926.389000,1465857927.067516,1465857932.068744,1465857932.165000
270,1465857926.389000,1465857927.065345,1465857932.069477,1465857932.169000
271,1465857926.390000,1465857927.071444,1465857932.090524,1465857932.182000
272,1465857926.390000,1465857927.026847,1465857932.028030,1465857932.130000
273,1465857926.391000,1465857927.063076,1465857932.072462,1465857932.163000
274,1465857926.400000,1465857927.098932,1465857932.116333,1465857932.183000
275,1465857926.400000,1465857927.058965,1465857932.060197,1465857932.150000
276,1465857926.407000,1465857927.067629,1465857932.069134,1465857932.150000
277,1465857926.407000,1465857927.065638,1465857932.070032,1465857932.153000
278,1465857926.407000,1465857927.090714,1465857932.091816,1465857932.182000
279,1465857926.408000,1465857927.059537,1465857932.060918,1465857932.146000
280,1465857926.408000,1465857927.077373,1465857932.078990,1465857932.163000
281,1465857926.408000,1465857927.047291,1465857932.048970,1465857932.134000
282,1465857926.408000,1465857927.089425,1465857932.090714,1465857932.174000
283,1465857926.408000,1465857927.066343,1465857932.068007,1465857932.148000
284,1465857926.408000,1465857927.033883,1465857932.037192,1465857932.131000
285,1465857926.408000,1465857927.116409,1465857932.117846,1465857932.210000
286,1465857926.408000,1465857927.065694,1465857932.069790,1465857932.157000
287,1465857926.408000,1465857927.085593,1465857932.087454,1465857932.170000
288,1465857926.408000,1465857927.044742,1465857932.046089,1465857932.138000
289,1465857926.408000,1465857927.064104,1465857932.069402,1465857932.169000
290,1465857926.408000,1465857927.074909,1465857932.091987,1465857932.184000
291,1465857926.409000,1465857927.052390,1465857932.053807,1465857932.143000
292,1465857926.409000,1465857927.072946,1465857932.075059,1465857932.157000
293,1465857926.409000,1465857927.082429,1465857932.084091,1465857932.174000
294,1465857926.409000,1465857927.073631,1465857932.074982,1465857932.156000
295,1465857926.409000,1465857927.063777,1465857932.066004,1465857932.153000
296,1465857926.409000,1465857927.079567,1465857932.082058,1465857932.159000
297,1465857926.409000,1465857927.063183,1465857932.064841,1465857932.158000
298,1465857926.409000,1465857927.044598,1465857932.045793,1465857932.129000
299,1465857926.409000,1465857927.063439,1465857932.064779,1465857932.162000
300,1465857926.409000,1465857927.063946,1465857932.066100,1465857932.153000
301,1465857926.409000,1465857927.096189,1465857932.113900,1465857932.180000
302,1465857926.409000,1465857927.079820,1465857932.081497,1465857932.163000
303,1465857926.409000,1465857927.075717,1465857932.080793,1465857932.171000
304,1465857926.409000,1465857927.063229,1465857932.081016,1465857932.164000
305,1465857926.409000,1465857927.054369,1465857932.055764,1465857932.146000
306,1465857926.410000,1465857927.096801,1465857932.098269,1465857932.190000
307,1465857926.410000,1465857927.071274,1465857932.072663,1465857932.171000
308,1465857926.410000,1465857927.079009,1465857932.082060,1465857932.164000
309,1465857926.410000,1465857927.066994,1465857932.073847,1465857932.163000
310,1465857926.410000,1465857927.074248,1465857932.075512,1465857932.166000
311,1465857926.411000,1465857927.054826,1465857932.066677,1465857932.154000
312,1465857926.411000,1465857927.034656,1465857932.036203,1465857932.137000
313,1465857926.411000,1465857927.073297,1465857932.076258,1465857932.158000
314,1465857926.411000,1465857927.070482,1465857932.073433,1465857932.165000
315,1465857926.411000,1465857927.064106,1465857932.067991,1465857932.167000
316,1465857926.411000,1465857927.086792,1465857932.088033,1465857932.169000
317,1465857926.411000,1465857927.058218,1465857932.077362,1465857932.183000
318,1465857926.412000,1465857927.052591,1465857932.054672,1465857932.138000
319,1465857926.412000,1465857927.065826,1465857932.067450,1465857932.167000
320,1465857926.412000,1465857927.069560,1465857932.070730,1465857932.158000
321,1465857926.412000,1465857927.078725,1465857932.080358,1465857932.166000
322,1465857926.412000,1465857927.078746,1465857932.080322,1465857932.161000
323,1465857926.412000,1465857927.082401,1465857932.083656,1465857932.166000
324,1465857926.412000,1465857927.070048,1465857932.071386,1465857932.151000
325,1465857926.413000,1465857927.067739,1465857932.080201,1465857932.173000
326,1465857926.413000,1465857927.058249,1465857932.060195,1465857932.140000
327,1465857926.413000,1465857927.076661,1465857932.078941,1465857932.164000
328,1465857926.413000,1465857927.055600,1465857932.064430,1465857932.166000
329,1465857926.413000,1465857927.088327,1465857932.093934,1465857932.170000
330,1465857926.413000,1465857927.079865,1465857932.082125,1465857932.164000
331,1465857926.413000,1465857927.069625,1465857932.074672,1465857932.158000
332,1465857926.413000,1465857927.064274,1465857932.079494,1465857932.172000
333,1465857926.413000,1465857927.085142,1465857932.086764,1465857932.169000
334,1465857926.413000,1465857927.065296,1465857932.067331,1465857932.155000
335,1465857926.413000,1465857927.095228,1465857932.096989,1465857932.179000
336,1465857926.413000,1465857927.050924,1465857932.052153,1465857932.145000
337,1465857926.414000,1465857927.086505,1465857932.087811,1465857932.179000
338,1465857926.414000,1465857927.070727,1465857932.091172,1465857932.183000
339,1465857926.414000,1465857927.075603,1465857932.076946,1465857932.168000
340,1465857926.414000,1465857927.037659,1465857932.039453,1465857932.127000
341,1465857926.414000,1465857927.057648,1465857932.059252,1465857932.161000
342,1465857926.415000,1465857927.076099,1465857932.077666,1465857932.162000
343,1465857926.415000,1465857927.062150,1465857932.067987,1465857932.153000
344,1465857926.415000,1465857932.200538,1465857937.214608,1465857937.313000
345,1465857926.415000,1465857927.076303,1465857932.078640,1465857932.161000
346,1465857926.415000,1465857927.065430,1465857932.066593,1465857932.146000
347,1465857926.415000,1465857927.069407,1465857932.071422,1465857932.161000
348,1465857926.416000,1465857927.053373,1465857932.054576,1465857932.142000
349,1465857926.416000,1465857927.047407,1465857932.048761,1465857932.142000
350,1465857926.416000,1465857927.074856,1465857932.076139,1465857932.163000
351,1465857926.416000,1465857927.058200,1465857932.060313,1465857932.142000
352,1465857926.416000,1465857927.077370,1465857932.079017,1465857932.171000
353,1465857926.416000,1465857927.080886,1465857932.082617,1465857932.164000
354,1465857926.416000,1465857927.099906,1465857932.101452,1465857932.184000
355,1465857926.416000,1465857927.067241,1465857932.070732,1465857932.155000
356,1465857926.416000,1465857927.061732,1465857932.065377,1465857932.151000
357,1465857926.416000,1465857927.077850,1465857932.094246,1465857932.180000
358,1465857926.416000,1465857927.101536,1465857932.103037,1465857932.170000
359,1465857926.417000,1465857927.070088,1465857932.078820,1465857932.170000
360,1465857926.417000,1465857927.048762,1465857932.050522,1465857932.162000
361,1465857926.417000,1465857927.066522,1465857932.067918,1465857932.153000
362,1465857926.417000,1465857927.079588,1465857932.080808,1465857932.168000
363,1465857926.417000,1465857927.084278,1465857932.085432,1465857932.178000
364,1465857926.418000,1465857927.078092,1465857932.079942,1465857932.160000
365,1465857926.418000,1465857927.051921,1465857932.053332,1465857932.140000
366,1465857926.418000,1465857927.081519,1465857932.082735,1465857932.167000
367,1465857926.418000,1465857927.073936,1465857932.078650,1465857932.155000
368,1465857926.418000,1465857927.077121,1465857932.079059,1465857932.159000
369,1465857926.418000,1465857927.064488,1465857932.065837,1465857932.145000
370,1465857926.419000,1465857927.063032,1465857932.065609,1465857932.165000
371,1465857926.419000,1465857927.063608,1465857932.082356,1465857932.162000
372,1465857926.419000,1465857927.062837,1465857932.064053,1465857932.140000
373,1465857926.419000,1465857927.033020,1465857932.034829,1465857932.128000
374,1465857926.419000,1465857927.065212,1465857932.066505,1465857932.148000
375,1465857926.419000,1465857927.068151,1465857932.070481,1465857932.158000
376,1465857926.419000,1465857927.076041,1465857932.078129,1465857932.160000
377,1465857926.420000,1465857927.063339,1465857932.065468,1465857932.152000
378,1465857926.420000,1465857927.047203,1465857932.048399,1465857932.141000
379,1465857926.421000,1465857927.071274,1465857932.072474,1465857932.152000
380,1465857926.420000,1465857927.059891,1465857932.061238,1465857932.155000
381,1465857926.420000,1465857927.039321,1465857932.041102,1465857932.146000
382,1465857926.421000,1465857927.044251,1465857932.050760,1465857932.166000
383,1465857926.421000,1465857927.060762,1465857932.062675,1465857932.152000
384,1465857926.421000,1465857927.081997,1465857932.083667,1465857932.165000
385,1465857926.421000,1465857927.137711,1465857932.138893,1465857932.205000
386,1465857926.421000,1465857927.065360,1465857932.066741,1465857932.151000
387,1465857926.421000,1465857927.067396,1465857932.069515,1465857932.153000
388,1465857926.421000,1465857927.054458,1465857932.059046,1465857932.161000
389,1465857926.421000,1465857927.034919,1465857932.036361,1465857932.129000
390,1465857926.421000,1465857927.052304,1465857932.053862,1465857932.141000
391,1465857926.422000,1465857927.051910,1465857932.053959,1465857932.156000
392,1465857926.422000,1465857927.061782,1465857932.063165,1465857932.160000
393,1465857926.422000,1465857927.061940,1465857932.070214,1465857932.170000
394,1465857926.422000,1465857927.072916,1465857932.074147,1465857932.159000
395,1465857926.422000,1465857927.063073,1465857932.074587,1465857932.165000
396,1465857926.424000,1465857927.058237,1465857932.059738,1465857932.147000
397,1465857926.423000,1465857927.084464,1465857932.088194,1465857932.171000
398,1465857926.423000,1465857927.050590,1465857932.057315,1465857932.144000
399,1465857926.423000,1465857927.060017,1465857932.064433,1465857932.167000
400,1465857926.424000,1465857927.069740,1465857932.071321,1465857932.164000
401,1465857926.424000,1465857927.080622,1465857932.087977,1465857932.173000
402,1465857926.424000,1465857927.060387,1465857932.061919,1465857932.145000
403,1465857926.424000,1465857927.072615,1465857932.089005,1465857932.180000
404,1465857926.424000,1465857927.069174,1465857932.090425,1465857932.182000
405,1465857926.424000,1465857927.047022,1465857932.048366,1465857932.129000
406,1465857926.425000,1465857927.060337,1465857932.061690,1465857932.146000
407,1465857926.424000,1465857927.040287,1465857932.042623,1465857932.136000
408,1465857926.425000,1465857927.071820,1465857932.074176,1465857932.159000
409,1465857926.425000,1465857927.090126,1465857932.092960,1465857932.184000
410,1465857926.425000,1465857927.070119,1465857932.071472,1465857932.150000
411,1465857926.425000,1465857927.135130,1465857932.136723,1465857932.226000
412,1465857926.425000,1465857927.079596,1465857932.089631,1465857932.181000
413,1465857926.425000,1465857927.065821,1465857932.067689,1465857932.149000
414,1465857926.425000,1465857927.091117,1465857932.092342,1465857932.175000
415,1465857926.425000,1465857927.064955,1465857932.066592,1465857932.149000
416,1465857926.425000,1465857927.090254,1465857932.091571,1465857932.172000
417,1465857926.425000,1465857927.108154,1465857932.109904,1465857932.193000
418,1465857926.427000,1465857927.046423,1465857932.049414,1465857932.165000
419,1465857926.427000,1465857927.067735,1465857932.087169,1465857932.169000
420,1465857926.427000,1465857927.036769,1465857932.056557,1465857932.144000
421,1465857926.427000,1465857927.070165,1465857932.071395,1465857932.161000
422,1465857926.427000,1465857927.063656,1465857932.065210,1465857932.158000
423,1465857926.427000,1465857927.057974,1465857932.059176,1465857932.175000
424,1465857926.429000,1465857927.065386,1465857932.069854,1465857932.154000
425,1465857926.428000,1465857927.074374,1465857932.092309,1465857932.182000
426,1465857926.428000,1465857927.062829,1465857932.074864,1465857932.164000
427,1465857926.429000,1465857927.057516,1465857932.058868,1465857932.144000
428,1465857926.429000,1465857927.068291,1465857932.069614,1465857932.166000
429,1465857926.429000,1465857927.059305,1465857932.060687,1465857932.145000
430,1465857926.429000,1465857927.043505,1465857932.045065,1465857932.132000
431,1465857926.431000,1465857927.046339,1465857932.047655,1465857932.133000
432,1465857926.431000,1465857927.114341,1465857932.115682,1465857932.207000
433,1465857926.431000,1465857927.072314,1465857932.074091,1465857932.160000
434,1465857926.431000,1465857927.076179,1465857932.077327,1465857932.174000
435,1465857926.431000,1465857927.048564,1465857932.054837,1465857932.160000
436,1465857926.432000,1465857927.056280,1465857932.061825,1465857932.152000
437,1465857926.432000,1465857927.089939,1465857932.091290,1465857932.177000
438,1465857926.432000,1465857927.080782,1465857932.082936,1465857932.164000
439,1465857926.432000,1465857927.051824,1465857932.053293,1465857932.140000
440,1465857926.432000,1465857927.068708,1465857932.070049,1465857932.160000
441,1465857926.432000,1465857927.071603,1465857932.073527,1465857932.158000
442,1465857926.432000,1465857927.066087,1465857932.067769,1465857932.160000
443,1465857926.432000,1465857927.052873,1465857932.054894,1465857932.157000
444,1465857926.432000,1465857927.039007,1465857932.040728,1465857932.143000
445,1465857926.432000,1465857927.100016,1465857932.101257,1465857932.185000
446,1465857926.433000,1465857927.070337,1465857932.074590,1465857932.158000
447,1465857926.433000,1465857927.082479,1465857932.083779,1465857932.164000
448,1465857926.433000,1465857927.065993,1465857932.068053,1465857932.151000
449,1465857926.433000,1465857927.062762,1465857932.064485,1465857932.159000
450,1465857926.433000,1465857927.049664,1465857932.051535,1465857932.167000
451,1465857926.433000,1465857927.075748,1465857932.078817,1465857932.164000
452,1465857926.433000,1465857927.074134,1465857932.082353,1465857932.163000
453,1465857926.433000,1465857927.065544,1465857932.067303,1465857932.166000
454,1465857926.433000,1465857927.075896,1465857932.079811,1465857932.168000
455,1465857926.434000,1465857927.064932,1465857932.066363,1465857932.157000
456,1465857926.434000,1465857927.071059,1465857932.082994,1465857932.163000
457,1465857926.435000,1465857927.056612,1465857932.057818,1465857932.151000
458,1465857926.435000,1465857927.061875,1465857932.063401,1465857932.156000
459,1465857926.435000,1465857927.048051,1465857932.049703,1465857932.151000
460,1465857926.436000,1465857927.073893,1465857932.082226,1465857932.167000
461,1465857926.436000,1465857927.060574,1465857932.062096,1465857932.150000
462,1465857926.436000,1465857927.094775,1465857932.096095,1465857932.188000
463,1465857926.436000,1465857927.069392,1465857932.075687,1465857932.165000
464,1465857926.436000,1465857927.077146,1465857932.078802,1465857932.165000
465,1465857926.436000,1465857927.073079,1465857932.078451,1465857932.155000
466,1465857926.436000,1465857927.040659,1465857932.041829,1465857932.121000
467,1465857926.436000,1465857927.071864,1465857932.075689,1465857932.158000
468,1465857926.436000,1465857927.095707,1465857932.096917,1465857932.173000
469,1465857926.437000,1465857927.079509,1465857932.081258,1465857932.166000
470,1465857926.437000,1465857927.050590,1465857932.052106,1465857932.145000
471,1465857926.437000,1465857927.078533,1465857932.081983,1465857932.164000
472,1465857926.437000,1465857927.056245,1465857932.058247,1465857932.148000
473,1465857926.437000,1465857927.089464,1465857932.090690,1465857932.181000
474,1465857926.437000,1465857927.083698,1465857932.085198,1465857932.175000
475,1465857926.437000,1465857927.067228,1465857932.076783,1465857932.164000
476,1465857926.437000,1465857927.057650,1465857932.059105,1465857932.156000
477,1465857926.438000,1465857927.074069,1465857932.076807,1465857932.160000
478,1465857926.438000,1465857927.081072,1465857932.082681,1465857932.165000
479,1465857926.438000,1465857927.088534,1465857932.089697,1465857932.181000
480,1465857926.438000,1465857927.072537,1465857932.074278,1465857932.154000
481,1465857926.439000,1465857927.064652,1465857932.066421,1465857932.159000
482,1465857926.439000,1465857927.073609,1465857932.074980,1465857932.162000
483,1465857926.440000,1465857927.105593,1465857932.106817,1465857932.173000
484,1465857926.440000,1465857927.118108,1465857932.119611,1465857932.202000
485,1465857926.440000,1465857927.048028,1465857932.051438,1465857932.167000
486,1465857926.440000,1465857927.069345,1465857932.079600,1465857932.172000
487,1465857926.440000,1465857927.072469,1465857932.073758,1465857932.157000
488,1465857926.440000,1465857927.062149,1465857932.064062,1465857932.169000
489,1465857926.441000,1465857927.048020,1465857932.049615,1465857932.152000
490,1465857926.441000,1465857927.059911,1465857932.061082,1465857932.143000
491,1465857926.441000,1465857927.055854,1465857932.076554,1465857932.182000
492,1465857926.441000,1465857927.072098,1465857932.073936,1465857932.165000
493,1465857926.441000,1465857927.177169,1465857932.178523,1465857932.280000
494,1465857926.441000,1465857927.065089,1465857932.066645,1465857932.150000
495,1465857926.441000,1465857927.071810,1465857932.073390,1465857932.163000
496,1465857926.441000,1465857927.080210,1465857932.089633,1465857932.181000
497,1465857926.441000,1465857927.101519,1465857932.102916,1465857932.198000
498,1465857926.441000,1465857927.065162,1465857932.067824,1465857932.165000
499,1465857926.441000,1465857927.075959,1465857932.078015,1465857932.164000
500,1465857926.441000,1465857927.051972,1465857932.053937,1465857932.167000
501,1465857926.441000,1465857927.192093,1465857932.193482,1465857932.275000
502,1465857926.441000,1465857927.174678,1465857932.176088,1465857932.257000
503,1465857926.441000,1465857927.054519,1465857932.058233,1465857932.148000
504,1465857926.441000,1465857927.091791,1465857932.093036,1465857932.179000
505,1465857926.441000,1465857927.209374,1465857932.211941,1465857932.297000
506,1465857926.441000,1465857927.068046,1465857932.070424,1465857932.155000
507,1465857926.441000,1465857927.064763,1465857932.066025,1465857932.182000
508,1465857926.442000,1465857927.152825,1465857932.154356,1465857932.247000
509,1465857926.442000,1465857927.083476,1465857932.084626,1465857932.181000
510,1465857926.442000,1465857927.094021,1465857932.095199,1465857932.181000
511,1465857926.442000,1465857927.096189,1465857932.098169,1465857932.164000
512,1465857926.442000,1465857932.426012,1465857937.434324,1465857937.501000
513,1465857926.442000,1465857927.076319,1465857932.077711,1465857932.157000
514,1465857926.442000,1465857927.166177,1465857932.167216,1465857932.262000
515,1465857926.442000,1465857927.118748,1465857932.119941,1465857932.203000
516,1465857926.442000,1465857927.143307,1465857932.144620,1465857932.231000
517,1465857926.442000,1465857927.071609,1465857932.090510,1465857932.182000
518,1465857926.442000,1465857927.212627,1465857932.225863,1465857932.312000
519,1465857926.442000,1465857927.060947,1465857932.073192,1465857932.163000
520,1465857926.442000,1465857927.193157,1465857932.195356,1465857932.288000
521,1465857926.442000,1465857927.120894,1465857932.122168,1465857932.211000
522,1465857926.442000,1465857927.217673,1465857932.219200,1465857932.304000
523,1465857926.442000,1465857927.049525,1465857932.067594,1465857932.183000
524,1465857926.442000,1465857927.156513,1465857932.157821,1465857932.240000
525,1465857926.442000,1465857927.129266,1465857932.130699,1465857932.214000
526,1465857926.442000,1465857927.151415,1465857932.152681,1465857932.232000
527,1465857926.442000,1465857927.187990,1465857932.189273,1465857932.266000
528,1465857926.442000,1465857927.080936,1465857932.082279,1465857932.167000
529,1465857926.442000,1465857927.102885,1465857932.104088,1465857932.189000
530,1465857926.442000,1465857927.196984,1465857932.198795,1465857932.288000
531,1465857926.443000,1465857932.973163,1465857937.980591,1465857938.079000
532,1465857926.443000,1465857927.080219,1465857932.083205,1465857932.169000
533,1465857926.443000,1465857927.145264,1465857932.146651,1465857932.235000
534,1465857926.443000,1465857927.087719,1465857932.089039,1465857932.170000
535,1465857926.443000,1465857927.107261,1465857932.108467,1465857932.174000
536,1465857926.443000,1465857927.142804,1465857932.143974,1465857932.236000
537,1465857926.443000,1465857927.090332,1465857932.091671,1465857932.177000
538,1465857926.443000,1465857927.191103,1465857932.192412,1465857932.276000
539,1465857926.443000,1465857927.147278,1465857932.148655,1465857932.231000
540,1465857926.443000,1465857927.068498,1465857932.072011,1465857932.165000
541,1465857926.443000,1465857927.095447,1465857932.096642,1465857932.188000
542,1465857926.443000,1465857927.236745,1465857932.237982,1465857932.304000
543,1465857926.443000,1465857927.083327,1465857932.084644,1465857932.176000
544,1465857926.443000,1465857927.052018,1465857932.053401,1465857932.147000
545,1465857926.443000,1465857927.151511,1465857932.153089,1465857932.237000
546,1465857926.443000,1465857927.194329,1465857932.195536,1465857932.282000
547,1465857926.443000,1465857927.067452,1465857932.076352,1465857932.166000
548,1465857926.443000,1465857927.040239,1465857932.041427,1465857932.134000
549,1465857926.443000,1465857927.079619,1465857932.080963,1465857932.161000
550,1465857926.443000,1465857927.078946,1465857932.080151,1465857932.171000
551,1465857926.443000,1465857927.097481,1465857932.098844,1465857932.192000
552,1465857926.443000,1465857927.099572,1465857932.109126,1465857932.201000
553,1465857926.443000,1465857927.122282,1465857932.123671,1465857932.203000
554,1465857926.443000,1465857927.071280,1465857932.072761,1465857932.157000
555,1465857926.443000,1465857927.081540,1465857932.083969,1465857932.169000
556,1465857926.443000,1465857927.136002,1465857932.137218,1465857932.216000
557,1465857926.443000,1465857927.099863,1465857932.109081,1465857932.201000
558,1465857926.443000,1465857927.153786,1465857932.155322,1465857932.241000
559,1465857926.443000,1465857927.100745,1465857932.102114,1465857932.193000
560,1465857926.443000,1465857927.184632,1465857932.185793,1465857932.252000
561,1465857926.443000,1465857927.064445,1465857932.066822,1465857932.148000
562,1465857926.444000,1465857927.156676,1465857932.158027,1465857932.237000
563,1465857926.444000,1465857927.121665,1465857932.122828,1465857932.206000
564,1465857926.444000,1465857927.061242,1465857932.062858,1465857932.146000
565,1465857926.444000,1465857932.559389,1465857937.579979,1465857937.675000
566,1465857926.444000,1465857927.163600,1465857932.164979,1465857932.251000
567,1465857926.444000,1465857927.071038,1465857932.077815,1465857932.169000
568,1465857926.444000,1465857932.468576,1465857937.484654,1465857937.587000
569,1465857926.444000,1465857927.210875,1465857932.212003,1465857932.312000
570,1465857926.444000,1465857927.078952,1465857932.080233,1465857932.165000
571,1465857926.444000,1465857932.380811,1465857937.387943,1465857937.503000
572,1465857926.444000,1465857927.069301,1465857932.070552,1465857932.152000
573,1465857926.444000,1465857927.115246,1465857932.116475,1465857932.211000
574,1465857926.444000,1465857927.073978,1465857932.077112,1465857932.168000
575,1465857926.444000,1465857927.128033,1465857932.129372,1465857932.212000
576,1465857926.444000,1465857927.066548,1465857932.068675,1465857932.153000
577,1465857926.444000,1465857927.071014,1465857932.077467,1465857932.165000
578,1465857926.444000,1465857927.162795,1465857932.165153,1465857932.241000
579,1465857926.444000,1465857927.180014,1465857932.181257,1465857932.267000
580,1465857926.444000,1465857927.077054,1465857932.082082,1465857932.172000
581,1465857926.444000,1465857927.062935,1465857932.065019,1465857932.170000
582,1465857926.444000,1465857927.048604,1465857932.049786,1465857932.135000
583,1465857926.444000,1465857927.142565,1465857932.143704,1465857932.210000
584,1465857926.444000,1465857927.150945,1465857932.152331,1465857932.239000
585,1465857926.444000,1465857927.169542,1465857932.170965,1465857932.252000
586,1465857926.444000,1465857933.206006,1465857938.222921,1465857938.311000
587,1465857926.444000,1465857927.159788,1465857932.161432,1465857932.244000
588,1465857926.444000,1465857927.192420,1465857932.193802,1465857932.280000
589,1465857926.444000,1465857927.133073,1465857932.134309,1465857932.234000
590,1465857926.444000,1465857927.156929,1465857932.158530,1465857932.235000
591,1465857926.444000,1465857927.165408,1465857932.166673,1465857932.252000
592,1465857926.445000,1465857927.104794,1465857932.105944,1465857932.191000
593,1465857926.445000,1465857927.101739,1465857932.102978,1465857932.184000
594,1465857926.445000,1465857927.107883,1465857932.109424,1465857932.200000
595,1465857926.445000,1465857927.078200,1465857932.081399,1465857932.171000
596,1465857926.445000,1465857927.198886,1465857932.200416,1465857932.276000
597,1465857926.445000,1465857927.199665,1465857932.200950,1465857932.296000
598,1465857926.445000,1465857927.115956,1465857932.117265,1465857932.200000
599,1465857926.445000,1465857927.196839,1465857932.198124,1465857932.299000
600,1465857926.445000,1465857927.172841,1465857932.174874,1465857932.260000
601,1465857926.445000,1465857927.125193,1465857932.126406,1465857932.192000
602,1465857926.445000,1465857927.180897,1465857932.182404,1465857932.283000
603,1465857926.445000,1465857927.177797,1465857932.178994,1465857932.271000
604,1465857926.445000,1465857932.717374,1465857937.728866,1465857937.845000
605,1465857926.445000,1465857927.078359,1465857932.096214,1465857932.202000
606,1465857926.445000,1465857927.194199,1465857932.195387,1465857932.285000
607,1465857926.445000,1465857932.650431,1465857937.657253,1465857937.744000
608,1465857926.445000,1465857927.195406,1465857932.196997,1465857932.279000
609,1465857926.445000,1465857927.105755,1465857932.107201,1465857932.195000
610,1465857926.445000,1465857927.130979,1465857932.132266,1465857932.232000
611,1465857926.445000,1465857927.155295,1465857932.156519,1465857932.222000
612,1465857926.445000,1465857927.120467,1465857932.121656,1465857932.207000
613,1465857926.445000,1465857927.108363,1465857932.109836,1465857932.176000
614,1465857926.445000,1465857927.191154,1465857932.192599,1465857932.294000
615,1465857926.445000,1465857927.144268,1465857932.145550,1465857932.236000
616,1465857926.445000,1465857927.096214,1465857932.097516,1465857932.179000
617,1465857926.445000,1465857927.244255,1465857932.245577,1465857932.311000
618,1465857926.445000,1465857927.115898,1465857932.117171,1465857932.209000
619,1465857926.445000,1465857927.218503,1465857932.220149,1465857932.305000
620,1465857926.445000,1465857927.105941,1465857932.107285,1465857932.188000
621,1465857926.446000,1465857927.190766,1465857932.192831,1465857932.259000
622,1465857926.446000,1465857927.206625,1465857932.208121,1465857932.286000
623,1465857926.446000,1465857927.049058,1465857932.050239,1465857932.129000
624,1465857926.446000,1465857927.109868,1465857932.111065,1465857932.194000
625,1465857926.446000,1465857927.197462,1465857932.199305,1465857932.292000
626,1465857926.446000,1465857927.114389,1465857932.115611,1465857932.202000
627,1465857926.446000,1465857927.189650,1465857932.190891,1465857932.273000
628,1465857926.446000,1465857927.060760,1465857932.073823,1465857932.163000
629,1465857926.446000,1465857927.092340,1465857932.093473,1465857932.192000
630,1465857926.446000,1465857927.110495,1465857932.111679,1465857932.178000
631,1465857926.446000,1465857927.198611,1465857932.200093,1465857932.266000
632,1465857926.446000,1465857927.189126,1465857932.190533,1465857932.275000
633,1465857926.446000,1465857927.163215,1465857932.165067,1465857932.249000
634,1465857926.446000,1465857932.411032,1465857937.421353,1465857937.520000
635,1465857926.446000,1465857932.907319,1465857937.914755,1465857937.981000
636,1465857926.446000,1465857927.079672,1465857932.080902,1465857932.180000
637,1465857926.446000,1465857927.113101,1465857932.114429,1465857932.196000
638,1465857926.446000,1465857927.080210,1465857932.089601,1465857932.181000
639,1465857926.446000,1465857927.099617,1465857932.100865,1465857932.168000
640,1465857926.446000,1465857927.073648,1465857932.074907,1465857932.167000
641,1465857926.446000,1465857927.075787,1465857932.077748,1465857932.161000
642,1465857926.446000,1465857927.175112,1465857932.183991,1465857932.273000
643,1465857926.446000,1465857927.067591,1465857932.078242,1465857932.168000
644,1465857926.446000,1465857927.047407,1465857932.050135,1465857932.165000
645,1465857926.446000,1465857927.144856,1465857932.146084,1465857932.212000
646,1465857926.446000,1465857927.165862,1465857932.167220,1465857932.250000
647,1465857926.446000,1465857927.102105,1465857932.103479,1465857932.202000
648,1465857926.446000,1465857927.085951,1465857932.087161,1465857932.186000
649,1465857926.447000,1465857927.185078,1465857932.186412,1465857932.277000
650,1465857926.447000,1465857927.120352,1465857932.121568,1465857932.216000
651,1465857926.447000,1465857927.221198,1465857932.222473,1465857932.307000
652,1465857926.447000,1465857932.481135,1465857937.488091,1465857937.603000
653,1465857926.447000,1465857927.169705,1465857932.170978,1465857932.252000
654,1465857926.447000,1465857927.177728,1465857932.178981,1465857932.262000
655,1465857926.447000,1465857927.070112,1465857932.071895,1465857932.171000
656,1465857926.447000,1465857927.141239,1465857932.142479,1465857932.234000
657,1465857926.447000,1465857927.116280,1465857932.117549,1465857932.210000
658,1465857926.447000,1465857927.071529,1465857932.081398,1465857932.172000
659,1465857926.447000,1465857927.104568,1465857932.105879,1465857932.198000
660,1465857926.447000,1465857927.082232,1465857932.085398,1465857932.167000
661,1465857926.447000,1465857933.008779,1465857938.009939,1465857938.109000
662,1465857926.447000,1465857927.096751,1465857932.098415,1465857932.204000
663,1465857926.447000,1465857927.085831,1465857932.088991,1465857932.181000
664,1465857926.447000,1465857927.101481,1465857932.103403,1465857932.170000
665,1465857926.447000,1465857927.149887,1465857932.151339,1465857932.238000
666,1465857926.447000,1465857927.056525,1465857932.076242,1465857932.182000
667,1465857926.447000,1465857927.106556,1465857932.107766,1465857932.199000
668,1465857926.447000,1465857927.123915,1465857932.125169,1465857932.205000
669,1465857926.447000,1465857927.157029,1465857932.158410,1465857932.258000
670,1465857926.447000,1465857927.084722,1465857932.086302,1465857932.170000
671,1465857926.447000,1465857927.079181,1465857932.082449,1465857932.168000
672,1465857926.447000,1465857927.052353,1465857932.053844,1465857932.165000
673,1465857926.447000,1465857927.088286,1465857932.093940,1465857932.171000
674,1465857926.447000,1465857927.105588,1465857932.107089,1465857932.190000
675,1465857926.447000,1465857927.133915,1465857932.135059,1465857932.230000
676,1465857926.447000,1465857927.160853,1465857932.161986,1465857932.228000
677,1465857926.447000,1465857927.090152,1465857932.109720,1465857932.185000
678,1465857926.448000,1465857927.074888,1465857932.076707,1465857932.156000
679,1465857926.448000,1465857927.110255,1465857932.111459,1465857932.203000
680,1465857926.448000,1465857927.108470,1465857932.109990,1465857932.186000
681,1465857926.448000,1465857927.130281,1465857932.131565,1465857932.214000
682,1465857926.448000,1465857927.074461,1465857932.082761,1465857932.167000
683,1465857926.448000,1465857927.132114,1465857932.133263,1465857932.199000
684,1465857926.448000,1465857927.103150,1465857932.104842,1465857932.186000
685,1465857926.448000,1465857927.173449,1465857932.174811,1465857932.266000
686,1465857926.448000,1465857927.070824,1465857932.073035,1465857932.160000
687,1465857926.448000,1465857927.208622,1465857932.210508,1465857932.300000
688,1465857926.448000,1465857927.051640,1465857932.052904,1465857932.168000
689,1465857926.448000,1465857927.168784,1465857932.170060,1465857932.260000
690,1465857926.448000,1465857927.096592,1465857932.097969,1465857932.178000
691,1465857926.448000,1465857927.172888,1465857932.174253,1465857932.258000
692,1465857926.448000,1465857927.103915,1465857932.105190,1465857932.188000
693,1465857926.448000,1465857927.210863,1465857932.212204,1465857932.313000
694,1465857926.448000,1465857927.222622,1465857932.224327,1465857932.310000
695,1465857926.448000,1465857932.684836,1465857937.697190,1465857937.784000
696,1465857926.448000,1465857927.091689,1465857932.093257,1465857932.170000
697,1465857926.449000,1465857927.128539,1465857932.130089,1465857932.213000
698,1465857926.449000,1465857927.173773,1465857932.175100,1465857932.258000
699,1465857926.449000,1465857927.111938,1465857932.113147,1465857932.202000
700,1465857926.449000,1465857927.192193,1465857932.193415,1465857932.277000
701,1465857926.449000,1465857927.208486,1465857932.209916,1465857932.311000
702,1465857926.449000,1465857927.184057,1465857932.185438,1465857932.286000
703,1465857926.449000,1465857927.231202,1465857932.232452,1465857932.299000
704,1465857926.449000,1465857927.221229,1465857932.222801,1465857932.308000
705,1465857926.449000,1465857927.128260,1465857932.129424,1465857932.196000
706,1465857926.449000,1465857927.195981,1465857932.197175,1465857932.284000
707,1465857926.449000,1465857927.204804,1465857932.206089,1465857932.281000
708,1465857926.449000,1465857927.183404,1465857932.184650,1465857932.251000
709,1465857926.449000,1465857927.223876,1465857932.225634,1465857932.320000
710,1465857926.449000,1465857927.154729,1465857932.155981,1465857932.245000
711,1465857926.449000,1465857927.104220,1465857932.105579,1465857932.196000
712,1465857926.449000,1465857927.167504,1465857932.168776,1465857932.277000
713,1465857926.449000,1465857927.138434,1465857932.139762,1465857932.206000
714,1465857926.449000,1465857927.192349,1465857932.193722,1465857932.330000
715,1465857926.449000,1465857927.166664,1465857932.167774,1465857932.259000
716,1465857926.449000,1465857927.153505,1465857932.155295,1465857932.241000
717,1465857926.449000,1465857933.206018,1465857938.222921,1465857938.309000
718,1465857926.449000,1465857932.447872,1465857937.467211,1465857937.554000
719,1465857926.449000,1465857927.122492,1465857932.123809,1465857932.189000
720,1465857926.449000,1465857927.083099,1465857932.086939,1465857932.168000
721,1465857926.449000,1465857927.185748,1465857932.187041,1465857932.289000
722,1465857926.450000,1465857927.182651,1465857932.184323,1465857932.268000
723,1465857926.450000,1465857927.195658,1465857932.196847,1465857932.292000
724,1465857926.450000,1465857927.064370,1465857932.071909,1465857932.172000
725,1465857926.450000,1465857927.161470,1465857932.163151,1465857932.255000
726,1465857926.450000,1465857927.072151,1465857932.078496,1465857932.170000
727,1465857926.450000,1465857927.199736,1465857932.216426,1465857932.283000
728,1465857926.450000,1465857932.415826,1465857937.427024,1465857937.514000
729,1465857926.454000,1465857932.856867,1465857937.874523,1465857937.941000
730,1465857926.456000,1465857927.200321,1465857932.201566,1465857932.268000
731,1465857926.466000,1465857927.089392,1465857932.090724,1465857932.172000
732,1465857926.491000,1465857932.884363,1465857937.901317,1465857938.000000
733,1465857926.491000,1465857927.193591,1465857932.209025,1465857932.309000
734,1465857926.491000,1465857927.208704,1465857932.210558,1465857932.276000
735,1465857926.491000,1465857932.716765,1465857937.728867,1465857937.845000
736,1465857926.496000,1465857932.503501,1465857937.520701,1465857937.619000
737,1465857926.497000,1465857927.139768,1465857932.141042,1465857932.264000
738,1465857926.497000,1465857927.155167,1465857932.156367,1465857932.247000
739,1465857926.497000,1465857927.160245,1465857932.161472,1465857932.241000
740,1465857926.497000,1465857932.568833,1465857937.579891,1465857937.675000
741,1465857926.497000,1465857927.198697,1465857932.199958,1465857932.285000
742,1465857926.497000,1465857927.192874,1465857932.194053,1465857932.284000
743,1465857926.497000,1465857927.200907,1465857932.209630,1465857932.285000
744,1465857926.497000,1465857927.162666,1465857932.164199,1465857932.248000
745,1465857926.497000,1465857927.200764,1465857932.202054,1465857932.285000
746,1465857926.497000,1465857927.164607,1465857932.165873,1465857932.249000
747,1465857926.497000,1465857927.161297,1465857932.169315,1465857932.261000
748,1465857926.497000,1465857927.209038,1465857932.211209,1465857932.297000
749,1465857926.497000,1465857927.101486,1465857932.102692,1465857932.199000
750,1465857926.498000,1465857932.626886,1465857937.634275,1465857937.701000
751,1465857926.498000,1465857927.201612,1465857932.202755,1465857932.295000
752,1465857926.498000,1465857932.388822,1465857937.405302,1465857937.508000
753,1465857926.498000,1465857927.194531,1465857932.196032,1465857932.278000
754,1465857926.498000,1465857927.127654,1465857932.129251,1465857932.220000
755,1465857926.498000,1465857927.154755,1465857932.156260,1465857932.248000
756,1465857926.498000,1465857927.226529,1465857932.228014,1465857932.317000
757,1465857926.499000,1465857927.220155,1465857932.221484,1465857932.306000
758,1465857926.499000,1465857927.229659,1465857932.231181,1465857932.319000
759,1465857926.499000,1465857927.195647,1465857932.196888,1465857932.296000
760,1465857926.499000,1465857927.187188,1465857932.188441,1465857932.288000
761,1465857926.499000,1465857927.229177,1465857932.230673,1465857932.315000
762,1465857926.499000,1465857927.185476,1465857932.186884,1465857932.263000
763,1465857926.499000,1465857927.127849,1465857932.129460,1465857932.221000
764,1465857926.499000,1465857927.159370,1465857932.169761,1465857932.246000
765,1465857926.499000,1465857927.204617,1465857932.225869,1465857932.312000
766,1465857926.499000,1465857927.201524,1465857932.203227,1465857932.304000
767,1465857926.499000,1465857927.175584,1465857932.177598,1465857932.270000
768,1465857926.499000,1465857927.244988,1465857932.246492,1465857932.312000
769,1465857926.499000,1465857927.228003,1465857932.229325,1465857932.320000
770,1465857926.500000,1465857927.233203,1465857932.234331,1465857932.321000
771,1465857926.500000,1465857932.676919,1465857937.678402,1465857937.766000
772,1465857926.500000,1465857927.147582,1465857932.148853,1465857932.238000
773,1465857926.500000,1465857932.349477,1465857937.363362,1465857937.475000
774,1465857926.500000,1465857927.162478,1465857932.163758,1465857932.263000
775,1465857926.500000,1465857927.193591,1465857932.195245,1465857932.294000
776,1465857926.500000,1465857932.682910,1465857937.684116,1465857937.771000
777,1465857926.501000,1465857927.173726,1465857932.187565,1465857932.269000
778,1465857926.501000,1465857927.161577,1465857932.163202,1465857932.252000
779,1465857926.501000,1465857927.222707,1465857932.224039,1465857932.313000
780,1465857926.501000,1465857927.109218,1465857932.110558,1465857932.201000
781,1465857926.501000,1465857927.175580,1465857932.177254,1465857932.270000
782,1465857926.502000,1465857927.213208,1465857932.214535,1465857932.299000
783,1465857926.502000,1465857927.196559,1465857932.197955,1465857932.280000
784,1465857926.502000,1465857927.217905,1465857932.219294,1465857932.305000
785,1465857926.502000,1465857927.192830,1465857932.194795,1465857932.296000
786,1465857926.502000,1465857927.172877,1465857932.174314,1465857932.264000
787,1465857926.502000,1465857927.213025,1465857932.214328,1465857932.302000
788,1465857926.502000,1465857927.156555,1465857932.158028,1465857932.239000
789,1465857926.502000,1465857927.193617,1465857932.194950,1465857932.287000
790,1465857926.502000,1465857927.173129,1465857932.184575,1465857932.271000
791,1465857926.502000,1465857927.163336,1465857932.164852,1465857932.248000
792,1465857926.502000,1465857927.182776,1465857932.184059,1465857932.274000
793,1465857926.502000,1465857927.161373,1465857932.163200,1465857932.253000
794,1465857926.503000,1465857927.184024,1465857932.185469,1465857932.278000
795,1465857926.503000,1465857927.191337,1465857932.192832,1465857932.259000
796,1465857926.503000,1465857927.196642,1465857932.197782,1465857932.283000
797,1465857926.503000,1465857927.206606,1465857932.209004,1465857932.297000
798,1465857926.503000,1465857927.099989,1465857932.101416,1465857932.198000
799,1465857926.503000,1465857927.207567,1465857932.209028,1465857932.298000
800,1465857926.503000,1465857927.197261,1465857932.198457,1465857932.288000
801,1465857926.503000,1465857927.174063,1465857932.175757,1465857932.277000
802,1465857926.503000,1465857927.233963,1465857932.235651,1465857932.320000
803,1465857926.504000,1465857927.182999,1465857932.184126,1465857932.279000
804,1465857926.504000,1465857927.132211,1465857932.133355,1465857932.230000
805,1465857926.504000,1465857932.850679,1465857937.854150,1465857937.920000
806,1465857926.504000,1465857927.203426,1465857932.205020,1465857932.281000
807,1465857926.504000,1465857927.109992,1465857932.111269,1465857932.201000
808,1465857926.504000,1465857927.175553,1465857932.176954,1465857932.253000
809,1465857926.504000,1465857932.465939,1465857937.479398,1465857937.573000
810,1465857926.504000,1465857927.150350,1465857932.151556,1465857932.242000
811,1465857926.504000,1465857927.163534,1465857932.164897,1465857932.256000
812,1465857926.505000,1465857927.216008,1465857932.217403,1465857932.307000
813,1465857926.505000,1465857927.216413,1465857932.217760,1465857932.304000
814,1465857926.505000,1465857933.037768,1465857938.054773,1465857938.120000
815,1465857926.505000,1465857927.206983,1465857932.216096,1465857932.306000
816,1465857926.505000,1465857927.208729,1465857932.209929,1465857932.293000
817,1465857926.505000,1465857927.182123,1465857932.183604,1465857932.285000
818,1465857926.505000,1465857927.173014,1465857932.174537,1465857932.265000
819,1465857926.505000,1465857927.174617,1465857932.192270,1465857932.282000
820,1465857926.506000,1465857927.225137,1465857932.239875,1465857932.327000
821,1465857926.506000,1465857927.218746,1465857932.225069,1465857932.311000
822,1465857926.506000,1465857927.204911,1465857932.206176,1465857932.289000
823,1465857926.506000,1465857932.521297,1465857937.539752,1465857937.634000
824,1465857926.506000,1465857927.167204,1465857932.168530,1465857932.249000
825,1465857926.506000,1465857927.170567,1465857932.172113,1465857932.258000
826,1465857926.506000,1465857927.197531,1465857932.199059,1465857932.291000
827,1465857926.507000,1465857927.173521,1465857932.174776,1465857932.261000
828,1465857926.507000,1465857927.199405,1465857932.200855,1465857932.301000
829,1465857926.507000,1465857927.217745,1465857932.237022,1465857932.321000
830,1465857926.507000,1465857932.368843,1465857937.377787,1465857937.465000
831,1465857926.507000,1465857927.223206,1465857932.224861,1465857932.315000
832,1465857926.507000,1465857927.230417,1465857932.232086,1465857932.321000
833,1465857926.508000,1465857927.205167,1465857932.206278,1465857932.302000
834,1465857926.508000,1465857927.210859,1465857932.212100,1465857932.298000
835,1465857926.508000,1465857927.174758,1465857932.176083,1465857932.260000
836,1465857926.508000,1465857927.207771,1465857932.208973,1465857932.295000
837,1465857926.509000,1465857927.188631,1465857932.189828,1465857932.272000
838,1465857926.509000,1465857927.141692,1465857932.142831,1465857932.239000
839,1465857926.509000,1465857927.225847,1465857932.227178,1465857932.312000
840,1465857926.509000,1465857927.163918,1465857932.165196,1465857932.253000
841,1465857926.509000,1465857927.219596,1465857932.220784,1465857932.306000
842,1465857926.509000,1465857932.673215,1465857937.678307,1465857937.765000
843,1465857926.509000,1465857932.989846,1465857938.000945,1465857938.100000
844,1465857926.509000,1465857927.220609,1465857932.221870,1465857932.308000
845,1465857926.509000,1465857927.204310,1465857932.205974,1465857932.293000
846,1465857926.509000,1465857927.187589,1465857932.188758,1465857932.273000
847,1465857926.510000,1465857927.201026,1465857932.202218,1465857932.296000
848,1465857926.510000,1465857927.223699,1465857932.225104,1465857932.313000
849,1465857926.510000,1465857927.205982,1465857932.207810,1465857932.294000
850,1465857926.510000,1465857927.235981,1465857932.237167,1465857932.325000
851,1465857926.510000,1465857927.210838,1465857932.212151,1465857932.302000
852,1465857926.510000,1465857927.183092,1465857932.185129,1465857932.268000
853,1465857926.511000,1465857927.219577,1465857932.221305,1465857932.307000
854,1465857926.512000,1465857927.202679,1465857932.204033,1465857932.305000
855,1465857926.512000,1465857927.219541,1465857932.220772,1465857932.310000
856,1465857926.512000,1465857932.600015,1465857937.608761,1465857937.725000
857,1465857926.512000,1465857927.234948,1465857932.236186,1465857932.303000
858,1465857926.512000,1465857927.193434,1465857932.195007,1465857932.296000
859,1465857926.512000,1465857927.215713,1465857932.216990,1465857932.305000
860,1465857926.512000,1465857927.194914,1465857932.196484,1465857932.297000
861,1465857926.513000,1465857927.218210,1465857932.219724,1465857932.311000
862,1465857926.513000,1465857927.118054,1465857932.119647,1465857932.224000
863,1465857926.513000,1465857927.172866,1465857932.173998,1465857932.268000
864,1465857926.514000,1465857927.224035,1465857932.226133,1465857932.311000
865,1465857926.514000,1465857927.196143,1465857932.197350,1465857932.287000
866,1465857926.514000,1465857927.223268,1465857932.226329,1465857932.312000
867,1465857926.514000,1465857927.232540,1465857932.233757,1465857932.319000
868,1465857926.514000,1465857927.238592,1465857932.239758,1465857932.325000
869,1465857926.515000,1465857927.219783,1465857932.225159,1465857932.310000
870,1465857926.515000,1465857927.248883,1465857932.250084,1465857932.316000
871,1465857926.515000,1465857927.183266,1465857932.184461,1465857932.271000
872,1465857926.515000,1465857927.175200,1465857932.176462,1465857932.276000
873,1465857926.515000,1465857927.153520,1465857932.155114,1465857932.241000
874,1465857926.515000,1465857927.204555,1465857932.205772,1465857932.307000
875,1465857926.515000,1465857927.162694,1465857932.164530,1465857932.241000
876,1465857926.515000,1465857927.208698,1465857932.210357,1465857932.277000
877,1465857926.516000,1465857927.226641,1465857932.227845,1465857932.316000
878,1465857926.516000,1465857932.919201,1465857937.934140,1465857938.000000
879,1465857926.516000,1465857932.953077,1465857937.960987,1465857938.059000
880,1465857926.516000,1465857932.441709,1465857937.443059,1465857937.545000
881,1465857926.516000,1465857927.203560,1465857932.221148,1465857932.321000
882,1465857926.517000,1465857927.202321,1465857932.203543,1465857932.294000
883,1465857926.517000,1465857927.208162,1465857932.209767,1465857932.300000
884,1465857926.517000,1465857932.888999,1465857937.901317,1465857938.000000
885,1465857926.517000,1465857932.596399,1465857937.608176,1465857937.724000
886,1465857926.517000,1465857932.804302,1465857937.814211,1465857937.880000
887,1465857926.517000,1465857927.224074,1465857932.225459,1465857932.310000
888,1465857926.517000,1465857927.228163,1465857932.229718,1465857932.314000
889,1465857926.517000,1465857927.225968,1465857932.232038,1465857932.322000
890,1465857926.518000,1465857927.228264,1465857932.229480,1465857932.314000
891,1465857926.518000,1465857927.179996,1465857932.181356,1465857932.273000
892,1465857926.518000,1465857927.214799,1465857932.216077,1465857932.302000
893,1465857926.518000,1465857927.210586,1465857932.217097,1465857932.302000
894,1465857926.519000,1465857927.233816,1465857932.235760,1465857932.321000
895,1465857926.519000,1465857927.200534,1465857932.201773,1465857932.302000
896,1465857926.519000,1465857927.211569,1465857932.212809,1465857932.290000
897,1465857926.520000,1465857927.210422,1465857932.211573,1465857932.297000
898,1465857926.520000,1465857927.213220,1465857932.214482,1465857932.305000
899,1465857926.521000,1465857933.003990,1465857938.020665,1465857938.119000
