0,1464630172.896000,1464630173.646368,1464630178.661811,1464630178.741000
1,1464630172.896000,1464630173.603385,1464630178.604795,1464630178.742000
2,1464630172.896000,1464630173.599827,1464630178.601400,1464630178.743000
3,1464630172.896000,1464630173.601778,1464630178.603931,1464630178.744000
4,1464630172.896000,1464630173.630204,1464630178.631812,1464630178.745000
5,1464630172.896000,1464630173.562341,1464630178.563584,1464630178.745000
6,1464630172.896000,1464630173.574493,1464630178.575744,1464630178.746000
7,1464630172.896000,1464630173.548675,1464630178.564778,1464630178.746000
8,1464630172.896000,1464630173.583653,1464630178.584830,1464630178.747000
9,1464630172.896000,1464630173.552186,1464630178.553833,1464630178.748000
10,1464630172.896000,1464630173.557137,1464630178.558880,1464630178.748000
11,1464630172.896000,1464630173.558316,1464630178.560296,1464630178.749000
12,1464630172.896000,1464630173.550293,1464630178.551654,1464630178.750000
13,1464630172.896000,1464630173.586791,1464630178.587997,1464630178.750000
14,1464630172.896000,1464630173.623222,1464630178.626728,1464630178.751000
15,1464630172.896000,1464630173.616389,1464630178.617649,1464630178.751000
16,1464630172.897000,1464630173.588987,1464630178.590246,1464630178.752000
17,1464630172.897000,0.000000,0.000000,0.000000
18,1464630172.897000,1464630173.651810,1464630178.653109,1464630178.753000
19,1464630172.897000,1464630173.548596,1464630178.550494,1464630178.754000
20,1464630172.897000,1464630173.612920,1464630178.614337,1464630178.754000
21,1464630172.897000,1464630173.552302,1464630178.553907,1464630178.755000
22,1464630172.897000,1464630173.534990,1464630178.536842,1464630178.755000
23,1464630172.897000,1464630173.570443,1464630178.571912,1464630178.756000
24,1464630172.898000,0.000000,0.000000,0.000000
25,1464630172.898000,1464630173.554911,1464630178.556264,1464630178.757000
26,1464630172.898000,1464630173.624064,1464630178.627458,1464630178.758000
27,1464630172.898000,1464630173.589939,1464630178.591278,1464630178.759000
28,1464630172.899000,1464630173.550154,1464630178.551517,1464630178.759000
29,1464630172.899000,0.000000,0.000000,0.000000
30,1464630172.899000,1464630173.620245,1464630178.621720,1464630178.760000
31,1464630172.899000,1464630173.541734,1464630178.543333,1464630178.761000
32,1464630172.899000,1464630173.640129,1464630178.641848,1464630178.761000
33,1464630172.899000,1464630173.545795,1464630178.561799,1464630178.762000
34,1464630172.899000,1464630173.554584,1464630178.562290,1464630178.763000
35,1464630172.900000,1464630173.602804,1464630178.604011,1464630178.763000
36,1464630172.900000,0.000000,0.000000,0.000000
37,1464630172.901000,0.000000,0.000000,0.000000
38,1464630172.902000,1464630173.604178,1464630178.605382,1464630178.765000
39,1464630172.902000,1464630173.597622,1464630178.598800,1464630178.766000
40,1464630172.902000,1464630173.600199,1464630178.601864,1464630178.767000
41,1464630172.902000,1464630173.590152,1464630178.591525,1464630178.768000
42,1464630172.902000,0.000000,0.000000,0.000000
43,1464630172.903000,1464630173.562388,1464630178.563941,1464630178.769000
44,1464630172.903000,0.000000,0.000000,0.000000
45,1464630172.903000,0.000000,0.000000,0.000000
46,1464630172.903000,1464630173.569267,1464630178.571024,1464630178.771000
47,1464630172.903000,1464630173.643221,1464630178.644521,1464630178.772000
48,1464630172.903000,1464630173.571365,1464630178.572602,1464630178.773000
49,1464630172.903000,1464630173.612398,1464630178.613883,1464630178.774000
50,1464630172.903000,0.000000,0.000000,0.000000
51,1464630172.903000,1464630173.621853,1464630178.623265,1464630178.775000
52,1464630172.903000,0.000000,0.000000,0.000000
53,1464630172.903000,1464630173.576943,1464630178.578574,1464630178.776000
54,1464630172.903000,1464630173.559579,1464630178.561100,1464630178.777000
55,1464630172.903000,1464630173.539536,1464630178.541122,1464630178.778000
56,1464630172.904000,1464630173.563899,1464630178.565210,1464630178.779000
57,1464630172.905000,1464630173.596281,1464630178.597623,1464630178.779000
58,1464630172.905000,1464630173.582099,1464630178.583310,1464630178.780000
59,1464630172.906000,1464630173.560314,1464630178.561627,1464630178.781000
60,1464630172.906000,0.000000,0.000000,0.000000
61,1464630172.906000,1464630173.587098,1464630178.588334,1464630178.782000
62,1464630172.906000,1464630173.620044,1464630178.621179,1464630178.782000
63,1464630172.910000,0.000000,0.000000,0.000000
64,1464630172.910000,1464630173.557017,1464630178.558301,1464630178.783000
65,1464630172.912000,1464630173.549593,1464630178.564780,1464630178.784000
66,1464630172.912000,0.000000,0.000000,0.000000
67,1464630172.912000,1464630173.576246,1464630178.577364,1464630178.785000
68,1464630172.912000,1464630173.662895,1464630178.664363,1464630178.786000
69,1464630172.912000,0.000000,0.000000,0.000000
70,1464630172.912000,1464630173.578252,1464630178.579600,1464630178.787000
71,1464630172.912000,1464630173.633974,1464630178.635272,1464630178.788000
72,1464630172.912000,0.000000,0.000000,0.000000
73,1464630172.912000,0.000000,0.000000,0.000000
74,1464630172.912000,1464630173.642293,1464630178.648628,1464630178.789000
75,1464630172.912000,0.000000,0.000000,0.000000
76,1464630172.912000,0.000000,0.000000,0.000000
77,1464630172.912000,1464630173.586251,1464630178.587732,1464630178.791000
78,1464630172.912000,0.000000,0.000000,0.000000
79,1464630172.912000,1464630173.569871,1464630178.571425,1464630178.792000
80,1464630172.912000,1464630173.660270,1464630178.661418,1464630178.793000
81,1464630172.912000,1464630173.545795,1464630178.547833,1464630178.793000
82,1464630172.913000,1464630173.580468,1464630178.581904,1464630178.794000
83,1464630172.913000,1464630173.568963,1464630178.570502,1464630178.795000
84,1464630172.913000,1464630173.557081,1464630178.558330,1464630178.795000
85,1464630172.913000,1464630173.683917,1464630178.685494,1464630178.796000
86,1464630172.913000,1464630173.583880,1464630178.585133,1464630178.797000
87,1464630172.913000,1464630173.600918,1464630178.602557,1464630178.797000
88,1464630172.913000,1464630173.625263,1464630178.631085,1464630178.798000
89,1464630172.913000,1464630173.569274,1464630178.570512,1464630178.799000
90,1464630172.913000,1464630173.568556,1464630178.569853,1464630178.799000
91,1464630172.913000,0.000000,0.000000,0.000000
92,1464630172.913000,1464630173.619757,1464630178.622188,1464630178.800000
93,1464630172.913000,0.000000,0.000000,0.000000
94,1464630172.913000,1464630173.583160,1464630178.584413,1464630178.802000
95,1464630172.913000,1464630173.621940,1464630178.623403,1464630178.802000
96,1464630172.913000,0.000000,0.000000,0.000000
97,1464630172.913000,1464630173.616125,1464630178.617623,1464630178.804000
98,1464630172.913000,0.000000,0.000000,0.000000
99,1464630172.913000,1464630173.639987,1464630178.646986,1464630178.805000
100,1464630172.914000,0.000000,0.000000,0.000000
101,1464630172.914000,0.000000,0.000000,0.000000
102,1464630172.914000,1464630173.627070,1464630178.628243,1464630178.807000
103,1464630172.914000,1464630173.607496,1464630178.608703,1464630178.808000
104,1464630172.914000,1464630173.567566,1464630178.584623,1464630178.809000
105,1464630172.914000,0.000000,0.000000,0.000000
106,1464630172.914000,1464630173.554043,1464630178.556581,1464630178.810000
107,1464630172.914000,0.000000,0.000000,0.000000
108,1464630172.914000,1464630173.643785,1464630178.646837,1464630178.811000
109,1464630172.914000,1464630173.603081,1464630178.604277,1464630178.812000
110,1464630172.914000,1464630173.559555,1464630178.561138,1464630178.813000
111,1464630172.914000,1464630173.591622,1464630178.592815,1464630178.813000
112,1464630172.914000,0.000000,0.000000,0.000000
113,1464630172.914000,1464630173.642453,1464630178.643862,1464630178.815000
114,1464630172.914000,1464630173.627746,1464630178.645673,1464630178.815000
115,1464630172.915000,0.000000,0.000000,0.000000
116,1464630172.917000,1464630173.638701,1464630178.639927,1464630178.817000
117,1464630172.919000,0.000000,0.000000,0.000000
118,1464630172.924000,0.000000,0.000000,0.000000
119,1464630172.924000,0.000000,0.000000,0.000000
120,1464630172.924000,1464630173.670585,1464630178.671900,1464630178.819000
121,1464630172.924000,0.000000,0.000000,0.000000
122,1464630172.924000,1464630173.658676,1464630178.659985,1464630178.821000
123,1464630172.926000,0.000000,0.000000,0.000000
124,1464630172.926000,0.000000,0.000000,0.000000
125,1464630172.926000,1464630173.570999,1464630178.572232,1464630178.823000
126,1464630172.926000,0.000000,0.000000,0.000000
127,1464630172.926000,0.000000,0.000000,0.000000
128,1464630172.926000,1464630173.647801,1464630178.649580,1464630178.824000
129,1464630172.926000,1464630173.633462,1464630178.635318,1464630178.825000
130,1464630172.926000,0.000000,0.000000,0.000000
131,1464630172.926000,0.000000,0.000000,0.000000
132,1464630172.927000,1464630173.569671,1464630178.571144,1464630178.826000
133,1464630172.927000,1464630173.690280,1464630178.692235,1464630178.827000
134,1464630172.927000,0.000000,0.000000,0.000000
135,1464630172.927000,0.000000,0.000000,0.000000
136,1464630172.927000,1464630173.552765,1464630178.554263,1464630178.829000
137,1464630172.927000,0.000000,0.000000,0.000000
138,1464630172.927000,0.000000,0.000000,0.000000
139,1464630172.928000,1464630173.642760,1464630178.645549,1464630178.831000
140,1464630172.928000,1464630173.693722,1464630178.711001,1464630178.831000
141,1464630172.928000,1464630173.635620,1464630178.636835,1464630178.832000
142,1464630172.929000,1464630173.587480,1464630178.588639,1464630178.832000
143,1464630172.929000,1464630173.599291,1464630178.612619,1464630178.833000
144,1464630172.929000,1464630173.654253,1464630178.655699,1464630178.833000
145,1464630172.929000,1464630173.651223,1464630178.653311,1464630178.834000
146,1464630172.929000,1464630173.558274,1464630178.560369,1464630178.835000
147,1464630172.929000,0.000000,0.000000,0.000000
148,1464630172.929000,0.000000,0.000000,0.000000
149,1464630172.929000,1464630173.684457,1464630178.685872,1464630178.836000
150,1464630172.929000,1464630173.672005,1464630178.673657,1464630178.837000
151,1464630172.929000,1464630173.596811,1464630178.598841,1464630178.837000
152,1464630172.929000,1464630173.590971,1464630178.592181,1464630178.838000
153,1464630172.929000,1464630173.667113,1464630178.672660,1464630178.839000
154,1464630172.929000,1464630173.624722,1464630178.626400,1464630178.839000
155,1464630172.929000,0.000000,0.000000,0.000000
156,1464630172.930000,1464630173.671594,1464630178.673554,1464630178.841000
157,1464630172.930000,1464630173.671192,1464630178.672784,1464630178.841000
158,1464630172.930000,1464630173.624689,1464630178.626141,1464630178.842000
159,1464630172.930000,1464630173.610350,1464630178.611812,1464630178.843000
160,1464630172.930000,0.000000,0.000000,0.000000
161,1464630172.930000,1464630173.577813,1464630178.579203,1464630178.844000
162,1464630172.930000,1464630173.583657,1464630178.585463,1464630178.845000
163,1464630172.930000,0.000000,0.000000,0.000000
164,1464630172.930000,1464630173.547221,1464630178.548817,1464630178.846000
165,1464630172.930000,1464630173.640115,1464630178.641489,1464630178.847000
166,1464630172.931000,1464630173.626333,1464630178.627612,1464630178.847000
167,1464630172.931000,1464630173.535609,1464630178.537266,1464630178.848000
168,1464630172.931000,1464630173.604750,1464630178.606144,1464630178.849000
169,1464630172.931000,1464630173.627777,1464630178.629014,1464630178.850000
170,1464630172.931000,1464630173.617719,1464630178.619330,1464630178.850000
171,1464630172.931000,1464630173.564820,1464630178.566311,1464630178.851000
172,1464630172.932000,1464630173.632786,1464630178.634094,1464630178.852000
173,1464630172.932000,1464630173.655428,1464630178.656592,1464630178.853000
174,1464630172.932000,1464630173.581014,1464630178.582607,1464630178.853000
175,1464630172.932000,1464630173.558572,1464630178.559982,1464630178.854000
176,1464630172.932000,0.000000,0.000000,0.000000
177,1464630172.932000,1464630173.656449,1464630178.657770,1464630178.855000
178,1464630172.932000,0.000000,0.000000,0.000000
179,1464630172.932000,1464630173.662532,1464630178.664848,1464630178.857000
180,1464630172.932000,1464630173.645828,1464630178.648737,1464630178.858000
181,1464630172.932000,1464630173.585498,1464630178.586755,1464630178.858000
182,1464630172.932000,0.000000,0.000000,0.000000
183,1464630172.932000,1464630173.610428,1464630178.626807,1464630178.860000
184,1464630172.932000,1464630173.680792,1464630178.682233,1464630178.860000
185,1464630172.932000,1464630173.575280,1464630178.576947,1464630178.861000
186,1464630172.932000,0.000000,0.000000,0.000000
187,1464630172.932000,1464630173.585822,1464630178.587079,1464630178.862000
188,1464630172.932000,0.000000,0.000000,0.000000
189,1464630172.932000,1464630173.555781,1464630178.557406,1464630178.863000
190,1464630172.932000,1464630173.607116,1464630178.608425,1464630178.863000
191,1464630172.932000,1464630173.663125,1464630178.672962,1464630178.864000
192,1464630172.932000,0.000000,0.000000,0.000000
193,1464630172.932000,1464630173.649926,1464630178.651234,1464630178.865000
194,1464630172.932000,0.000000,0.000000,0.000000
195,1464630172.932000,0.000000,0.000000,0.000000
196,1464630172.932000,1464630173.639393,1464630178.640876,1464630178.867000
197,1464630172.932000,0.000000,0.000000,0.000000
198,1464630172.932000,1464630173.645649,1464630178.647659,1464630178.868000
199,1464630172.932000,1464630173.632201,1464630178.633699,1464630178.869000
200,1464630172.932000,1464630173.615163,1464630178.616708,1464630178.869000
201,1464630172.932000,0.000000,0.000000,0.000000
202,1464630172.932000,0.000000,0.000000,0.000000
203,1464630172.932000,0.000000,0.000000,0.000000
204,1464630172.932000,1464630173.643614,1464630178.647117,1464630178.871000
205,1464630172.932000,1464630173.675413,1464630178.677140,1464630178.872000
206,1464630172.932000,1464630173.641248,1464630178.648913,1464630178.873000
207,1464630172.932000,1464630173.576728,1464630178.591239,1464630178.874000
208,1464630172.933000,1464630173.621632,1464630178.622944,1464630178.874000
209,1464630172.933000,1464630173.646814,1464630178.648278,1464630178.875000
210,1464630172.933000,1464630173.612381,1464630178.613711,1464630178.875000
211,1464630172.933000,1464630173.601695,1464630178.605988,1464630178.876000
212,1464630172.933000,1464630173.628908,1464630178.630155,1464630178.876000
213,1464630172.933000,1464630173.634165,1464630178.644041,1464630178.877000
214,1464630172.933000,0.000000,0.000000,0.000000
215,1464630172.933000,1464630173.578984,1464630178.580191,1464630178.878000
216,1464630172.933000,1464630173.636422,1464630178.638454,1464630178.879000
217,1464630172.933000,1464630173.675617,1464630178.692814,1464630178.880000
218,1464630172.933000,1464630173.644378,1464630178.648674,1464630178.881000
219,1464630172.933000,1464630173.587711,1464630178.589312,1464630178.881000
220,1464630172.933000,1464630173.659952,1464630178.661513,1464630178.882000
221,1464630172.933000,1464630173.636652,1464630178.639966,1464630178.883000
222,1464630172.933000,1464630173.608728,1464630178.610226,1464630178.883000
223,1464630172.933000,1464630173.669744,1464630178.675612,1464630178.884000
224,1464630172.933000,1464630173.647185,1464630178.652757,1464630178.885000
225,1464630172.933000,1464630173.622793,1464630178.628390,1464630178.886000
226,1464630172.933000,0.000000,0.000000,0.000000
227,1464630172.933000,1464630173.658824,1464630178.660275,1464630178.887000
228,1464630172.933000,1464630173.616478,1464630178.618060,1464630178.888000
229,1464630172.933000,0.000000,0.000000,0.000000
230,1464630172.933000,0.000000,0.000000,0.000000
231,1464630172.933000,1464630173.643583,1464630178.646207,1464630178.890000
232,1464630172.933000,1464630173.609581,1464630178.611334,1464630178.891000
233,1464630172.933000,1464630173.644851,1464630178.646630,1464630178.891000
234,1464630172.933000,0.000000,0.000000,0.000000
235,1464630172.933000,0.000000,0.000000,0.000000
236,1464630172.933000,1464630173.584296,1464630178.585663,1464630178.893000
237,1464630172.933000,1464630173.619897,1464630178.621222,1464630178.894000
238,1464630172.933000,1464630173.603631,1464630178.604930,1464630178.895000
239,1464630172.934000,1464630173.569837,1464630178.571312,1464630178.896000
240,1464630172.934000,1464630173.642820,1464630178.643968,1464630178.896000
241,1464630172.934000,1464630173.661164,1464630178.662449,1464630178.897000
242,1464630172.934000,1464630173.639710,1464630178.641048,1464630178.898000
243,1464630172.934000,1464630173.644772,1464630178.646461,1464630178.898000
244,1464630172.934000,1464630173.659438,1464630178.660686,1464630178.899000
245,1464630172.934000,1464630173.709919,1464630178.711373,1464630178.899000
246,1464630172.934000,0.000000,0.000000,0.000000
247,1464630172.934000,0.000000,0.000000,0.000000
248,1464630172.934000,1464630173.607881,1464630178.609093,1464630178.901000
249,1464630172.934000,0.000000,0.000000,0.000000
250,1464630172.934000,1464630173.649470,1464630178.650702,1464630178.902000
251,1464630172.934000,0.000000,0.000000,0.000000
252,1464630172.934000,1464630173.628574,1464630178.630270,1464630178.903000
253,1464630172.934000,0.000000,0.000000,0.000000
254,1464630172.934000,1464630173.642973,1464630178.651130,1464630178.905000
255,1464630172.934000,0.000000,0.000000,0.000000
256,1464630172.934000,1464630173.617261,1464630178.631085,1464630178.907000
257,1464630172.934000,1464630173.580984,1464630178.582222,1464630178.907000
258,1464630172.934000,1464630173.617241,1464630178.623018,1464630178.908000
259,1464630172.934000,1464630173.574098,1464630178.575625,1464630178.908000
260,1464630172.934000,0.000000,0.000000,0.000000
261,1464630172.934000,1464630173.628055,1464630178.629411,1464630178.909000
262,1464630172.934000,1464630173.612726,1464630178.627992,1464630178.910000
263,1464630172.934000,1464630173.619741,1464630178.621056,1464630178.911000
264,1464630172.934000,0.000000,0.000000,0.000000
265,1464630172.934000,0.000000,0.000000,0.000000
266,1464630172.934000,1464630173.623090,1464630178.624525,1464630178.912000
267,1464630172.934000,1464630173.658478,1464630178.659938,1464630178.913000
268,1464630172.934000,1464630173.658870,1464630178.660418,1464630178.913000
269,1464630172.936000,1464630173.628266,1464630178.629589,1464630178.914000
270,1464630172.938000,1464630173.674082,1464630178.675411,1464630178.915000
271,1464630172.944000,1464630173.653019,1464630178.654425,1464630178.915000
272,1464630172.944000,1464630173.622139,1464630178.628830,1464630178.916000
273,1464630172.959000,1464630173.623557,1464630178.625196,1464630178.917000
274,1464630172.959000,1464630173.628864,1464630178.631875,1464630178.917000
275,1464630172.959000,1464630173.654972,1464630178.656503,1464630178.918000
276,1464630172.959000,1464630173.633299,1464630178.634944,1464630178.919000
277,1464630172.959000,1464630173.632436,1464630178.634553,1464630178.919000
278,1464630172.959000,1464630173.593197,1464630178.594463,1464630178.920000
279,1464630172.959000,1464630173.635935,1464630178.637536,1464630178.921000
280,1464630172.959000,0.000000,0.000000,0.000000
281,1464630172.959000,1464630173.652138,1464630178.656436,1464630178.923000
282,1464630172.959000,1464630173.645919,1464630178.650980,1464630178.923000
283,1464630172.960000,1464630173.640403,1464630178.645334,1464630178.924000
284,1464630172.960000,1464630173.647118,1464630178.648939,1464630178.925000
285,1464630172.960000,1464630173.636609,1464630178.638340,1464630178.925000
286,1464630172.960000,1464630173.628856,1464630178.630710,1464630178.926000
287,1464630172.960000,1464630173.611384,1464630178.613010,1464630178.927000
288,1464630172.960000,1464630173.665001,1464630178.667337,1464630178.928000
289,1464630172.961000,1464630173.662219,1464630178.664562,1464630178.928000
290,1464630172.961000,1464630173.658191,1464630178.659499,1464630178.929000
291,1464630172.961000,1464630173.658852,1464630178.660363,1464630178.930000
292,1464630172.961000,1464630173.637196,1464630178.639919,1464630178.931000
293,1464630172.961000,1464630173.657216,1464630178.659694,1464630178.932000
294,1464630172.961000,1464630173.657112,1464630178.658474,1464630178.933000
295,1464630172.961000,1464630173.635446,1464630178.636765,1464630178.933000
296,1464630172.961000,1464630173.635376,1464630178.636738,1464630178.934000
297,1464630172.961000,0.000000,0.000000,0.000000
298,1464630172.961000,1464630173.636575,1464630178.638254,1464630178.936000
299,1464630172.962000,1464630173.645349,1464630178.646932,1464630178.937000
300,1464630172.962000,1464630173.635351,1464630178.648830,1464630178.937000
301,1464630172.962000,1464630173.588548,1464630178.590125,1464630178.938000
302,1464630172.962000,1464630173.643460,1464630178.662783,1464630178.938000
303,1464630172.963000,1464630173.623039,1464630178.627491,1464630178.939000
304,1464630172.963000,1464630173.664190,1464630178.665499,1464630178.940000
305,1464630172.963000,1464630173.675728,1464630178.677065,1464630178.940000
306,1464630172.963000,1464630173.602936,1464630178.604751,1464630178.941000
307,1464630172.963000,1464630173.622386,1464630178.623676,1464630178.942000
308,1464630172.963000,1464630173.651347,1464630178.652555,1464630178.942000
309,1464630172.963000,1464630173.614731,1464630178.616248,1464630178.943000
310,1464630172.963000,1464630173.660634,1464630178.665076,1464630178.943000
311,1464630172.963000,1464630173.680377,1464630178.681691,1464630178.944000
312,1464630172.963000,1464630173.680750,1464630178.681956,1464630178.945000
313,1464630172.963000,1464630173.663024,1464630178.664405,1464630178.945000
314,1464630172.963000,1464630173.653477,1464630178.655256,1464630178.946000
315,1464630172.963000,1464630173.639667,1464630178.644740,1464630178.947000
316,1464630172.963000,1464630173.587681,1464630178.591319,1464630178.947000
317,1464630172.964000,1464630173.599949,1464630178.601357,1464630178.948000
318,1464630172.964000,1464630173.596905,1464630178.603138,1464630178.949000
319,1464630172.964000,1464630173.604473,1464630178.605741,1464630178.949000
320,1464630172.965000,1464630173.704074,1464630178.705340,1464630178.950000
321,1464630172.965000,1464630173.660053,1464630178.661260,1464630178.950000
322,1464630172.965000,1464630173.650280,1464630178.651698,1464630178.951000
323,1464630172.965000,1464630173.661052,1464630178.662384,1464630178.952000
324,1464630172.965000,1464630173.674702,1464630178.681894,1464630178.952000
325,1464630172.965000,1464630173.681118,1464630178.682991,1464630178.953000
326,1464630172.965000,1464630173.605706,1464630178.606871,1464630178.954000
327,1464630172.965000,1464630173.644980,1464630178.646497,1464630178.955000
328,1464630172.965000,1464630173.679641,1464630178.681434,1464630178.955000
329,1464630172.965000,1464630173.652455,1464630178.668690,1464630178.956000
330,1464630172.965000,1464630173.682315,1464630178.683503,1464630178.957000
331,1464630172.965000,1464630173.689662,1464630178.691522,1464630178.957000
332,1464630172.965000,1464630173.628530,1464630178.630004,1464630178.958000
333,1464630172.966000,1464630173.631132,1464630178.632433,1464630178.959000
334,1464630172.966000,1464630173.634171,1464630178.635601,1464630178.960000
335,1464630172.966000,1464630173.656283,1464630178.658764,1464630178.960000
336,1464630172.967000,1464630173.608608,1464630178.610250,1464630178.962000
337,1464630172.967000,1464630173.626087,1464630178.627557,1464630178.962000
338,1464630172.967000,1464630173.632016,1464630178.633394,1464630178.963000
339,1464630172.967000,1464630173.638810,1464630178.640271,1464630178.964000
340,1464630172.967000,1464630173.632358,1464630178.642355,1464630178.965000
341,1464630172.967000,1464630173.643740,1464630178.656144,1464630178.965000
342,1464630172.967000,1464630173.630466,1464630178.632100,1464630178.966000
343,1464630172.967000,1464630173.625686,1464630178.627164,1464630178.967000
344,1464630172.967000,1464630173.672885,1464630178.674094,1464630178.968000
345,1464630172.967000,1464630173.599029,1464630178.600275,1464630178.969000
346,1464630172.967000,1464630173.615938,1464630178.617632,1464630178.969000
347,1464630172.967000,1464630173.620504,1464630178.622480,1464630178.970000
348,1464630172.967000,1464630173.655014,1464630178.656400,1464630178.971000
349,1464630172.967000,1464630173.644008,1464630178.651685,1464630178.972000
350,1464630172.967000,1464630173.611358,1464630178.613060,1464630178.972000
351,1464630172.967000,1464630173.685783,1464630178.687640,1464630178.973000
352,1464630172.967000,1464630173.618167,1464630178.619704,1464630178.974000
353,1464630172.968000,1464630173.689391,1464630178.690666,1464630178.975000
354,1464630172.968000,1464630173.673318,1464630178.675607,1464630178.975000
355,1464630172.968000,1464630173.637106,1464630178.639124,1464630178.976000
356,1464630172.968000,1464630173.647323,1464630178.649402,1464630178.977000
357,1464630172.969000,1464630173.619263,1464630178.620480,1464630178.977000
358,1464630172.969000,1464630173.656272,1464630178.657873,1464630178.978000
359,1464630172.969000,1464630173.633766,1464630178.638418,1464630178.978000
360,1464630172.970000,1464630173.636750,1464630178.652408,1464630178.979000
361,1464630172.970000,1464630173.607963,1464630178.609273,1464630178.980000
362,1464630172.970000,1464630173.662040,1464630178.663419,1464630178.980000
363,1464630172.970000,1464630173.624573,1464630178.626291,1464630178.981000
364,1464630172.970000,1464630173.669244,1464630178.670558,1464630178.981000
365,1464630172.970000,1464630173.640379,1464630178.642335,1464630178.982000
366,1464630172.970000,1464630173.608057,1464630178.609360,1464630178.983000
367,1464630172.970000,1464630173.625280,1464630178.627676,1464630178.983000
368,1464630172.970000,1464630173.660380,1464630178.674622,1464630178.984000
369,1464630172.970000,1464630173.667045,1464630178.668346,1464630178.985000
370,1464630172.971000,1464630173.634892,1464630178.643346,1464630178.985000
371,1464630172.971000,1464630173.613755,1464630178.615095,1464630178.986000
372,1464630172.971000,1464630173.660537,1464630178.661745,1464630178.986000
373,1464630172.971000,1464630173.668960,1464630178.670636,1464630178.987000
374,1464630172.972000,1464630173.640897,1464630178.647756,1464630178.988000
375,1464630172.972000,1464630173.651438,1464630178.652566,1464630178.988000
376,1464630172.972000,1464630173.625211,1464630178.626496,1464630178.989000
377,1464630172.972000,1464630173.597062,1464630178.598364,1464630178.990000
378,1464630172.972000,1464630173.658540,1464630178.669089,1464630178.990000
379,1464630172.972000,1464630173.671227,1464630178.672485,1464630178.991000
380,1464630172.972000,1464630173.665817,1464630178.667052,1464630178.992000
381,1464630172.972000,1464630173.678864,1464630178.680129,1464630178.992000
382,1464630172.972000,1464630173.684310,1464630178.685633,1464630178.993000
383,1464630172.972000,1464630173.636750,1464630178.651701,1464630178.994000
384,1464630172.973000,1464630173.668692,1464630178.681229,1464630178.995000
385,1464630172.973000,1464630173.643957,1464630178.662824,1464630178.995000
386,1464630172.973000,1464630173.657514,1464630178.658718,1464630178.996000
387,1464630172.973000,1464630173.674371,1464630178.675571,1464630178.997000
388,1464630172.973000,1464630173.659100,1464630178.660786,1464630178.998000
389,1464630172.974000,1464630173.671426,1464630178.673304,1464630178.998000
390,1464630172.974000,1464630173.684980,1464630178.686855,1464630178.999000
391,1464630172.974000,1464630173.648765,1464630178.663205,1464630179.000000
392,1464630172.975000,1464630173.669054,1464630178.670722,1464630179.001000
393,1464630172.975000,1464630173.620350,1464630178.621890,1464630179.001000
394,1464630172.975000,1464630173.667638,1464630178.668804,1464630179.002000
395,1464630172.975000,1464630173.654947,1464630178.656278,1464630179.003000
396,1464630172.975000,1464630173.647801,1464630178.649602,1464630179.004000
397,1464630172.976000,1464630173.710446,1464630178.712006,1464630179.005000
398,1464630172.976000,1464630173.645449,1464630178.647642,1464630179.005000
399,1464630172.976000,1464630173.677097,1464630178.678488,1464630179.006000
400,1464630172.976000,1464630173.581479,1464630178.582708,1464630179.007000
401,1464630172.976000,1464630173.657176,1464630178.658773,1464630179.008000
402,1464630172.976000,1464630173.636207,1464630178.639075,1464630179.009000
403,1464630172.976000,1464630173.687040,1464630178.688231,1464630179.009000
404,1464630172.976000,1464630173.664219,1464630178.669473,1464630179.010000
405,1464630172.976000,1464630173.697764,1464630178.712951,1464630179.011000
406,1464630172.977000,1464630173.647112,1464630178.650866,1464630179.012000
407,1464630172.977000,1464630173.670731,1464630178.672050,1464630179.013000
408,1464630172.977000,1464630173.695091,1464630178.696329,1464630179.013000
409,1464630172.977000,1464630173.644609,1464630178.648056,1464630179.014000
410,1464630172.977000,1464630173.652068,1464630178.653778,1464630179.014000
411,1464630172.977000,1464630173.660682,1464630178.662040,1464630179.015000
412,1464630172.978000,1464630173.666675,1464630178.668152,1464630179.016000
413,1464630172.978000,1464630173.657247,1464630178.675846,1464630179.016000
414,1464630172.978000,1464630173.669512,1464630178.670708,1464630179.017000
415,1464630172.978000,1464630173.662758,1464630178.664091,1464630179.018000
416,1464630172.978000,1464630173.646577,1464630178.648259,1464630179.018000
417,1464630172.979000,1464630173.645158,1464630178.646731,1464630179.019000
418,1464630172.979000,1464630173.658498,1464630178.659752,1464630179.019000
419,1464630172.979000,1464630173.734693,1464630178.736062,1464630179.020000
420,1464630172.979000,1464630173.688622,1464630178.689795,1464630179.021000
421,1464630172.979000,1464630173.678490,1464630178.693421,1464630179.021000
422,1464630172.979000,1464630173.633263,1464630178.634478,1464630179.022000
423,1464630172.979000,1464630173.674775,1464630178.685682,1464630179.022000
424,1464630172.979000,1464630173.601277,1464630178.603395,1464630179.023000
425,1464630172.979000,1464630173.650724,1464630178.651950,1464630179.024000
426,1464630172.979000,1464630173.680759,1464630178.681923,1464630179.024000
427,1464630172.979000,1464630173.676892,1464630178.678079,1464630179.025000
428,1464630172.979000,1464630173.680076,1464630178.682216,1464630179.026000
429,1464630172.979000,1464630173.651998,1464630178.653463,1464630179.026000
430,1464630172.979000,1464630173.625551,1464630178.627848,1464630179.027000
431,1464630172.980000,1464630173.642410,1464630178.645484,1464630179.028000
432,1464630172.980000,1464630173.682169,1464630178.683896,1464630179.028000
433,1464630172.980000,1464630173.675965,1464630178.677165,1464630179.029000
434,1464630172.980000,1464630173.641355,1464630178.643762,1464630179.029000
435,1464630172.980000,1464630173.687466,1464630178.688770,1464630179.030000
436,1464630172.981000,1464630173.653462,1464630178.654805,1464630179.031000
437,1464630172.981000,1464630173.667661,1464630178.668982,1464630179.032000
438,1464630172.981000,1464630173.624214,1464630178.625431,1464630179.032000
439,1464630172.982000,1464630173.668610,1464630178.673752,1464630179.033000
440,1464630172.982000,1464630173.647602,1464630178.649584,1464630179.034000
441,1464630172.982000,1464630173.681629,1464630178.682946,1464630179.034000
442,1464630172.982000,1464630173.621532,1464630178.624928,1464630179.035000
443,1464630172.982000,1464630173.682008,1464630178.685983,1464630179.036000
444,1464630172.982000,1464630173.681965,1464630178.701067,1464630179.037000
445,1464630172.982000,1464630173.691420,1464630178.692601,1464630179.037000
446,1464630172.982000,1464630173.660302,1464630178.661536,1464630179.038000
447,1464630172.982000,1464630173.652741,1464630178.654248,1464630179.039000
448,1464630172.983000,1464630173.677171,1464630178.680509,1464630179.040000
449,1464630172.983000,1464630173.652820,1464630178.654360,1464630179.041000
450,1464630172.983000,1464630173.648693,1464630178.668785,1464630179.041000
451,1464630172.983000,1464630173.645354,1464630178.646691,1464630179.042000
452,1464630172.983000,1464630173.619116,1464630178.620641,1464630179.043000
453,1464630172.983000,1464630173.686193,1464630178.692357,1464630179.044000
454,1464630172.983000,1464630173.677340,1464630178.681316,1464630179.045000
455,1464630172.983000,1464630173.683973,1464630178.685281,1464630179.045000
456,1464630172.984000,1464630173.684497,1464630178.685856,1464630179.052000
457,1464630172.984000,1464630173.657233,1464630178.658418,1464630179.053000
458,1464630172.984000,1464630173.698340,1464630178.699724,1464630179.054000
459,1464630172.984000,1464630173.644041,1464630178.645525,1464630179.055000
460,1464630172.985000,1464630173.683100,1464630178.684986,1464630179.056000
461,1464630172.985000,1464630173.684672,1464630178.686283,1464630179.056000
462,1464630172.985000,1464630173.654878,1464630178.664923,1464630179.057000
463,1464630172.985000,1464630173.659107,1464630178.660270,1464630179.058000
464,1464630172.985000,1464630173.680239,1464630178.681524,1464630179.058000
465,1464630172.985000,1464630173.614266,1464630178.615575,1464630179.059000
466,1464630172.985000,1464630173.706649,1464630178.708801,1464630179.059000
467,1464630172.985000,1464630173.597222,1464630178.598492,1464630179.060000
468,1464630172.985000,1464630173.699631,1464630178.700849,1464630179.061000
469,1464630172.985000,1464630173.652019,1464630178.653314,1464630179.061000
470,1464630172.986000,1464630173.651415,1464630178.652625,1464630179.062000
471,1464630172.986000,1464630173.660577,1464630178.661789,1464630179.062000
472,1464630172.986000,1464630173.646382,1464630178.647674,1464630179.063000
473,1464630172.987000,1464630173.700714,1464630178.701974,1464630179.064000
474,1464630172.987000,1464630173.668901,1464630178.670477,1464630179.064000
475,1464630172.987000,1464630173.669904,1464630178.679579,1464630179.065000
476,1464630172.987000,1464630173.641672,1464630178.643071,1464630179.066000
477,1464630172.987000,1464630173.620416,1464630178.621721,1464630179.066000
478,1464630172.987000,1464630173.682858,1464630178.693076,1464630179.067000
479,1464630172.987000,1464630173.654697,1464630178.673950,1464630179.068000
480,1464630172.987000,1464630173.694480,1464630178.695727,1464630179.069000
481,1464630172.987000,1464630173.653161,1464630178.654495,1464630179.069000
482,1464630172.987000,1464630173.685926,1464630178.700841,1464630179.070000
483,1464630172.987000,1464630173.682852,1464630178.684606,1464630179.071000
484,1464630172.987000,1464630173.611464,1464630178.613164,1464630179.071000
485,1464630172.988000,1464630173.647345,1464630178.648559,1464630179.072000
486,1464630172.988000,1464630173.706119,1464630178.707348,1464630179.072000
487,1464630172.988000,1464630173.637570,1464630178.639058,1464630179.073000
488,1464630172.988000,1464630173.825670,1464630178.827205,1464630179.074000
489,1464630172.988000,1464630173.668326,1464630178.669880,1464630179.074000
490,1464630172.989000,1464630173.651314,1464630178.653875,1464630179.075000
491,1464630172.989000,1464630173.654770,1464630178.656333,1464630179.076000
492,1464630172.989000,1464630173.667762,1464630178.669064,1464630179.077000
493,1464630172.990000,1464630173.825535,1464630178.826725,1464630179.077000
494,1464630172.990000,1464630173.672933,1464630178.674130,1464630179.078000
495,1464630172.990000,1464630173.804056,1464630178.806331,1464630179.079000
496,1464630172.990000,1464630173.657634,1464630178.664919,1464630179.079000
497,1464630172.990000,1464630173.650251,1464630178.651576,1464630179.080000
498,1464630172.990000,1464630173.644637,1464630178.645935,1464630179.081000
499,1464630172.990000,1464630173.653758,1464630178.655374,1464630179.082000
500,1464630172.990000,1464630173.823538,1464630178.825069,1464630179.083000
501,1464630172.990000,1464630173.680127,1464630178.681902,1464630179.083000
502,1464630172.990000,1464630173.707721,1464630178.709730,1464630179.084000
503,1464630172.990000,1464630173.648574,1464630178.649879,1464630179.085000
504,1464630172.990000,1464630173.687719,1464630178.688932,1464630179.086000
505,1464630172.990000,1464630173.693444,1464630178.694865,1464630179.087000
506,1464630172.990000,1464630173.692868,1464630178.694290,1464630179.087000
507,1464630172.990000,1464630173.788826,1464630178.789978,1464630179.088000
508,1464630172.990000,1464630173.674985,1464630178.676640,1464630179.089000
509,1464630172.991000,1464630173.714404,1464630178.715633,1464630179.090000
510,1464630172.991000,1464630173.673255,1464630178.674757,1464630179.091000
511,1464630172.991000,1464630173.825200,1464630178.826457,1464630179.091000
512,1464630172.991000,1464630173.627066,1464630178.628530,1464630179.092000
513,1464630172.991000,1464630173.688165,1464630178.690037,1464630179.093000
514,1464630172.991000,1464630173.685314,1464630178.687138,1464630179.094000
515,1464630172.991000,1464630173.654172,1464630178.656333,1464630179.094000
516,1464630172.991000,1464630173.761926,1464630178.763217,1464630179.095000
517,1464630172.991000,1464630173.780041,1464630178.781355,1464630179.095000
518,1464630172.991000,1464630173.813056,1464630178.815519,1464630179.096000
519,1464630172.991000,1464630173.681644,1464630178.682896,1464630179.097000
520,1464630172.991000,1464630173.800682,1464630178.802000,1464630179.097000
521,1464630172.991000,1464630173.817465,1464630178.818839,1464630179.098000
522,1464630172.991000,1464630173.646878,1464630178.648512,1464630179.098000
523,1464630172.991000,1464630173.825080,1464630178.826502,1464630179.099000
524,1464630172.991000,1464630173.711052,1464630178.712268,1464630179.100000
525,1464630172.991000,1464630173.730274,1464630178.731493,1464630179.100000
526,1464630172.991000,1464630173.793484,1464630178.794651,1464630179.101000
527,1464630172.991000,1464630173.683340,1464630178.684583,1464630179.102000
528,1464630172.991000,1464630173.815194,1464630178.816625,1464630179.102000
529,1464630172.991000,1464630173.638314,1464630178.639832,1464630179.103000
530,1464630172.991000,1464630173.677032,1464630178.678397,1464630179.103000
531,1464630172.991000,1464630173.834020,1464630178.835700,1464630179.104000
532,1464630172.991000,1464630173.793996,1464630178.795263,1464630179.105000
533,1464630172.991000,1464630173.629824,1464630178.631258,1464630179.105000
534,1464630172.992000,1464630173.841027,1464630178.842273,1464630179.106000
535,1464630172.991000,1464630173.686909,1464630178.704232,1464630179.107000
536,1464630172.991000,1464630173.827064,1464630178.829416,1464630179.107000
537,1464630172.992000,1464630173.642239,1464630178.643999,1464630179.108000
538,1464630172.992000,1464630173.794488,1464630178.795865,1464630179.109000
539,1464630172.992000,1464630173.722968,1464630178.724257,1464630179.109000
540,1464630172.992000,1464630173.828386,1464630178.829576,1464630179.110000
541,1464630172.992000,1464630173.620847,1464630178.622120,1464630179.111000
542,1464630172.992000,1464630173.698472,1464630178.699681,1464630179.111000
543,1464630172.992000,1464630173.803638,1464630178.804902,1464630179.112000
544,1464630172.992000,1464630173.642140,1464630178.662505,1464630179.113000
545,1464630172.992000,1464630173.616886,1464630178.618373,1464630179.113000
546,1464630172.992000,1464630173.647451,1464630178.665650,1464630179.114000
547,1464630172.992000,1464630173.710521,1464630178.711705,1464630179.115000
548,1464630172.992000,1464630173.683233,1464630178.684447,1464630179.115000
549,1464630172.992000,1464630173.646079,1464630178.647699,1464630179.116000
550,1464630172.992000,1464630173.623206,1464630178.625107,1464630179.117000
551,1464630172.992000,1464630173.819949,1464630178.821388,1464630179.118000
552,1464630172.992000,1464630173.688663,1464630178.689878,1464630179.118000
553,1464630172.992000,1464630173.679008,1464630178.695791,1464630179.119000
554,1464630172.992000,1464630173.675748,1464630178.676998,1464630179.120000
555,1464630172.992000,1464630173.610444,1464630178.612122,1464630179.121000
556,1464630172.992000,1464630173.628481,1464630178.644775,1464630179.122000
557,1464630172.992000,1464630173.731203,1464630178.732419,1464630179.123000
558,1464630172.992000,1464630173.679119,1464630178.680398,1464630179.123000
559,1464630172.992000,1464630173.634386,1464630178.635623,1464630179.124000
560,1464630172.992000,1464630173.714226,1464630178.716756,1464630179.125000
561,1464630172.992000,1464630173.725307,1464630178.727231,1464630179.126000
562,1464630172.992000,1464630173.635616,1464630178.638146,1464630179.127000
563,1464630172.992000,1464630173.682102,1464630178.683283,1464630179.127000
564,1464630172.992000,1464630173.611531,1464630178.612794,1464630179.128000
565,1464630172.992000,1464630173.664332,1464630178.665684,1464630179.129000
566,1464630172.993000,1464630173.647570,1464630178.648848,1464630179.130000
567,1464630172.993000,1464630173.660234,1464630178.661682,1464630179.130000
568,1464630172.993000,1464630173.638053,1464630178.639217,1464630179.131000
569,1464630172.993000,1464630173.636438,1464630178.639415,1464630179.132000
570,1464630172.993000,1464630173.659817,1464630178.670925,1464630179.133000
571,1464630172.993000,1464630173.722770,1464630178.724123,1464630179.133000
572,1464630172.993000,1464630173.834263,1464630178.836527,1464630179.134000
573,1464630172.993000,1464630173.767547,1464630178.769084,1464630179.134000
574,1464630172.993000,1464630173.847518,1464630178.849562,1464630179.135000
575,1464630172.993000,1464630173.667259,1464630178.668617,1464630179.136000
576,1464630172.993000,1464630173.662862,1464630178.664461,1464630179.136000
577,1464630172.993000,1464630173.714576,1464630178.715840,1464630179.137000
578,1464630172.993000,1464630173.651215,1464630178.653310,1464630179.138000
579,1464630172.993000,1464630173.691584,1464630178.692851,1464630179.138000
580,1464630172.993000,1464630173.733660,1464630178.735009,1464630179.139000
581,1464630172.993000,1464630173.737606,1464630178.738937,1464630179.140000
582,1464630172.993000,1464630173.816341,1464630178.817700,1464630179.140000
583,1464630172.993000,1464630173.663703,1464630178.665748,1464630179.141000
584,1464630172.993000,1464630173.725114,1464630178.726381,1464630179.142000
585,1464630172.993000,1464630173.718835,1464630178.720364,1464630179.142000
586,1464630172.993000,1464630173.720292,1464630178.721606,1464630179.143000
587,1464630172.993000,1464630173.693523,1464630178.694768,1464630179.143000
588,1464630172.993000,1464630173.808123,1464630178.810283,1464630179.144000
589,1464630172.993000,1464630173.703200,1464630178.704525,1464630179.145000
590,1464630172.993000,1464630173.674120,1464630178.680203,1464630179.146000
591,1464630172.993000,1464630173.797487,1464630178.798768,1464630179.146000
592,1464630172.993000,1464630173.693701,1464630178.695396,1464630179.147000
593,1464630172.993000,1464630173.689296,1464630178.690527,1464630179.148000
594,1464630172.993000,1464630173.655503,1464630178.656966,1464630179.149000
595,1464630172.993000,1464630173.675091,1464630178.676268,1464630179.150000
596,1464630172.993000,1464630173.762837,1464630178.764053,1464630179.150000
597,1464630172.993000,1464630173.706327,1464630178.707609,1464630179.151000
598,1464630172.994000,1464630173.661126,1464630178.662573,1464630179.152000
599,1464630172.994000,1464630173.715235,1464630178.716881,1464630179.153000
600,1464630172.994000,1464630173.650878,1464630178.653417,1464630179.153000
601,1464630172.994000,1464630173.694763,1464630178.695999,1464630179.154000
602,1464630172.994000,1464630173.689361,1464630178.691454,1464630179.155000
603,1464630172.994000,1464630173.764431,1464630178.765973,1464630179.156000
604,1464630172.994000,1464630173.784472,1464630178.785781,1464630179.156000
605,1464630172.994000,1464630173.757527,1464630178.759006,1464630179.158000
606,1464630172.994000,1464630173.732534,1464630178.733850,1464630179.158000
607,1464630172.994000,1464630173.762799,1464630178.764266,1464630179.159000
608,1464630172.994000,1464630173.706947,1464630178.708232,1464630179.160000
609,1464630172.994000,1464630173.672828,1464630178.686025,1464630179.161000
610,1464630172.994000,1464630173.794332,1464630178.795592,1464630179.162000
611,1464630172.994000,1464630173.686631,1464630178.688055,1464630179.163000
612,1464630172.994000,1464630173.708049,1464630178.709534,1464630179.163000
613,1464630172.994000,1464630173.716540,1464630178.717972,1464630179.164000
614,1464630172.994000,1464630173.826184,1464630178.828147,1464630179.165000
615,1464630172.994000,1464630173.690597,1464630178.692026,1464630179.166000
616,1464630172.994000,1464630173.706604,1464630178.722954,1464630179.167000
617,1464630172.994000,1464630173.696010,1464630178.697883,1464630179.167000
618,1464630172.994000,1464630173.692700,1464630178.694258,1464630179.168000
619,1464630172.994000,1464630173.672314,1464630178.673960,1464630179.169000
620,1464630172.994000,1464630173.698961,1464630178.700222,1464630179.170000
621,1464630172.994000,1464630173.799013,1464630178.800217,1464630179.171000
622,1464630172.994000,1464630173.812418,1464630178.813881,1464630179.172000
623,1464630172.994000,1464630173.715238,1464630178.730500,1464630179.172000
624,1464630172.994000,1464630173.770710,1464630178.772065,1464630179.173000
625,1464630172.994000,1464630173.683245,1464630178.685091,1464630179.173000
626,1464630172.995000,1464630173.820392,1464630178.821692,1464630179.174000
627,1464630172.995000,1464630173.744022,1464630178.745466,1464630179.175000
628,1464630172.995000,1464630173.637561,1464630178.638826,1464630179.175000
629,1464630172.995000,1464630173.771509,1464630178.790975,1464630179.176000
630,1464630172.995000,1464630173.782112,1464630178.783287,1464630179.177000
631,1464630172.995000,1464630173.641835,1464630178.643187,1464630179.177000
632,1464630172.995000,1464630173.817547,1464630178.833956,1464630179.178000
633,1464630172.995000,1464630173.839206,1464630178.840640,1464630179.179000
634,1464630172.995000,1464630173.734534,1464630178.736029,1464630179.179000
635,1464630172.995000,1464630173.805344,1464630178.820841,1464630179.180000
636,1464630172.995000,1464630173.684723,1464630178.686467,1464630179.181000
637,1464630172.995000,1464630173.751104,1464630178.752503,1464630179.181000
638,1464630172.995000,1464630173.826552,1464630178.827819,1464630179.182000
639,1464630172.995000,1464630173.624396,1464630178.626017,1464630179.183000
640,1464630172.996000,1464630173.686865,1464630178.700843,1464630179.183000
641,1464630172.996000,1464630173.750938,1464630178.752963,1464630179.184000
642,1464630172.996000,1464630173.829906,1464630178.831240,1464630179.185000
643,1464630172.996000,1464630173.689589,1464630178.690897,1464630179.185000
644,1464630172.996000,1464630173.687611,1464630178.689024,1464630179.186000
645,1464630172.996000,1464630173.816584,1464630178.817862,1464630179.187000
646,1464630172.996000,1464630173.715771,1464630178.717001,1464630179.188000
647,1464630172.996000,1464630173.783353,1464630178.784509,1464630179.188000
648,1464630172.996000,1464630173.817677,1464630178.819520,1464630179.189000
649,1464630172.996000,1464630173.683399,1464630178.684605,1464630179.190000
650,1464630172.996000,1464630173.644170,1464630178.646913,1464630179.191000
651,1464630172.996000,1464630173.671350,1464630178.684679,1464630179.191000
652,1464630172.996000,1464630173.687808,1464630178.704857,1464630179.192000
653,1464630172.996000,1464630173.742862,1464630178.760519,1464630179.193000
654,1464630172.996000,1464630173.708722,1464630178.710100,1464630179.194000
655,1464630172.996000,1464630173.679856,1464630178.693940,1464630179.195000
656,1464630172.996000,1464630173.713754,1464630178.718735,1464630179.195000
657,1464630172.996000,1464630173.735207,1464630178.736615,1464630179.196000
658,1464630172.996000,1464630173.760151,1464630178.761450,1464630179.197000
659,1464630172.996000,1464630173.667449,1464630178.669386,1464630179.198000
660,1464630172.996000,1464630173.767344,1464630178.768610,1464630179.199000
661,1464630172.996000,1464630173.677769,1464630178.679424,1464630179.199000
662,1464630172.996000,1464630173.794934,1464630178.796235,1464630179.200000
663,1464630172.996000,1464630173.676484,1464630178.693668,1464630179.201000
664,1464630172.996000,1464630173.591598,1464630178.593007,1464630179.202000
665,1464630172.996000,1464630173.669254,1464630178.670577,1464630179.203000
666,1464630172.996000,1464630173.714064,1464630178.715636,1464630179.203000
667,1464630172.996000,1464630173.846442,1464630178.848024,1464630179.204000
668,1464630172.996000,1464630173.767933,1464630178.769309,1464630179.205000
669,1464630172.996000,1464630173.776522,1464630178.793055,1464630179.206000
670,1464630172.997000,1464630173.767157,1464630178.768511,1464630179.207000
671,1464630172.997000,1464630173.644446,1464630178.647756,1464630179.207000
672,1464630172.997000,1464630173.806265,1464630178.807653,1464630179.208000
673,1464630172.997000,1464630173.845491,1464630178.846745,1464630179.209000
674,1464630172.997000,1464630173.698980,1464630178.700346,1464630179.210000
675,1464630172.997000,1464630173.836023,1464630178.837557,1464630179.211000
676,1464630172.997000,1464630173.633857,1464630178.635202,1464630179.211000
677,1464630172.997000,1464630173.684212,1464630178.686053,1464630179.212000
678,1464630172.997000,1464630173.778449,1464630178.779654,1464630179.213000
679,1464630172.997000,1464630173.665597,1464630178.666797,1464630179.214000
680,1464630172.997000,1464630173.669054,1464630178.670948,1464630179.214000
681,1464630172.997000,1464630173.817271,1464630178.818443,1464630179.215000
682,1464630172.997000,1464630173.843730,1464630178.844781,1464630179.216000
683,1464630172.997000,1464630173.667582,1464630178.669231,1464630179.216000
684,1464630172.997000,1464630173.720684,1464630178.721930,1464630179.217000
685,1464630172.997000,1464630173.616277,1464630178.617520,1464630179.217000
686,1464630172.997000,1464630173.723550,1464630178.724795,1464630179.218000
687,1464630172.997000,1464630173.678210,1464630178.679563,1464630179.219000
688,1464630172.997000,1464630173.668850,1464630178.670125,1464630179.219000
689,1464630172.997000,1464630173.691953,1464630178.705910,1464630179.220000
690,1464630172.997000,1464630173.644016,1464630178.645493,1464630179.221000
691,1464630172.997000,1464630173.817169,1464630178.818599,1464630179.221000
692,1464630172.997000,1464630173.678359,1464630178.679513,1464630179.222000
693,1464630172.997000,1464630173.715549,1464630178.723273,1464630179.223000
694,1464630172.997000,1464630173.796100,1464630178.797376,1464630179.224000
695,1464630172.997000,1464630173.811226,1464630178.812653,1464630179.224000
696,1464630172.997000,1464630173.741353,1464630178.742541,1464630179.225000
697,1464630172.998000,1464630173.795474,1464630178.796689,1464630179.226000
698,1464630172.998000,1464630173.720208,1464630178.721522,1464630179.226000
699,1464630172.998000,1464630173.690792,1464630178.692045,1464630179.227000
700,1464630172.998000,1464630173.684966,1464630178.686916,1464630179.228000
701,1464630172.998000,1464630173.636384,1464630178.637808,1464630179.229000
702,1464630172.998000,1464630173.652487,1464630178.653689,1464630179.229000
703,1464630172.998000,1464630173.689002,1464630178.690446,1464630179.230000
704,1464630172.998000,1464630173.822073,1464630178.823484,1464630179.231000
705,1464630172.998000,1464630173.672358,1464630178.674412,1464630179.232000
706,1464630172.998000,1464630173.788575,1464630178.789885,1464630179.233000
707,1464630172.998000,1464630173.682831,1464630178.684904,1464630179.234000
708,1464630172.998000,1464630173.808146,1464630178.809471,1464630179.234000
709,1464630172.998000,1464630173.764939,1464630178.766428,1464630179.235000
710,1464630172.998000,1464630173.744698,1464630178.746224,1464630179.236000
711,1464630172.998000,1464630173.689366,1464630178.690539,1464630179.237000
712,1464630172.998000,1464630173.771432,1464630178.772702,1464630179.237000
713,1464630172.998000,1464630173.672403,1464630178.674107,1464630179.238000
714,1464630172.998000,1464630173.808706,1464630178.810107,1464630179.239000
715,1464630172.998000,1464630173.832642,1464630178.834699,1464630179.240000
716,1464630172.998000,1464630173.701233,1464630178.702430,1464630179.241000
717,1464630172.998000,1464630173.767553,1464630178.768759,1464630179.241000
718,1464630172.998000,1464630173.825521,1464630178.826866,1464630179.242000
719,1464630172.998000,1464630173.824772,1464630178.826191,1464630179.243000
720,1464630172.998000,1464630173.774646,1464630178.775887,1464630179.244000
721,1464630172.998000,1464630173.683067,1464630178.684336,1464630179.244000
722,1464630172.998000,1464630173.699492,1464630178.700791,1464630179.245000
723,1464630172.998000,1464630173.695256,1464630178.711097,1464630179.246000
724,1464630172.998000,1464630173.840150,1464630178.851122,1464630179.247000
725,1464630172.998000,1464630173.688880,1464630178.690900,1464630179.247000
726,1464630172.999000,1464630173.826095,1464630178.827543,1464630179.248000
727,1464630172.999000,1464630173.760964,1464630178.762154,1464630179.249000
728,1464630172.999000,1464630173.754596,1464630178.755963,1464630179.250000
729,1464630172.999000,1464630173.770940,1464630178.772279,1464630179.250000
730,1464630172.999000,1464630173.805833,1464630178.825828,1464630179.251000
731,1464630172.999000,1464630173.687363,1464630178.688704,1464630179.252000
732,1464630172.999000,1464630173.663535,1464630178.666203,1464630179.253000
733,1464630172.999000,1464630173.812460,1464630178.815809,1464630179.253000
734,1464630172.999000,1464630173.701422,1464630178.702918,1464630179.254000
735,1464630172.999000,1464630173.762714,1464630178.764190,1464630179.254000
736,1464630173.002000,1464630173.792510,1464630178.793852,1464630179.255000
737,1464630173.004000,1464630173.714597,1464630178.716276,1464630179.256000
738,1464630173.005000,1464630173.736552,1464630178.737783,1464630179.256000
739,1464630173.029000,1464630173.788576,1464630178.789834,1464630179.257000
740,1464630173.048000,1464630173.719305,1464630178.720626,1464630179.257000
741,1464630173.050000,1464630173.835336,1464630178.836642,1464630179.258000
742,1464630173.051000,1464630173.765063,1464630178.766516,1464630179.259000
743,1464630173.051000,1464630173.768854,1464630178.770048,1464630179.259000
744,1464630173.051000,1464630173.727239,1464630178.728486,1464630179.260000
745,1464630173.051000,1464630173.688769,1464630178.693289,1464630179.261000
746,1464630173.051000,1464630173.830644,1464630178.832257,1464630179.261000
747,1464630173.051000,1464630173.696200,1464630178.697447,1464630179.262000
748,1464630173.051000,1464630173.764274,1464630178.765992,1464630179.263000
749,1464630173.051000,1464630173.679696,1464630178.681348,1464630179.263000
750,1464630173.051000,1464630173.834904,1464630178.853070,1464630179.264000
751,1464630173.051000,1464630173.729332,1464630178.730495,1464630179.265000
752,1464630173.051000,1464630173.797956,1464630178.799347,1464630179.265000
753,1464630173.051000,1464630173.792249,1464630178.793616,1464630179.266000
754,1464630173.051000,1464630173.780842,1464630178.782380,1464630179.267000
755,1464630173.051000,0.000000,0.000000,0.000000
756,1464630173.051000,1464630173.687869,1464630178.689093,1464630179.268000
757,1464630173.051000,1464630173.774803,1464630178.776113,1464630179.269000
758,1464630173.051000,1464630173.847970,1464630178.849248,1464630179.270000
759,1464630173.051000,1464630173.714222,1464630178.715539,1464630179.270000
760,1464630173.052000,1464630173.775724,1464630178.776937,1464630179.271000
761,1464630173.052000,1464630173.852863,1464630178.854800,1464630179.272000
762,1464630173.052000,1464630173.823215,1464630178.831097,1464630179.273000
763,1464630173.053000,1464630173.804344,1464630178.805789,1464630179.273000
764,1464630173.053000,1464630173.748896,1464630178.750131,1464630179.274000
765,1464630173.054000,1464630173.804983,1464630178.806470,1464630179.275000
766,1464630173.054000,1464630173.725487,1464630178.727101,1464630179.276000
767,1464630173.054000,1464630173.752047,1464630178.753353,1464630179.277000
768,1464630173.054000,1464630173.729310,1464630178.730896,1464630179.277000
769,1464630173.054000,1464630173.740477,1464630178.741962,1464630179.278000
770,1464630173.054000,1464630173.741718,1464630178.743075,1464630179.279000
771,1464630173.055000,1464630173.722308,1464630178.723529,1464630179.280000
772,1464630173.055000,1464630173.839025,1464630178.840487,1464630179.281000
773,1464630173.055000,1464630173.735260,1464630178.736544,1464630179.281000
774,1464630173.055000,1464630173.817102,1464630178.818552,1464630179.282000
775,1464630173.056000,1464630173.767808,1464630178.769249,1464630179.283000
776,1464630173.056000,1464630173.715365,1464630178.716748,1464630179.284000
777,1464630173.057000,1464630173.763803,1464630178.765077,1464630179.285000
778,1464630173.057000,1464630173.834916,1464630178.836260,1464630179.286000
779,1464630173.057000,1464630173.810109,1464630178.811474,1464630179.286000
780,1464630173.057000,1464630173.808238,1464630178.809727,1464630179.287000
781,1464630173.057000,1464630173.837305,1464630178.838917,1464630179.288000
782,1464630173.057000,1464630173.755723,1464630178.773643,1464630179.289000
783,1464630173.057000,1464630173.827334,1464630178.828737,1464630179.289000
784,1464630173.057000,1464630173.813113,1464630178.814348,1464630179.290000
785,1464630173.057000,1464630173.764395,1464630178.765880,1464630179.291000
786,1464630173.058000,1464630173.826740,1464630178.827881,1464630179.292000
787,1464630173.058000,1464630173.776780,1464630178.778172,1464630179.292000
788,1464630173.058000,1464630173.747609,1464630178.748882,1464630179.293000
789,1464630173.058000,1464630173.820066,1464630178.821585,1464630179.293000
790,1464630173.058000,1464630173.825302,1464630178.830677,1464630179.294000
791,1464630173.058000,1464630173.777096,1464630178.778327,1464630179.295000
792,1464630173.058000,1464630173.745264,1464630178.746474,1464630179.295000
793,1464630173.058000,1464630173.781962,1464630178.783399,1464630179.296000
794,1464630173.059000,1464630173.796199,1464630178.810956,1464630179.296000
795,1464630173.059000,1464630173.817717,1464630178.819002,1464630179.297000
796,1464630173.059000,1464630173.769765,1464630178.771273,1464630179.298000
797,1464630173.059000,1464630173.728211,1464630178.729511,1464630179.298000
798,1464630173.060000,1464630173.751333,1464630178.752769,1464630179.299000
799,1464630173.060000,1464630173.761326,1464630178.762621,1464630179.300000
800,1464630173.060000,1464630173.751805,1464630178.753256,1464630179.300000
801,1464630173.060000,1464630173.825630,1464630178.831510,1464630179.301000
802,1464630173.060000,1464630173.756048,1464630178.757272,1464630179.301000
803,1464630173.060000,1464630173.837386,1464630178.850893,1464630179.302000
804,1464630173.060000,1464630173.819644,1464630178.820950,1464630179.303000
805,1464630173.060000,1464630173.809801,1464630178.811772,1464630179.303000
806,1464630173.060000,1464630173.705925,1464630178.707261,1464630179.304000
807,1464630173.061000,1464630173.833683,1464630178.848953,1464630179.305000
808,1464630173.061000,1464630173.789830,1464630178.791230,1464630179.306000
809,1464630173.061000,1464630173.748874,1464630178.750403,1464630179.306000
810,1464630173.061000,1464630173.825641,1464630178.826875,1464630179.307000
811,1464630173.061000,1464630173.787651,1464630178.788997,1464630179.308000
812,1464630173.062000,1464630173.773585,1464630178.774885,1464630179.309000
813,1464630173.062000,1464630173.721422,1464630178.722622,1464630179.310000
814,1464630173.062000,1464630173.773135,1464630178.774378,1464630179.310000
815,1464630173.062000,1464630173.808050,1464630178.809293,1464630179.311000
816,1464630173.062000,1464630173.810243,1464630178.828615,1464630179.312000
817,1464630173.062000,1464630173.801713,1464630178.803163,1464630179.313000
818,1464630173.062000,1464630173.824580,1464630178.825727,1464630179.314000
819,1464630173.062000,1464630173.783400,1464630178.784731,1464630179.315000
820,1464630173.062000,1464630173.683676,1464630178.684908,1464630179.316000
821,1464630173.063000,1464630173.786894,1464630178.788420,1464630179.316000
822,1464630173.063000,1464630173.785026,1464630178.786321,1464630179.317000
823,1464630173.063000,1464630173.738885,1464630178.744456,1464630179.318000
824,1464630173.064000,1464630173.777448,1464630178.778724,1464630179.319000
825,1464630173.064000,1464630173.817155,1464630178.818509,1464630179.320000
826,1464630173.064000,1464630173.694402,1464630178.695798,1464630179.321000
827,1464630173.064000,1464630173.825458,1464630178.829876,1464630179.321000
828,1464630173.064000,1464630173.836833,1464630178.838025,1464630179.322000
829,1464630173.065000,1464630173.817314,1464630178.818737,1464630179.323000
830,1464630173.065000,1464630173.733809,1464630178.735116,1464630179.324000
831,1464630173.065000,1464630173.837062,1464630178.853270,1464630179.325000
832,1464630173.065000,1464630173.811821,1464630178.830988,1464630179.325000
833,1464630173.065000,1464630173.821196,1464630178.834698,1464630179.326000
834,1464630173.065000,1464630173.732232,1464630178.733436,1464630179.327000
835,1464630173.066000,1464630173.763490,1464630178.764708,1464630179.328000
836,1464630173.066000,1464630173.837599,1464630178.839173,1464630179.328000
837,1464630173.066000,1464630173.829644,1464630178.831075,1464630179.329000
838,1464630173.066000,1464630173.786128,1464630178.787557,1464630179.330000
839,1464630173.067000,1464630173.757495,1464630178.758817,1464630179.331000
840,1464630173.067000,1464630173.809135,1464630178.810398,1464630179.331000
841,1464630173.067000,1464630173.706465,1464630178.707827,1464630179.332000
842,1464630173.067000,1464630173.732540,1464630178.734046,1464630179.333000
843,1464630173.067000,1464630173.839719,1464630178.841516,1464630179.333000
844,1464630173.067000,1464630173.767414,1464630178.768692,1464630179.334000
845,1464630173.068000,1464630173.798102,1464630178.799352,1464630179.334000
846,1464630173.068000,1464630173.811153,1464630178.812330,1464630179.335000
847,1464630173.068000,1464630173.726008,1464630178.727479,1464630179.336000
848,1464630173.068000,1464630173.823351,1464630178.824608,1464630179.336000
849,1464630173.068000,1464630173.835575,1464630178.837142,1464630179.337000
850,1464630173.068000,1464630173.796124,1464630178.797498,1464630179.338000
851,1464630173.068000,1464630173.823294,1464630178.824790,1464630179.338000
852,1464630173.068000,1464630173.840197,1464630178.842627,1464630179.339000
853,1464630173.068000,1464630173.818034,1464630178.819201,1464630179.340000
854,1464630173.068000,1464630173.767194,1464630178.768524,1464630179.340000
855,1464630173.068000,1464630173.787734,1464630178.789032,1464630179.341000
856,1464630173.069000,1464630173.833468,1464630178.834669,1464630179.342000
857,1464630173.069000,1464630173.756019,1464630178.757452,1464630179.342000
858,1464630173.069000,1464630173.808044,1464630178.809533,1464630179.343000
859,1464630173.069000,1464630173.755312,1464630178.756516,1464630179.344000
860,1464630173.070000,1464630173.814217,1464630178.815621,1464630179.345000
861,1464630173.070000,1464630173.839857,1464630178.841323,1464630179.345000
862,1464630173.071000,1464630173.825165,1464630178.826382,1464630179.346000
863,1464630173.071000,1464630173.832514,1464630178.833712,1464630179.347000
864,1464630173.071000,1464630173.815489,1464630178.822951,1464630179.348000
865,1464630173.071000,1464630173.780255,1464630178.781538,1464630179.349000
866,1464630173.071000,1464630173.836967,1464630178.838525,1464630179.350000
867,1464630173.071000,1464630173.745568,1464630178.746808,1464630179.350000
868,1464630173.071000,1464630173.836524,1464630178.851334,1464630179.351000
869,1464630173.072000,1464630173.830509,1464630178.831759,1464630179.352000
870,1464630173.072000,1464630173.840670,1464630178.841884,1464630179.353000
871,1464630173.072000,1464630173.839101,1464630178.840844,1464630179.354000
872,1464630173.072000,1464630173.756384,1464630178.757775,1464630179.354000
873,1464630173.073000,1464630173.797457,1464630178.798714,1464630179.355000
874,1464630173.073000,1464630173.826702,1464630178.828314,1464630179.356000
875,1464630173.073000,1464630173.805137,1464630178.806366,1464630179.357000
876,1464630173.073000,1464630173.836812,1464630178.838146,1464630179.358000
877,1464630173.073000,1464630173.804635,1464630178.806341,1464630179.359000
878,1464630173.073000,1464630173.845712,1464630178.846961,1464630179.359000
879,1464630173.073000,1464630173.757246,1464630178.758791,1464630179.360000
880,1464630173.074000,1464630173.777398,1464630178.778697,1464630179.361000
881,1464630173.074000,1464630173.805825,1464630178.807426,1464630179.362000
882,1464630173.074000,1464630173.754468,1464630178.755760,1464630179.362000
883,1464630173.074000,1464630173.849182,1464630178.850404,1464630179.363000
884,1464630173.075000,1464630173.732875,1464630178.734117,1464630179.364000
885,1464630173.075000,1464630173.844710,1464630178.853070,1464630179.365000
886,1464630173.075000,1464630173.800829,1464630178.802096,1464630179.366000
887,1464630173.076000,1464630173.811252,1464630178.812459,1464630179.366000
888,1464630173.076000,1464630173.827744,1464630178.829134,1464630179.367000
889,1464630173.076000,1464630173.751483,1464630178.753097,1464630179.368000
890,1464630173.076000,1464630173.817677,1464630178.819406,1464630179.369000
891,1464630173.077000,1464630173.821993,1464630178.823200,1464630179.369000
892,1464630173.077000,1464630173.803960,1464630178.806062,1464630179.370000
893,1464630173.077000,1464630173.827594,1464630178.830674,1464630179.371000
894,1464630173.077000,1464630173.835842,1464630178.837118,1464630179.371000
895,1464630173.077000,1464630173.828734,1464630178.831608,1464630179.372000
896,1464630173.077000,1464630173.831733,1464630178.833593,1464630179.373000
897,1464630173.077000,1464630173.768557,1464630178.769926,1464630179.373000
898,1464630173.077000,1464630173.821024,1464630178.822398,1464630179.374000
899,1464630173.078000,1464630173.764750,1464630178.766180,1464630179.375000
900,1464630173.078000,1464630173.824633,1464630178.828033,1464630179.375000
901,1464630173.078000,1464630173.756870,1464630178.758213,1464630179.376000
902,1464630173.078000,1464630173.785187,1464630178.786505,1464630179.376000
903,1464630173.079000,1464630173.781152,1464630178.782363,1464630179.377000
904,1464630173.079000,0.000000,0.000000,0.000000
905,1464630173.079000,1464630173.821609,1464630178.822850,1464630179.378000
906,1464630173.080000,1464630173.818123,1464630178.819354,1464630179.379000
907,1464630173.080000,1464630173.836567,1464630178.849850,1464630179.380000
908,1464630173.081000,1464630173.790652,1464630178.791857,1464630179.380000
909,1464630173.082000,1464630173.767094,1464630178.768540,1464630179.381000
910,1464630173.082000,1464630173.799849,1464630178.801179,1464630179.382000
911,1464630173.082000,1464630173.755129,1464630178.756381,1464630179.383000
912,1464630173.082000,1464630173.824379,1464630178.826095,1464630179.383000
913,1464630173.084000,1464630173.831979,1464630178.848694,1464630179.384000
914,1464630173.084000,1464630173.812922,1464630178.814270,1464630179.385000
915,1464630173.084000,1464630173.837343,1464630178.850603,1464630179.385000
916,1464630173.084000,1464630173.841254,1464630178.842539,1464630179.386000
917,1464630173.085000,1464630173.805914,1464630178.807505,1464630179.387000
918,1464630173.085000,1464630173.821435,1464630178.822728,1464630179.387000
919,1464630173.085000,1464630173.807176,1464630178.808615,1464630179.388000
920,1464630173.086000,1464630173.819662,1464630178.833174,1464630179.389000
921,1464630173.086000,1464630173.801433,1464630178.803004,1464630179.390000
922,1464630173.086000,1464630173.823858,1464630178.826044,1464630179.391000
923,1464630173.087000,1464630173.845814,1464630178.847015,1464630179.392000
924,1464630173.087000,0.000000,0.000000,0.000000
925,1464630173.087000,1464630173.843349,1464630178.844819,1464630179.393000
926,1464630173.088000,1464630173.800363,1464630178.801624,1464630179.394000
927,1464630173.088000,1464630173.840436,1464630178.850678,1464630179.395000
928,1464630173.088000,1464630173.824313,1464630178.825773,1464630179.395000
929,1464630173.089000,1464630173.841620,1464630178.843310,1464630179.396000
930,1464630173.089000,1464630173.783372,1464630178.789485,1464630179.397000
931,1464630173.089000,1464630173.833774,1464630178.836154,1464630179.398000
932,1464630173.090000,1464630173.824211,1464630178.825492,1464630179.398000
933,1464630173.090000,0.000000,0.000000,0.000000
934,1464630173.090000,1464630173.778751,1464630178.779979,1464630179.400000
935,1464630173.091000,1464630173.825826,1464630178.831118,1464630179.401000
936,1464630173.091000,1464630173.827387,1464630178.828752,1464630179.401000
937,1464630173.091000,1464630173.678836,1464630178.680150,1464630179.402000
938,1464630173.091000,1464630173.836237,1464630178.837462,1464630179.403000
939,1464630173.091000,0.000000,0.000000,0.000000
940,1464630173.091000,1464630173.825169,1464630178.826496,1464630179.405000
941,1464630173.091000,1464630173.800903,1464630178.802080,1464630179.406000
942,1464630173.092000,1464630173.839125,1464630178.840412,1464630179.406000
943,1464630173.092000,1464630173.786415,1464630178.788070,1464630179.407000
944,1464630173.092000,1464630173.834798,1464630178.836583,1464630179.408000
945,1464630173.092000,1464630173.804023,1464630178.806323,1464630179.409000
946,1464630173.092000,1464630173.824366,1464630178.826100,1464630179.410000
947,1464630173.092000,1464630173.803290,1464630178.804547,1464630179.410000
948,1464630173.093000,1464630173.672541,1464630178.692724,1464630179.411000
949,1464630173.093000,1464630173.809297,1464630178.810895,1464630179.412000
950,1464630173.093000,1464630173.806585,1464630178.808153,1464630179.412000
951,1464630173.093000,1464630173.787816,1464630178.789052,1464630179.413000
952,1464630173.093000,1464630173.823372,1464630178.824696,1464630179.413000
953,1464630173.093000,1464630173.771464,1464630178.773141,1464630179.414000
954,1464630173.093000,1464630173.800483,1464630178.801717,1464630179.415000
955,1464630173.093000,1464630173.839427,1464630178.841261,1464630179.415000
956,1464630173.093000,1464630173.826112,1464630178.827267,1464630179.416000
957,1464630173.094000,1464630173.843802,1464630178.845215,1464630179.416000
958,1464630173.094000,1464630173.831544,1464630178.832793,1464630179.417000
959,1464630173.094000,1464630173.800984,1464630178.804045,1464630179.418000
960,1464630173.094000,1464630173.832871,1464630178.835573,1464630179.418000
961,1464630173.094000,1464630173.759173,1464630178.760329,1464630179.419000
962,1464630173.095000,1464630173.835570,1464630178.836878,1464630179.420000
963,1464630173.095000,1464630173.763995,1464630178.765280,1464630179.420000
964,1464630173.095000,1464630173.796547,1464630178.813380,1464630179.422000
965,1464630173.095000,1464630173.834248,1464630178.845947,1464630179.422000
966,1464630173.095000,1464630173.829306,1464630178.830782,1464630179.423000
967,1464630173.095000,1464630173.785724,1464630178.787019,1464630179.424000
968,1464630173.096000,1464630173.829025,1464630178.830497,1464630179.424000
969,1464630173.096000,1464630173.834010,1464630178.849007,1464630179.425000
970,1464630173.096000,1464630173.824616,1464630178.833411,1464630179.425000
971,1464630173.096000,1464630173.833991,1464630178.835142,1464630179.426000
972,1464630173.096000,1464630173.840198,1464630178.841521,1464630179.428000
973,1464630173.096000,1464630173.824059,1464630178.827963,1464630179.428000
974,1464630173.096000,1464630173.814494,1464630178.816303,1464630179.429000
975,1464630173.097000,1464630173.770364,1464630178.771729,1464630179.430000
976,1464630173.097000,1464630173.825262,1464630178.827435,1464630179.431000
977,1464630173.097000,1464630173.781402,1464630178.782927,1464630179.431000
978,1464630173.097000,1464630173.812593,1464630178.818507,1464630179.432000
979,1464630173.097000,1464630173.781943,1464630178.783159,1464630179.433000
980,1464630173.098000,1464630173.809219,1464630178.810497,1464630179.433000
981,1464630173.098000,1464630173.841779,1464630178.843081,1464630179.434000
982,1464630173.098000,1464630173.727900,1464630178.729047,1464630179.435000
983,1464630173.099000,1464630173.799268,1464630178.800834,1464630179.436000
984,1464630173.099000,1464630173.794985,1464630178.796546,1464630179.437000
985,1464630173.099000,1464630173.839976,1464630178.841991,1464630179.438000
986,1464630173.099000,1464630173.842533,1464630178.843838,1464630179.438000
987,1464630173.099000,1464630173.823900,1464630178.825453,1464630179.439000
988,1464630173.099000,1464630173.849476,1464630178.850755,1464630179.440000
989,1464630173.099000,1464630173.853171,1464630178.868998,1464630179.441000
990,1464630173.099000,1464630173.820391,1464630178.822127,1464630179.441000
991,1464630173.100000,1464630173.842338,1464630178.843492,1464630179.442000
992,1464630173.101000,1464630173.798475,1464630178.799880,1464630179.443000
993,1464630173.101000,0.000000,0.000000,0.000000
994,1464630173.101000,0.000000,0.000000,0.000000
995,1464630173.101000,1464630173.851866,1464630178.868886,1464630183.115000
996,1464630173.101000,1464630173.817879,1464630178.819355,1464630183.116000
997,1464630173.101000,1464630173.844172,1464630178.845338,1464630183.116000
998,1464630173.102000,1464630173.746084,1464630178.748889,1464630183.117000
999,1464630173.103000,1464630173.839044,1464630178.840186,1464630183.118000
