0,1464475835,1464475835,1464475835,1464475835
1,1464475835,1464475835,1464475835,1464475835
2,1464475835,1464475835,1464475835,1464475835
3,1464475835,1464475835,1464475835,1464475835
4,1464475835,1464475835,1464475835,1464475835
5,1464475835,0,0,0
6,1464475835,1464475835,1464475835,1464475835
7,1464475835,0,0,0
8,1464475835,1464475835,1464475835,1464475835
9,1464475835,1464475835,1464475835,1464475835
10,1464475835,1464475835,1464475835,1464475835
11,1464475835,0,0,0
12,1464475835,1464475835,1464475835,1464475835
13,1464475835,1464475835,1464475835,1464475835
14,1464475835,0,0,0
15,1464475835,1464475835,1464475835,1464475835
16,1464475835,0,0,0
17,1464475835,0,0,0
18,1464475835,1464475835,1464475835,1464475835
19,1464475835,1464475835,1464475835,1464475835
20,1464475835,1464475835,1464475835,1464475835
21,1464475835,1464475835,1464475835,1464475835
22,1464475835,1464475835,1464475835,1464475835
23,1464475835,1464475835,1464475835,1464475835
24,1464475835,1464475835,1464475835,1464475835
25,1464475835,1464475835,1464475835,1464475835
26,1464475835,1464475835,1464475835,1464475835
27,1464475835,1464475835,1464475835,1464475835
28,1464475835,0,0,0
29,1464475835,1464475835,1464475835,1464475835
30,1464475835,1464475835,1464475835,1464475835
31,1464475835,1464475835,1464475835,1464475835
32,1464475835,1464475835,1464475835,1464475835
33,1464475835,1464475835,1464475835,1464475835
34,1464475835,0,0,0
35,1464475835,1464475835,1464475835,1464475835
36,1464475835,1464475835,1464475835,1464475835
37,1464475835,1464475835,1464475835,1464475835
38,1464475835,1464475835,1464475835,1464475835
39,1464475835,1464475835,1464475835,1464475835
40,1464475835,1464475835,1464475835,1464475835
41,1464475835,1464475835,1464475835,1464475835
42,1464475835,1464475835,1464475835,1464475835
43,1464475835,1464475835,1464475835,1464475835
44,1464475835,1464475835,1464475835,1464475836
45,1464475835,1464475835,1464475835,1464475835
46,1464475835,1464475835,1464475835,1464475835
47,1464475835,1464475835,1464475835,1464475835
48,1464475835,1464475835,1464475835,1464475835
49,1464475835,1464475835,1464475835,1464475835
50,1464475835,1464475835,1464475835,1464475835
51,1464475835,1464475835,1464475835,1464475835
52,1464475835,1464475835,1464475835,1464475835
53,1464475835,1464475835,1464475835,1464475835
54,1464475835,0,0,0
55,1464475835,0,0,0
56,1464475835,1464475835,1464475835,1464475835
57,1464475835,1464475835,1464475835,1464475835
58,1464475835,1464475835,1464475835,1464475835
59,1464475835,0,0,0
60,1464475835,1464475835,1464475835,1464475835
61,1464475835,1464475835,1464475835,1464475835
62,1464475835,0,0,0
63,1464475835,1464475835,1464475835,1464475835
64,1464475835,1464475835,1464475835,1464475835
65,1464475835,0,0,0
66,1464475835,1464475835,1464475835,1464475835
67,1464475835,1464475835,1464475835,1464475835
68,1464475835,1464475835,1464475835,1464475835
69,1464475835,1464475835,1464475835,1464475835
70,1464475835,1464475835,1464475835,1464475835
71,1464475835,0,0,0
72,1464475835,1464475835,1464475835,1464475835
73,1464475835,1464475835,1464475835,1464475835
74,1464475835,0,0,0
75,1464475835,0,0,0
76,1464475835,0,0,0
77,1464475835,0,0,0
78,1464475835,1464475835,1464475835,1464475835
79,1464475835,0,0,0
80,1464475835,1464475835,1464475835,1464475835
81,1464475835,0,0,0
82,1464475835,0,0,0
83,1464475835,1464475835,1464475835,1464475835
84,1464475835,1464475835,1464475835,1464475835
85,1464475835,1464475835,1464475835,1464475835
86,1464475835,1464475835,1464475835,1464475835
87,1464475835,0,0,0
88,1464475835,1464475835,1464475835,1464475835
89,1464475835,0,0,0
90,1464475835,1464475835,1464475835,1464475835
91,1464475835,0,0,0
92,1464475835,0,0,0
93,1464475835,0,0,0
94,1464475835,0,0,0
95,1464475835,1464475835,1464475835,1464475835
96,1464475835,1464475835,1464475835,1464475835
97,1464475835,1464475835,1464475835,1464475835
98,1464475835,1464475835,1464475835,1464475835
99,1464475835,1464475835,1464475835,1464475835
100,1464475835,1464475835,1464475835,1464475835
101,1464475835,1464475835,1464475835,1464475835
102,1464475835,1464475835,1464475835,1464475835
103,1464475835,1464475835,1464475835,1464475835
104,1464475835,1464475835,1464475835,1464475835
105,1464475835,0,0,0
106,1464475835,0,0,0
107,1464475835,1464475835,1464475835,1464475835
108,1464475835,1464475835,1464475835,1464475835
109,1464475835,1464475835,1464475835,1464475835
110,1464475835,1464475835,1464475835,1464475835
111,1464475835,0,0,0
112,1464475835,1464475835,1464475835,1464475835
113,1464475835,1464475835,1464475835,1464475835
114,1464475835,0,0,0
115,1464475835,0,0,0
116,1464475835,1464475835,1464475835,1464475835
117,1464475835,1464475835,1464475835,1464475835
118,1464475835,1464475835,1464475835,1464475835
119,1464475835,0,0,0
120,1464475835,0,0,0
121,1464475835,1464475835,1464475835,1464475835
122,1464475835,1464475835,1464475835,1464475835
123,1464475835,1464475835,1464475835,1464475835
124,1464475835,1464475835,1464475835,1464475835
125,1464475835,0,0,0
126,1464475835,1464475835,1464475835,1464475835
127,1464475835,0,0,0
128,1464475835,1464475835,1464475835,1464475835
129,1464475835,1464475835,1464475835,1464475835
130,1464475835,1464475835,1464475835,1464475835
131,1464475835,1464475835,1464475835,1464475835
132,1464475835,1464475835,1464475835,1464475835
133,1464475835,0,0,0
134,1464475835,0,0,0
135,1464475835,0,0,0
136,1464475835,0,0,0
137,1464475835,1464475835,1464475835,1464475835
138,1464475835,0,0,0
139,1464475835,1464475835,1464475835,1464475835
140,1464475835,1464475835,1464475835,1464475835
141,1464475835,0,0,0
142,1464475835,0,0,0
143,1464475835,1464475835,1464475835,1464475835
144,1464475835,0,0,0
145,1464475835,1464475835,1464475835,1464475835
146,1464475835,0,0,0
147,1464475835,1464475835,1464475835,1464475835
148,1464475835,0,0,0
149,1464475835,1464475835,1464475835,1464475835
150,1464475835,0,0,0
151,1464475835,1464475835,1464475835,1464475835
152,1464475835,0,0,0
153,1464475835,1464475835,1464475835,1464475835
154,1464475835,1464475835,1464475835,1464475835
155,1464475835,0,0,0
156,1464475835,1464475835,1464475835,1464475835
157,1464475835,0,0,0
158,1464475835,1464475835,1464475835,1464475835
159,1464475835,1464475835,1464475835,1464475835
160,1464475835,1464475835,1464475835,1464475835
161,1464475835,1464475835,1464475835,1464475835
162,1464475835,1464475835,1464475835,1464475835
163,1464475835,0,0,0
164,1464475835,1464475835,1464475835,1464475835
165,1464475835,0,0,0
166,1464475835,0,0,0
167,1464475835,1464475835,1464475835,1464475835
168,1464475835,1464475835,1464475835,1464475836
169,1464475835,0,0,0
170,1464475835,1464475835,1464475835,1464475835
171,1464475835,0,0,0
172,1464475835,0,0,0
173,1464475835,0,0,0
174,1464475835,0,0,0
175,1464475835,1464475835,1464475835,1464475835
176,1464475835,1464475835,1464475835,1464475835
177,1464475835,1464475835,1464475835,1464475835
178,1464475835,1464475835,1464475835,1464475835
179,1464475835,1464475835,1464475835,1464475835
180,1464475835,1464475835,1464475835,1464475835
181,1464475835,1464475835,1464475835,1464475835
182,1464475835,1464475835,1464475835,1464475835
183,1464475835,1464475835,1464475835,1464475835
184,1464475835,1464475835,1464475835,1464475835
185,1464475835,1464475835,1464475835,1464475835
186,1464475835,1464475835,1464475835,1464475835
187,1464475835,1464475835,1464475835,1464475835
188,1464475835,1464475835,1464475835,1464475835
189,1464475835,1464475835,1464475835,1464475835
190,1464475835,1464475835,1464475835,1464475835
191,1464475835,1464475835,1464475835,1464475835
192,1464475835,1464475835,1464475835,1464475835
193,1464475835,0,0,0
194,1464475835,1464475835,1464475835,1464475835
195,1464475835,1464475835,1464475835,1464475835
196,1464475835,1464475835,1464475835,1464475835
197,1464475835,0,0,0
198,1464475835,1464475835,1464475835,1464475835
199,1464475835,1464475835,1464475835,1464475835
200,1464475835,1464475835,1464475835,1464475835
201,1464475835,1464475835,1464475835,1464475835
202,1464475835,1464475835,1464475835,1464475835
203,1464475835,1464475835,1464475835,1464475835
204,1464475835,1464475835,1464475835,1464475835
205,1464475835,1464475835,1464475835,1464475835
206,1464475835,0,0,0
207,1464475835,0,0,0
208,1464475835,0,0,0
209,1464475835,1464475835,1464475835,1464475835
210,1464475835,1464475835,1464475835,1464475835
211,1464475835,1464475835,1464475835,1464475835
212,1464475835,1464475835,1464475835,1464475835
213,1464475835,0,0,0
214,1464475835,1464475835,1464475835,1464475835
215,1464475835,0,0,0
216,1464475835,1464475835,1464475835,1464475835
217,1464475835,0,0,0
218,1464475835,1464475835,1464475835,1464475835
219,1464475835,0,0,0
220,1464475835,0,0,0
221,1464475835,1464475835,1464475835,1464475835
222,1464475835,0,0,0
223,1464475835,1464475835,1464475835,1464475835
224,1464475835,0,0,0
225,1464475835,1464475835,1464475835,1464475835
226,1464475835,1464475835,1464475835,1464475835
227,1464475835,0,0,0
228,1464475835,1464475835,1464475835,1464475835
229,1464475835,1464475835,1464475835,1464475835
230,1464475835,1464475835,1464475835,1464475835
231,1464475835,1464475835,1464475835,1464475835
232,1464475835,1464475835,1464475835,1464475835
233,1464475835,1464475835,1464475835,1464475835
234,1464475835,1464475835,1464475835,1464475835
235,1464475835,1464475835,1464475835,1464475835
236,1464475835,1464475835,1464475835,1464475835
237,1464475835,1464475835,1464475835,1464475835
238,1464475835,1464475835,1464475835,1464475835
239,1464475835,1464475836,1464475836,1464475836
240,1464475835,1464475835,1464475835,1464475835
241,1464475835,1464475835,1464475835,1464475835
242,1464475835,0,0,0
243,1464475835,1464475835,1464475835,1464475835
244,1464475835,0,0,0
245,1464475835,1464475835,1464475835,1464475835
246,1464475835,1464475835,1464475835,1464475835
247,1464475835,1464475835,1464475835,1464475835
248,1464475835,1464475835,1464475835,1464475835
249,1464475835,1464475835,1464475835,1464475835
250,1464475835,0,0,0
251,1464475835,1464475835,1464475835,1464475835
252,1464475835,1464475835,1464475835,1464475835
253,1464475835,1464475835,1464475835,1464475835
254,1464475835,0,0,0
255,1464475835,1464475835,1464475835,1464475835
256,1464475835,1464475835,1464475835,1464475835
257,1464475835,1464475835,1464475835,1464475835
258,1464475835,0,0,0
259,1464475835,0,0,0
260,1464475835,0,0,0
261,1464475835,0,0,0
262,1464475835,0,0,0
263,1464475835,1464475835,1464475835,1464475835
264,1464475835,1464475835,1464475835,1464475835
265,1464475835,1464475835,1464475835,1464475835
266,1464475835,0,0,0
267,1464475835,0,0,0
268,1464475835,1464475835,1464475835,1464475835
269,1464475835,1464475835,1464475835,1464475835
270,1464475835,1464475835,1464475835,1464475835
271,1464475835,1464475835,1464475835,1464475835
272,1464475835,1464475835,1464475835,1464475835
273,1464475835,1464475835,1464475835,1464475835
274,1464475835,1464475835,1464475835,1464475835
275,1464475835,1464475835,1464475835,1464475835
276,1464475835,0,0,0
277,1464475835,1464475835,1464475835,1464475835
278,1464475835,1464475835,1464475835,1464475835
279,1464475835,1464475835,1464475835,1464475835
280,1464475835,1464475835,1464475835,1464475835
281,1464475835,0,0,0
282,1464475835,1464475835,1464475835,1464475835
283,1464475835,1464475835,1464475835,1464475835
284,1464475835,1464475835,1464475835,1464475835
285,1464475835,1464475835,1464475835,1464475835
286,1464475835,1464475835,1464475835,1464475835
287,1464475835,0,0,0
288,1464475835,0,0,0
289,1464475835,0,0,0
290,1464475835,1464475835,1464475835,1464475835
291,1464475835,1464475835,1464475835,1464475835
292,1464475835,1464475835,1464475835,1464475835
293,1464475835,0,0,0
294,1464475835,1464475835,1464475835,1464475835
295,1464475835,1464475835,1464475835,1464475835
296,1464475835,1464475835,1464475835,1464475835
297,1464475835,0,0,0
298,1464475835,1464475835,1464475835,1464475835
299,1464475835,1464475835,1464475835,1464475835
300,1464475835,1464475835,1464475835,1464475835
301,1464475835,1464475835,1464475835,1464475835
302,1464475835,1464475835,1464475835,1464475835
303,1464475835,1464475835,1464475835,1464475835
304,1464475835,1464475835,1464475835,1464475835
305,1464475835,1464475835,1464475835,1464475835
306,1464475835,1464475835,1464475835,1464475835
307,1464475835,1464475835,1464475835,1464475835
308,1464475835,1464475835,1464475835,1464475835
309,1464475835,1464475835,1464475835,1464475835
310,1464475835,1464475835,1464475835,1464475835
311,1464475835,1464475835,1464475835,1464475835
312,1464475835,1464475835,1464475835,1464475835
313,1464475835,1464475835,1464475835,1464475835
314,1464475835,1464475835,1464475835,1464475835
315,1464475835,1464475835,1464475835,1464475835
316,1464475835,1464475835,1464475835,1464475835
317,1464475835,1464475835,1464475835,1464475835
318,1464475835,1464475835,1464475835,1464475835
319,1464475835,1464475835,1464475835,1464475835
320,1464475835,1464475835,1464475835,1464475835
321,1464475835,1464475835,1464475835,1464475835
322,1464475835,1464475835,1464475835,1464475836
323,1464475835,1464475835,1464475835,1464475835
324,1464475835,1464475835,1464475835,1464475835
325,1464475835,1464475835,1464475835,1464475835
326,1464475835,1464475835,1464475835,1464475835
327,1464475835,1464475835,1464475835,1464475835
328,1464475835,1464475835,1464475835,1464475835
329,1464475835,1464475835,1464475835,1464475835
330,1464475835,1464475835,1464475835,1464475835
331,1464475835,1464475835,1464475835,1464475835
332,1464475835,1464475835,1464475835,1464475835
333,1464475835,1464475835,1464475835,1464475835
334,1464475835,1464475835,1464475835,1464475835
335,1464475835,1464475835,1464475835,1464475835
336,1464475835,1464475835,1464475835,1464475835
337,1464475835,1464475835,1464475835,1464475835
338,1464475835,1464475835,1464475835,1464475835
339,1464475835,1464475835,1464475835,1464475835
340,1464475835,1464475835,1464475835,1464475835
341,1464475835,1464475835,1464475835,1464475835
342,1464475835,1464475835,1464475835,1464475835
343,1464475835,1464475835,1464475835,1464475835
344,1464475835,1464475835,1464475835,1464475835
345,1464475835,1464475835,1464475835,1464475835
346,1464475835,1464475835,1464475835,1464475835
347,1464475835,1464475835,1464475835,1464475835
348,1464475835,1464475835,1464475835,1464475835
349,1464475835,1464475835,1464475835,1464475835
350,1464475835,1464475835,1464475835,1464475835
351,1464475835,1464475835,1464475835,1464475835
352,1464475835,1464475835,1464475835,1464475835
353,1464475835,1464475835,1464475835,1464475835
354,1464475835,1464475835,1464475835,1464475835
355,1464475835,1464475835,1464475835,1464475835
356,1464475835,1464475835,1464475835,1464475835
357,1464475835,1464475835,1464475835,1464475835
358,1464475835,1464475835,1464475835,1464475835
359,1464475835,1464475835,1464475835,1464475835
360,1464475835,1464475835,1464475835,1464475835
361,1464475835,1464475835,1464475835,1464475835
362,1464475835,1464475835,1464475835,1464475835
363,1464475835,1464475835,1464475835,1464475835
364,1464475835,1464475835,1464475835,1464475835
365,1464475835,1464475835,1464475835,1464475835
366,1464475835,1464475835,1464475835,1464475835
367,1464475835,1464475835,1464475835,1464475835
368,1464475835,1464475835,1464475835,1464475835
369,1464475835,1464475835,1464475835,1464475835
370,1464475835,1464475835,1464475835,1464475835
371,1464475835,1464475835,1464475835,1464475835
372,1464475835,1464475835,1464475835,1464475835
373,1464475835,1464475835,1464475835,1464475835
374,1464475835,1464475835,1464475835,1464475835
375,1464475835,1464475835,1464475835,1464475835
376,1464475835,1464475835,1464475835,1464475835
377,1464475835,1464475835,1464475835,1464475835
378,1464475835,1464475835,1464475835,1464475835
379,1464475835,1464475835,1464475835,1464475835
380,1464475835,1464475835,1464475835,1464475835
381,1464475835,1464475835,1464475835,1464475835
382,1464475835,1464475835,1464475835,1464475835
383,1464475835,1464475835,1464475835,1464475835
384,1464475835,1464475835,1464475835,1464475835
385,1464475835,1464475835,1464475835,1464475835
386,1464475835,1464475835,1464475835,1464475835
387,1464475835,1464475835,1464475835,1464475835
388,1464475835,1464475835,1464475835,1464475835
389,1464475835,1464475835,1464475835,1464475835
390,1464475835,1464475835,1464475835,1464475835
391,1464475835,1464475835,1464475835,1464475835
392,1464475835,1464475835,1464475835,1464475835
393,1464475835,1464475835,1464475835,1464475835
394,1464475835,1464475835,1464475835,1464475835
395,1464475835,1464475835,1464475835,1464475835
396,1464475835,1464475835,1464475835,1464475835
397,1464475835,1464475835,1464475835,1464475835
398,1464475835,1464475835,1464475835,1464475835
399,1464475835,1464475835,1464475835,1464475835
400,1464475835,1464475835,1464475835,1464475835
401,1464475835,1464475835,1464475835,1464475835
402,1464475835,1464475835,1464475835,1464475835
403,1464475835,1464475835,1464475835,1464475835
404,1464475835,1464475835,1464475835,1464475835
405,1464475835,1464475835,1464475835,1464475835
406,1464475835,1464475835,1464475835,1464475835
407,1464475835,1464475835,1464475835,1464475835
408,1464475835,1464475835,1464475835,1464475835
409,1464475835,1464475835,1464475835,1464475835
410,1464475835,1464475835,1464475835,1464475835
411,1464475835,1464475835,1464475835,1464475835
412,1464475835,1464475835,1464475835,1464475835
413,1464475835,1464475835,1464475835,1464475835
414,1464475835,1464475835,1464475835,1464475835
415,1464475835,1464475835,1464475835,1464475835
416,1464475835,1464475835,1464475835,1464475835
417,1464475835,1464475835,1464475835,1464475835
418,1464475835,1464475835,1464475835,1464475835
419,1464475835,1464475835,1464475835,1464475835
420,1464475835,1464475835,1464475835,1464475835
421,1464475835,1464475835,1464475835,1464475835
422,1464475835,1464475835,1464475835,1464475835
423,1464475835,1464475835,1464475835,1464475835
424,1464475835,1464475835,1464475835,1464475835
425,1464475835,1464475835,1464475835,1464475835
426,1464475835,1464475835,1464475835,1464475835
427,1464475835,1464475835,1464475835,1464475835
428,1464475835,1464475835,1464475835,1464475835
429,1464475835,1464475835,1464475835,1464475835
430,1464475835,1464475835,1464475835,1464475835
431,1464475835,1464475835,1464475835,1464475835
432,1464475835,1464475835,1464475835,1464475835
433,1464475835,1464475835,1464475835,1464475835
434,1464475835,1464475835,1464475835,1464475835
435,1464475835,1464475835,1464475835,1464475835
436,1464475835,1464475835,1464475835,1464475835
437,1464475835,1464475835,1464475835,1464475836
438,1464475835,1464475835,1464475835,1464475835
439,1464475835,1464475835,1464475835,1464475835
440,1464475835,1464475835,1464475835,1464475835
441,1464475835,1464475835,1464475835,1464475835
442,1464475835,1464475835,1464475835,1464475835
443,1464475835,1464475835,1464475835,1464475835
444,1464475835,1464475835,1464475835,1464475835
445,1464475835,1464475835,1464475835,1464475835
446,1464475835,1464475835,1464475835,1464475835
447,1464475835,1464475835,1464475835,1464475835
448,1464475835,1464475835,1464475835,1464475835
449,1464475835,1464475835,1464475835,1464475835
450,1464475835,1464475835,1464475835,1464475835
451,1464475835,1464475835,1464475835,1464475835
452,1464475835,1464475835,1464475835,1464475835
453,1464475835,1464475835,1464475835,1464475835
454,1464475835,1464475835,1464475835,1464475835
455,1464475835,1464475835,1464475835,1464475835
456,1464475835,1464475835,1464475835,1464475835
457,1464475835,1464475835,1464475835,1464475835
458,1464475835,1464475835,1464475835,1464475835
459,1464475835,1464475835,1464475835,1464475836
460,1464475835,1464475835,1464475835,1464475835
461,1464475835,1464475835,1464475835,1464475835
462,1464475835,1464475835,1464475835,1464475835
463,1464475835,1464475835,1464475835,1464475835
464,1464475835,1464475835,1464475835,1464475835
465,1464475835,1464475835,1464475835,1464475835
466,1464475835,1464475835,1464475835,1464475835
467,1464475835,1464475835,1464475835,1464475835
468,1464475835,1464475835,1464475835,1464475835
469,1464475835,1464475835,1464475835,1464475835
470,1464475835,1464475835,1464475835,1464475835
471,1464475835,1464475835,1464475835,1464475835
472,1464475835,1464475835,1464475835,1464475835
473,1464475835,1464475835,1464475835,1464475835
474,1464475835,1464475835,1464475835,1464475835
475,1464475835,1464475835,1464475835,1464475835
476,1464475835,1464475835,1464475835,1464475835
477,1464475835,1464475835,1464475835,1464475835
478,1464475835,1464475835,1464475835,1464475835
479,1464475835,1464475835,1464475835,1464475835
480,1464475835,1464475835,1464475835,1464475835
481,1464475835,1464475835,1464475835,1464475835
482,1464475835,1464475835,1464475835,1464475835
483,1464475835,1464475835,1464475835,1464475835
484,1464475835,1464475835,1464475835,1464475835
485,1464475835,1464475835,1464475835,1464475835
486,1464475835,1464475835,1464475835,1464475835
487,1464475835,1464475835,1464475835,1464475835
488,1464475835,1464475835,1464475835,1464475835
489,1464475835,1464475835,1464475835,1464475835
490,1464475835,1464475836,1464475836,1464475836
491,1464475835,1464475835,1464475835,1464475835
492,1464475835,1464475835,1464475835,1464475835
493,1464475835,1464475835,1464475835,1464475835
494,1464475835,1464475835,1464475835,1464475835
495,1464475835,1464475835,1464475835,1464475835
496,1464475835,1464475835,1464475835,1464475835
497,1464475835,1464475835,1464475835,1464475835
498,1464475835,1464475835,1464475835,1464475835
499,1464475835,1464475835,1464475835,1464475836
500,1464475835,1464475835,1464475835,1464475835
501,1464475835,1464475835,1464475835,1464475835
502,1464475835,1464475835,1464475835,1464475835
503,1464475835,1464475836,1464475836,1464475836
504,1464475835,1464475835,1464475835,1464475836
505,1464475835,1464475835,1464475835,1464475835
506,1464475835,1464475836,1464475836,1464475836
507,1464475835,1464475835,1464475835,1464475835
508,1464475835,1464475835,1464475835,1464475836
509,1464475835,1464475836,1464475836,1464475836
510,1464475835,1464475835,1464475835,1464475836
511,1464475835,1464475835,1464475835,1464475836
512,1464475835,1464475835,1464475835,1464475835
513,1464475835,1464475836,1464475836,1464475836
514,1464475835,1464475835,1464475835,1464475835
515,1464475835,1464475835,1464475835,1464475835
516,1464475835,1464475836,1464475836,1464475836
517,1464475835,1464475835,1464475835,1464475836
518,1464475835,1464475836,1464475836,1464475836
519,1464475835,1464475835,1464475835,1464475836
520,1464475835,1464475835,1464475835,1464475835
521,1464475835,1464475835,1464475835,1464475835
522,1464475835,1464475835,1464475835,1464475836
523,1464475835,1464475835,1464475835,1464475835
524,1464475835,1464475835,1464475835,1464475835
525,1464475835,1464475835,1464475835,1464475835
526,1464475835,1464475835,1464475836,1464475836
527,1464475835,1464475836,1464475836,1464475836
528,1464475835,1464475836,1464475836,1464475836
529,1464475835,1464475835,1464475835,1464475835
530,1464475835,1464475835,1464475835,1464475835
531,1464475835,1464475835,1464475835,1464475836
532,1464475835,1464475835,1464475835,1464475835
533,1464475835,1464475835,1464475835,1464475835
534,1464475835,1464475835,1464475835,1464475836
535,1464475835,1464475835,1464475835,1464475835
536,1464475835,1464475835,1464475835,1464475835
537,1464475835,1464475835,1464475835,1464475835
538,1464475835,1464475835,1464475835,1464475835
539,1464475835,1464475835,1464475835,1464475835
540,1464475835,1464475835,1464475835,1464475836
541,1464475835,1464475835,1464475835,1464475835
542,1464475835,1464475835,1464475835,1464475835
543,1464475835,1464475835,1464475835,1464475835
544,1464475835,1464475836,1464475836,1464475836
545,1464475835,1464475836,1464475836,1464475836
546,1464475835,1464475835,1464475835,1464475835
547,1464475835,1464475835,1464475835,1464475835
548,1464475835,1464475835,1464475835,1464475835
549,1464475835,1464475835,1464475835,1464475835
550,1464475835,1464475835,1464475835,1464475835
551,1464475835,1464475836,1464475836,1464475836
552,1464475835,1464475835,1464475835,1464475836
553,1464475835,1464475835,1464475835,1464475835
554,1464475835,1464475835,1464475835,1464475835
555,1464475835,1464475835,1464475835,1464475835
556,1464475835,1464475835,1464475835,1464475835
557,1464475835,1464475835,1464475835,1464475835
558,1464475835,1464475835,1464475835,1464475835
559,1464475835,1464475835,1464475835,1464475835
560,1464475835,1464475835,1464475835,1464475835
561,1464475835,1464475835,1464475835,1464475835
562,1464475835,1464475835,1464475835,1464475835
563,1464475835,1464475835,1464475835,1464475835
564,1464475835,1464475836,1464475836,1464475836
565,1464475835,1464475835,1464475835,1464475835
566,1464475835,1464475836,1464475836,1464475836
567,1464475835,1464475835,1464475835,1464475835
568,1464475835,1464475835,1464475835,1464475835
569,1464475835,1464475835,1464475835,1464475835
570,1464475835,1464475835,1464475835,1464475835
571,1464475835,1464475836,1464475836,1464475836
572,1464475835,1464475835,1464475835,1464475835
573,1464475835,1464475835,1464475835,1464475835
574,1464475835,1464475836,1464475836,1464475836
575,1464475835,1464475836,1464475836,1464475836
576,1464475835,1464475835,1464475835,1464475836
577,1464475835,1464475835,1464475835,1464475835
578,1464475835,1464475835,1464475835,1464475835
579,1464475835,1464475835,1464475835,1464475835
580,1464475835,1464475835,1464475835,1464475835
581,1464475835,1464475835,1464475835,1464475835
582,1464475835,1464475835,1464475835,1464475836
583,1464475835,1464475835,1464475835,1464475836
584,1464475835,1464475835,1464475835,1464475836
585,1464475835,1464475835,1464475835,1464475836
586,1464475835,1464475835,1464475835,1464475836
587,1464475835,1464475835,1464475835,1464475836
588,1464475835,1464475835,1464475835,1464475835
589,1464475835,1464475835,1464475835,1464475836
590,1464475835,1464475835,1464475835,1464475835
591,1464475835,1464475835,1464475835,1464475836
592,1464475835,1464475835,1464475835,1464475836
593,1464475835,1464475835,1464475835,1464475835
594,1464475835,1464475835,1464475835,1464475836
595,1464475835,1464475835,1464475835,1464475836
596,1464475835,1464475835,1464475835,1464475836
597,1464475835,1464475835,1464475835,1464475835
598,1464475835,1464475836,1464475836,1464475836
599,1464475835,1464475836,1464475836,1464475836
600,1464475835,1464475835,1464475835,1464475836
601,1464475835,1464475836,1464475836,1464475836
602,1464475835,1464475835,1464475835,1464475835
603,1464475835,1464475836,1464475836,1464475836
604,1464475835,1464475835,1464475835,1464475836
605,1464475835,1464475835,1464475835,1464475835
606,1464475835,1464475835,1464475835,1464475836
607,1464475835,1464475835,1464475835,1464475836
608,1464475835,1464475835,1464475835,1464475835
609,1464475835,1464475835,1464475835,1464475835
610,1464475835,1464475835,1464475835,1464475836
611,1464475835,1464475835,1464475835,1464475836
612,1464475835,1464475835,1464475835,1464475836
613,1464475835,1464475835,1464475835,1464475836
614,1464475835,1464475835,1464475835,1464475836
615,1464475835,1464475835,1464475835,1464475835
616,1464475835,1464475835,1464475835,1464475836
617,1464475835,1464475835,1464475835,1464475835
618,1464475835,1464475835,1464475835,1464475836
619,1464475835,1464475835,1464475835,1464475835
620,1464475835,1464475835,1464475835,1464475836
621,1464475835,1464475835,1464475835,1464475835
622,1464475835,1464475835,1464475835,1464475835
623,1464475835,1464475835,1464475835,1464475836
624,1464475835,1464475835,1464475835,1464475835
625,1464475835,1464475835,1464475835,1464475836
626,1464475835,1464475835,1464475835,1464475835
627,1464475835,1464475835,1464475835,1464475835
628,1464475835,1464475835,1464475835,1464475835
629,1464475835,1464475835,1464475835,1464475836
630,1464475835,1464475835,1464475835,1464475835
631,1464475835,1464475835,1464475835,1464475836
632,1464475835,1464475835,1464475835,1464475835
633,1464475835,1464475836,1464475836,1464475836
634,1464475835,1464475835,1464475835,1464475836
635,1464475835,1464475835,1464475835,1464475835
636,1464475835,1464475836,1464475836,1464475836
637,1464475835,1464475835,1464475835,1464475835
638,1464475835,1464475835,1464475835,1464475836
639,1464475835,1464475835,1464475835,1464475835
640,1464475835,1464475835,1464475835,1464475836
641,1464475835,1464475835,1464475835,1464475835
642,1464475835,1464475835,1464475835,1464475836
643,1464475835,1464475836,1464475836,1464475836
644,1464475835,1464475835,1464475835,1464475835
645,1464475835,1464475835,1464475835,1464475835
646,1464475835,1464475835,1464475835,1464475836
647,1464475835,1464475835,1464475835,1464475835
648,1464475835,1464475835,1464475835,1464475835
649,1464475835,1464475835,1464475835,1464475835
650,1464475835,1464475835,1464475835,1464475835
651,1464475835,1464475835,1464475835,1464475836
652,1464475835,1464475835,1464475835,1464475835
653,1464475835,1464475836,1464475836,1464475836
654,1464475835,1464475835,1464475835,1464475835
655,1464475835,1464475836,1464475836,1464475836
656,1464475835,1464475835,1464475835,1464475835
657,1464475835,1464475835,1464475835,1464475836
658,1464475835,1464475835,1464475835,1464475835
659,1464475835,1464475835,1464475835,1464475835
660,1464475835,1464475835,1464475835,1464475835
661,1464475835,1464475835,1464475835,1464475835
662,1464475835,1464475835,1464475835,1464475836
663,1464475835,1464475835,1464475835,1464475836
664,1464475835,1464475835,1464475835,1464475835
665,1464475835,1464475835,1464475835,1464475836
666,1464475835,1464475835,1464475835,1464475835
667,1464475835,1464475835,1464475835,1464475835
668,1464475835,1464475835,1464475835,1464475835
669,1464475835,1464475835,1464475835,1464475835
670,1464475835,1464475836,1464475836,1464475836
671,1464475835,1464475836,1464475836,1464475836
672,1464475835,1464475835,1464475835,1464475836
673,1464475835,1464475835,1464475835,1464475835
674,1464475835,1464475835,1464475835,1464475835
675,1464475835,1464475835,1464475835,1464475835
676,1464475835,1464475835,1464475835,1464475835
677,1464475835,1464475835,1464475835,1464475836
678,1464475835,1464475835,1464475835,1464475835
679,1464475835,1464475835,1464475835,1464475836
680,1464475835,1464475836,1464475836,1464475836
681,1464475835,1464475835,1464475835,1464475835
682,1464475835,1464475835,1464475835,1464475835
683,1464475835,1464475835,1464475835,1464475835
684,1464475835,1464475835,1464475835,1464475836
685,1464475835,1464475835,1464475835,1464475835
686,1464475835,1464475836,1464475836,1464475836
687,1464475835,1464475835,1464475835,1464475835
688,1464475835,1464475835,1464475835,1464475835
689,1464475835,1464475835,1464475835,1464475836
690,1464475835,1464475835,1464475835,1464475835
691,1464475835,1464475835,1464475835,1464475835
692,1464475835,1464475835,1464475835,1464475836
693,1464475835,1464475835,1464475835,1464475836
694,1464475835,1464475835,1464475835,1464475836
695,1464475835,1464475835,1464475835,1464475836
696,1464475835,1464475835,1464475835,1464475836
697,1464475835,1464475836,1464475836,1464475836
698,1464475835,1464475836,1464475836,1464475836
699,1464475835,1464475836,1464475836,1464475836
700,1464475835,1464475836,1464475836,1464475836
701,1464475835,1464475835,1464475835,1464475835
702,1464475835,1464475835,1464475835,1464475836
703,1464475835,1464475835,1464475835,1464475836
704,1464475835,1464475836,1464475836,1464475836
705,1464475835,1464475836,1464475836,1464475836
706,1464475835,1464475835,1464475835,1464475836
707,1464475835,1464475835,1464475835,1464475835
708,1464475835,1464475836,1464475836,1464475836
709,1464475835,1464475836,1464475836,1464475836
710,1464475835,1464475835,1464475835,1464475836
711,1464475835,1464475835,1464475835,1464475835
712,1464475835,1464475835,1464475835,1464475836
713,1464475835,1464475836,1464475836,1464475836
714,1464475835,1464475836,1464475836,1464475836
715,1464475835,1464475835,1464475835,1464475836
716,1464475835,1464475835,1464475835,1464475835
717,1464475835,1464475835,1464475835,1464475835
718,1464475835,1464475835,1464475835,1464475835
719,1464475835,1464475835,1464475835,1464475835
720,1464475835,1464475835,1464475835,1464475835
721,1464475835,1464475835,1464475835,1464475835
722,1464475835,1464475836,1464475836,1464475836
723,1464475835,1464475835,1464475835,1464475836
724,1464475835,1464475835,1464475835,1464475836
725,1464475835,1464475836,1464475836,1464475836
726,1464475835,1464475835,1464475835,1464475835
727,1464475835,1464475836,1464475836,1464475836
728,1464475835,1464475835,1464475835,1464475835
729,1464475835,1464475836,1464475836,1464475836
730,1464475835,1464475835,1464475835,1464475836
731,1464475835,1464475835,1464475835,1464475836
732,1464475835,1464475836,1464475836,1464475836
733,1464475835,1464475835,1464475835,1464475836
734,1464475835,1464475836,1464475836,1464475836
735,1464475835,1464475835,1464475835,1464475836
736,1464475835,1464475835,1464475835,1464475835
737,1464475835,1464475835,1464475835,1464475836
738,1464475835,1464475835,1464475835,1464475835
739,1464475835,1464475836,1464475836,1464475836
740,1464475835,1464475836,1464475836,1464475836
741,1464475835,1464475835,1464475835,1464475836
742,1464475835,1464475835,1464475835,1464475836
743,1464475835,1464475836,1464475836,1464475836
744,1464475835,1464475835,1464475835,1464475836
745,1464475835,1464475835,1464475835,1464475836
746,1464475835,1464475835,1464475835,1464475836
747,1464475835,1464475835,1464475835,1464475836
748,1464475835,1464475835,1464475835,1464475836
749,1464475835,1464475835,1464475835,1464475835
750,1464475835,1464475835,1464475835,1464475835
751,1464475835,1464475835,1464475835,1464475836
752,1464475835,1464475836,1464475836,1464475836
753,1464475835,1464475836,1464475836,1464475836
754,1464475835,1464475836,1464475836,1464475836
755,1464475835,1464475836,1464475836,1464475836
756,1464475835,1464475835,1464475835,1464475836
757,1464475835,1464475835,1464475835,1464475836
758,1464475835,1464475836,1464475836,1464475836
759,1464475835,1464475836,1464475836,1464475836
760,1464475835,1464475835,1464475835,1464475836
761,1464475835,1464475836,1464475836,1464475836
762,1464475835,1464475836,1464475836,1464475836
763,1464475835,1464475836,1464475836,1464475836
764,1464475835,1464475835,1464475835,1464475836
765,1464475835,1464475836,1464475836,1464475836
766,1464475835,1464475835,1464475835,1464475836
767,1464475835,1464475835,1464475835,1464475836
768,1464475835,1464475835,1464475835,1464475836
769,1464475835,1464475836,1464475836,1464475836
770,1464475835,1464475835,1464475835,1464475836
771,1464475835,1464475835,1464475835,1464475836
772,1464475835,1464475836,1464475836,1464475836
773,1464475835,1464475835,1464475835,1464475836
774,1464475835,1464475835,1464475835,1464475836
775,1464475835,1464475836,1464475836,1464475836
776,1464475835,1464475835,1464475835,1464475836
777,1464475835,1464475836,1464475836,1464475836
778,1464475835,1464475835,1464475835,1464475836
779,1464475835,1464475836,1464475836,1464475836
780,1464475835,1464475835,1464475835,1464475836
781,1464475835,1464475835,1464475835,1464475836
782,1464475835,1464475835,1464475835,1464475835
783,1464475835,1464475836,1464475836,1464475836
784,1464475835,1464475835,1464475835,1464475836
785,1464475835,1464475836,1464475836,1464475836
786,1464475835,1464475835,1464475835,1464475836
787,1464475835,1464475836,1464475836,1464475836
788,1464475835,1464475835,1464475835,1464475836
789,1464475835,1464475835,1464475835,1464475836
790,1464475835,1464475835,1464475836,1464475836
791,1464475835,1464475836,1464475836,1464475836
792,1464475835,1464475835,1464475835,1464475836
793,1464475835,1464475836,1464475836,1464475836
794,1464475835,1464475835,1464475835,1464475835
795,1464475835,1464475836,1464475836,1464475836
796,1464475835,1464475835,1464475835,1464475835
797,1464475835,1464475836,1464475836,1464475836
798,1464475835,1464475836,1464475836,1464475836
799,1464475835,1464475835,1464475835,1464475836
800,1464475835,1464475835,1464475836,1464475836
801,1464475835,1464475836,1464475836,1464475836
802,1464475835,1464475835,1464475835,1464475836
803,1464475835,1464475836,1464475836,1464475836
804,1464475835,1464475836,1464475836,1464475836
805,1464475835,1464475836,1464475836,1464475836
806,1464475835,1464475836,1464475836,1464475836
807,1464475835,1464475836,1464475836,1464475836
808,1464475835,1464475835,1464475835,1464475835
809,1464475835,1464475835,1464475835,1464475836
810,1464475835,1464475836,1464475836,1464475836
811,1464475835,1464475835,1464475835,1464475836
812,1464475835,1464475836,1464475836,1464475836
813,1464475835,1464475836,1464475836,1464475836
814,1464475835,1464475836,1464475836,1464475836
815,1464475835,1464475836,1464475836,1464475836
816,1464475835,1464475836,1464475836,1464475836
817,1464475835,1464475835,1464475835,1464475836
818,1464475835,1464475836,1464475836,1464475836
819,1464475835,1464475836,1464475836,1464475836
820,1464475835,1464475836,1464475836,1464475836
821,1464475835,1464475835,1464475835,1464475836
822,1464475835,1464475836,1464475836,1464475836
823,1464475835,1464475835,1464475835,1464475836
824,1464475835,1464475835,1464475835,1464475836
825,1464475835,1464475836,1464475836,1464475836
826,1464475835,1464475835,1464475835,1464475836
827,1464475835,1464475836,1464475836,1464475836
828,1464475835,1464475835,1464475835,1464475836
829,1464475835,1464475836,1464475836,1464475836
830,1464475835,1464475836,1464475836,1464475836
831,1464475835,1464475836,1464475836,1464475836
832,1464475835,1464475835,1464475835,1464475836
833,1464475835,1464475835,1464475835,1464475836
834,1464475835,1464475835,1464475835,1464475836
835,1464475835,1464475836,1464475836,1464475836
836,1464475835,1464475835,1464475835,1464475836
837,1464475835,1464475835,1464475835,1464475836
838,1464475835,1464475835,1464475835,1464475836
839,1464475835,1464475835,1464475835,1464475836
840,1464475835,1464475836,1464475836,1464475836
841,1464475835,1464475836,1464475836,1464475836
842,1464475835,1464475836,1464475836,1464475836
843,1464475835,1464475836,1464475836,1464475836
844,1464475835,1464475836,1464475836,1464475836
845,1464475835,1464475836,1464475836,1464475836
846,1464475835,1464475836,1464475836,1464475836
847,1464475835,1464475836,1464475836,1464475836
848,1464475835,1464475836,1464475836,1464475836
849,1464475835,1464475836,1464475836,1464475836
850,1464475835,1464475836,1464475836,1464475836
851,1464475835,1464475836,1464475836,1464475836
852,1464475835,1464475835,1464475835,1464475836
853,1464475835,1464475836,1464475836,1464475836
854,1464475835,1464475836,1464475836,1464475836
855,1464475835,1464475836,1464475836,1464475836
856,1464475835,1464475835,1464475835,1464475836
857,1464475835,1464475835,1464475835,1464475836
858,1464475835,1464475836,1464475836,1464475836
859,1464475835,1464475836,1464475836,1464475836
860,1464475835,1464475836,1464475836,1464475836
861,1464475835,1464475836,1464475836,1464475836
862,1464475835,1464475835,1464475835,1464475836
863,1464475835,1464475835,1464475835,1464475836
864,1464475835,1464475835,1464475835,1464475835
865,1464475835,1464475836,1464475836,1464475836
866,1464475835,1464475836,1464475836,1464475836
867,1464475835,1464475836,1464475836,1464475836
868,1464475835,1464475835,1464475835,1464475836
869,1464475835,1464475836,1464475836,1464475836
870,1464475835,1464475836,1464475836,1464475836
871,1464475835,1464475836,1464475836,1464475836
872,1464475835,1464475836,1464475836,1464475836
873,1464475835,1464475836,1464475836,1464475836
874,1464475835,1464475836,1464475836,1464475836
875,1464475835,1464475835,1464475835,1464475836
876,1464475835,1464475835,1464475835,1464475836
877,1464475835,1464475836,1464475836,1464475836
878,1464475835,1464475836,1464475836,1464475836
879,1464475835,1464475835,1464475835,1464475836
880,1464475835,1464475836,1464475836,1464475836
881,1464475835,1464475835,1464475835,1464475836
882,1464475835,1464475835,1464475836,1464475836
883,1464475835,1464475836,1464475836,1464475836
884,1464475835,1464475835,1464475835,1464475836
885,1464475835,1464475836,1464475836,1464475836
886,1464475835,1464475836,1464475836,1464475836
887,1464475835,1464475836,1464475836,1464475836
888,1464475835,1464475835,1464475835,1464475836
889,1464475835,1464475836,1464475836,1464475836
890,1464475835,1464475836,1464475836,1464475836
891,1464475835,1464475836,1464475836,1464475836
892,1464475835,1464475835,1464475835,1464475836
893,1464475835,1464475836,1464475836,1464475836
894,1464475835,1464475835,1464475835,1464475836
895,1464475835,1464475836,1464475836,1464475836
896,1464475835,1464475836,1464475836,1464475836
897,1464475835,1464475836,1464475836,1464475836
898,1464475835,1464475836,1464475836,1464475836
899,1464475835,1464475836,1464475836,1464475836
900,1464475835,1464475835,1464475835,1464475836
901,1464475835,1464475836,1464475836,1464475836
902,1464475835,1464475835,1464475835,1464475836
903,1464475835,1464475836,1464475836,1464475836
904,1464475835,1464475835,1464475835,1464475836
905,1464475835,1464475835,1464475835,1464475836
906,1464475835,1464475836,1464475836,1464475836
907,1464475835,1464475836,1464475836,1464475836
908,1464475835,1464475836,1464475836,1464475836
909,1464475835,1464475836,1464475836,1464475836
910,1464475835,1464475836,1464475836,1464475836
911,1464475835,1464475836,1464475836,1464475836
912,1464475835,1464475835,1464475835,1464475836
913,1464475835,1464475836,1464475836,1464475836
914,1464475835,1464475836,1464475836,1464475836
915,1464475835,1464475836,1464475836,1464475836
916,1464475835,1464475835,1464475835,1464475836
917,1464475835,1464475836,1464475836,1464475836
918,1464475835,1464475836,1464475836,1464475836
919,1464475835,1464475835,1464475836,1464475836
920,1464475835,1464475836,1464475836,1464475836
921,1464475835,1464475836,1464475836,1464475836
922,1464475835,1464475836,1464475836,1464475836
923,1464475835,1464475836,1464475836,1464475836
924,1464475835,1464475835,1464475835,1464475836
925,1464475835,1464475835,1464475835,1464475836
926,1464475835,1464475836,1464475836,1464475836
927,1464475835,1464475836,1464475836,1464475836
928,1464475835,1464475836,1464475836,1464475836
929,1464475835,1464475836,1464475836,1464475836
930,1464475835,1464475836,1464475836,1464475836
931,1464475835,1464475836,1464475836,1464475836
932,1464475835,1464475836,1464475836,1464475836
933,1464475835,1464475835,1464475835,1464475836
934,1464475835,1464475835,1464475835,1464475836
935,1464475835,1464475836,1464475836,1464475836
936,1464475835,1464475836,1464475836,1464475836
937,1464475835,1464475835,1464475835,1464475836
938,1464475835,1464475836,1464475836,1464475836
939,1464475835,1464475836,1464475836,1464475836
940,1464475835,1464475836,1464475836,1464475836
941,1464475835,1464475836,1464475836,1464475836
942,1464475835,1464475835,1464475835,1464475836
943,1464475835,1464475836,1464475836,1464475836
944,1464475835,1464475836,1464475836,1464475836
945,1464475835,1464475836,1464475836,1464475836
946,1464475835,1464475836,1464475836,1464475836
947,1464475835,1464475836,1464475836,1464475836
948,1464475835,1464475836,1464475836,1464475836
949,1464475835,1464475836,1464475836,1464475836
950,1464475835,1464475836,1464475836,1464475836
951,1464475835,1464475836,1464475836,1464475836
952,1464475835,1464475836,1464475836,1464475836
953,1464475835,1464475835,1464475835,1464475836
954,1464475835,1464475836,1464475836,1464475836
955,1464475835,1464475836,1464475836,1464475836
956,1464475835,1464475836,1464475836,1464475836
957,1464475835,1464475836,1464475836,1464475836
958,1464475835,1464475836,1464475836,1464475836
959,1464475835,1464475836,1464475836,1464475836
960,1464475835,1464475836,1464475836,1464475836
961,1464475835,1464475836,1464475836,1464475836
962,1464475835,1464475836,1464475836,1464475836
963,1464475835,1464475836,1464475836,1464475836
964,1464475835,1464475836,1464475836,1464475836
965,1464475835,1464475836,1464475836,1464475836
966,1464475835,1464475836,1464475836,1464475836
967,1464475835,1464475836,1464475836,1464475836
968,1464475835,1464475836,1464475836,1464475836
969,1464475835,1464475835,1464475836,1464475836
970,1464475835,1464475836,1464475836,1464475836
971,1464475835,1464475836,1464475836,1464475836
972,1464475835,1464475836,1464475836,1464475836
973,1464475835,1464475836,1464475836,1464475836
974,1464475835,1464475836,1464475836,1464475836
975,1464475835,1464475836,1464475836,1464475836
976,1464475835,1464475836,1464475836,1464475836
977,1464475835,1464475836,1464475836,1464475836
978,1464475835,1464475836,1464475836,1464475836
979,1464475835,1464475836,1464475836,1464475836
980,1464475835,1464475836,1464475836,1464475836
981,1464475835,1464475836,1464475836,1464475836
982,1464475835,1464475836,1464475836,1464475836
983,1464475835,1464475836,1464475836,1464475836
984,1464475835,1464475835,1464475835,1464475836
985,1464475835,1464475835,1464475836,1464475836
986,1464475835,1464475836,1464475836,1464475836
987,1464475835,1464475835,1464475835,1464475836
988,1464475835,1464475836,1464475836,1464475836
989,1464475835,1464475836,1464475836,1464475836
990,1464475835,1464475836,1464475836,1464475836
991,1464475835,1464475836,1464475836,1464475836
992,1464475835,1464475836,1464475836,1464475836
993,1464475835,1464475836,1464475836,1464475836
994,1464475835,1464475836,1464475836,1464475836
995,1464475835,1464475836,1464475836,1464475836
996,1464475835,1464475836,1464475836,1464475836
997,1464475835,1464475836,1464475836,1464475836
998,1464475835,1464475836,1464475836,1464475836
999,1464475835,1464475836,1464475836,1464475836
