0,1464476433,1464476433,1464476433,1464476434
1,1464476433,1464476433,1464476433,1464476433
2,1464476433,1464476433,1464476433,1464476433
3,1464476433,1464476433,1464476433,1464476434
4,1464476433,1464476433,1464476433,1464476433
5,1464476433,1464476433,1464476433,1464476433
6,1464476433,1464476433,1464476433,1464476434
7,1464476433,1464476433,1464476433,1464476433
8,1464476433,1464476433,1464476433,1464476434
9,1464476433,1464476433,1464476433,1464476433
10,1464476433,1464476433,1464476433,1464476433
11,1464476433,1464476433,1464476433,1464476433
12,1464476433,1464476433,1464476433,1464476433
13,1464476433,1464476433,1464476433,1464476433
14,1464476433,1464476433,1464476433,1464476434
15,1464476433,1464476433,1464476433,1464476433
16,1464476433,1464476433,1464476433,1464476433
17,1464476433,1464476433,1464476433,1464476434
18,1464476433,1464476433,1464476433,1464476434
19,1464476433,1464476433,1464476433,1464476433
20,1464476433,1464476433,1464476433,1464476434
21,1464476433,1464476433,1464476433,1464476433
22,1464476433,1464476433,1464476433,1464476434
23,1464476433,1464476433,1464476433,1464476433
24,1464476433,1464476433,1464476433,1464476434
25,1464476433,1464476433,1464476433,1464476433
26,1464476433,1464476433,1464476433,1464476433
27,1464476433,1464476433,1464476433,1464476434
28,1464476433,1464476433,1464476433,1464476433
29,1464476433,1464476433,1464476433,1464476433
30,1464476433,1464476433,1464476433,1464476434
31,1464476433,1464476433,1464476433,1464476433
32,1464476433,1464476433,1464476433,1464476434
33,1464476433,1464476433,1464476433,1464476434
34,1464476433,1464476433,1464476433,1464476434
35,1464476433,1464476433,1464476433,1464476433
36,1464476433,1464476433,1464476433,1464476433
37,1464476433,1464476433,1464476433,1464476433
38,1464476433,1464476433,1464476433,1464476434
39,1464476433,1464476433,1464476433,1464476433
40,1464476433,1464476433,1464476433,1464476434
41,1464476433,1464476433,1464476433,1464476433
42,1464476433,1464476433,1464476433,1464476433
43,1464476433,1464476433,1464476433,1464476433
44,1464476433,1464476433,1464476433,1464476434
45,1464476433,1464476433,1464476433,1464476434
46,1464476433,1464476433,1464476433,1464476433
47,1464476433,1464476433,1464476433,1464476434
48,1464476433,0,0,0
49,1464476433,1464476433,1464476433,1464476434
50,1464476433,1464476433,1464476433,1464476433
51,1464476433,1464476433,1464476433,1464476433
52,1464476433,1464476433,1464476433,1464476433
53,1464476433,1464476433,1464476433,1464476433
54,1464476433,1464476433,1464476433,1464476433
55,1464476433,1464476433,1464476433,1464476433
56,1464476433,1464476433,1464476433,1464476433
57,1464476433,1464476433,1464476433,1464476433
58,1464476433,1464476433,1464476433,1464476433
59,1464476433,0,0,0
60,1464476433,0,0,0
61,1464476433,1464476433,1464476433,1464476434
62,1464476433,1464476433,1464476433,1464476433
63,1464476433,0,0,0
64,1464476433,1464476433,1464476433,1464476434
65,1464476433,0,0,0
66,1464476433,1464476433,1464476433,1464476433
67,1464476433,1464476433,1464476433,1464476433
68,1464476433,1464476433,1464476433,1464476434
69,1464476433,1464476433,1464476433,1464476433
70,1464476433,1464476433,1464476433,1464476434
71,1464476433,1464476433,1464476433,1464476434
72,1464476433,1464476433,1464476433,1464476433
73,1464476433,1464476433,1464476433,1464476434
74,1464476433,0,0,0
75,1464476433,1464476433,1464476433,1464476434
76,1464476433,0,0,0
77,1464476433,0,0,0
78,1464476433,1464476433,1464476433,1464476434
79,1464476433,1464476433,1464476433,1464476433
80,1464476433,0,0,0
81,1464476433,0,0,0
82,1464476433,1464476433,1464476433,1464476434
83,1464476433,1464476433,1464476433,1464476433
84,1464476433,1464476433,1464476433,1464476433
85,1464476433,1464476433,1464476433,1464476434
86,1464476433,1464476433,1464476433,1464476434
87,1464476433,0,0,0
88,1464476433,1464476433,1464476433,1464476434
89,1464476433,1464476433,1464476433,1464476433
90,1464476433,0,0,0
91,1464476433,0,0,0
92,1464476433,1464476433,1464476433,1464476433
93,1464476433,0,0,0
94,1464476433,1464476433,1464476433,1464476433
95,1464476433,1464476433,1464476433,1464476434
96,1464476433,1464476433,1464476433,1464476434
97,1464476433,1464476433,1464476433,1464476434
98,1464476433,1464476433,1464476433,1464476433
99,1464476433,1464476433,1464476433,1464476433
100,1464476433,1464476433,1464476433,1464476433
101,1464476433,0,0,0
102,1464476433,1464476433,1464476433,1464476433
103,1464476433,1464476433,1464476433,1464476433
104,1464476433,0,0,0
105,1464476433,1464476433,1464476433,1464476434
106,1464476433,0,0,0
107,1464476433,1464476433,1464476433,1464476433
108,1464476433,1464476433,1464476433,1464476433
109,1464476433,1464476433,1464476433,1464476433
110,1464476433,0,0,0
111,1464476433,1464476433,1464476433,1464476433
112,1464476433,1464476433,1464476433,1464476433
113,1464476433,1464476433,1464476433,1464476433
114,1464476433,1464476433,1464476433,1464476434
115,1464476433,0,0,0
116,1464476433,0,0,0
117,1464476433,0,0,0
118,1464476433,0,0,0
119,1464476433,0,0,0
120,1464476433,1464476433,1464476433,1464476433
121,1464476433,1464476433,1464476433,1464476433
122,1464476433,1464476433,1464476433,1464476433
123,1464476433,1464476433,1464476433,1464476434
124,1464476433,0,0,0
125,1464476433,1464476433,1464476433,1464476434
126,1464476433,1464476433,1464476433,1464476433
127,1464476433,1464476433,1464476433,1464476434
128,1464476433,1464476433,1464476433,1464476434
129,1464476433,1464476433,1464476433,1464476433
130,1464476433,1464476433,1464476433,1464476434
131,1464476433,1464476433,1464476433,1464476434
132,1464476433,1464476433,1464476433,1464476433
133,1464476433,1464476433,1464476433,1464476433
134,1464476433,1464476433,1464476433,1464476434
135,1464476433,0,0,0
136,1464476433,1464476433,1464476433,1464476434
137,1464476433,1464476433,1464476433,1464476433
138,1464476433,0,0,0
139,1464476433,1464476433,1464476433,1464476434
140,1464476433,0,0,0
141,1464476433,1464476433,1464476433,1464476434
142,1464476433,1464476433,1464476433,1464476434
143,1464476433,1464476433,1464476433,1464476433
144,1464476433,0,0,0
145,1464476433,1464476433,1464476434,1464476434
146,1464476433,0,0,0
147,1464476433,1464476433,1464476433,1464476434
148,1464476433,1464476433,1464476433,1464476433
149,1464476433,1464476433,1464476433,1464476433
150,1464476433,0,0,0
151,1464476433,0,0,0
152,1464476433,1464476433,1464476433,1464476434
153,1464476433,1464476433,1464476433,1464476434
154,1464476433,1464476433,1464476433,1464476433
155,1464476433,1464476433,1464476433,1464476433
156,1464476433,0,0,0
157,1464476433,1464476433,1464476433,1464476434
158,1464476433,0,0,0
159,1464476433,0,0,0
160,1464476433,1464476433,1464476433,1464476434
161,1464476433,1464476433,1464476433,1464476433
162,1464476433,1464476433,1464476433,1464476434
163,1464476433,0,0,0
164,1464476433,0,0,0
165,1464476433,1464476433,1464476433,1464476433
166,1464476433,0,0,0
167,1464476433,1464476433,1464476433,1464476434
168,1464476433,0,0,0
169,1464476433,1464476433,1464476433,1464476434
170,1464476433,1464476433,1464476433,1464476434
171,1464476433,1464476433,1464476433,1464476434
172,1464476433,1464476433,1464476433,1464476434
173,1464476433,1464476433,1464476433,1464476434
174,1464476433,1464476433,1464476433,1464476434
175,1464476433,1464476433,1464476433,1464476434
176,1464476433,1464476433,1464476433,1464476434
177,1464476433,1464476433,1464476433,1464476433
178,1464476433,1464476433,1464476433,1464476434
179,1464476433,1464476433,1464476433,1464476434
180,1464476433,1464476433,1464476433,1464476434
181,1464476433,1464476434,1464476434,1464476434
182,1464476433,1464476433,1464476433,1464476434
183,1464476433,0,0,0
184,1464476433,1464476433,1464476433,1464476433
185,1464476433,1464476433,1464476433,1464476434
186,1464476433,1464476433,1464476433,1464476434
187,1464476433,1464476433,1464476433,1464476434
188,1464476433,1464476433,1464476433,1464476434
189,1464476433,1464476433,1464476433,1464476433
190,1464476433,1464476433,1464476433,1464476434
191,1464476433,1464476433,1464476433,1464476433
192,1464476433,1464476433,1464476433,1464476434
193,1464476433,1464476434,1464476434,1464476434
194,1464476433,1464476433,1464476433,1464476434
195,1464476433,1464476433,1464476433,1464476434
196,1464476433,1464476433,1464476433,1464476434
197,1464476433,1464476433,1464476433,1464476434
198,1464476433,1464476433,1464476433,1464476434
199,1464476433,1464476433,1464476433,1464476434
200,1464476433,1464476433,1464476433,1464476434
201,1464476433,1464476433,1464476433,1464476434
202,1464476433,1464476433,1464476433,1464476434
203,1464476433,1464476433,1464476433,1464476434
204,1464476433,1464476433,1464476433,1464476433
205,1464476433,1464476433,1464476433,1464476434
206,1464476433,1464476433,1464476433,1464476433
207,1464476433,1464476433,1464476433,1464476434
208,1464476433,1464476433,1464476433,1464476434
209,1464476433,1464476433,1464476433,1464476434
210,1464476433,0,0,0
211,1464476433,1464476433,1464476433,1464476433
212,1464476433,1464476433,1464476433,1464476433
213,1464476433,1464476433,1464476433,1464476434
214,1464476433,1464476433,1464476433,1464476434
215,1464476433,0,0,0
216,1464476433,1464476433,1464476433,1464476433
217,1464476433,1464476433,1464476433,1464476434
218,1464476433,1464476433,1464476433,1464476434
219,1464476433,0,0,0
220,1464476433,1464476433,1464476433,1464476433
221,1464476433,1464476433,1464476433,1464476434
222,1464476433,1464476434,1464476434,1464476434
223,1464476433,1464476433,1464476433,1464476434
224,1464476433,1464476433,1464476433,1464476434
225,1464476433,1464476433,1464476433,1464476434
226,1464476433,1464476433,1464476433,1464476434
227,1464476433,1464476433,1464476433,1464476434
228,1464476433,1464476433,1464476433,1464476434
229,1464476433,1464476433,1464476433,1464476433
230,1464476433,1464476433,1464476433,1464476434
231,1464476433,1464476433,1464476433,1464476434
232,1464476433,1464476433,1464476433,1464476434
233,1464476433,1464476433,1464476433,1464476434
234,1464476433,1464476433,1464476433,1464476434
235,1464476433,1464476433,1464476433,1464476434
236,1464476433,1464476433,1464476433,1464476434
237,1464476433,1464476433,1464476433,1464476434
238,1464476433,0,0,0
239,1464476433,1464476433,1464476433,1464476434
240,1464476433,1464476433,1464476433,1464476434
241,1464476433,1464476433,1464476433,1464476433
242,1464476433,1464476433,1464476433,1464476434
243,1464476433,1464476433,1464476433,1464476434
244,1464476433,1464476433,1464476433,1464476434
245,1464476433,1464476433,1464476433,1464476434
246,1464476433,1464476433,1464476433,1464476434
247,1464476433,1464476433,1464476433,1464476434
248,1464476433,1464476433,1464476433,1464476434
249,1464476433,1464476433,1464476433,1464476434
250,1464476433,1464476433,1464476433,1464476434
251,1464476433,1464476433,1464476433,1464476434
252,1464476433,0,0,0
253,1464476433,1464476433,1464476433,1464476434
254,1464476433,1464476433,1464476433,1464476434
255,1464476433,1464476433,1464476433,1464476433
256,1464476433,1464476433,1464476433,1464476434
257,1464476433,1464476433,1464476433,1464476434
258,1464476433,1464476434,1464476434,1464476434
259,1464476433,1464476433,1464476433,1464476434
260,1464476433,1464476433,1464476433,1464476434
261,1464476433,0,0,0
262,1464476433,1464476433,1464476433,1464476434
263,1464476433,0,0,0
264,1464476433,0,0,0
265,1464476433,1464476433,1464476433,1464476434
266,1464476433,0,0,0
267,1464476433,0,0,0
268,1464476433,1464476433,1464476433,1464476434
269,1464476433,1464476433,1464476433,1464476434
270,1464476433,1464476433,1464476433,1464476434
271,1464476433,1464476433,1464476433,1464476433
272,1464476433,1464476433,1464476433,1464476433
273,1464476433,1464476433,1464476433,1464476434
274,1464476433,1464476433,1464476433,1464476434
275,1464476433,1464476433,1464476433,1464476434
276,1464476433,1464476433,1464476433,1464476434
277,1464476433,0,0,0
278,1464476433,1464476433,1464476433,1464476433
279,1464476433,1464476433,1464476433,1464476434
280,1464476433,1464476433,1464476433,1464476434
281,1464476433,1464476433,1464476433,1464476434
282,1464476433,1464476433,1464476433,1464476434
283,1464476433,1464476433,1464476433,1464476434
284,1464476433,1464476433,1464476433,1464476434
285,1464476433,1464476433,1464476433,1464476434
286,1464476433,1464476433,1464476434,1464476434
287,1464476433,1464476433,1464476434,1464476434
288,1464476433,1464476433,1464476433,1464476434
289,1464476433,1464476433,1464476433,1464476434
290,1464476433,1464476433,1464476433,1464476434
291,1464476433,1464476433,1464476433,1464476433
292,1464476433,1464476433,1464476433,1464476434
293,1464476433,1464476433,1464476433,1464476434
294,1464476433,1464476433,1464476433,1464476434
295,1464476433,1464476433,1464476433,1464476434
296,1464476433,1464476433,1464476433,1464476434
297,1464476433,1464476433,1464476433,1464476434
298,1464476433,1464476433,1464476433,1464476434
299,1464476433,1464476433,1464476433,1464476434
300,1464476433,1464476433,1464476433,1464476434
301,1464476433,1464476433,1464476433,1464476434
302,1464476433,1464476433,1464476433,1464476434
303,1464476433,1464476433,1464476433,1464476434
304,1464476433,1464476433,1464476433,1464476434
305,1464476433,1464476433,1464476433,1464476434
306,1464476433,1464476433,1464476433,1464476434
307,1464476433,1464476433,1464476433,1464476434
308,1464476433,1464476433,1464476433,1464476434
309,1464476433,0,0,0
310,1464476433,1464476433,1464476433,1464476434
311,1464476433,1464476434,1464476434,1464476434
312,1464476433,1464476433,1464476433,1464476434
313,1464476433,1464476433,1464476433,1464476434
314,1464476433,1464476433,1464476433,1464476434
315,1464476433,1464476433,1464476433,1464476434
316,1464476433,1464476433,1464476433,1464476434
317,1464476433,1464476433,1464476433,1464476434
318,1464476433,1464476433,1464476433,1464476434
319,1464476433,1464476433,1464476433,1464476434
320,1464476433,1464476433,1464476433,1464476434
321,1464476433,1464476433,1464476433,1464476434
322,1464476433,1464476433,1464476433,1464476434
323,1464476433,1464476434,1464476434,1464476434
324,1464476433,1464476433,1464476433,1464476434
325,1464476433,1464476433,1464476433,1464476434
326,1464476433,1464476433,1464476433,1464476434
327,1464476433,1464476434,1464476434,1464476434
328,1464476433,1464476433,1464476433,1464476434
329,1464476433,1464476434,1464476434,1464476434
330,1464476433,1464476433,1464476433,1464476434
331,1464476433,1464476433,1464476433,1464476434
332,1464476433,1464476434,1464476434,1464476434
333,1464476433,1464476433,1464476433,1464476434
334,1464476433,1464476433,1464476433,1464476434
335,1464476433,1464476433,1464476433,1464476434
336,1464476433,1464476433,1464476433,1464476434
337,1464476433,1464476433,1464476434,1464476434
338,1464476433,1464476433,1464476433,1464476434
339,1464476433,1464476434,1464476434,1464476434
340,1464476433,1464476433,1464476433,1464476434
341,1464476433,1464476433,1464476433,1464476434
342,1464476433,1464476433,1464476433,1464476434
343,1464476433,1464476433,1464476433,1464476434
344,1464476433,1464476433,1464476433,1464476434
345,1464476433,1464476433,1464476433,1464476433
346,1464476433,1464476433,1464476433,1464476433
347,1464476433,1464476433,1464476433,1464476434
348,1464476433,1464476433,1464476433,1464476434
349,1464476433,1464476433,1464476433,1464476434
350,1464476433,1464476433,1464476433,1464476434
351,1464476433,1464476433,1464476433,1464476434
352,1464476433,1464476434,1464476434,1464476434
353,1464476433,1464476434,1464476434,1464476434
354,1464476433,1464476433,1464476433,1464476434
355,1464476433,1464476433,1464476433,1464476434
356,1464476433,1464476433,1464476433,1464476434
357,1464476433,1464476433,1464476433,1464476434
358,1464476433,1464476433,1464476433,1464476434
359,1464476433,1464476433,1464476433,1464476434
360,1464476433,1464476433,1464476433,1464476434
361,1464476433,1464476433,1464476433,1464476434
362,1464476433,1464476434,1464476434,1464476434
363,1464476433,1464476433,1464476433,1464476434
364,1464476433,1464476433,1464476433,1464476434
365,1464476433,1464476433,1464476433,1464476434
366,1464476433,1464476433,1464476433,1464476434
367,1464476433,1464476433,1464476433,1464476434
368,1464476433,1464476433,1464476433,1464476434
369,1464476433,1464476433,1464476433,1464476434
370,1464476433,1464476433,1464476433,1464476434
371,1464476433,1464476433,1464476433,1464476434
372,1464476433,1464476433,1464476433,1464476434
373,1464476433,1464476434,1464476434,1464476434
374,1464476433,1464476433,1464476433,1464476434
375,1464476433,1464476433,1464476433,1464476434
376,1464476433,1464476433,1464476433,1464476434
377,1464476433,1464476433,1464476433,1464476434
378,1464476433,1464476433,1464476434,1464476434
379,1464476433,1464476434,1464476434,1464476434
380,1464476433,1464476433,1464476433,1464476434
381,1464476433,1464476433,1464476433,1464476434
382,1464476433,1464476433,1464476433,1464476434
383,1464476433,1464476434,1464476434,1464476434
384,1464476433,1464476433,1464476433,1464476434
385,1464476433,1464476433,1464476433,1464476434
386,1464476433,1464476433,1464476433,1464476434
387,1464476433,1464476433,1464476433,1464476434
388,1464476433,1464476433,1464476433,1464476434
389,1464476433,1464476433,1464476433,1464476434
390,1464476433,1464476433,1464476433,1464476434
391,1464476433,1464476433,1464476433,1464476434
392,1464476433,1464476433,1464476433,1464476434
393,1464476433,1464476434,1464476434,1464476434
394,1464476433,1464476433,1464476433,1464476434
395,1464476433,1464476433,1464476433,1464476434
396,1464476433,1464476434,1464476434,1464476434
397,1464476433,1464476433,1464476433,1464476434
398,1464476433,1464476433,1464476433,1464476434
399,1464476433,1464476433,1464476433,1464476434
400,1464476433,1464476433,1464476433,1464476434
401,1464476433,1464476433,1464476433,1464476434
402,1464476433,1464476433,1464476433,1464476434
403,1464476433,1464476433,1464476433,1464476434
404,1464476433,1464476433,1464476433,1464476434
405,1464476433,1464476433,1464476433,1464476434
406,1464476433,1464476433,1464476433,1464476434
407,1464476433,1464476433,1464476433,1464476434
408,1464476433,1464476433,1464476433,1464476434
409,1464476433,1464476433,1464476433,1464476434
410,1464476433,1464476433,1464476433,1464476434
411,1464476433,1464476433,1464476433,1464476434
412,1464476433,1464476433,1464476433,1464476434
413,1464476433,1464476433,1464476433,1464476434
414,1464476433,1464476433,1464476433,1464476434
415,1464476433,1464476433,1464476433,1464476434
416,1464476433,1464476433,1464476433,1464476434
417,1464476433,1464476433,1464476433,1464476434
418,1464476433,1464476433,1464476433,1464476434
419,1464476433,1464476433,1464476433,1464476434
420,1464476433,1464476434,1464476434,1464476434
421,1464476433,1464476433,1464476433,1464476434
422,1464476433,1464476433,1464476433,1464476434
423,1464476433,1464476433,1464476433,1464476434
424,1464476433,1464476433,1464476433,1464476434
425,1464476433,1464476433,1464476433,1464476434
426,1464476433,1464476433,1464476433,1464476434
427,1464476433,1464476433,1464476434,1464476434
428,1464476433,1464476433,1464476433,1464476434
429,1464476433,1464476433,1464476433,1464476434
430,1464476433,1464476433,1464476433,1464476434
431,1464476433,1464476433,1464476433,1464476434
432,1464476433,1464476433,1464476433,1464476434
433,1464476433,1464476433,1464476433,1464476434
434,1464476433,1464476433,1464476433,1464476434
435,1464476433,1464476433,1464476433,1464476434
436,1464476433,1464476433,1464476433,1464476434
437,1464476433,1464476433,1464476433,1464476434
438,1464476433,1464476434,1464476434,1464476434
439,1464476433,1464476434,1464476434,1464476434
440,1464476433,1464476434,1464476434,1464476434
441,1464476433,1464476433,1464476433,1464476434
442,1464476433,1464476434,1464476434,1464476434
443,1464476433,1464476433,1464476433,1464476434
444,1464476433,1464476433,1464476433,1464476434
445,1464476433,1464476433,1464476433,1464476434
446,1464476433,1464476433,1464476433,1464476434
447,1464476433,1464476433,1464476433,1464476434
448,1464476433,1464476433,1464476433,1464476434
449,1464476433,1464476433,1464476433,1464476434
450,1464476433,1464476434,1464476434,1464476434
451,1464476433,1464476433,1464476433,1464476434
452,1464476433,1464476433,1464476433,1464476434
453,1464476433,1464476434,1464476434,1464476434
454,1464476433,1464476433,1464476433,1464476434
455,1464476433,1464476433,1464476433,1464476434
456,1464476433,1464476433,1464476433,1464476434
457,1464476433,1464476433,1464476433,1464476434
458,1464476433,1464476433,1464476433,1464476434
459,1464476433,1464476433,1464476433,1464476434
460,1464476433,1464476433,1464476433,1464476434
461,1464476433,1464476433,1464476433,1464476434
462,1464476433,1464476433,1464476433,1464476434
463,1464476433,1464476433,1464476433,1464476434
464,1464476433,1464476433,1464476433,1464476434
465,1464476433,1464476433,1464476433,1464476434
466,1464476433,1464476433,1464476433,1464476434
467,1464476433,1464476433,1464476433,1464476434
468,1464476433,1464476433,1464476433,1464476434
469,1464476433,1464476433,1464476433,1464476434
470,1464476433,1464476434,1464476434,1464476434
471,1464476433,1464476433,1464476433,1464476434
472,1464476433,1464476433,1464476433,1464476434
473,1464476433,1464476433,1464476433,1464476434
474,1464476433,1464476433,1464476434,1464476434
475,1464476433,1464476433,1464476433,1464476434
476,1464476433,1464476433,1464476433,1464476434
477,1464476433,1464476433,1464476433,1464476434
478,1464476433,1464476433,1464476433,1464476434
479,1464476433,1464476433,1464476433,1464476434
480,1464476433,1464476434,1464476434,1464476434
481,1464476433,1464476433,1464476433,1464476434
482,1464476433,1464476433,1464476433,1464476434
483,1464476433,1464476433,1464476433,1464476434
484,1464476433,1464476433,1464476433,1464476434
485,1464476433,1464476433,1464476433,1464476434
486,1464476433,1464476433,1464476433,1464476434
487,1464476433,1464476433,1464476433,1464476434
488,1464476433,1464476433,1464476433,1464476434
489,1464476433,1464476433,1464476433,1464476434
490,1464476433,1464476433,1464476433,1464476434
491,1464476433,1464476434,1464476434,1464476434
492,1464476433,1464476434,1464476434,1464476434
493,1464476433,1464476434,1464476434,1464476434
494,1464476433,1464476433,1464476433,1464476434
495,1464476433,1464476433,1464476433,1464476434
496,1464476433,1464476434,1464476434,1464476434
497,1464476433,1464476433,1464476433,1464476434
498,1464476433,1464476434,1464476434,1464476434
499,1464476433,1464476433,1464476433,1464476434
500,1464476433,1464476433,1464476433,1464476434
501,1464476433,1464476433,1464476433,1464476434
502,1464476433,1464476434,1464476434,1464476434
503,1464476433,1464476433,1464476433,1464476434
504,1464476433,1464476433,1464476433,1464476434
505,1464476433,1464476433,1464476433,1464476434
506,1464476433,1464476434,1464476434,1464476434
507,1464476433,1464476434,1464476434,1464476434
508,1464476433,1464476434,1464476434,1464476434
509,1464476433,1464476433,1464476433,1464476434
510,1464476433,1464476434,1464476434,1464476434
511,1464476433,1464476434,1464476434,1464476434
512,1464476433,1464476434,1464476434,1464476434
513,1464476433,1464476433,1464476433,1464476434
514,1464476433,1464476434,1464476434,1464476434
515,1464476433,1464476434,1464476434,1464476434
516,1464476433,1464476434,1464476434,1464476434
517,1464476433,1464476433,1464476433,1464476434
518,1464476433,1464476434,1464476434,1464476434
519,1464476433,1464476433,1464476433,1464476434
520,1464476433,1464476434,1464476434,1464476434
521,1464476433,1464476434,1464476434,1464476434
522,1464476433,1464476434,1464476434,1464476434
523,1464476433,1464476434,1464476434,1464476434
524,1464476433,1464476434,1464476434,1464476434
525,1464476433,1464476434,1464476434,1464476434
526,1464476433,1464476434,1464476434,1464476434
527,1464476433,1464476434,1464476434,1464476434
528,1464476433,1464476434,1464476434,1464476434
529,1464476433,1464476433,1464476433,1464476434
530,1464476433,1464476434,1464476434,1464476434
531,1464476433,1464476434,1464476434,1464476434
532,1464476433,0,0,0
533,1464476433,0,0,0
534,1464476433,1464476434,1464476434,1464476434
535,1464476433,1464476434,1464476434,1464476434
536,1464476433,1464476434,1464476434,1464476434
537,1464476433,1464476434,1464476434,1464476434
538,1464476433,1464476433,1464476433,1464476434
539,1464476433,1464476433,1464476433,1464476434
540,1464476433,1464476433,1464476433,1464476434
541,1464476433,1464476433,1464476433,1464476434
542,1464476433,1464476433,1464476433,1464476434
543,1464476433,1464476434,1464476434,1464476434
544,1464476433,1464476434,1464476434,1464476434
545,1464476433,1464476433,1464476433,1464476434
546,1464476433,1464476433,1464476433,1464476434
547,1464476433,1464476433,1464476433,1464476434
548,1464476433,1464476434,1464476434,1464476434
549,1464476433,1464476434,1464476434,1464476434
550,1464476433,1464476434,1464476434,1464476434
551,1464476433,1464476434,1464476434,1464476434
552,1464476433,1464476433,1464476433,1464476434
553,1464476433,1464476433,1464476433,1464476434
554,1464476433,1464476434,1464476434,1464476434
555,1464476433,1464476434,1464476434,1464476434
556,1464476433,1464476433,1464476433,1464476434
557,1464476433,1464476433,1464476433,1464476434
558,1464476433,1464476433,1464476433,1464476434
559,1464476433,1464476433,1464476433,1464476434
560,1464476433,1464476434,1464476434,1464476434
561,1464476433,1464476433,1464476433,1464476434
562,1464476433,1464476433,1464476433,1464476434
563,1464476433,1464476433,1464476433,1464476434
564,1464476433,0,0,0
565,1464476433,1464476434,1464476434,1464476434
566,1464476433,1464476434,1464476434,1464476434
567,1464476433,1464476434,1464476434,1464476434
568,1464476433,1464476434,1464476434,1464476434
569,1464476433,1464476433,1464476433,1464476434
570,1464476433,1464476434,1464476434,1464476434
571,1464476433,1464476434,1464476434,1464476434
572,1464476433,1464476433,1464476433,1464476434
573,1464476433,1464476433,1464476433,1464476434
574,1464476433,1464476433,1464476433,1464476434
575,1464476433,1464476433,1464476433,1464476434
576,1464476433,1464476433,1464476433,1464476434
577,1464476433,1464476433,1464476433,1464476434
578,1464476433,1464476433,1464476433,1464476434
579,1464476433,1464476433,1464476433,1464476434
580,1464476433,1464476434,1464476434,1464476434
581,1464476433,1464476434,1464476434,1464476434
582,1464476433,1464476434,1464476434,1464476434
583,1464476433,1464476434,1464476434,1464476434
584,1464476433,1464476433,1464476433,1464476434
585,1464476433,1464476434,1464476434,1464476434
586,1464476433,1464476433,1464476433,1464476434
587,1464476433,1464476434,1464476434,1464476434
588,1464476433,1464476434,1464476434,1464476434
589,1464476433,1464476433,1464476433,1464476434
590,1464476433,1464476434,1464476434,1464476434
591,1464476433,1464476434,1464476434,1464476434
592,1464476433,1464476433,1464476433,1464476434
593,1464476433,1464476434,1464476434,1464476434
594,1464476433,1464476433,1464476433,1464476434
595,1464476433,1464476434,1464476434,1464476434
596,1464476433,1464476434,1464476434,1464476434
597,1464476433,1464476433,1464476433,1464476434
598,1464476433,1464476433,1464476433,1464476434
599,1464476433,1464476434,1464476434,1464476434
600,1464476433,1464476434,1464476434,1464476434
601,1464476433,1464476433,1464476434,1464476434
602,1464476433,1464476434,1464476434,1464476434
603,1464476433,1464476434,1464476434,1464476434
604,1464476433,1464476434,1464476434,1464476434
605,1464476433,1464476433,1464476433,1464476434
606,1464476433,1464476434,1464476434,1464476434
607,1464476433,1464476434,1464476434,1464476434
608,1464476433,1464476434,1464476434,1464476434
609,1464476433,1464476434,1464476434,1464476434
610,1464476433,1464476433,1464476433,1464476434
611,1464476433,1464476434,1464476434,1464476434
612,1464476433,1464476433,1464476433,1464476434
613,1464476433,1464476433,1464476433,1464476434
614,1464476433,1464476434,1464476434,1464476434
615,1464476433,1464476434,1464476434,1464476434
616,1464476433,1464476434,1464476434,1464476434
617,1464476433,1464476434,1464476434,1464476434
618,1464476433,1464476434,1464476434,1464476434
619,1464476433,1464476434,1464476434,1464476434
620,1464476433,1464476434,1464476434,1464476434
621,1464476433,1464476434,1464476434,1464476434
622,1464476433,1464476434,1464476434,1464476434
623,1464476433,1464476433,1464476433,1464476434
624,1464476433,1464476434,1464476434,1464476434
625,1464476433,1464476433,1464476433,1464476434
626,1464476433,1464476434,1464476434,1464476434
627,1464476433,1464476434,1464476434,1464476434
628,1464476433,1464476433,1464476433,1464476434
629,1464476433,1464476434,1464476434,1464476434
630,1464476433,1464476434,1464476434,1464476434
631,1464476433,1464476434,1464476434,1464476434
632,1464476433,1464476434,1464476434,1464476434
633,1464476433,1464476434,1464476434,1464476434
634,1464476433,1464476433,1464476433,1464476434
635,1464476433,1464476434,1464476434,1464476434
636,1464476433,1464476433,1464476433,1464476434
637,1464476433,1464476433,1464476433,1464476434
638,1464476433,1464476434,1464476434,1464476434
639,1464476433,1464476434,1464476434,1464476434
640,1464476433,1464476434,1464476434,1464476434
641,1464476433,1464476434,1464476434,1464476434
642,1464476433,1464476434,1464476434,1464476434
643,1464476433,1464476433,1464476433,1464476434
644,1464476433,1464476433,1464476434,1464476434
645,1464476433,1464476434,1464476434,1464476434
646,1464476433,1464476433,1464476433,1464476434
647,1464476433,1464476433,1464476433,1464476434
648,1464476433,1464476433,1464476433,1464476434
649,1464476433,1464476433,1464476433,1464476434
650,1464476433,1464476433,1464476433,1464476434
651,1464476433,1464476434,1464476434,1464476434
652,1464476433,1464476433,1464476433,1464476434
653,1464476433,1464476433,1464476433,1464476434
654,1464476433,1464476434,1464476434,1464476434
655,1464476433,1464476433,1464476433,1464476434
656,1464476433,1464476433,1464476433,1464476434
657,1464476433,1464476433,1464476433,1464476434
658,1464476433,1464476433,1464476433,1464476434
659,1464476433,1464476434,1464476434,1464476434
660,1464476433,1464476434,1464476434,1464476434
661,1464476433,1464476433,1464476433,1464476434
662,1464476433,1464476434,1464476434,1464476434
663,1464476433,1464476433,1464476433,1464476434
664,1464476433,1464476433,1464476433,1464476434
665,1464476433,1464476434,1464476434,1464476434
666,1464476433,1464476434,1464476434,1464476434
667,1464476433,1464476433,1464476433,1464476434
668,1464476433,1464476434,1464476434,1464476434
669,1464476433,1464476434,1464476434,1464476434
670,1464476433,1464476433,1464476433,1464476434
671,1464476433,1464476434,1464476434,1464476434
672,1464476433,1464476433,1464476433,1464476434
673,1464476433,1464476434,1464476434,1464476434
674,1464476433,1464476434,1464476434,1464476434
675,1464476433,1464476434,1464476434,1464476434
676,1464476433,1464476433,1464476433,1464476434
677,1464476433,1464476434,1464476434,1464476434
678,1464476433,1464476434,1464476434,1464476434
679,1464476433,1464476433,1464476433,1464476434
680,1464476433,1464476434,1464476434,1464476434
681,1464476433,1464476434,1464476434,1464476434
682,1464476433,1464476433,1464476433,1464476434
683,1464476433,1464476433,1464476433,1464476434
684,1464476433,1464476434,1464476434,1464476434
685,1464476433,1464476434,1464476434,1464476434
686,1464476433,1464476433,1464476433,1464476434
687,1464476433,1464476433,1464476433,1464476434
688,1464476433,1464476434,1464476434,1464476434
689,1464476433,1464476434,1464476434,1464476434
690,1464476433,1464476434,1464476434,1464476434
691,1464476433,1464476434,1464476434,1464476434
692,1464476433,1464476434,1464476434,1464476434
693,1464476433,0,0,0
694,1464476433,1464476434,1464476434,1464476434
695,1464476433,1464476434,1464476434,1464476434
696,1464476433,1464476434,1464476434,1464476434
697,1464476433,1464476434,1464476434,1464476434
698,1464476433,1464476434,1464476434,1464476434
699,1464476433,1464476434,1464476434,1464476434
700,1464476433,1464476434,1464476434,1464476434
701,1464476433,1464476434,1464476434,1464476434
702,1464476433,1464476434,1464476434,1464476434
703,1464476433,1464476434,1464476434,1464476434
704,1464476433,1464476434,1464476434,1464476434
705,1464476433,1464476434,1464476434,1464476434
706,1464476433,1464476433,1464476433,1464476433
707,1464476433,1464476434,1464476434,1464476434
708,1464476433,1464476433,1464476433,1464476434
709,1464476433,1464476434,1464476434,1464476434
710,1464476433,1464476434,1464476434,1464476434
711,1464476433,1464476433,1464476433,1464476434
712,1464476433,1464476434,1464476434,1464476434
713,1464476433,1464476434,1464476434,1464476434
714,1464476433,1464476434,1464476434,1464476434
715,1464476433,1464476434,1464476434,1464476434
716,1464476433,1464476434,1464476434,1464476434
717,1464476433,1464476434,1464476434,1464476434
718,1464476433,1464476434,1464476434,1464476434
719,1464476433,1464476433,1464476433,1464476434
720,1464476433,1464476433,1464476433,1464476434
721,1464476433,1464476434,1464476434,1464476434
722,1464476433,1464476434,1464476434,1464476434
723,1464476433,1464476434,1464476434,1464476434
724,1464476433,1464476434,1464476434,1464476434
725,1464476433,1464476434,1464476434,1464476434
726,1464476433,1464476433,1464476433,1464476434
727,1464476433,1464476434,1464476434,1464476434
728,1464476433,1464476434,1464476434,1464476434
729,1464476433,1464476434,1464476434,1464476434
730,1464476433,0,0,0
731,1464476433,1464476433,1464476433,1464476434
732,1464476433,1464476433,1464476433,1464476434
733,1464476433,1464476434,1464476434,1464476434
734,1464476433,1464476433,1464476433,1464476434
735,1464476433,1464476434,1464476434,1464476434
736,1464476433,1464476434,1464476434,1464476434
737,1464476433,1464476434,1464476434,1464476434
738,1464476433,1464476434,1464476434,1464476434
739,1464476433,1464476434,1464476434,1464476434
740,1464476433,1464476434,1464476434,1464476434
741,1464476433,1464476434,1464476434,1464476434
742,1464476433,1464476434,1464476434,1464476434
743,1464476433,1464476434,1464476434,1464476434
744,1464476433,1464476434,1464476434,1464476434
745,1464476433,1464476433,1464476433,1464476434
746,1464476433,1464476434,1464476434,1464476434
747,1464476433,1464476434,1464476434,1464476434
748,1464476433,1464476434,1464476434,1464476434
749,1464476433,1464476434,1464476434,1464476434
750,1464476433,1464476434,1464476434,1464476434
751,1464476433,1464476434,1464476434,1464476434
752,1464476433,1464476434,1464476434,1464476434
753,1464476433,1464476434,1464476434,1464476434
754,1464476433,1464476434,1464476434,1464476434
755,1464476433,1464476434,1464476434,1464476434
756,1464476433,1464476434,1464476434,1464476434
757,1464476433,1464476434,1464476434,1464476434
758,1464476433,1464476434,1464476434,1464476434
759,1464476433,1464476434,1464476434,1464476434
760,1464476433,1464476434,1464476434,1464476434
761,1464476433,1464476434,1464476434,1464476434
762,1464476433,1464476434,1464476434,1464476434
763,1464476433,1464476434,1464476434,1464476434
764,1464476433,1464476434,1464476434,1464476434
765,1464476433,1464476434,1464476434,1464476434
766,1464476433,1464476434,1464476434,1464476434
767,1464476433,1464476434,1464476434,1464476434
768,1464476433,1464476434,1464476434,1464476434
769,1464476433,1464476434,1464476434,1464476434
770,1464476433,1464476434,1464476434,1464476434
771,1464476433,1464476434,1464476434,1464476434
772,1464476433,1464476434,1464476434,1464476434
773,1464476433,1464476434,1464476434,1464476434
774,1464476433,1464476434,1464476434,1464476434
775,1464476433,1464476434,1464476434,1464476434
776,1464476433,1464476434,1464476434,1464476434
777,1464476433,1464476434,1464476434,1464476434
778,1464476433,1464476434,1464476434,1464476434
779,1464476433,1464476434,1464476434,1464476434
780,1464476433,1464476434,1464476434,1464476434
781,1464476433,1464476434,1464476434,1464476434
782,1464476433,1464476434,1464476434,1464476434
783,1464476433,1464476434,1464476434,1464476434
784,1464476433,1464476434,1464476434,1464476434
785,1464476433,1464476434,1464476434,1464476434
786,1464476433,1464476434,1464476434,1464476434
787,1464476433,1464476434,1464476434,1464476434
788,1464476433,0,0,0
789,1464476433,1464476434,1464476434,1464476434
790,1464476433,1464476434,1464476434,1464476434
791,1464476433,1464476434,1464476434,1464476434
792,1464476433,1464476434,1464476434,1464476434
793,1464476433,1464476434,1464476434,1464476434
794,1464476433,1464476434,1464476434,1464476434
795,1464476433,1464476434,1464476434,1464476434
796,1464476433,1464476434,1464476434,1464476434
797,1464476433,1464476434,1464476434,1464476434
798,1464476433,1464476434,1464476434,1464476434
799,1464476433,1464476434,1464476434,1464476434
800,1464476433,1464476434,1464476434,1464476434
801,1464476433,1464476434,1464476434,1464476434
802,1464476433,1464476434,1464476434,1464476434
803,1464476433,1464476434,1464476434,1464476434
804,1464476433,1464476434,1464476434,1464476434
805,1464476433,1464476434,1464476434,1464476434
806,1464476433,1464476434,1464476434,1464476434
807,1464476433,1464476434,1464476434,1464476434
808,1464476433,1464476434,1464476434,1464476434
809,1464476433,0,0,0
810,1464476433,1464476434,1464476434,1464476434
811,1464476433,1464476434,1464476434,1464476434
812,1464476433,1464476434,1464476434,1464476434
813,1464476433,1464476434,1464476434,1464476434
814,1464476433,1464476434,1464476434,1464476434
815,1464476433,0,0,0
816,1464476433,0,0,0
817,1464476433,1464476434,1464476434,1464476434
818,1464476433,1464476434,1464476434,1464476434
819,1464476433,1464476434,1464476434,1464476434
820,1464476433,1464476434,1464476434,1464476434
821,1464476433,1464476434,1464476434,1464476434
822,1464476433,1464476434,1464476434,1464476434
823,1464476433,1464476434,1464476434,1464476434
824,1464476433,0,0,0
825,1464476433,1464476434,1464476434,1464476434
826,1464476433,1464476434,1464476434,1464476434
827,1464476433,1464476434,1464476434,1464476434
828,1464476433,1464476434,1464476434,1464476434
829,1464476433,1464476434,1464476434,1464476434
830,1464476433,1464476434,1464476434,1464476434
831,1464476433,1464476434,1464476434,1464476434
832,1464476433,1464476434,1464476434,1464476434
833,1464476433,1464476434,1464476434,1464476434
834,1464476433,1464476434,1464476434,1464476434
835,1464476433,1464476434,1464476434,1464476434
836,1464476433,1464476434,1464476434,1464476434
837,1464476433,1464476434,1464476434,1464476434
838,1464476433,1464476434,1464476434,1464476434
839,1464476433,1464476434,1464476434,1464476434
840,1464476433,1464476434,1464476434,1464476434
841,1464476433,1464476434,1464476434,1464476434
842,1464476433,1464476434,1464476434,1464476434
843,1464476433,0,0,0
844,1464476433,1464476434,1464476434,1464476434
845,1464476433,1464476434,1464476434,1464476434
846,1464476433,1464476434,1464476434,1464476434
847,1464476433,1464476434,1464476434,1464476434
848,1464476433,1464476434,1464476434,1464476434
849,1464476433,1464476434,1464476434,1464476434
850,1464476433,1464476434,1464476434,1464476434
851,1464476433,1464476434,1464476434,1464476434
852,1464476433,1464476434,1464476434,1464476434
853,1464476433,1464476434,1464476434,1464476434
854,1464476433,1464476434,1464476434,1464476434
855,1464476433,1464476434,1464476434,1464476434
856,1464476433,1464476434,1464476434,1464476434
857,1464476433,1464476434,1464476434,1464476434
858,1464476433,1464476434,1464476434,1464476434
859,1464476433,1464476434,1464476434,1464476434
860,1464476433,1464476434,1464476434,1464476434
861,1464476433,1464476434,1464476434,1464476434
862,1464476433,1464476434,1464476434,1464476434
863,1464476433,1464476434,1464476434,1464476434
864,1464476433,1464476434,1464476434,1464476434
865,1464476433,1464476434,1464476434,1464476434
866,1464476433,1464476434,1464476434,1464476434
867,1464476433,1464476434,1464476434,1464476434
868,1464476433,1464476434,1464476434,1464476434
869,1464476433,1464476434,1464476434,1464476434
870,1464476433,1464476434,1464476434,1464476434
871,1464476433,1464476434,1464476434,1464476434
872,1464476433,1464476434,1464476434,1464476434
873,1464476433,1464476434,1464476434,1464476434
874,1464476433,1464476434,1464476434,1464476434
875,1464476433,1464476434,1464476434,1464476434
876,1464476433,1464476434,1464476434,1464476434
877,1464476433,1464476434,1464476434,1464476434
878,1464476433,1464476434,1464476434,1464476434
879,1464476433,1464476434,1464476434,1464476434
880,1464476433,1464476434,1464476434,1464476434
881,1464476433,1464476434,1464476434,1464476434
882,1464476433,1464476434,1464476434,1464476434
883,1464476433,1464476434,1464476434,1464476434
884,1464476433,1464476434,1464476434,1464476434
885,1464476433,1464476434,1464476434,1464476434
886,1464476433,1464476434,1464476434,1464476434
887,1464476433,1464476434,1464476434,1464476434
888,1464476433,0,0,0
889,1464476433,1464476434,1464476434,1464476434
890,1464476433,1464476434,1464476434,1464476434
891,1464476433,1464476434,1464476434,1464476434
892,1464476433,1464476434,1464476434,1464476434
893,1464476433,1464476434,1464476434,1464476434
894,1464476433,1464476434,1464476434,1464476434
895,1464476433,1464476434,1464476434,1464476434
896,1464476433,1464476434,1464476434,1464476434
897,1464476433,1464476434,1464476434,1464476434
898,1464476433,1464476434,1464476434,1464476434
899,1464476433,1464476434,1464476434,1464476434
900,1464476433,1464476434,1464476434,1464476434
901,1464476433,1464476434,1464476434,1464476434
902,1464476433,0,0,0
903,1464476433,1464476434,1464476434,1464476434
904,1464476433,1464476434,1464476434,1464476434
905,1464476433,1464476434,1464476434,1464476434
906,1464476433,1464476434,1464476434,1464476434
907,1464476433,1464476434,1464476434,1464476434
908,1464476433,1464476434,1464476434,1464476434
909,1464476433,1464476434,1464476434,1464476434
910,1464476433,1464476434,1464476434,1464476434
911,1464476433,1464476434,1464476434,1464476434
912,1464476433,1464476434,1464476434,1464476434
913,1464476433,1464476434,1464476434,1464476434
914,1464476433,1464476434,1464476434,1464476434
915,1464476433,0,0,0
916,1464476433,1464476434,1464476434,1464476434
917,1464476433,1464476434,1464476434,1464476434
918,1464476433,1464476434,1464476434,1464476434
919,1464476433,1464476434,1464476434,1464476434
920,1464476433,1464476434,1464476434,1464476434
921,1464476433,1464476434,1464476434,1464476434
922,1464476433,1464476434,1464476434,1464476434
923,1464476433,1464476434,1464476434,1464476434
924,1464476433,1464476434,1464476434,1464476434
925,1464476433,1464476434,1464476434,1464476434
926,1464476433,1464476434,1464476434,1464476434
927,1464476433,1464476434,1464476434,1464476434
928,1464476433,1464476434,1464476434,1464476434
929,1464476433,1464476434,1464476434,1464476434
930,1464476433,1464476434,1464476434,1464476434
931,1464476433,1464476434,1464476434,1464476434
932,1464476433,1464476434,1464476434,1464476434
933,1464476433,1464476434,1464476434,1464476434
934,1464476433,1464476434,1464476434,1464476434
935,1464476433,1464476434,1464476434,1464476434
936,1464476433,1464476434,1464476434,1464476434
937,1464476433,1464476434,1464476434,1464476434
938,1464476433,1464476434,1464476434,1464476434
939,1464476433,1464476434,1464476434,1464476434
940,1464476433,1464476434,1464476434,1464476434
941,1464476433,1464476434,1464476434,1464476434
942,1464476433,1464476434,1464476434,1464476434
943,1464476433,1464476434,1464476434,1464476434
944,1464476433,1464476434,1464476434,1464476434
945,1464476433,1464476434,1464476434,1464476434
946,1464476433,1464476434,1464476434,1464476434
947,1464476433,1464476434,1464476434,1464476434
948,1464476433,1464476434,1464476434,1464476434
949,1464476433,1464476434,1464476434,1464476434
950,1464476433,1464476434,1464476434,1464476434
951,1464476433,1464476434,1464476434,1464476434
952,1464476433,1464476434,1464476434,1464476434
953,1464476433,1464476434,1464476434,1464476434
954,1464476433,1464476434,1464476434,1464476434
955,1464476433,1464476434,1464476434,1464476434
956,1464476433,1464476434,1464476434,1464476434
957,1464476433,1464476434,1464476434,1464476434
958,1464476433,1464476434,1464476434,1464476434
959,1464476433,1464476434,1464476434,1464476434
960,1464476433,1464476434,1464476434,1464476434
961,1464476433,1464476434,1464476434,1464476434
962,1464476433,1464476434,1464476434,1464476434
963,1464476433,1464476434,1464476434,1464476434
964,1464476433,1464476434,1464476434,1464476434
965,1464476433,1464476434,1464476434,1464476434
966,1464476433,1464476434,1464476434,1464476434
967,1464476433,1464476434,1464476434,1464476434
968,1464476433,1464476434,1464476434,1464476434
969,1464476433,1464476434,1464476434,1464476434
970,1464476433,0,0,0
971,1464476433,1464476434,1464476434,1464476434
972,1464476433,1464476434,1464476434,1464476434
973,1464476433,1464476434,1464476434,1464476434
974,1464476433,1464476434,1464476434,1464476434
975,1464476433,1464476434,1464476434,1464476434
976,1464476433,1464476434,1464476434,1464476434
977,1464476433,1464476434,1464476434,1464476434
978,1464476433,1464476434,1464476434,1464476434
979,1464476433,1464476434,1464476434,1464476434
980,1464476433,1464476434,1464476434,1464476434
981,1464476433,1464476434,1464476434,1464476434
982,1464476433,1464476434,1464476434,1464476434
983,1464476433,1464476434,1464476434,1464476434
984,1464476433,1464476434,1464476434,1464476434
985,1464476433,1464476434,1464476434,1464476434
986,1464476433,1464476434,1464476434,1464476434
987,1464476433,1464476434,1464476434,1464476434
988,1464476433,1464476434,1464476434,1464476434
989,1464476433,1464476434,1464476434,1464476434
990,1464476433,1464476434,1464476434,1464476434
991,1464476433,1464476434,1464476434,1464476434
992,1464476433,1464476434,1464476434,1464476434
993,1464476433,1464476434,1464476434,1464476434
994,1464476433,1464476434,1464476434,1464476434
995,1464476433,1464476434,1464476434,1464476434
996,1464476433,1464476434,1464476434,1464476434
997,1464476433,1464476434,1464476434,1464476434
998,1464476433,1464476434,1464476434,1464476434
999,1464476433,0,0,0
