0,1464470026,1464470026,1464470026,1464470027
1,1464470026,1464470026,1464470026,1464470027
2,1464470026,1464470026,1464470026,1464470026
3,1464470026,1464470026,1464470026,1464470026
4,1464470026,1464470026,1464470026,1464470027
5,1464470026,1464470026,1464470026,1464470026
6,1464470026,1464470026,1464470026,1464470026
7,1464470026,1464470026,1464470026,1464470026
8,1464470026,1464470026,1464470026,1464470026
9,1464470026,1464470026,1464470026,1464470026
10,1464470026,1464470026,1464470026,1464470026
11,1464470026,1464470026,1464470026,1464470027
12,1464470026,1464470026,1464470026,1464470027
13,1464470026,1464470026,1464470026,1464470026
14,1464470026,1464470026,1464470026,1464470027
15,1464470026,1464470026,1464470026,1464470027
16,1464470026,1464470026,1464470026,1464470027
17,1464470026,1464470026,1464470026,1464470027
18,1464470026,1464470026,1464470026,1464470026
19,1464470026,1464470026,1464470026,1464470027
20,1464470026,1464470026,1464470026,1464470026
21,1464470026,1464470026,1464470026,1464470026
22,1464470026,1464470026,1464470026,1464470026
23,1464470026,1464470026,1464470026,1464470026
24,1464470026,1464470026,1464470026,1464470026
25,1464470026,1464470026,1464470026,1464470026
26,1464470026,1464470026,1464470026,1464470026
27,1464470026,1464470026,1464470026,1464470027
28,1464470026,1464470026,1464470026,1464470026
29,1464470026,1464470026,1464470026,1464470026
30,1464470026,1464470026,1464470026,1464470027
31,1464470026,1464470026,1464470026,1464470027
32,1464470026,1464470026,1464470026,1464470026
33,1464470026,1464470026,1464470026,1464470026
34,1464470026,1464470026,1464470026,1464470026
35,1464470026,1464470026,1464470026,1464470026
36,1464470026,1464470026,1464470026,1464470026
37,1464470026,1464470026,1464470026,1464470026
38,1464470026,1464470026,1464470026,1464470026
39,1464470026,1464470026,1464470026,1464470026
40,1464470026,1464470026,1464470026,1464470027
41,1464470026,1464470026,1464470026,1464470027
42,1464470026,1464470026,1464470026,1464470027
43,1464470026,1464470026,1464470026,1464470026
44,1464470026,1464470026,1464470026,1464470027
45,1464470026,1464470026,1464470026,1464470027
46,1464470026,1464470026,1464470026,1464470027
47,1464470026,1464470026,1464470026,1464470026
48,1464470026,1464470026,1464470026,1464470027
49,1464470026,1464470026,1464470026,1464470027
50,1464470026,1464470026,1464470026,1464470026
51,1464470026,1464470026,1464470026,1464470026
52,1464470026,1464470026,1464470026,1464470026
53,1464470026,1464470026,1464470026,1464470026
54,1464470026,1464470026,1464470026,1464470027
55,1464470026,1464470026,1464470026,1464470026
56,1464470026,1464470026,1464470026,1464470026
57,1464470026,1464470026,1464470026,1464470027
58,1464470026,1464470026,1464470026,1464470026
59,1464470026,1464470026,1464470026,1464470026
60,1464470026,1464470026,1464470026,1464470026
61,1464470026,1464470026,1464470026,1464470026
62,1464470026,1464470026,1464470026,1464470026
63,1464470026,1464470026,1464470026,1464470026
64,1464470026,1464470026,1464470026,1464470027
65,1464470026,1464470026,1464470026,1464470026
66,1464470026,1464470026,1464470026,1464470027
67,1464470026,1464470026,1464470026,1464470026
68,1464470026,1464470026,1464470026,1464470027
69,1464470026,1464470026,1464470026,1464470026
70,1464470026,1464470026,1464470026,1464470026
71,1464470026,1464470026,1464470026,1464470026
72,1464470026,1464470026,1464470026,1464470026
73,1464470026,1464470026,1464470026,1464470026
74,1464470026,1464470026,1464470026,1464470026
75,1464470026,1464470026,1464470026,1464470026
76,1464470026,1464470026,1464470026,1464470026
77,1464470026,1464470026,1464470026,1464470026
78,1464470026,1464470026,1464470026,1464470026
79,1464470026,1464470026,1464470026,1464470026
80,1464470026,1464470026,1464470026,1464470027
81,1464470026,1464470026,1464470026,1464470026
82,1464470026,1464470026,1464470026,1464470026
83,1464470026,1464470026,1464470026,1464470026
84,1464470026,1464470026,1464470026,1464470026
85,1464470026,1464470026,1464470026,1464470026
86,1464470026,1464470026,1464470026,1464470026
87,1464470026,1464470026,1464470026,1464470027
88,1464470026,1464470026,1464470026,1464470026
89,1464470026,1464470026,1464470026,1464470027
90,1464470026,1464470026,1464470026,1464470027
91,1464470026,1464470026,1464470026,1464470027
92,1464470026,1464470026,1464470026,1464470026
93,1464470026,1464470026,1464470026,1464470027
94,1464470026,1464470026,1464470026,1464470027
95,1464470026,1464470026,1464470026,1464470026
96,1464470026,1464470026,1464470026,1464470026
97,1464470026,1464470026,1464470026,1464470027
98,1464470026,1464470026,1464470027,1464470027
99,1464470026,1464470026,1464470026,1464470027
100,1464470026,1464470026,1464470026,1464470027
101,1464470026,1464470026,1464470026,1464470027
102,1464470026,1464470026,1464470026,1464470027
103,1464470026,1464470026,1464470026,1464470027
104,1464470026,1464470026,1464470026,1464470026
105,1464470026,1464470026,1464470026,1464470026
106,1464470026,1464470026,1464470026,1464470026
107,1464470026,1464470026,1464470026,1464470026
108,1464470026,1464470026,1464470026,1464470026
109,1464470026,1464470026,1464470026,1464470026
110,1464470026,1464470026,1464470026,1464470027
111,1464470026,1464470026,1464470026,1464470027
112,1464470026,1464470026,1464470026,1464470026
113,1464470026,1464470026,1464470026,1464470026
114,1464470026,1464470026,1464470026,1464470027
115,1464470026,1464470026,1464470026,1464470026
116,1464470026,1464470026,1464470026,1464470027
117,1464470026,1464470026,1464470026,1464470027
118,1464470026,1464470026,1464470026,1464470027
119,1464470026,1464470026,1464470026,1464470027
120,1464470026,1464470026,1464470026,1464470027
121,1464470026,1464470026,1464470026,1464470027
122,1464470026,1464470026,1464470026,1464470027
123,1464470026,1464470026,1464470026,1464470027
124,1464470026,1464470026,1464470026,1464470026
125,1464470026,1464470026,1464470026,1464470026
126,1464470026,1464470026,1464470026,1464470027
127,1464470026,1464470026,1464470026,1464470027
128,1464470026,1464470026,1464470026,1464470027
129,1464470026,1464470026,1464470026,1464470027
130,1464470026,1464470026,1464470026,1464470027
131,1464470026,1464470026,1464470026,1464470026
132,1464470026,1464470026,1464470026,1464470027
133,1464470026,1464470026,1464470026,1464470027
134,1464470026,1464470026,1464470026,1464470026
135,1464470026,1464470026,1464470026,1464470027
136,1464470026,1464470026,1464470026,1464470027
137,1464470026,1464470026,1464470026,1464470027
138,1464470026,1464470026,1464470026,1464470026
139,1464470026,1464470026,1464470026,1464470027
140,1464470026,1464470026,1464470026,1464470026
141,1464470026,1464470026,1464470026,1464470026
142,1464470026,1464470026,1464470026,1464470026
143,1464470026,1464470026,1464470026,1464470026
144,1464470026,1464470026,1464470026,1464470027
145,1464470026,1464470026,1464470026,1464470026
146,1464470026,1464470026,1464470026,1464470027
147,1464470026,1464470026,1464470026,1464470027
148,1464470026,1464470026,1464470026,1464470026
149,1464470026,1464470026,1464470026,1464470027
150,1464470026,1464470026,1464470026,1464470026
151,1464470026,1464470026,1464470026,1464470026
152,1464470026,1464470026,1464470026,1464470027
153,1464470026,1464470026,1464470026,1464470027
154,1464470026,1464470026,1464470026,1464470026
155,1464470026,1464470026,1464470026,1464470027
156,1464470026,1464470026,1464470026,1464470027
157,1464470026,1464470026,1464470026,1464470026
158,1464470026,1464470026,1464470027,1464470027
159,1464470026,1464470026,1464470026,1464470027
160,1464470026,1464470026,1464470026,1464470026
161,1464470026,1464470026,1464470026,1464470027
162,1464470026,1464470026,1464470026,1464470027
163,1464470026,1464470026,1464470026,1464470027
164,1464470026,1464470026,1464470027,1464470027
165,1464470026,1464470026,1464470026,1464470027
166,1464470026,1464470026,1464470026,1464470026
167,1464470026,1464470026,1464470026,1464470026
168,1464470026,1464470026,1464470026,1464470026
169,1464470026,1464470026,1464470026,1464470027
170,1464470026,1464470026,1464470026,1464470027
171,1464470026,1464470026,1464470026,1464470027
172,1464470026,1464470026,1464470026,1464470026
173,1464470026,1464470026,1464470026,1464470027
174,1464470026,1464470026,1464470026,1464470027
175,1464470026,1464470026,1464470026,1464470027
176,1464470026,1464470026,1464470026,1464470027
177,1464470026,1464470026,1464470026,1464470026
178,1464470026,1464470026,1464470026,1464470027
179,1464470026,1464470026,1464470026,1464470027
180,1464470026,1464470026,1464470026,1464470026
181,1464470026,1464470026,1464470027,1464470027
182,1464470026,1464470026,1464470026,1464470027
183,1464470026,1464470026,1464470026,1464470027
184,1464470026,1464470026,1464470026,1464470027
185,1464470026,1464470026,1464470026,1464470027
186,1464470026,1464470026,1464470026,1464470027
187,1464470026,1464470026,1464470026,1464470027
188,1464470026,1464470026,1464470026,1464470026
189,1464470026,1464470026,1464470026,1464470026
190,1464470026,1464470026,1464470026,1464470027
191,1464470026,1464470026,1464470026,1464470026
192,1464470026,1464470026,1464470026,1464470027
193,1464470026,1464470026,1464470026,1464470027
194,1464470026,1464470026,1464470026,1464470027
195,1464470026,1464470026,1464470026,1464470026
196,1464470026,1464470026,1464470026,1464470026
197,1464470026,1464470026,1464470026,1464470027
198,1464470026,1464470026,1464470026,1464470027
199,1464470026,1464470026,1464470026,1464470026
200,1464470026,1464470026,1464470026,1464470027
201,1464470026,1464470026,1464470026,1464470027
202,1464470026,1464470026,1464470026,1464470026
203,1464470026,1464470026,1464470026,1464470026
204,1464470026,1464470026,1464470026,1464470027
205,1464470026,1464470026,1464470026,1464470027
206,1464470026,1464470026,1464470026,1464470027
207,1464470026,1464470026,1464470026,1464470026
208,1464470026,1464470026,1464470026,1464470026
209,1464470026,1464470026,1464470026,1464470027
210,1464470026,1464470026,1464470026,1464470027
211,1464470026,1464470026,1464470026,1464470027
212,1464470026,1464470026,1464470026,1464470027
213,1464470026,1464470026,1464470026,1464470027
214,1464470026,1464470026,1464470026,1464470027
215,1464470026,1464470026,1464470026,1464470026
216,1464470026,1464470026,1464470026,1464470027
217,1464470026,1464470026,1464470026,1464470027
218,1464470026,1464470026,1464470026,1464470027
219,1464470026,1464470026,1464470026,1464470026
220,1464470026,1464470026,1464470026,1464470027
221,1464470026,1464470026,1464470026,1464470026
222,1464470026,1464470026,1464470026,1464470026
223,1464470026,1464470026,1464470026,1464470026
224,1464470026,1464470026,1464470026,1464470027
225,1464470026,1464470026,1464470027,1464470027
226,1464470026,1464470026,1464470026,1464470027
227,1464470026,1464470026,1464470026,1464470027
228,1464470026,1464470026,1464470026,1464470027
229,1464470026,1464470026,1464470026,1464470026
230,1464470026,1464470026,1464470026,1464470027
231,1464470026,1464470026,1464470026,1464470027
232,1464470026,1464470026,1464470026,1464470027
233,1464470026,1464470026,1464470026,1464470027
234,1464470026,1464470026,1464470026,1464470027
235,1464470026,1464470026,1464470026,1464470027
236,1464470026,1464470026,1464470026,1464470027
237,1464470026,1464470026,1464470026,1464470026
238,1464470026,1464470026,1464470026,1464470027
239,1464470026,1464470026,1464470026,1464470027
240,1464470026,1464470026,1464470026,1464470027
241,1464470026,1464470026,1464470026,1464470027
242,1464470026,1464470026,1464470026,1464470026
243,1464470026,1464470026,1464470026,1464470027
244,1464470026,1464470026,1464470026,1464470026
245,1464470026,1464470026,1464470026,1464470027
246,1464470026,1464470026,1464470026,1464470027
247,1464470026,1464470026,1464470026,1464470027
248,1464470026,1464470026,1464470026,1464470027
249,1464470026,1464470026,1464470027,1464470027
250,1464470026,1464470026,1464470026,1464470027
251,1464470026,1464470026,1464470026,1464470027
252,1464470026,1464470026,1464470026,1464470027
253,1464470026,1464470026,1464470026,1464470027
254,1464470026,1464470026,1464470026,1464470026
255,1464470026,1464470026,1464470026,1464470027
256,1464470026,1464470026,1464470026,1464470027
257,1464470026,1464470026,1464470026,1464470026
258,1464470026,1464470026,1464470026,1464470027
259,1464470026,1464470026,1464470026,1464470026
260,1464470026,1464470026,1464470026,1464470027
261,1464470026,1464470026,1464470026,1464470027
262,1464470026,1464470026,1464470026,1464470027
263,1464470026,1464470026,1464470026,1464470026
264,1464470026,1464470026,1464470027,1464470027
265,1464470026,1464470026,1464470026,1464470027
266,1464470026,1464470026,1464470026,1464470027
267,1464470026,1464470026,1464470026,1464470027
268,1464470026,1464470026,1464470026,1464470026
269,1464470026,1464470026,1464470026,1464470026
270,1464470026,1464470026,1464470026,1464470027
271,1464470026,1464470026,1464470026,1464470026
272,1464470026,1464470026,1464470026,1464470027
273,1464470026,1464470026,1464470026,1464470026
274,1464470026,1464470026,1464470026,1464470027
275,1464470026,1464470026,1464470026,1464470027
276,1464470026,1464470026,1464470026,1464470027
277,1464470026,1464470026,1464470026,1464470027
278,1464470026,1464470026,1464470026,1464470027
279,1464470026,1464470026,1464470026,1464470026
280,1464470026,1464470026,1464470026,1464470027
281,1464470026,1464470026,1464470026,1464470027
282,1464470026,1464470026,1464470026,1464470027
283,1464470026,1464470026,1464470026,1464470027
284,1464470026,1464470026,1464470026,1464470027
285,1464470026,1464470026,1464470026,1464470027
286,1464470026,1464470026,1464470026,1464470026
287,1464470026,1464470026,1464470026,1464470027
288,1464470026,1464470026,1464470026,1464470027
289,1464470026,1464470026,1464470026,1464470027
290,1464470026,1464470026,1464470026,1464470026
291,1464470026,1464470026,1464470026,1464470027
292,1464470026,1464470026,1464470026,1464470026
293,1464470026,1464470026,1464470026,1464470027
294,1464470026,1464470026,1464470026,1464470026
295,1464470026,1464470026,1464470026,1464470027
296,1464470026,1464470026,1464470026,1464470027
297,1464470026,1464470026,1464470026,1464470026
298,1464470026,1464470026,1464470026,1464470027
299,1464470026,1464470026,1464470026,1464470027
300,1464470026,1464470026,1464470026,1464470027
301,1464470026,1464470026,1464470026,1464470027
302,1464470026,1464470026,1464470026,1464470027
303,1464470026,1464470026,1464470026,1464470027
304,1464470026,1464470026,1464470026,1464470027
305,1464470026,1464470026,1464470026,1464470027
306,1464470026,1464470026,1464470026,1464470027
307,1464470026,1464470026,1464470026,1464470026
308,1464470026,1464470026,1464470026,1464470027
309,1464470026,1464470026,1464470026,1464470027
310,1464470026,1464470026,1464470026,1464470026
311,1464470026,1464470026,1464470026,1464470026
312,1464470026,1464470026,1464470026,1464470027
313,1464470026,1464470026,1464470026,1464470027
314,1464470026,1464470026,1464470026,1464470027
315,1464470026,1464470026,1464470026,1464470027
316,1464470026,1464470026,1464470026,1464470027
317,1464470026,1464470026,1464470026,1464470027
318,1464470026,1464470026,1464470026,1464470027
319,1464470026,1464470026,1464470026,1464470027
320,1464470026,1464470026,1464470026,1464470027
321,1464470026,1464470026,1464470026,1464470027
322,1464470026,1464470026,1464470026,1464470027
323,1464470026,1464470026,1464470026,1464470027
324,1464470026,1464470026,1464470026,1464470027
325,1464470026,1464470026,1464470026,1464470027
326,1464470026,1464470027,1464470027,1464470027
327,1464470026,1464470026,1464470026,1464470027
328,1464470026,1464470026,1464470026,1464470027
329,1464470026,1464470026,1464470026,1464470027
330,1464470026,1464470026,1464470027,1464470027
331,1464470026,1464470026,1464470026,1464470027
332,1464470026,1464470026,1464470026,1464470027
333,1464470026,1464470026,1464470026,1464470027
334,1464470026,1464470026,1464470026,1464470027
335,1464470026,1464470026,1464470026,1464470027
336,1464470026,1464470026,1464470026,1464470027
337,1464470026,1464470026,1464470026,1464470027
338,1464470026,1464470026,1464470026,1464470027
339,1464470026,1464470026,1464470026,1464470027
340,1464470026,1464470026,1464470026,1464470027
341,1464470026,1464470026,1464470026,1464470027
342,1464470026,1464470026,1464470026,1464470027
343,1464470026,1464470026,1464470026,1464470027
344,1464470026,1464470026,1464470026,1464470027
345,1464470026,1464470026,1464470027,1464470027
346,1464470026,1464470026,1464470026,1464470026
347,1464470026,1464470026,1464470026,1464470027
348,1464470026,1464470026,1464470026,1464470027
349,1464470026,1464470026,1464470026,1464470027
350,1464470026,1464470026,1464470026,1464470026
351,1464470026,1464470026,1464470026,1464470027
352,1464470026,1464470026,1464470026,1464470027
353,1464470026,1464470026,1464470026,1464470027
354,1464470026,1464470026,1464470026,1464470027
355,1464470026,1464470026,1464470026,1464470027
356,1464470026,1464470026,1464470026,1464470027
357,1464470026,1464470026,1464470026,1464470027
358,1464470026,1464470026,1464470026,1464470027
359,1464470026,1464470026,1464470026,1464470027
360,1464470026,1464470026,1464470026,1464470026
361,1464470026,1464470026,1464470026,1464470027
362,1464470026,1464470026,1464470026,1464470027
363,1464470026,1464470026,1464470026,1464470027
364,1464470026,1464470026,1464470026,1464470027
365,1464470026,1464470026,1464470026,1464470027
366,1464470026,1464470026,1464470026,1464470027
367,1464470026,1464470026,1464470026,1464470027
368,1464470026,1464470027,1464470027,1464470027
369,1464470026,1464470026,1464470026,1464470027
370,1464470026,1464470026,1464470026,1464470027
371,1464470026,1464470026,1464470026,1464470027
372,1464470026,1464470026,1464470026,1464470027
373,1464470026,1464470026,1464470026,1464470027
374,1464470026,1464470026,1464470026,1464470027
375,1464470026,1464470026,1464470026,1464470027
376,1464470026,1464470026,1464470026,1464470027
377,1464470026,1464470026,1464470026,1464470027
378,1464470026,1464470026,1464470026,1464470027
379,1464470026,1464470026,1464470026,1464470027
380,1464470026,1464470026,1464470026,1464470027
381,1464470026,1464470026,1464470026,1464470027
382,1464470026,1464470026,1464470026,1464470027
383,1464470026,1464470026,1464470026,1464470027
384,1464470026,1464470026,1464470026,1464470027
385,1464470026,1464470026,1464470026,1464470027
386,1464470026,1464470026,1464470026,1464470027
387,1464470026,1464470026,1464470026,1464470027
388,1464470026,1464470026,1464470026,1464470027
389,1464470026,1464470026,1464470026,1464470027
390,1464470026,1464470026,1464470026,1464470027
391,1464470026,1464470026,1464470026,1464470027
392,1464470026,1464470026,1464470026,1464470027
393,1464470026,1464470026,1464470026,1464470027
394,1464470026,1464470026,1464470026,1464470027
395,1464470026,1464470026,1464470026,1464470027
396,1464470026,1464470026,1464470026,1464470027
397,1464470026,1464470026,1464470026,1464470027
398,1464470026,1464470026,1464470026,1464470027
399,1464470026,1464470026,1464470026,1464470027
400,1464470026,1464470026,1464470026,1464470027
401,1464470026,1464470026,1464470026,1464470027
402,1464470026,1464470026,1464470026,1464470027
403,1464470026,1464470026,1464470026,1464470027
404,1464470026,1464470026,1464470026,1464470027
405,1464470026,1464470026,1464470026,1464470027
406,1464470026,1464470026,1464470026,1464470027
407,1464470026,1464470026,1464470026,1464470027
408,1464470026,1464470026,1464470026,1464470027
409,1464470026,1464470026,1464470026,1464470027
410,1464470026,1464470026,1464470027,1464470027
411,1464470026,1464470026,1464470026,1464470027
412,1464470026,1464470026,1464470027,1464470027
413,1464470026,1464470026,1464470026,1464470027
414,1464470026,1464470026,1464470026,1464470027
415,1464470026,1464470026,1464470026,1464470027
416,1464470026,1464470026,1464470026,1464470027
417,1464470026,1464470026,1464470026,1464470027
418,1464470026,1464470026,1464470026,1464470026
419,1464470026,1464470027,1464470027,1464470027
420,1464470026,1464470026,1464470026,1464470027
421,1464470026,1464470026,1464470026,1464470027
422,1464470026,1464470026,1464470026,1464470027
423,1464470026,1464470026,1464470026,1464470027
424,1464470026,1464470026,1464470026,1464470027
425,1464470026,1464470026,1464470026,1464470027
426,1464470026,1464470027,1464470027,1464470027
427,1464470026,1464470026,1464470026,1464470027
428,1464470026,1464470027,1464470027,1464470027
429,1464470026,1464470026,1464470026,1464470027
430,1464470026,1464470026,1464470026,1464470027
431,1464470026,1464470027,1464470027,1464470027
432,1464470026,1464470026,1464470026,1464470026
433,1464470026,1464470026,1464470027,1464470027
434,1464470026,1464470026,1464470026,1464470027
435,1464470026,1464470026,1464470026,1464470027
436,1464470026,1464470026,1464470026,1464470027
437,1464470026,1464470026,1464470026,1464470027
438,1464470026,1464470026,1464470026,1464470027
439,1464470026,1464470026,1464470026,1464470027
440,1464470026,1464470026,1464470026,1464470027
441,1464470026,1464470027,1464470027,1464470027
442,1464470026,1464470026,1464470026,1464470026
443,1464470026,1464470026,1464470027,1464470027
444,1464470026,1464470027,1464470027,1464470027
445,1464470026,1464470026,1464470026,1464470027
446,1464470026,1464470026,1464470026,1464470027
447,1464470026,1464470026,1464470026,1464470027
448,1464470026,1464470027,1464470027,1464470027
449,1464470026,1464470026,1464470026,1464470027
450,1464470026,1464470026,1464470027,1464470027
451,1464470026,1464470026,1464470026,1464470026
452,1464470026,1464470026,1464470026,1464470027
453,1464470026,1464470026,1464470026,1464470027
454,1464470026,1464470026,1464470026,1464470027
455,1464470026,1464470026,1464470026,1464470027
456,1464470026,1464470026,1464470026,1464470027
457,1464470026,1464470026,1464470026,1464470027
458,1464470026,1464470026,1464470026,1464470027
459,1464470026,1464470026,1464470026,1464470027
460,1464470026,1464470026,1464470026,1464470027
461,1464470026,1464470026,1464470026,1464470027
462,1464470026,1464470026,1464470026,1464470027
463,1464470026,1464470027,1464470027,1464470027
464,1464470026,1464470026,1464470026,1464470027
465,1464470026,1464470026,1464470026,1464470027
466,1464470026,1464470026,1464470026,1464470027
467,1464470026,1464470026,1464470026,1464470027
468,1464470026,1464470026,1464470026,1464470027
469,1464470026,1464470026,1464470026,1464470027
470,1464470026,1464470026,1464470026,1464470027
471,1464470026,1464470026,1464470026,1464470027
472,1464470026,1464470027,1464470027,1464470027
473,1464470026,1464470026,1464470026,1464470027
474,1464470026,1464470026,1464470026,1464470027
475,1464470026,1464470026,1464470026,1464470027
476,1464470026,1464470026,1464470026,1464470027
477,1464470026,1464470026,1464470026,1464470027
478,1464470026,1464470026,1464470026,1464470027
479,1464470026,1464470027,1464470027,1464470027
480,1464470026,1464470026,1464470026,1464470027
481,1464470026,1464470027,1464470027,1464470027
482,1464470026,1464470027,1464470027,1464470027
483,1464470026,1464470027,1464470027,1464470027
484,1464470026,1464470027,1464470027,1464470027
485,1464470026,1464470027,1464470027,1464470027
486,1464470026,1464470026,1464470026,1464470027
487,1464470026,1464470026,1464470026,1464470027
488,1464470026,1464470026,1464470026,1464470027
489,1464470026,1464470026,1464470026,1464470027
490,1464470026,1464470026,1464470026,1464470027
491,1464470026,1464470026,1464470026,1464470027
492,1464470026,1464470027,1464470027,1464470027
493,1464470026,1464470026,1464470026,1464470027
494,1464470026,1464470026,1464470026,1464470027
495,1464470026,1464470027,1464470027,1464470027
496,1464470026,1464470026,1464470026,1464470027
497,1464470026,1464470026,1464470027,1464470027
498,1464470026,1464470026,1464470026,1464470027
499,1464470026,1464470026,1464470026,1464470027
500,1464470026,1464470026,1464470026,1464470027
501,1464470026,1464470026,1464470027,1464470027
502,1464470026,1464470026,1464470026,1464470027
503,1464470026,1464470026,1464470026,1464470027
504,1464470026,1464470026,1464470026,1464470027
505,1464470026,1464470026,1464470026,1464470027
506,1464470026,1464470027,1464470027,1464470027
507,1464470026,1464470026,1464470026,1464470027
508,1464470026,1464470026,1464470026,1464470027
509,1464470026,1464470027,1464470027,1464470027
510,1464470026,1464470027,1464470027,1464470027
511,1464470026,1464470027,1464470027,1464470027
512,1464470026,1464470027,1464470027,1464470027
513,1464470026,1464470027,1464470027,1464470027
514,1464470026,1464470026,1464470026,1464470027
515,1464470026,1464470026,1464470026,1464470027
516,1464470026,1464470027,1464470027,1464470027
517,1464470026,1464470027,1464470027,1464470027
518,1464470026,1464470027,1464470027,1464470027
519,1464470026,1464470027,1464470027,1464470027
520,1464470026,1464470027,1464470027,1464470027
521,1464470026,1464470027,1464470027,1464470027
522,1464470026,1464470027,1464470027,1464470027
523,1464470026,1464470026,1464470026,1464470027
524,1464470026,1464470027,1464470027,1464470027
525,1464470026,1464470027,1464470027,1464470027
526,1464470026,1464470026,1464470026,1464470027
527,1464470026,1464470026,1464470026,1464470027
528,1464470026,1464470027,1464470027,1464470027
529,1464470026,1464470027,1464470027,1464470027
530,1464470026,1464470026,1464470026,1464470027
531,1464470026,1464470027,1464470027,1464470027
532,1464470026,1464470027,1464470027,1464470027
533,1464470026,1464470026,1464470026,1464470027
534,1464470026,1464470027,1464470027,1464470027
535,1464470026,1464470026,1464470026,1464470027
536,1464470026,1464470026,1464470026,1464470027
537,1464470026,1464470026,1464470026,1464470027
538,1464470026,1464470026,1464470027,1464470027
539,1464470026,1464470026,1464470026,1464470027
540,1464470026,1464470027,1464470027,1464470027
541,1464470026,1464470026,1464470026,1464470027
542,1464470026,1464470026,1464470026,1464470027
543,1464470026,1464470026,1464470027,1464470027
544,1464470026,1464470027,1464470027,1464470027
545,1464470026,1464470026,1464470026,1464470027
546,1464470026,1464470026,1464470026,1464470027
547,1464470026,1464470027,1464470027,1464470027
548,1464470026,1464470027,1464470027,1464470027
549,1464470026,1464470026,1464470026,1464470027
550,1464470026,1464470026,1464470026,1464470027
551,1464470026,1464470026,1464470026,1464470027
552,1464470026,1464470027,1464470027,1464470027
553,1464470026,1464470026,1464470026,1464470027
554,1464470026,1464470027,1464470027,1464470027
555,1464470026,1464470026,1464470027,1464470027
556,1464470026,1464470027,1464470027,1464470027
557,1464470026,1464470027,1464470027,1464470027
558,1464470026,1464470027,1464470027,1464470027
559,1464470026,1464470027,1464470027,1464470027
560,1464470026,1464470027,1464470027,1464470027
561,1464470026,1464470027,1464470027,1464470027
562,1464470026,1464470027,1464470027,1464470027
563,1464470026,1464470026,1464470026,1464470027
564,1464470026,1464470027,1464470027,1464470027
565,1464470026,1464470027,1464470027,1464470027
566,1464470026,1464470026,1464470026,1464470027
567,1464470026,1464470027,1464470027,1464470027
568,1464470026,1464470026,1464470026,1464470027
569,1464470026,1464470026,1464470026,1464470027
570,1464470026,1464470026,1464470027,1464470027
571,1464470026,1464470026,1464470026,1464470027
572,1464470026,1464470027,1464470027,1464470027
573,1464470026,1464470027,1464470027,1464470027
574,1464470026,1464470026,1464470027,1464470027
575,1464470026,1464470026,1464470026,1464470027
576,1464470026,1464470027,1464470027,1464470027
577,1464470026,1464470027,1464470027,1464470027
578,1464470026,1464470027,1464470027,1464470027
579,1464470026,1464470027,1464470027,1464470027
580,1464470026,1464470026,1464470026,1464470027
581,1464470026,1464470027,1464470027,1464470027
582,1464470026,1464470027,1464470027,1464470027
583,1464470026,1464470027,1464470027,1464470027
584,1464470026,1464470026,1464470027,1464470027
585,1464470026,1464470027,1464470027,1464470027
586,1464470026,1464470027,1464470027,1464470027
587,1464470026,1464470027,1464470027,1464470027
588,1464470026,1464470027,1464470027,1464470027
589,1464470026,1464470026,1464470026,1464470027
590,1464470026,1464470027,1464470027,1464470027
591,1464470026,1464470027,1464470027,1464470027
592,1464470026,1464470027,1464470027,1464470027
593,1464470026,1464470026,1464470027,1464470027
594,1464470026,1464470027,1464470027,1464470027
595,1464470026,1464470027,1464470027,1464470027
596,1464470026,1464470027,1464470027,1464470027
597,1464470026,1464470027,1464470027,1464470027
598,1464470026,1464470027,1464470027,1464470027
599,1464470026,1464470026,1464470026,1464470027
600,1464470026,1464470027,1464470027,1464470027
601,1464470026,1464470027,1464470027,1464470027
602,1464470026,1464470027,1464470027,1464470027
603,1464470026,1464470027,1464470027,1464470027
604,1464470026,1464470027,1464470027,1464470027
605,1464470026,1464470027,1464470027,1464470027
606,1464470026,1464470027,1464470027,1464470027
607,1464470026,1464470026,1464470026,1464470027
608,1464470026,1464470027,1464470027,1464470027
609,1464470026,1464470027,1464470027,1464470027
610,1464470026,1464470026,1464470026,1464470027
611,1464470026,1464470026,1464470026,1464470027
612,1464470026,1464470027,1464470027,1464470027
613,1464470026,1464470026,1464470027,1464470027
614,1464470026,1464470027,1464470027,1464470027
615,1464470026,1464470027,1464470027,1464470027
616,1464470026,1464470027,1464470027,1464470027
617,1464470026,1464470027,1464470027,1464470027
618,1464470026,1464470027,1464470027,1464470027
619,1464470026,1464470027,1464470027,1464470027
620,1464470026,1464470027,1464470027,1464470027
621,1464470026,1464470027,1464470027,1464470027
622,1464470026,1464470026,1464470026,1464470027
623,1464470026,1464470027,1464470027,1464470027
624,1464470026,1464470027,1464470027,1464470027
625,1464470026,1464470027,1464470027,1464470027
626,1464470026,1464470027,1464470027,1464470027
627,1464470026,1464470026,1464470026,1464470027
628,1464470026,1464470027,1464470027,1464470027
629,1464470026,1464470027,1464470027,1464470027
630,1464470026,1464470026,1464470027,1464470027
631,1464470026,1464470027,1464470027,1464470027
632,1464470026,1464470027,1464470027,1464470027
633,1464470026,1464470027,1464470027,1464470027
634,1464470026,1464470027,1464470027,1464470027
635,1464470026,1464470027,1464470027,1464470027
636,1464470026,1464470027,1464470027,1464470027
637,1464470026,1464470027,1464470027,1464470027
638,1464470026,1464470027,1464470027,1464470027
639,1464470026,1464470026,1464470026,1464470027
640,1464470026,1464470027,1464470027,1464470027
641,1464470026,1464470027,1464470027,1464470027
642,1464470026,1464470027,1464470027,1464470027
643,1464470026,1464470027,1464470027,1464470027
644,1464470026,1464470026,1464470026,1464470027
645,1464470026,1464470027,1464470027,1464470027
646,1464470026,1464470026,1464470026,1464470027
647,1464470026,1464470027,1464470027,1464470027
648,1464470026,1464470027,1464470027,1464470027
649,1464470026,1464470027,1464470027,1464470027
650,1464470026,1464470027,1464470027,1464470027
651,1464470026,1464470027,1464470027,1464470027
652,1464470026,1464470027,1464470027,1464470027
653,1464470026,1464470027,1464470027,1464470027
654,1464470026,1464470027,1464470027,1464470027
655,1464470026,1464470027,1464470027,1464470027
656,1464470026,1464470027,1464470027,1464470027
657,1464470026,1464470027,1464470027,1464470027
658,1464470026,1464470027,1464470027,1464470027
659,1464470026,1464470027,1464470027,1464470027
660,1464470026,1464470026,1464470026,1464470027
661,1464470026,1464470027,1464470027,1464470027
662,1464470026,1464470027,1464470027,1464470027
663,1464470026,1464470027,1464470027,1464470027
664,1464470026,1464470027,1464470027,1464470027
665,1464470026,1464470027,1464470027,1464470027
666,1464470026,1464470027,1464470027,1464470027
667,1464470026,1464470027,1464470027,1464470027
668,1464470026,1464470027,1464470027,1464470027
669,1464470026,1464470026,1464470026,1464470027
670,1464470026,1464470026,1464470026,1464470027
671,1464470026,1464470027,1464470027,1464470027
672,1464470026,1464470026,1464470026,1464470027
673,1464470026,1464470026,1464470026,1464470027
674,1464470026,1464470027,1464470027,1464470027
675,1464470026,1464470027,1464470027,1464470027
676,1464470026,1464470027,1464470027,1464470027
677,1464470026,1464470026,1464470026,1464470027
678,1464470026,1464470027,1464470027,1464470027
679,1464470026,1464470027,1464470027,1464470027
680,1464470026,1464470027,1464470027,1464470027
681,1464470026,1464470027,1464470027,1464470027
682,1464470026,1464470027,1464470027,1464470027
683,1464470026,1464470027,1464470027,1464470027
684,1464470026,1464470026,1464470027,1464470027
685,1464470026,1464470026,1464470026,1464470027
686,1464470026,1464470027,1464470027,1464470027
687,1464470026,1464470027,1464470027,1464470027
688,1464470026,1464470027,1464470027,1464470027
689,1464470026,1464470027,1464470027,1464470027
690,1464470026,1464470026,1464470027,1464470027
691,1464470026,1464470027,1464470027,1464470027
692,1464470026,1464470027,1464470027,1464470027
693,1464470026,1464470027,1464470027,1464470027
694,1464470026,1464470027,1464470027,1464470027
695,1464470026,1464470027,1464470027,1464470027
696,1464470026,1464470027,1464470027,1464470027
697,1464470026,1464470027,1464470027,1464470027
698,1464470026,1464470027,1464470027,1464470027
699,1464470026,1464470027,1464470027,1464470027
700,1464470026,1464470027,1464470027,1464470027
701,1464470026,1464470026,1464470026,1464470027
702,1464470026,1464470026,1464470026,1464470027
703,1464470026,1464470027,1464470027,1464470027
704,1464470026,1464470027,1464470027,1464470027
705,1464470026,1464470027,1464470027,1464470027
706,1464470026,1464470027,1464470027,1464470027
707,1464470026,1464470026,1464470026,1464470027
708,1464470026,1464470027,1464470027,1464470027
709,1464470026,1464470027,1464470027,1464470027
710,1464470026,1464470027,1464470027,1464470027
711,1464470026,1464470027,1464470027,1464470027
712,1464470026,1464470027,1464470027,1464470027
713,1464470026,1464470027,1464470027,1464470027
714,1464470026,1464470027,1464470027,1464470027
715,1464470026,1464470026,1464470026,1464470027
716,1464470026,1464470027,1464470027,1464470027
717,1464470026,1464470027,1464470027,1464470027
718,1464470026,1464470027,1464470027,1464470027
719,1464470026,1464470027,1464470027,1464470027
720,1464470026,1464470027,1464470027,1464470027
721,1464470026,1464470027,1464470027,1464470027
722,1464470026,1464470027,1464470027,1464470027
723,1464470026,1464470027,1464470027,1464470027
724,1464470026,1464470027,1464470027,1464470027
725,1464470026,1464470027,1464470027,1464470027
726,1464470026,1464470027,1464470027,1464470027
727,1464470026,1464470027,1464470027,1464470027
728,1464470026,1464470027,1464470027,1464470027
729,1464470026,1464470027,1464470027,1464470027
730,1464470026,1464470027,1464470027,1464470027
731,1464470026,1464470027,1464470027,1464470027
732,1464470026,1464470027,1464470027,1464470027
733,1464470026,1464470027,1464470027,1464470027
734,1464470026,1464470027,1464470027,1464470027
735,1464470026,1464470027,1464470027,1464470027
736,1464470026,1464470027,1464470027,1464470027
737,1464470026,1464470026,1464470026,1464470027
738,1464470026,1464470027,1464470027,1464470027
739,1464470026,1464470027,1464470027,1464470027
740,1464470026,1464470027,1464470027,1464470027
741,1464470026,1464470027,1464470027,1464470027
742,1464470026,1464470027,1464470027,1464470027
743,1464470026,1464470027,1464470027,1464470027
744,1464470026,1464470027,1464470027,1464470027
745,1464470026,1464470027,1464470027,1464470027
746,1464470026,1464470027,1464470027,1464470027
747,1464470026,1464470027,1464470027,1464470027
748,1464470026,1464470027,1464470027,1464470027
749,1464470026,1464470027,1464470027,1464470027
750,1464470026,1464470027,1464470027,1464470027
751,1464470026,1464470027,1464470027,1464470027
752,1464470026,1464470027,1464470027,1464470027
753,1464470026,1464470026,1464470027,1464470027
754,1464470026,1464470027,1464470027,1464470027
755,1464470026,1464470027,1464470027,1464470027
756,1464470026,1464470027,1464470027,1464470027
757,1464470026,1464470027,1464470027,1464470027
758,1464470026,1464470027,1464470027,1464470027
759,1464470026,1464470027,1464470027,1464470027
760,1464470026,1464470027,1464470027,1464470027
761,1464470026,1464470027,1464470027,1464470027
762,1464470026,1464470027,1464470027,1464470027
763,1464470026,1464470027,1464470027,1464470027
764,1464470026,1464470027,1464470027,1464470027
765,1464470026,1464470027,1464470027,1464470027
766,1464470026,1464470027,1464470027,1464470027
767,1464470026,1464470027,1464470027,1464470027
768,1464470026,1464470027,1464470027,1464470027
769,1464470026,1464470027,1464470027,1464470027
770,1464470026,1464470027,1464470027,1464470027
771,1464470026,1464470027,1464470027,1464470027
772,1464470026,1464470027,1464470027,1464470027
773,1464470026,1464470027,1464470027,1464470027
774,1464470026,1464470027,1464470027,1464470027
775,1464470026,1464470027,1464470027,1464470027
776,1464470026,1464470027,1464470027,1464470027
777,1464470026,1464470027,1464470027,1464470027
778,1464470026,1464470027,1464470027,1464470027
779,1464470026,1464470027,1464470027,1464470027
780,1464470026,1464470027,1464470027,1464470027
781,1464470026,1464470027,1464470027,1464470027
782,1464470026,1464470027,1464470027,1464470027
783,1464470026,1464470027,1464470027,1464470027
784,1464470026,1464470027,1464470027,1464470027
785,1464470026,1464470027,1464470027,1464470027
786,1464470026,1464470027,1464470027,1464470027
787,1464470026,1464470027,1464470027,1464470027
788,1464470026,1464470027,1464470027,1464470027
789,1464470026,1464470027,1464470027,1464470027
790,1464470026,1464470027,1464470027,1464470027
791,1464470026,1464470027,1464470027,1464470027
792,1464470026,1464470027,1464470027,1464470027
793,1464470026,1464470027,1464470027,1464470027
794,1464470026,1464470027,1464470027,1464470027
795,1464470026,1464470027,1464470027,1464470027
796,1464470026,1464470027,1464470027,1464470027
797,1464470026,1464470027,1464470027,1464470027
798,1464470026,1464470027,1464470027,1464470027
799,1464470026,1464470027,1464470027,1464470027
800,1464470026,1464470027,1464470027,1464470027
801,1464470026,1464470027,1464470027,1464470027
802,1464470026,1464470027,1464470027,1464470027
803,1464470026,1464470027,1464470027,1464470027
804,1464470026,1464470027,1464470027,1464470027
805,1464470026,1464470027,1464470027,1464470027
806,1464470026,1464470027,1464470027,1464470027
807,1464470026,1464470027,1464470027,1464470027
808,1464470026,1464470027,1464470027,1464470027
809,1464470026,1464470027,1464470027,1464470027
810,1464470026,1464470027,1464470027,1464470027
811,1464470026,1464470027,1464470027,1464470027
812,1464470026,1464470027,1464470027,1464470027
813,1464470026,1464470027,1464470027,1464470027
814,1464470026,1464470027,1464470027,1464470027
815,1464470026,1464470027,1464470027,1464470027
816,1464470026,1464470027,1464470027,1464470027
817,1464470026,1464470027,1464470027,1464470027
818,1464470026,1464470027,1464470027,1464470027
819,1464470026,1464470027,1464470027,1464470027
820,1464470026,1464470027,1464470027,1464470027
821,1464470026,1464470027,1464470027,1464470027
822,1464470026,1464470027,1464470027,1464470027
823,1464470026,1464470027,1464470027,1464470027
824,1464470026,1464470027,1464470027,1464470027
825,1464470026,1464470027,1464470027,1464470027
826,1464470026,1464470027,1464470027,1464470027
827,1464470026,1464470027,1464470027,1464470027
828,1464470026,1464470027,1464470027,1464470027
829,1464470026,1464470027,1464470027,1464470027
830,1464470026,1464470027,1464470027,1464470027
831,1464470026,1464470027,1464470027,1464470027
832,1464470026,1464470027,1464470027,1464470027
833,1464470026,1464470027,1464470027,1464470027
834,1464470026,1464470027,1464470027,1464470027
835,1464470026,1464470027,1464470027,1464470027
836,1464470026,1464470027,1464470027,1464470027
837,1464470026,1464470027,1464470027,1464470027
838,1464470026,1464470027,1464470027,1464470027
839,1464470026,1464470027,1464470027,1464470027
840,1464470026,1464470027,1464470027,1464470027
841,1464470026,1464470027,1464470027,1464470027
842,1464470026,1464470027,1464470027,1464470027
843,1464470026,1464470027,1464470027,1464470027
844,1464470026,1464470027,1464470027,1464470027
845,1464470026,1464470027,1464470027,1464470027
846,1464470026,1464470027,1464470027,1464470027
847,1464470026,1464470027,1464470027,1464470027
848,1464470026,1464470027,1464470027,1464470027
849,1464470026,1464470027,1464470027,1464470027
850,1464470026,1464470027,1464470027,1464470027
851,1464470026,1464470027,1464470027,1464470027
852,1464470026,1464470027,1464470027,1464470027
853,1464470026,1464470027,1464470027,1464470027
854,1464470026,1464470027,1464470027,1464470027
855,1464470026,1464470027,1464470027,1464470027
856,1464470026,1464470027,1464470027,1464470027
857,1464470026,1464470027,1464470027,1464470027
858,1464470026,1464470027,1464470027,1464470027
859,1464470026,1464470027,1464470027,1464470027
860,1464470026,1464470027,1464470027,1464470027
861,1464470026,1464470027,1464470027,1464470027
862,1464470026,1464470027,1464470027,1464470027
863,1464470026,1464470027,1464470027,1464470027
864,1464470026,1464470027,1464470027,1464470027
865,1464470026,1464470027,1464470027,1464470027
866,1464470026,1464470027,1464470027,1464470027
867,1464470026,1464470027,1464470027,1464470027
868,1464470026,1464470027,1464470027,1464470027
869,1464470026,1464470027,1464470027,1464470027
870,1464470026,1464470027,1464470027,1464470027
871,1464470026,1464470027,1464470027,1464470027
872,1464470026,1464470027,1464470027,1464470027
873,1464470026,1464470027,1464470027,1464470027
874,1464470026,1464470027,1464470027,1464470027
875,1464470026,1464470027,1464470027,1464470027
876,1464470026,1464470027,1464470027,1464470027
877,1464470026,1464470027,1464470027,1464470027
878,1464470026,1464470027,1464470027,1464470027
879,1464470026,1464470027,1464470027,1464470027
880,1464470026,1464470027,1464470027,1464470027
881,1464470026,1464470027,1464470027,1464470027
882,1464470026,1464470027,1464470027,1464470027
883,1464470026,1464470027,1464470027,1464470027
884,1464470026,1464470027,1464470027,1464470027
885,1464470026,1464470027,1464470027,1464470027
886,1464470026,1464470027,1464470027,1464470027
887,1464470026,1464470027,1464470027,1464470027
888,1464470026,1464470027,1464470027,1464470027
889,1464470026,1464470027,1464470027,1464470027
890,1464470026,1464470027,1464470027,1464470027
891,1464470026,1464470027,1464470027,1464470027
892,1464470026,1464470027,1464470027,1464470027
893,1464470026,1464470027,1464470027,1464470027
894,1464470026,1464470027,1464470027,1464470027
895,1464470026,1464470027,1464470027,1464470027
896,1464470026,1464470027,1464470027,1464470027
897,1464470026,1464470027,1464470027,1464470027
898,1464470026,1464470027,1464470027,1464470027
899,1464470026,1464470027,1464470027,1464470027
900,1464470026,1464470027,1464470027,1464470027
901,1464470026,1464470027,1464470027,1464470027
902,1464470026,1464470027,1464470027,1464470027
903,1464470026,1464470027,1464470027,1464470027
904,1464470026,1464470027,1464470027,1464470027
905,1464470026,1464470027,1464470027,1464470027
906,1464470026,1464470027,1464470027,1464470027
907,1464470026,1464470027,1464470027,1464470027
908,1464470026,1464470027,1464470027,1464470027
909,1464470026,1464470027,1464470027,1464470027
910,1464470026,1464470027,1464470027,1464470027
911,1464470026,1464470027,1464470027,1464470027
912,1464470026,1464470027,1464470027,1464470027
913,1464470026,1464470027,1464470027,1464470027
914,1464470026,1464470027,1464470027,1464470027
915,1464470026,1464470027,1464470027,1464470027
916,1464470026,1464470027,1464470027,1464470027
917,1464470026,1464470027,1464470027,1464470027
918,1464470026,1464470027,1464470027,1464470027
919,1464470026,1464470027,1464470027,1464470027
920,1464470026,1464470027,1464470027,1464470027
921,1464470026,1464470027,1464470027,1464470027
922,1464470026,1464470027,1464470027,1464470027
923,1464470026,1464470027,1464470027,1464470027
924,1464470026,1464470027,1464470027,1464470027
925,1464470026,1464470027,1464470027,1464470027
926,1464470026,1464470027,1464470027,1464470027
927,1464470026,1464470027,1464470027,1464470027
928,1464470026,1464470027,1464470027,1464470027
929,1464470026,1464470027,1464470027,1464470027
930,1464470026,1464470027,1464470027,1464470027
931,1464470026,1464470027,1464470027,1464470027
932,1464470026,1464470027,1464470027,1464470027
933,1464470026,1464470027,1464470027,1464470027
934,1464470026,1464470027,1464470027,1464470027
935,1464470026,1464470027,1464470027,1464470027
