0,1464475580,1464475580,1464475581,1464475581
1,1464475580,1464475580,1464475580,1464475580
2,1464475580,1464475580,1464475581,1464475581
3,1464475580,1464475580,1464475581,1464475581
4,1464475580,1464475580,1464475581,1464475581
5,1464475580,1464475580,1464475581,1464475581
6,1464475580,1464475580,1464475580,1464475581
7,1464475580,1464475580,1464475580,1464475580
8,1464475580,1464475580,1464475580,1464475580
9,1464475580,1464475580,1464475580,1464475580
10,1464475580,1464475580,1464475581,1464475581
11,1464475580,1464475580,1464475581,1464475581
12,1464475580,1464475580,1464475580,1464475581
13,1464475580,1464475580,1464475581,1464475581
14,1464475580,1464475580,1464475580,1464475581
15,1464475580,0,0,0
16,1464475580,0,0,0
17,1464475580,1464475580,1464475581,1464475581
18,1464475580,1464475580,1464475581,1464475581
19,1464475580,1464475580,1464475581,1464475581
20,1464475580,1464475580,1464475581,1464475581
21,1464475580,1464475580,1464475581,1464475581
22,1464475580,1464475580,1464475581,1464475581
23,1464475580,1464475580,1464475581,1464475581
24,1464475580,1464475580,1464475581,1464475581
25,1464475580,1464475580,1464475580,1464475581
26,1464475580,1464475580,1464475581,1464475581
27,1464475580,1464475580,1464475581,1464475581
28,1464475580,1464475580,1464475581,1464475581
29,1464475580,0,0,0
30,1464475580,1464475580,1464475580,1464475581
31,1464475580,0,0,0
32,1464475580,1464475580,1464475581,1464475581
33,1464475580,1464475580,1464475581,1464475581
34,1464475580,0,0,0
35,1464475580,1464475580,1464475581,1464475581
36,1464475580,1464475580,1464475581,1464475581
37,1464475580,1464475580,1464475581,1464475581
38,1464475580,0,0,0
39,1464475580,1464475580,1464475581,1464475581
40,1464475580,1464475580,1464475581,1464475581
41,1464475580,0,0,0
42,1464475580,1464475580,1464475581,1464475581
43,1464475580,1464475580,1464475581,1464475581
44,1464475580,0,0,0
45,1464475580,1464475580,1464475581,1464475581
46,1464475580,1464475580,1464475580,1464475581
47,1464475580,0,0,0
48,1464475580,1464475580,1464475581,1464475581
49,1464475580,0,0,0
50,1464475580,1464475580,1464475581,1464475581
51,1464475580,0,0,0
52,1464475580,1464475580,1464475581,1464475581
53,1464475580,1464475580,1464475581,1464475581
54,1464475580,1464475580,1464475581,1464475581
55,1464475580,1464475580,1464475581,1464475581
56,1464475580,1464475580,1464475581,1464475581
57,1464475580,1464475580,1464475581,1464475581
58,1464475580,1464475580,1464475581,1464475581
59,1464475580,0,0,0
60,1464475580,1464475580,1464475581,1464475581
61,1464475580,1464475580,1464475581,1464475581
62,1464475580,1464475580,1464475581,1464475581
63,1464475580,0,0,0
64,1464475580,1464475580,1464475581,1464475581
65,1464475580,1464475580,1464475581,1464475581
66,1464475580,1464475580,1464475581,1464475581
67,1464475580,1464475580,1464475581,1464475581
68,1464475580,1464475580,1464475580,1464475581
69,1464475580,1464475580,1464475581,1464475581
70,1464475580,1464475580,1464475581,1464475581
71,1464475580,0,0,0
72,1464475580,1464475580,1464475581,1464475581
73,1464475580,1464475580,1464475581,1464475581
74,1464475580,1464475580,1464475581,1464475581
75,1464475580,1464475580,1464475581,1464475581
76,1464475580,1464475580,1464475581,1464475581
77,1464475580,1464475580,1464475581,1464475581
78,1464475580,1464475580,1464475581,1464475581
79,1464475580,0,0,0
80,1464475580,1464475580,1464475581,1464475581
81,1464475580,1464475580,1464475581,1464475581
82,1464475580,0,0,0
83,1464475580,0,0,0
84,1464475580,1464475580,1464475581,1464475581
85,1464475580,1464475580,1464475581,1464475581
86,1464475580,0,0,0
87,1464475580,1464475580,1464475581,1464475581
88,1464475580,1464475580,1464475581,1464475581
89,1464475580,0,0,0
90,1464475580,0,0,0
91,1464475580,0,0,0
92,1464475580,1464475580,1464475581,1464475581
93,1464475580,1464475580,1464475581,1464475581
94,1464475580,1464475580,1464475581,1464475581
95,1464475580,1464475580,1464475581,1464475581
96,1464475580,1464475580,1464475581,1464475581
97,1464475580,1464475580,1464475580,1464475581
98,1464475580,1464475580,1464475581,1464475581
99,1464475580,1464475580,1464475581,1464475581
100,1464475580,1464475580,1464475581,1464475581
101,1464475580,1464475580,1464475581,1464475581
102,1464475580,1464475580,1464475581,1464475581
103,1464475580,1464475580,1464475581,1464475581
104,1464475580,0,0,0
105,1464475580,0,0,0
106,1464475580,1464475580,1464475581,1464475581
107,1464475580,1464475580,1464475581,1464475581
108,1464475580,1464475580,1464475581,1464475581
109,1464475580,0,0,0
110,1464475580,1464475580,1464475581,1464475581
111,1464475580,1464475580,1464475581,1464475581
112,1464475580,1464475580,1464475581,1464475581
113,1464475580,1464475580,1464475581,1464475581
114,1464475580,1464475580,1464475581,1464475581
115,1464475580,1464475580,1464475581,1464475581
116,1464475580,0,0,0
117,1464475580,1464475580,1464475581,1464475581
118,1464475580,0,0,0
119,1464475580,1464475580,1464475581,1464475581
120,1464475580,0,0,0
121,1464475580,1464475580,1464475581,1464475581
122,1464475580,1464475580,1464475581,1464475581
123,1464475580,0,0,0
124,1464475580,0,0,0
125,1464475580,1464475580,1464475580,1464475581
126,1464475580,1464475580,1464475581,1464475581
127,1464475580,0,0,0
128,1464475580,1464475580,1464475581,1464475581
129,1464475580,1464475580,1464475581,1464475581
130,1464475580,0,0,0
131,1464475580,1464475580,1464475581,1464475581
132,1464475580,1464475580,1464475581,1464475581
133,1464475580,1464475580,1464475581,1464475581
134,1464475580,0,0,0
135,1464475580,1464475580,1464475581,1464475581
136,1464475580,0,0,0
137,1464475580,0,0,0
138,1464475580,1464475580,1464475581,1464475581
139,1464475580,0,0,0
140,1464475580,1464475580,1464475581,1464475581
141,1464475580,1464475580,1464475581,1464475581
142,1464475580,1464475580,1464475581,1464475581
143,1464475580,1464475580,1464475581,1464475581
144,1464475580,0,0,0
145,1464475580,1464475580,1464475581,1464475581
146,1464475580,1464475580,1464475581,1464475581
147,1464475580,1464475580,1464475581,1464475581
148,1464475580,1464475580,1464475581,1464475581
149,1464475580,1464475580,1464475581,1464475581
150,1464475580,0,0,0
151,1464475580,1464475580,1464475581,1464475581
152,1464475580,0,0,0
153,1464475580,1464475580,1464475581,1464475581
154,1464475580,1464475580,1464475581,1464475581
155,1464475580,1464475580,1464475581,1464475581
156,1464475580,0,0,0
157,1464475580,1464475580,1464475581,1464475581
158,1464475580,1464475580,1464475581,1464475581
159,1464475580,1464475580,1464475581,1464475581
160,1464475580,1464475580,1464475581,1464475581
161,1464475580,0,0,0
162,1464475580,0,0,0
163,1464475580,1464475580,1464475581,1464475581
164,1464475580,1464475580,1464475581,1464475581
165,1464475580,0,0,0
166,1464475580,1464475580,1464475581,1464475581
167,1464475580,0,0,0
168,1464475580,0,0,0
169,1464475580,1464475580,1464475581,1464475581
170,1464475580,0,0,0
171,1464475580,0,0,0
172,1464475580,1464475580,1464475581,1464475581
173,1464475580,0,0,0
174,1464475580,0,0,0
175,1464475580,1464475580,1464475581,1464475581
176,1464475580,1464475580,1464475581,1464475581
177,1464475580,1464475580,1464475581,1464475581
178,1464475580,0,0,0
179,1464475580,1464475580,1464475581,1464475581
180,1464475580,1464475580,1464475581,1464475581
181,1464475580,1464475580,1464475581,1464475581
182,1464475580,1464475580,1464475581,1464475581
183,1464475580,1464475580,1464475581,1464475581
184,1464475580,1464475580,1464475581,1464475581
185,1464475580,1464475580,1464475581,1464475581
186,1464475580,1464475580,1464475581,1464475581
187,1464475580,1464475580,1464475581,1464475581
188,1464475580,0,0,0
189,1464475580,1464475580,1464475581,1464475581
190,1464475580,0,0,0
191,1464475580,1464475580,1464475581,1464475581
192,1464475580,1464475580,1464475581,1464475581
193,1464475580,1464475580,1464475581,1464475581
194,1464475580,1464475580,1464475581,1464475581
195,1464475580,0,0,0
196,1464475580,1464475580,1464475581,1464475581
197,1464475580,1464475580,1464475581,1464475581
198,1464475580,0,0,0
199,1464475580,1464475580,1464475581,1464475581
200,1464475580,0,0,0
201,1464475580,0,0,0
202,1464475580,1464475580,1464475581,1464475581
203,1464475580,1464475580,1464475581,1464475581
204,1464475580,0,0,0
205,1464475580,1464475580,1464475581,1464475581
206,1464475580,1464475580,1464475581,1464475581
207,1464475580,1464475580,1464475581,1464475581
208,1464475580,1464475580,1464475581,1464475581
209,1464475580,1464475580,1464475581,1464475581
210,1464475580,0,0,0
211,1464475580,1464475580,1464475581,1464475581
212,1464475580,1464475580,1464475581,1464475581
213,1464475580,1464475580,1464475581,1464475581
214,1464475580,1464475580,1464475581,1464475581
215,1464475580,1464475580,1464475581,1464475581
216,1464475580,1464475580,1464475581,1464475581
217,1464475580,0,0,0
218,1464475580,1464475580,1464475581,1464475581
219,1464475580,1464475580,1464475581,1464475581
220,1464475580,1464475580,1464475581,1464475581
221,1464475580,1464475580,1464475581,1464475581
222,1464475580,1464475580,1464475581,1464475581
223,1464475580,0,0,0
224,1464475580,0,0,0
225,1464475580,1464475580,1464475581,1464475581
226,1464475580,0,0,0
227,1464475580,0,0,0
228,1464475580,0,0,0
229,1464475580,1464475580,1464475581,1464475581
230,1464475580,0,0,0
231,1464475580,1464475580,1464475581,1464475581
232,1464475580,1464475580,1464475581,1464475581
233,1464475580,0,0,0
234,1464475580,1464475580,1464475581,1464475581
235,1464475580,1464475580,1464475581,1464475581
236,1464475580,1464475580,1464475581,1464475581
237,1464475580,1464475580,1464475581,1464475581
238,1464475580,1464475580,1464475581,1464475581
239,1464475580,1464475580,1464475581,1464475581
240,1464475580,1464475580,1464475581,1464475581
241,1464475580,1464475580,1464475581,1464475581
242,1464475580,0,0,0
243,1464475580,1464475580,1464475581,1464475581
244,1464475580,1464475580,1464475581,1464475581
245,1464475580,1464475580,1464475581,1464475581
246,1464475580,1464475580,1464475581,1464475581
247,1464475580,0,0,0
248,1464475580,1464475580,1464475581,1464475581
249,1464475580,0,0,0
250,1464475580,1464475580,1464475581,1464475581
251,1464475580,1464475580,1464475581,1464475581
252,1464475580,1464475580,1464475581,1464475581
253,1464475580,1464475580,1464475581,1464475581
254,1464475580,1464475580,1464475581,1464475581
255,1464475580,1464475580,1464475581,1464475581
256,1464475580,1464475580,1464475581,1464475581
257,1464475580,1464475580,1464475581,1464475581
258,1464475580,1464475580,1464475581,1464475581
259,1464475580,1464475580,1464475581,1464475581
260,1464475580,1464475580,1464475581,1464475581
261,1464475580,1464475580,1464475581,1464475581
262,1464475580,0,0,0
263,1464475580,1464475580,1464475581,1464475581
264,1464475580,1464475580,1464475581,1464475581
265,1464475580,0,0,0
266,1464475580,1464475580,1464475581,1464475581
267,1464475580,1464475580,1464475581,1464475581
268,1464475580,1464475580,1464475581,1464475581
269,1464475580,1464475580,1464475581,1464475581
270,1464475580,1464475580,1464475581,1464475581
271,1464475580,1464475580,1464475581,1464475581
272,1464475580,1464475580,1464475581,1464475581
273,1464475580,1464475580,1464475581,1464475581
274,1464475580,1464475580,1464475581,1464475581
275,1464475580,1464475580,1464475581,1464475581
276,1464475580,0,0,0
277,1464475580,0,0,0
278,1464475580,1464475580,1464475581,1464475581
279,1464475580,0,0,0
280,1464475580,0,0,0
281,1464475580,0,0,0
282,1464475580,1464475580,1464475581,1464475581
283,1464475580,0,0,0
284,1464475580,0,0,0
285,1464475580,0,0,0
286,1464475580,1464475580,1464475581,1464475581
287,1464475580,1464475580,1464475581,1464475581
288,1464475580,0,0,0
289,1464475580,1464475580,1464475581,1464475581
290,1464475580,0,0,0
291,1464475580,1464475580,1464475581,1464475581
292,1464475580,1464475580,1464475581,1464475581
293,1464475580,1464475580,1464475581,1464475581
294,1464475580,1464475580,1464475581,1464475581
295,1464475580,1464475580,1464475581,1464475581
296,1464475580,1464475580,1464475581,1464475581
297,1464475580,1464475580,1464475581,1464475581
298,1464475580,1464475580,1464475581,1464475581
299,1464475580,0,0,0
300,1464475580,1464475580,1464475581,1464475581
301,1464475580,1464475580,1464475581,1464475581
302,1464475580,1464475580,1464475581,1464475581
303,1464475580,1464475580,1464475581,1464475581
304,1464475580,1464475580,1464475581,1464475581
305,1464475580,1464475580,1464475581,1464475581
306,1464475580,1464475580,1464475581,1464475581
307,1464475580,1464475580,1464475581,1464475581
308,1464475580,1464475580,1464475581,1464475581
309,1464475580,1464475580,1464475581,1464475581
310,1464475580,0,0,0
311,1464475580,1464475580,1464475581,1464475581
312,1464475580,1464475580,1464475581,1464475581
313,1464475580,1464475580,1464475581,1464475581
314,1464475580,1464475580,1464475581,1464475581
315,1464475580,1464475580,1464475581,1464475581
316,1464475580,1464475580,1464475581,1464475581
317,1464475580,1464475580,1464475581,1464475581
318,1464475580,1464475580,1464475581,1464475581
319,1464475580,1464475580,1464475581,1464475581
320,1464475580,1464475580,1464475581,1464475581
321,1464475580,1464475580,1464475581,1464475581
322,1464475580,1464475580,1464475581,1464475581
323,1464475580,1464475580,1464475581,1464475581
324,1464475580,1464475580,1464475581,1464475581
325,1464475580,1464475580,1464475581,1464475581
326,1464475580,1464475580,1464475581,1464475581
327,1464475580,1464475580,1464475581,1464475581
328,1464475580,1464475580,1464475581,1464475581
329,1464475580,1464475580,1464475581,1464475581
330,1464475580,1464475580,1464475581,1464475581
331,1464475580,1464475580,1464475581,1464475581
332,1464475580,1464475580,1464475581,1464475581
333,1464475580,1464475580,1464475581,1464475581
334,1464475580,1464475580,1464475581,1464475581
335,1464475580,1464475580,1464475581,1464475581
336,1464475580,1464475580,1464475581,1464475581
337,1464475580,1464475580,1464475581,1464475581
338,1464475580,1464475580,1464475581,1464475581
339,1464475580,1464475580,1464475581,1464475581
340,1464475580,1464475580,1464475581,1464475581
341,1464475580,1464475580,1464475581,1464475581
342,1464475580,1464475580,1464475581,1464475581
343,1464475580,1464475580,1464475581,1464475581
344,1464475580,1464475580,1464475581,1464475581
345,1464475580,1464475580,1464475581,1464475581
346,1464475580,1464475580,1464475581,1464475581
347,1464475580,1464475580,1464475581,1464475581
348,1464475580,1464475580,1464475581,1464475581
349,1464475580,1464475580,1464475581,1464475581
350,1464475580,1464475580,1464475581,1464475581
351,1464475580,1464475580,1464475581,1464475581
352,1464475580,1464475580,1464475581,1464475581
353,1464475580,1464475580,1464475581,1464475581
354,1464475580,1464475580,1464475581,1464475581
355,1464475580,1464475580,1464475581,1464475581
356,1464475580,1464475580,1464475581,1464475581
357,1464475580,1464475580,1464475581,1464475581
358,1464475580,1464475580,1464475581,1464475581
359,1464475580,1464475580,1464475581,1464475581
360,1464475580,1464475580,1464475581,1464475581
361,1464475580,0,0,0
362,1464475580,1464475580,1464475581,1464475581
363,1464475580,1464475580,1464475581,1464475581
364,1464475580,1464475580,1464475581,1464475581
365,1464475580,1464475580,1464475581,1464475581
366,1464475580,1464475580,1464475581,1464475581
367,1464475580,1464475580,1464475581,1464475581
368,1464475580,1464475580,1464475581,1464475581
369,1464475580,1464475580,1464475581,1464475581
370,1464475580,1464475580,1464475581,1464475581
371,1464475580,1464475580,1464475581,1464475581
372,1464475580,1464475580,1464475581,1464475581
373,1464475580,1464475580,1464475581,1464475581
374,1464475580,1464475580,1464475581,1464475581
375,1464475580,1464475580,1464475581,1464475581
376,1464475580,1464475580,1464475581,1464475581
377,1464475580,1464475580,1464475581,1464475581
378,1464475580,1464475580,1464475581,1464475581
379,1464475580,1464475580,1464475581,1464475581
380,1464475580,1464475580,1464475581,1464475581
381,1464475580,1464475580,1464475581,1464475581
382,1464475580,1464475580,1464475581,1464475581
383,1464475580,1464475580,1464475581,1464475581
384,1464475580,1464475580,1464475581,1464475581
385,1464475580,1464475580,1464475581,1464475581
386,1464475580,1464475580,1464475581,1464475581
387,1464475580,1464475580,1464475581,1464475581
388,1464475580,1464475581,1464475581,1464475581
389,1464475580,1464475580,1464475581,1464475581
390,1464475580,1464475580,1464475581,1464475581
391,1464475580,1464475580,1464475581,1464475581
392,1464475580,1464475580,1464475581,1464475581
393,1464475580,1464475580,1464475581,1464475581
394,1464475580,1464475580,1464475581,1464475581
395,1464475580,1464475580,1464475581,1464475581
396,1464475580,1464475580,1464475581,1464475581
397,1464475580,1464475580,1464475581,1464475581
398,1464475580,1464475580,1464475581,1464475581
399,1464475580,1464475580,1464475581,1464475581
400,1464475580,1464475580,1464475581,1464475581
401,1464475580,1464475580,1464475581,1464475581
402,1464475580,1464475580,1464475581,1464475581
403,1464475580,1464475580,1464475581,1464475581
404,1464475580,1464475580,1464475581,1464475581
405,1464475580,1464475580,1464475581,1464475581
406,1464475580,1464475580,1464475581,1464475581
407,1464475580,1464475580,1464475581,1464475581
408,1464475580,1464475580,1464475581,1464475581
409,1464475580,1464475580,1464475581,1464475581
410,1464475580,1464475580,1464475581,1464475581
411,1464475580,1464475580,1464475581,1464475581
412,1464475580,1464475580,1464475581,1464475581
413,1464475580,1464475580,1464475581,1464475581
414,1464475580,1464475580,1464475581,1464475581
415,1464475580,1464475580,1464475581,1464475581
416,1464475580,1464475580,1464475581,1464475581
417,1464475580,1464475580,1464475581,1464475581
418,1464475580,1464475580,1464475581,1464475581
419,1464475580,1464475580,1464475581,1464475581
420,1464475580,1464475580,1464475581,1464475581
421,1464475580,1464475580,1464475581,1464475581
422,1464475580,1464475580,1464475581,1464475581
423,1464475580,1464475580,1464475581,1464475581
424,1464475580,1464475580,1464475581,1464475581
425,1464475580,1464475580,1464475581,1464475581
426,1464475580,1464475580,1464475581,1464475581
427,1464475580,1464475580,1464475581,1464475581
428,1464475580,1464475580,1464475581,1464475581
429,1464475580,1464475580,1464475581,1464475581
430,1464475580,1464475580,1464475581,1464475581
431,1464475580,1464475580,1464475581,1464475581
432,1464475580,1464475580,1464475581,1464475581
433,1464475580,1464475580,1464475581,1464475581
434,1464475580,1464475580,1464475581,1464475581
435,1464475580,1464475580,1464475581,1464475581
436,1464475580,1464475580,1464475581,1464475581
437,1464475580,1464475580,1464475581,1464475581
438,1464475580,1464475580,1464475581,1464475581
439,1464475580,1464475580,1464475581,1464475581
440,1464475580,1464475580,1464475581,1464475581
441,1464475580,1464475580,1464475581,1464475581
442,1464475580,1464475581,1464475581,1464475581
443,1464475580,1464475581,1464475581,1464475581
444,1464475580,1464475580,1464475581,1464475581
445,1464475580,1464475580,1464475581,1464475581
446,1464475580,1464475580,1464475581,1464475581
447,1464475580,1464475580,1464475581,1464475581
448,1464475580,1464475580,1464475581,1464475581
449,1464475580,1464475580,1464475581,1464475581
450,1464475580,1464475580,1464475581,1464475581
451,1464475580,1464475580,1464475581,1464475581
452,1464475580,1464475580,1464475581,1464475581
453,1464475580,1464475580,1464475581,1464475581
454,1464475580,1464475580,1464475581,1464475581
455,1464475580,1464475580,1464475581,1464475581
456,1464475580,1464475580,1464475581,1464475581
457,1464475580,1464475580,1464475581,1464475581
458,1464475580,1464475580,1464475581,1464475581
459,1464475580,1464475580,1464475581,1464475581
460,1464475580,1464475580,1464475581,1464475581
461,1464475580,1464475580,1464475581,1464475581
462,1464475580,1464475580,1464475581,1464475581
463,1464475580,1464475580,1464475581,1464475581
464,1464475580,1464475580,1464475581,1464475581
465,1464475580,1464475580,1464475581,1464475581
466,1464475580,1464475580,1464475581,1464475581
467,1464475580,1464475580,1464475581,1464475581
468,1464475580,1464475580,1464475581,1464475581
469,1464475580,1464475580,1464475581,1464475581
470,1464475580,1464475580,1464475581,1464475581
471,1464475580,1464475580,1464475581,1464475581
472,1464475580,1464475580,1464475581,1464475581
473,1464475580,1464475580,1464475581,1464475581
474,1464475580,1464475580,1464475581,1464475581
475,1464475580,1464475580,1464475581,1464475581
476,1464475580,1464475580,1464475581,1464475581
477,1464475580,1464475580,1464475581,1464475581
478,1464475580,1464475580,1464475581,1464475581
479,1464475580,1464475580,1464475581,1464475581
480,1464475580,1464475580,1464475581,1464475581
481,1464475580,1464475580,1464475581,1464475581
482,1464475580,1464475580,1464475581,1464475581
483,1464475580,1464475580,1464475581,1464475581
484,1464475580,1464475580,1464475581,1464475581
485,1464475580,1464475580,1464475581,1464475581
486,1464475580,1464475580,1464475581,1464475581
487,1464475580,1464475580,1464475581,1464475581
488,1464475580,1464475580,1464475581,1464475581
489,1464475580,1464475580,1464475581,1464475581
490,1464475580,1464475580,1464475581,1464475581
491,1464475580,1464475580,1464475581,1464475581
492,1464475580,1464475580,1464475581,1464475581
493,1464475580,1464475580,1464475581,1464475581
494,1464475580,1464475580,1464475581,1464475581
495,1464475580,1464475580,1464475581,1464475581
496,1464475580,1464475580,1464475581,1464475581
497,1464475580,1464475580,1464475581,1464475581
498,1464475580,1464475580,1464475581,1464475581
499,1464475580,1464475580,1464475581,1464475581
500,1464475580,1464475582,1464475582,1464475583
501,1464475580,1464475580,1464475581,1464475581
502,1464475580,1464475580,1464475581,1464475581
503,1464475580,1464475584,1464475585,1464475585
504,1464475580,1464475580,1464475581,1464475581
505,1464475580,1464475581,1464475581,1464475581
506,1464475580,1464475580,1464475581,1464475581
507,1464475580,1464475580,1464475581,1464475581
508,1464475580,1464475580,1464475581,1464475581
509,1464475580,1464475580,1464475581,1464475581
510,1464475580,1464475580,1464475581,1464475581
511,1464475580,1464475580,1464475581,1464475581
512,1464475580,1464475580,1464475581,1464475581
513,1464475580,1464475581,1464475581,1464475581
514,1464475580,1464475580,1464475581,1464475581
515,1464475580,1464475582,1464475582,1464475583
516,1464475580,1464475580,1464475581,1464475581
517,1464475580,1464475580,1464475581,1464475581
518,1464475580,1464475580,1464475581,1464475581
519,1464475580,1464475580,1464475581,1464475581
520,1464475580,1464475580,1464475581,1464475581
521,1464475580,1464475580,1464475581,1464475581
522,1464475580,1464475580,1464475581,1464475581
523,1464475580,1464475581,1464475581,1464475581
524,1464475580,1464475580,1464475581,1464475581
525,1464475580,1464475581,1464475581,1464475581
526,1464475580,1464475580,1464475581,1464475581
527,1464475580,1464475581,1464475581,1464475581
528,1464475580,1464475580,1464475581,1464475581
529,1464475580,1464475581,1464475581,1464475581
530,1464475580,1464475581,1464475581,1464475581
531,1464475580,1464475581,1464475581,1464475581
532,1464475580,1464475580,1464475581,1464475581
533,1464475580,1464475580,1464475581,1464475581
534,1464475580,1464475581,1464475581,1464475581
535,1464475580,1464475580,1464475581,1464475581
536,1464475580,1464475580,1464475581,1464475581
537,1464475580,1464475581,1464475581,1464475581
538,1464475580,1464475580,1464475581,1464475581
539,1464475580,1464475580,1464475581,1464475581
540,1464475580,1464475580,1464475581,1464475581
541,1464475580,1464475581,1464475581,1464475581
542,1464475580,1464475580,1464475581,1464475581
543,1464475580,1464475580,1464475581,1464475581
544,1464475580,1464475580,1464475581,1464475581
545,1464475580,1464475581,1464475581,1464475581
546,1464475580,1464475580,1464475581,1464475581
547,1464475580,1464475580,1464475581,1464475581
548,1464475580,1464475580,1464475581,1464475581
549,1464475580,1464475580,1464475581,1464475581
550,1464475580,1464475580,1464475581,1464475581
551,1464475580,1464475580,1464475581,1464475581
552,1464475580,1464475580,1464475581,1464475581
553,1464475580,1464475580,1464475581,1464475581
554,1464475580,1464475580,1464475581,1464475581
555,1464475580,1464475580,1464475581,1464475581
556,1464475580,1464475581,1464475581,1464475581
557,1464475580,1464475580,1464475581,1464475581
558,1464475580,1464475580,1464475581,1464475581
559,1464475580,1464475580,1464475581,1464475581
560,1464475580,1464475581,1464475581,1464475581
561,1464475580,1464475580,1464475581,1464475581
562,1464475580,1464475581,1464475581,1464475581
563,1464475580,1464475580,1464475581,1464475581
564,1464475580,1464475580,1464475581,1464475581
565,1464475580,1464475581,1464475581,1464475581
566,1464475580,1464475580,1464475581,1464475581
567,1464475580,1464475580,1464475581,1464475581
568,1464475580,1464475580,1464475581,1464475581
569,1464475580,1464475580,1464475581,1464475581
570,1464475580,1464475580,1464475581,1464475581
571,1464475580,1464475580,1464475581,1464475581
572,1464475580,1464475580,1464475581,1464475581
573,1464475580,1464475580,1464475581,1464475581
574,1464475580,1464475580,1464475581,1464475581
575,1464475580,1464475580,1464475581,1464475581
576,1464475580,1464475580,1464475581,1464475581
577,1464475580,1464475580,1464475581,1464475581
578,1464475580,1464475580,1464475581,1464475581
579,1464475580,1464475580,1464475581,1464475581
580,1464475580,1464475580,1464475581,1464475581
581,1464475580,1464475580,1464475581,1464475581
582,1464475580,1464475580,1464475581,1464475581
583,1464475580,1464475580,1464475581,1464475581
584,1464475580,1464475581,1464475581,1464475581
585,1464475580,1464475581,1464475581,1464475581
586,1464475580,1464475580,1464475581,1464475581
587,1464475580,1464475580,1464475581,1464475581
588,1464475580,1464475580,1464475581,1464475581
589,1464475580,1464475580,1464475581,1464475581
590,1464475580,1464475581,1464475581,1464475581
591,1464475580,1464475581,1464475581,1464475581
592,1464475580,1464475580,1464475581,1464475581
593,1464475580,1464475581,1464475581,1464475581
594,1464475580,1464475580,1464475581,1464475581
595,1464475580,1464475580,1464475581,1464475581
596,1464475580,1464475581,1464475581,1464475581
597,1464475580,1464475580,1464475581,1464475581
598,1464475580,1464475580,1464475581,1464475581
599,1464475580,1464475581,1464475581,1464475581
600,1464475580,1464475580,1464475581,1464475581
601,1464475580,1464475581,1464475581,1464475581
602,1464475580,1464475580,1464475581,1464475581
603,1464475580,1464475580,1464475581,1464475581
604,1464475580,1464475580,1464475581,1464475581
605,1464475580,1464475580,1464475581,1464475581
606,1464475580,1464475581,1464475581,1464475581
607,1464475580,1464475581,1464475581,1464475581
608,1464475580,1464475580,1464475581,1464475581
609,1464475580,1464475580,1464475581,1464475581
610,1464475580,1464475580,1464475581,1464475581
611,1464475580,1464475580,1464475581,1464475581
612,1464475580,1464475580,1464475581,1464475581
613,1464475580,1464475581,1464475581,1464475581
614,1464475580,1464475580,1464475581,1464475581
615,1464475580,1464475580,1464475581,1464475581
616,1464475580,1464475580,1464475581,1464475581
617,1464475580,1464475580,1464475581,1464475581
618,1464475580,1464475580,1464475581,1464475581
619,1464475580,1464475580,1464475581,1464475581
620,1464475580,1464475580,1464475581,1464475581
621,1464475580,1464475580,1464475581,1464475581
622,1464475580,1464475581,1464475581,1464475581
623,1464475580,1464475581,1464475581,1464475581
624,1464475580,1464475580,1464475581,1464475581
625,1464475580,1464475580,1464475581,1464475581
626,1464475580,1464475581,1464475581,1464475581
627,1464475580,1464475580,1464475581,1464475581
628,1464475580,1464475580,1464475581,1464475581
629,1464475580,1464475580,1464475581,1464475581
630,1464475580,1464475580,1464475581,1464475581
631,1464475580,1464475580,1464475581,1464475581
632,1464475580,1464475580,1464475581,1464475581
633,1464475580,1464475580,1464475581,1464475581
634,1464475580,1464475580,1464475581,1464475581
635,1464475580,1464475580,1464475581,1464475581
636,1464475580,1464475581,1464475581,1464475581
637,1464475580,1464475580,1464475581,1464475581
638,1464475580,1464475580,1464475581,1464475581
639,1464475580,1464475580,1464475581,1464475581
640,1464475580,1464475581,1464475581,1464475581
641,1464475580,1464475581,1464475581,1464475581
642,1464475580,1464475580,1464475581,1464475581
643,1464475580,1464475580,1464475581,1464475581
644,1464475580,1464475580,1464475581,1464475581
645,1464475580,1464475580,1464475581,1464475581
646,1464475580,1464475580,1464475581,1464475581
647,1464475580,1464475580,1464475581,1464475581
648,1464475580,1464475581,1464475581,1464475581
649,1464475580,1464475580,1464475581,1464475581
650,1464475580,1464475580,1464475581,1464475581
651,1464475580,1464475580,1464475581,1464475581
652,1464475580,1464475580,1464475581,1464475581
653,1464475580,1464475580,1464475581,1464475581
654,1464475580,1464475580,1464475581,1464475581
655,1464475580,1464475581,1464475581,1464475581
656,1464475580,1464475580,1464475581,1464475581
657,1464475580,1464475581,1464475581,1464475581
658,1464475580,1464475580,1464475581,1464475581
659,1464475580,1464475580,1464475581,1464475581
660,1464475580,1464475580,1464475581,1464475581
661,1464475580,1464475580,1464475581,1464475581
662,1464475580,1464475580,1464475581,1464475581
663,1464475580,1464475580,1464475581,1464475581
664,1464475580,1464475580,1464475581,1464475581
665,1464475580,1464475581,1464475581,1464475581
666,1464475580,1464475580,1464475581,1464475581
667,1464475580,1464475581,1464475581,1464475581
668,1464475580,1464475580,1464475581,1464475581
669,1464475580,1464475580,1464475581,1464475581
670,1464475580,1464475581,1464475581,1464475581
671,1464475580,1464475580,1464475581,1464475581
672,1464475580,1464475580,1464475581,1464475581
673,1464475580,1464475580,1464475581,1464475581
674,1464475580,1464475580,1464475581,1464475581
675,1464475580,1464475580,1464475581,1464475581
676,1464475580,1464475580,1464475581,1464475581
677,1464475580,1464475580,1464475581,1464475581
678,1464475580,1464475580,1464475581,1464475581
679,1464475580,1464475580,1464475581,1464475581
680,1464475580,1464475580,1464475581,1464475581
681,1464475580,1464475580,1464475581,1464475581
682,1464475580,1464475580,1464475581,1464475581
683,1464475580,1464475581,1464475581,1464475581
684,1464475580,1464475580,1464475581,1464475581
685,1464475580,1464475580,1464475581,1464475581
686,1464475580,1464475580,1464475581,1464475581
687,1464475580,1464475580,1464475581,1464475581
688,1464475580,1464475583,1464475584,1464475584
689,1464475580,1464475581,1464475581,1464475581
690,1464475580,1464475581,1464475581,1464475581
691,1464475580,1464475582,1464475583,1464475583
692,1464475580,1464475580,1464475581,1464475581
693,1464475580,1464475580,1464475581,1464475581
694,1464475580,1464475581,1464475581,1464475581
695,1464475580,1464475580,1464475581,1464475581
696,1464475580,1464475581,1464475581,1464475581
697,1464475580,1464475581,1464475581,1464475581
698,1464475580,1464475580,1464475581,1464475581
699,1464475580,1464475582,1464475583,1464475583
700,1464475580,1464475581,1464475581,1464475581
701,1464475580,1464475582,1464475582,1464475582
702,1464475580,1464475580,1464475581,1464475581
703,1464475580,1464475580,1464475581,1464475581
704,1464475580,1464475580,1464475581,1464475581
705,1464475580,1464475581,1464475581,1464475581
706,1464475580,1464475580,1464475581,1464475581
707,1464475580,1464475580,1464475581,1464475581
708,1464475580,1464475581,1464475581,1464475581
709,1464475580,1464475580,1464475581,1464475581
710,1464475580,1464475580,1464475581,1464475581
711,1464475580,1464475580,1464475581,1464475581
712,1464475580,1464475581,1464475581,1464475581
713,1464475580,1464475580,1464475581,1464475581
714,1464475580,1464475580,1464475581,1464475581
715,1464475580,1464475580,1464475581,1464475581
716,1464475580,1464475580,1464475581,1464475581
717,1464475580,1464475580,1464475581,1464475581
718,1464475580,1464475580,1464475581,1464475581
719,1464475580,1464475580,1464475581,1464475581
720,1464475580,1464475580,1464475581,1464475581
721,1464475580,1464475581,1464475581,1464475581
722,1464475580,1464475580,1464475581,1464475581
723,1464475580,1464475580,1464475581,1464475581
724,1464475580,1464475580,1464475581,1464475581
725,1464475580,1464475581,1464475581,1464475581
726,1464475580,1464475581,1464475581,1464475581
727,1464475580,1464475580,1464475581,1464475581
728,1464475580,1464475580,1464475581,1464475581
729,1464475580,1464475581,1464475581,1464475581
730,1464475580,1464475581,1464475581,1464475581
731,1464475580,1464475580,1464475581,1464475581
732,1464475580,1464475580,1464475581,1464475581
733,1464475580,1464475581,1464475581,1464475581
734,1464475580,1464475580,1464475581,1464475581
735,1464475580,1464475581,1464475581,1464475581
736,1464475580,1464475581,1464475581,1464475581
737,1464475580,1464475580,1464475581,1464475581
738,1464475580,1464475580,1464475581,1464475581
739,1464475580,1464475581,1464475581,1464475581
740,1464475580,1464475581,1464475581,1464475581
741,1464475580,1464475580,1464475581,1464475581
742,1464475580,1464475584,1464475585,1464475585
743,1464475580,1464475580,1464475581,1464475581
744,1464475580,1464475582,1464475582,1464475583
745,1464475580,1464475581,1464475581,1464475581
746,1464475580,1464475580,1464475581,1464475581
747,1464475580,1464475581,1464475581,1464475581
748,1464475580,1464475580,1464475581,1464475581
749,1464475580,1464475580,1464475581,1464475581
750,1464475580,1464475580,1464475581,1464475581
751,1464475580,1464475581,1464475581,1464475581
752,1464475580,1464475584,1464475585,1464475585
753,1464475580,1464475580,1464475581,1464475581
754,1464475580,1464475580,1464475581,1464475581
755,1464475580,1464475580,1464475581,1464475581
756,1464475580,1464475580,1464475581,1464475581
757,1464475580,1464475581,1464475581,1464475581
758,1464475580,1464475580,1464475581,1464475581
759,1464475580,1464475580,1464475581,1464475581
760,1464475580,1464475580,1464475581,1464475581
761,1464475580,1464475581,1464475581,1464475581
762,1464475580,1464475581,1464475581,1464475581
763,1464475580,1464475580,1464475581,1464475581
764,1464475580,1464475581,1464475581,1464475581
765,1464475580,1464475584,1464475584,1464475584
766,1464475580,1464475580,1464475581,1464475581
767,1464475580,1464475580,1464475581,1464475581
768,1464475580,1464475581,1464475581,1464475581
769,1464475580,1464475580,1464475581,1464475581
770,1464475580,1464475580,1464475581,1464475581
771,1464475580,1464475581,1464475581,1464475581
772,1464475580,1464475583,1464475584,1464475584
773,1464475580,1464475581,1464475581,1464475581
774,1464475580,1464475581,1464475581,1464475581
775,1464475580,1464475581,1464475581,1464475581
776,1464475580,1464475581,1464475581,1464475581
777,1464475580,1464475580,1464475581,1464475581
778,1464475580,1464475580,1464475581,1464475581
779,1464475580,1464475580,1464475581,1464475581
780,1464475580,1464475581,1464475581,1464475581
781,1464475580,1464475580,1464475581,1464475581
782,1464475580,1464475581,1464475581,1464475581
783,1464475580,1464475581,1464475581,1464475581
784,1464475580,1464475580,1464475581,1464475581
785,1464475580,1464475580,1464475581,1464475581
786,1464475580,1464475584,1464475585,1464475585
787,1464475580,1464475580,1464475581,1464475581
788,1464475580,1464475583,1464475583,1464475583
789,1464475580,1464475581,1464475581,1464475581
790,1464475580,1464475581,1464475581,1464475581
791,1464475580,1464475581,1464475581,1464475581
792,1464475580,1464475583,1464475584,1464475584
793,1464475580,1464475581,1464475581,1464475581
794,1464475580,1464475580,1464475581,1464475581
795,1464475580,1464475580,1464475581,1464475581
796,1464475580,1464475581,1464475581,1464475581
797,1464475580,1464475581,1464475581,1464475581
798,1464475580,1464475581,1464475581,1464475581
799,1464475580,1464475581,1464475581,1464475581
800,1464475580,1464475580,1464475581,1464475581
801,1464475580,1464475581,1464475581,1464475581
802,1464475580,1464475581,1464475581,1464475581
803,1464475580,1464475581,1464475581,1464475581
804,1464475580,1464475580,1464475581,1464475581
805,1464475580,1464475580,1464475581,1464475581
806,1464475580,1464475582,1464475582,1464475582
807,1464475580,1464475581,1464475581,1464475581
808,1464475580,1464475581,1464475581,1464475581
809,1464475580,1464475581,1464475581,1464475581
810,1464475580,1464475584,1464475584,1464475584
811,1464475580,1464475584,1464475585,1464475585
812,1464475580,1464475581,1464475581,1464475581
813,1464475580,1464475584,1464475585,1464475585
814,1464475580,1464475580,1464475581,1464475581
815,1464475580,1464475580,1464475581,1464475581
816,1464475580,1464475581,1464475581,1464475581
817,1464475580,1464475581,1464475581,1464475581
818,1464475580,1464475581,1464475581,1464475581
819,1464475580,1464475581,1464475581,1464475581
820,1464475580,1464475581,1464475581,1464475581
821,1464475580,1464475581,1464475581,1464475581
822,1464475580,1464475580,1464475581,1464475581
823,1464475580,1464475580,1464475581,1464475581
824,1464475580,1464475580,1464475581,1464475581
825,1464475580,1464475581,1464475581,1464475581
826,1464475580,1464475581,1464475581,1464475581
827,1464475580,1464475581,1464475581,1464475581
828,1464475580,1464475581,1464475581,1464475581
829,1464475580,1464475581,1464475581,1464475581
830,1464475580,1464475581,1464475581,1464475581
831,1464475580,1464475581,1464475581,1464475581
832,1464475580,1464475581,1464475581,1464475581
833,1464475580,1464475580,1464475581,1464475581
834,1464475580,1464475583,1464475584,1464475584
835,1464475580,1464475581,1464475581,1464475581
836,1464475580,1464475580,1464475581,1464475581
837,1464475580,1464475581,1464475581,1464475581
838,1464475580,1464475581,1464475581,1464475581
839,1464475580,1464475580,1464475581,1464475581
840,1464475580,1464475581,1464475581,1464475581
841,1464475580,1464475580,1464475581,1464475581
842,1464475580,1464475580,1464475581,1464475581
843,1464475580,1464475581,1464475581,1464475581
844,1464475580,1464475580,1464475581,1464475581
845,1464475580,1464475582,1464475582,1464475582
846,1464475580,1464475580,1464475581,1464475581
847,1464475580,1464475581,1464475581,1464475581
848,1464475580,1464475581,1464475581,1464475581
849,1464475580,1464475580,1464475581,1464475581
850,1464475580,1464475581,1464475581,1464475581
851,1464475580,1464475582,1464475583,1464475583
852,1464475580,1464475585,1464475585,1464475585
853,1464475580,1464475580,1464475581,1464475581
854,1464475580,1464475580,1464475581,1464475581
855,1464475580,1464475582,1464475582,1464475583
856,1464475580,1464475581,1464475581,1464475581
857,1464475580,1464475581,1464475581,1464475581
858,1464475580,1464475581,1464475581,1464475581
859,1464475580,1464475581,1464475581,1464475581
860,1464475580,1464475580,1464475581,1464475581
861,1464475580,1464475581,1464475581,1464475581
862,1464475580,1464475581,1464475581,1464475581
863,1464475580,1464475581,1464475581,1464475581
864,1464475580,1464475581,1464475581,1464475581
865,1464475580,1464475580,1464475581,1464475581
866,1464475580,1464475581,1464475581,1464475581
867,1464475580,1464475580,1464475581,1464475581
868,1464475580,1464475581,1464475581,1464475581
869,1464475580,1464475582,1464475582,1464475582
870,1464475580,1464475581,1464475581,1464475581
871,1464475580,1464475584,1464475585,1464475585
872,1464475580,1464475581,1464475581,1464475581
873,1464475580,1464475581,1464475581,1464475581
874,1464475580,1464475581,1464475581,1464475581
875,1464475580,1464475582,1464475583,1464475583
876,1464475580,1464475581,1464475581,1464475581
877,1464475580,1464475580,1464475581,1464475581
878,1464475580,0,0,0
879,1464475580,1464475581,1464475581,1464475581
880,1464475580,1464475583,1464475583,1464475583
881,1464475580,1464475583,1464475584,1464475584
882,1464475580,1464475581,1464475581,1464475581
883,1464475580,1464475582,1464475582,1464475582
884,1464475580,1464475580,1464475581,1464475581
885,1464475580,1464475581,1464475581,1464475581
886,1464475580,1464475585,1464475585,1464475585
887,1464475580,1464475580,1464475581,1464475581
888,1464475580,1464475581,1464475581,1464475581
889,1464475580,1464475581,1464475581,1464475581
890,1464475580,1464475581,1464475581,1464475581
891,1464475580,1464475581,1464475581,1464475581
892,1464475580,1464475581,1464475581,1464475581
893,1464475580,1464475581,1464475581,1464475581
894,1464475580,1464475584,1464475585,1464475585
895,1464475580,1464475581,1464475581,1464475581
896,1464475580,1464475581,1464475581,1464475581
897,1464475580,1464475581,1464475581,1464475581
898,1464475580,1464475581,1464475581,1464475581
899,1464475580,1464475581,1464475581,1464475581
900,1464475580,1464475581,1464475581,1464475581
901,1464475580,1464475581,1464475581,1464475581
902,1464475580,1464475581,1464475581,1464475581
903,1464475580,1464475581,1464475581,1464475581
904,1464475580,1464475581,1464475581,1464475581
905,1464475580,1464475582,1464475583,1464475583
906,1464475580,1464475581,1464475581,1464475581
907,1464475580,1464475581,1464475581,1464475581
908,1464475580,1464475580,1464475581,1464475581
909,1464475580,1464475581,1464475581,1464475581
910,1464475580,1464475580,1464475581,1464475581
911,1464475580,1464475582,1464475582,1464475582
912,1464475580,1464475581,1464475581,1464475581
913,1464475580,1464475581,1464475581,1464475581
914,1464475580,1464475580,1464475581,1464475581
915,1464475580,1464475585,1464475585,1464475585
916,1464475580,1464475582,1464475582,1464475582
917,1464475580,1464475581,1464475581,1464475581
918,1464475580,1464475581,1464475581,1464475581
919,1464475580,1464475581,1464475581,1464475581
920,1464475580,1464475580,1464475581,1464475581
921,1464475580,1464475581,1464475581,1464475581
922,1464475580,1464475583,1464475584,1464475584
923,1464475580,1464475581,1464475581,1464475581
924,1464475580,1464475581,1464475581,1464475581
925,1464475580,1464475581,1464475581,1464475581
926,1464475580,1464475581,1464475581,1464475581
927,1464475580,1464475581,1464475581,1464475581
928,1464475580,1464475581,1464475581,1464475581
929,1464475580,1464475581,1464475581,1464475581
930,1464475580,1464475581,1464475581,1464475581
931,1464475580,1464475582,1464475583,1464475583
932,1464475580,1464475581,1464475581,1464475581
933,1464475580,1464475581,1464475581,1464475581
934,1464475580,1464475581,1464475581,1464475581
935,1464475580,1464475581,1464475581,1464475581
936,1464475580,1464475581,1464475581,1464475581
937,1464475580,1464475581,1464475581,1464475581
938,1464475580,1464475581,1464475581,1464475581
939,1464475580,1464475580,1464475581,1464475581
940,1464475580,1464475581,1464475581,1464475581
941,1464475580,1464475581,1464475581,1464475581
942,1464475580,1464475581,1464475581,1464475581
943,1464475580,1464475582,1464475582,1464475583
944,1464475580,1464475581,1464475581,1464475581
945,1464475580,1464475581,1464475581,1464475581
946,1464475580,1464475581,1464475581,1464475581
947,1464475580,1464475580,1464475581,1464475581
948,1464475580,1464475584,1464475584,1464475584
949,1464475580,1464475581,1464475581,1464475581
950,1464475580,1464475580,1464475581,1464475581
951,1464475580,1464475581,1464475581,1464475581
952,1464475580,1464475581,1464475581,1464475581
953,1464475580,1464475581,1464475581,1464475581
954,1464475580,1464475581,1464475581,1464475581
955,1464475580,1464475585,1464475585,1464475585
956,1464475580,1464475585,1464475585,1464475585
957,1464475580,1464475581,1464475581,1464475581
958,1464475580,1464475581,1464475581,1464475581
959,1464475580,1464475581,1464475581,1464475581
960,1464475580,1464475580,1464475581,1464475581
961,1464475580,1464475581,1464475581,1464475581
962,1464475580,1464475581,1464475581,1464475581
963,1464475580,1464475581,1464475581,1464475581
964,1464475580,1464475582,1464475583,1464475583
965,1464475580,1464475581,1464475581,1464475581
966,1464475580,1464475581,1464475581,1464475581
967,1464475580,1464475581,1464475581,1464475581
968,1464475580,1464475581,1464475581,1464475581
969,1464475580,1464475584,1464475585,1464475585
970,1464475580,1464475581,1464475581,1464475581
971,1464475580,1464475581,1464475581,1464475581
972,1464475580,1464475581,1464475581,1464475581
973,1464475580,1464475581,1464475581,1464475581
974,1464475580,1464475582,1464475582,1464475583
975,1464475580,1464475580,1464475581,1464475581
976,1464475580,1464475584,1464475585,1464475585
977,1464475580,1464475581,1464475581,1464475581
978,1464475580,1464475584,1464475585,1464475585
979,1464475580,1464475582,1464475582,1464475582
980,1464475580,1464475581,1464475581,1464475581
981,1464475580,1464475582,1464475582,1464475582
982,1464475580,1464475580,1464475581,1464475581
983,1464475580,1464475581,1464475581,1464475581
984,1464475580,1464475581,1464475581,1464475581
985,1464475580,1464475581,1464475581,1464475581
986,1464475580,1464475581,1464475581,1464475581
987,1464475580,1464475581,1464475581,1464475581
988,1464475580,1464475581,1464475581,1464475581
989,1464475580,1464475581,1464475581,1464475581
990,1464475580,1464475583,1464475584,1464475584
991,1464475580,1464475581,1464475581,1464475581
992,1464475580,1464475580,1464475581,1464475581
993,1464475580,1464475581,1464475581,1464475581
994,1464475580,1464475581,1464475581,1464475581
995,1464475580,1464475581,1464475581,1464475581
996,1464475580,1464475581,1464475581,1464475581
997,1464475580,1464475581,1464475581,1464475581
998,1464475580,1464475581,1464475581,1464475581
999,1464475580,1464475584,1464475585,1464475585
