0,1465000120.536000,1465000121.183995,1465000126.185854,1465000126.272000
1,1465000120.536000,1465000121.210599,1465000126.211976,1465000126.291000
2,1465000120.536000,1465000121.190811,1465000126.192318,1465000126.271000
3,1465000120.536000,1465000121.244436,1465000126.245756,1465000126.327000
4,1465000120.536000,1465000121.256873,1465000126.258524,1465000126.339000
5,1465000120.536000,1465000121.283477,1465000126.297227,1465000126.378000
6,1465000120.536000,1465000121.265249,1465000126.266453,1465000126.335000
7,1465000120.536000,1465000122.979933,1465000127.981331,1465000128.061000
8,1465000120.537000,1465000121.194272,1465000126.196177,1465000126.282000
9,1465000120.537000,1465000121.209699,1465000126.211219,1465000126.291000
10,1465000120.537000,1465000121.237217,1465000126.238669,1465000126.315000
11,1465000120.537000,1465000121.243012,1465000126.251902,1465000126.345000
12,1465000120.537000,1465000121.503832,1465000126.520155,1465000126.609000
13,1465000120.537000,1465000121.235306,1465000126.236630,1465000126.314000
14,1465000120.537000,1465000121.497316,1465000126.498499,1465000126.588000
15,1465000120.537000,1465000121.213471,1465000126.214994,1465000126.288000
16,1465000120.537000,1465000121.202813,1465000126.204341,1465000126.286000
17,1465000120.537000,1465000121.202259,1465000126.203748,1465000126.283000
18,1465000120.537000,1465000121.231275,1465000126.233053,1465000126.313000
19,1465000120.537000,1465000121.187594,1465000126.189431,1465000126.270000
20,1465000120.537000,1465000121.189010,1465000126.190572,1465000126.271000
21,1465000120.537000,1465000121.256774,1465000126.258246,1465000126.335000
22,1465000120.537000,1465000121.542233,1465000126.543676,1465000126.627000
23,1465000120.537000,1465000121.368651,1465000126.370001,1465000126.457000
24,1465000120.538000,1465000121.205225,1465000126.224594,1465000126.309000
25,1465000120.538000,1465000121.187845,1465000126.189848,1465000126.271000
26,1465000120.538000,1465000121.517067,1465000126.518407,1465000126.611000
27,1465000120.538000,1465000121.505152,1465000126.506414,1465000126.589000
28,1465000120.538000,1465000121.239885,1465000126.241169,1465000126.344000
29,1465000120.538000,1465000121.484546,1465000126.485949,1465000126.573000
30,1465000120.538000,1465000121.491954,1465000126.511309,1465000126.597000
31,1465000120.539000,1465000121.207583,1465000126.209399,1465000126.302000
32,1465000120.539000,1465000121.202761,1465000126.208448,1465000126.292000
33,1465000120.539000,1465000121.222712,1465000126.224586,1465000126.315000
34,1465000120.539000,1465000121.263876,1465000126.269258,1465000126.346000
35,1465000120.539000,0.000000,0.000000,0.000000
36,1465000120.539000,1465000121.441806,1465000126.443068,1465000126.538000
37,1465000120.540000,1465000121.500511,1465000126.501926,1465000126.577000
38,1465000120.540000,1465000121.235581,1465000126.237431,1465000126.314000
39,1465000120.540000,1465000121.188096,1465000126.200384,1465000126.281000
40,1465000120.540000,1465000122.998464,1465000127.999667,1465000128.074000
41,1465000120.541000,1465000121.218292,1465000126.219605,1465000126.308000
42,1465000120.541000,1465000121.265652,1465000126.267356,1465000126.346000
43,1465000120.541000,1465000121.505564,1465000126.506991,1465000126.596000
44,1465000120.542000,1465000122.971677,1465000127.972969,1465000128.050000
45,1465000120.543000,1465000121.519559,1465000126.520963,1465000126.598000
46,1465000120.544000,1465000121.486430,1465000126.487825,1465000126.579000
47,1465000120.544000,1465000121.224951,1465000126.226368,1465000126.314000
48,1465000120.544000,1465000121.214919,1465000126.216659,1465000126.304000
49,1465000120.544000,1465000121.240635,1465000126.242392,1465000126.323000
50,1465000120.544000,0.000000,0.000000,0.000000
51,1465000120.544000,1465000121.215624,1465000126.223930,1465000126.308000
52,1465000120.544000,1465000121.229589,1465000126.230983,1465000126.314000
53,1465000120.544000,1465000121.222030,1465000126.223822,1465000126.309000
54,1465000120.544000,1465000121.186695,1465000126.200705,1465000126.283000
55,1465000120.544000,1465000121.467068,1465000126.471249,1465000126.556000
56,1465000120.544000,1465000121.240709,1465000126.252136,1465000126.345000
57,1465000120.544000,1465000121.209360,1465000126.210957,1465000126.280000
58,1465000120.544000,1465000121.248549,1465000126.267673,1465000126.347000
59,1465000120.544000,1465000121.204527,1465000126.206388,1465000126.288000
60,1465000120.544000,1465000121.193807,1465000126.195045,1465000126.286000
61,1465000120.545000,1465000121.199390,1465000126.200621,1465000126.286000
62,1465000120.545000,1465000121.244922,1465000126.246141,1465000126.315000
63,1465000120.545000,1465000121.207746,1465000126.209410,1465000126.291000
64,1465000120.545000,1465000121.205800,1465000126.207439,1465000126.291000
65,1465000120.546000,1465000121.494711,1465000126.495983,1465000126.564000
66,1465000120.547000,1465000121.253226,1465000126.257113,1465000126.340000
67,1465000120.548000,1465000121.511527,1465000126.512870,1465000126.604000
68,1465000120.547000,1465000121.189690,1465000126.191211,1465000126.274000
69,1465000120.547000,1465000121.231884,1465000126.233114,1465000126.321000
70,1465000120.547000,1465000121.194702,1465000126.197039,1465000126.283000
71,1465000120.548000,1465000121.478434,1465000126.479806,1465000126.557000
72,1465000120.553000,1465000121.238437,1465000126.239678,1465000126.318000
73,1465000120.553000,1465000121.533235,1465000126.534462,1465000126.603000
74,1465000120.553000,1465000121.477950,1465000126.479197,1465000126.566000
75,1465000120.553000,1465000121.263823,1465000126.276888,1465000126.364000
76,1465000120.553000,1465000121.506696,1465000126.508052,1465000126.586000
77,1465000120.553000,1465000121.284004,1465000126.285243,1465000126.359000
78,1465000120.553000,1465000121.214672,1465000126.215980,1465000126.305000
79,1465000120.553000,1465000121.480736,1465000126.497274,1465000126.578000
80,1465000120.554000,1465000121.202168,1465000126.203983,1465000126.292000
81,1465000120.554000,1465000121.483432,1465000126.484650,1465000126.560000
82,1465000120.554000,1465000121.246528,1465000126.247766,1465000126.331000
83,1465000120.554000,0.000000,0.000000,0.000000
84,1465000120.554000,1465000121.452676,1465000126.454047,1465000126.537000
85,1465000120.554000,1465000121.222131,1465000126.223346,1465000126.302000
86,1465000120.554000,1465000121.231372,1465000126.244437,1465000126.326000
87,1465000120.554000,1465000121.187535,1465000126.189307,1465000126.274000
88,1465000120.554000,1465000121.475811,1465000126.490840,1465000126.574000
89,1465000120.554000,1465000121.208259,1465000126.220168,1465000126.301000
90,1465000120.554000,1465000121.451028,1465000126.452267,1465000126.545000
91,1465000120.554000,1465000122.958393,1465000127.960084,1465000128.037000
92,1465000120.554000,1465000121.188234,1465000126.200384,1465000126.282000
93,1465000120.554000,1465000121.548220,1465000126.549377,1465000126.621000
94,1465000120.554000,1465000121.215571,1465000126.231174,1465000126.317000
95,1465000120.554000,1465000121.516367,1465000126.517717,1465000126.603000
96,1465000120.554000,1465000121.463804,1465000126.465103,1465000126.553000
97,1465000120.555000,1465000121.475338,1465000126.477214,1465000126.559000
98,1465000120.555000,1465000121.574762,1465000126.576192,1465000126.677000
99,1465000120.555000,1465000121.511684,1465000126.513081,1465000126.596000
100,1465000120.555000,1465000121.495865,1465000126.497654,1465000126.583000
101,1465000120.555000,1465000121.264116,1465000126.265974,1465000126.343000
102,1465000120.555000,1465000121.248187,1465000126.249516,1465000126.331000
103,1465000120.555000,1465000121.218199,1465000126.219666,1465000126.311000
104,1465000120.555000,1465000121.490171,1465000126.491450,1465000126.569000
105,1465000120.555000,1465000122.958529,1465000127.960241,1465000128.036000
106,1465000120.555000,1465000121.555953,1465000126.557355,1465000126.642000
107,1465000120.555000,1465000121.211379,1465000126.212719,1465000126.294000
108,1465000120.555000,1465000121.469255,1465000126.470637,1465000126.563000
109,1465000120.555000,1465000121.231780,1465000126.233118,1465000126.320000
110,1465000120.555000,1465000121.466686,1465000126.468079,1465000126.561000
111,1465000120.556000,1465000122.972477,1465000127.974023,1465000128.049000
112,1465000120.556000,1465000121.535062,1465000126.536260,1465000126.608000
113,1465000120.557000,1465000121.183700,1465000126.185019,1465000126.276000
114,1465000120.563000,1465000122.969435,1465000127.970895,1465000128.048000
115,1465000120.563000,1465000121.531780,1465000126.533163,1465000126.617000
116,1465000120.564000,1465000121.529264,1465000126.530603,1465000126.598000
117,1465000120.564000,1465000121.530029,1465000126.531270,1465000126.620000
118,1465000120.564000,1465000121.453363,1465000126.454577,1465000126.543000
119,1465000120.564000,1465000121.500124,1465000126.501416,1465000126.584000
120,1465000120.564000,1465000121.217329,1465000126.218968,1465000126.302000
121,1465000120.564000,1465000121.498574,1465000126.499835,1465000126.583000
122,1465000120.564000,1465000121.512334,1465000126.513841,1465000126.606000
123,1465000120.564000,1465000121.491356,1465000126.492639,1465000126.582000
124,1465000120.564000,1465000121.589289,1465000126.590591,1465000126.678000
125,1465000120.564000,1465000121.458763,1465000126.460321,1465000126.551000
126,1465000120.564000,1465000121.233374,1465000126.234943,1465000126.321000
127,1465000120.564000,1465000122.974861,1465000127.991546,1465000128.085000
128,1465000120.564000,1465000121.513510,1465000126.514696,1465000126.594000
129,1465000120.564000,1465000121.464429,1465000126.465689,1465000126.548000
130,1465000120.565000,1465000121.199780,1465000126.201108,1465000126.282000
131,1465000120.566000,1465000121.251160,1465000126.252342,1465000126.331000
132,1465000120.566000,1465000121.240485,1465000126.241976,1465000126.330000
133,1465000120.566000,1465000121.532247,1465000126.533619,1465000126.625000
134,1465000120.566000,1465000121.243757,1465000126.245051,1465000126.318000
135,1465000120.566000,1465000121.216510,1465000126.217951,1465000126.304000
136,1465000120.566000,1465000121.455780,1465000126.457133,1465000126.543000
137,1465000120.566000,1465000121.524738,1465000126.525926,1465000126.600000
138,1465000120.566000,1465000121.230080,1465000126.231342,1465000126.313000
139,1465000120.566000,1465000121.183627,1465000126.185218,1465000126.277000
140,1465000120.566000,1465000121.488799,1465000126.493211,1465000126.567000
141,1465000120.566000,1465000121.527209,1465000126.528597,1465000126.605000
142,1465000120.566000,1465000121.250330,1465000126.267673,1465000126.346000
143,1465000120.566000,1465000121.250204,1465000126.251539,1465000126.339000
144,1465000120.566000,1465000121.254040,1465000126.255343,1465000126.343000
145,1465000120.567000,1465000121.516065,1465000126.517468,1465000126.594000
146,1465000120.567000,1465000121.205317,1465000126.207134,1465000126.291000
147,1465000120.568000,1465000121.196316,1465000126.197689,1465000126.281000
148,1465000120.568000,1465000121.242308,1465000126.243857,1465000126.337000
149,1465000120.568000,1465000121.512839,1465000126.514088,1465000126.602000
150,1465000120.568000,0.000000,0.000000,0.000000
151,1465000120.568000,1465000121.513245,1465000126.514489,1465000126.604000
152,1465000120.568000,1465000121.488682,1465000126.490100,1465000126.574000
153,1465000120.568000,1465000121.274493,1465000126.276708,1465000126.364000
154,1465000120.568000,1465000121.583997,1465000126.585582,1465000126.660000
155,1465000120.568000,1465000121.253770,1465000126.257149,1465000126.340000
156,1465000120.569000,1465000121.301513,1465000126.302792,1465000126.379000
157,1465000120.568000,1465000121.510695,1465000126.512125,1465000126.589000
158,1465000120.569000,1465000121.481621,1465000126.483048,1465000126.565000
159,1465000120.569000,1465000121.539748,1465000126.548341,1465000126.625000
160,1465000120.569000,1465000121.209820,1465000126.211271,1465000126.302000
161,1465000120.569000,1465000121.502680,1465000126.504065,1465000126.592000
162,1465000120.570000,1465000121.500546,1465000126.501769,1465000126.591000
163,1465000120.570000,1465000121.273949,1465000126.275381,1465000126.358000
164,1465000120.570000,1465000121.220099,1465000126.221555,1465000126.312000
165,1465000120.570000,1465000121.260657,1465000126.262204,1465000126.354000
166,1465000120.570000,1465000121.218398,1465000126.220428,1465000126.303000
167,1465000120.570000,1465000121.249548,1465000126.251111,1465000126.329000
168,1465000120.570000,1465000121.513270,1465000126.514879,1465000126.592000
169,1465000120.570000,1465000121.521891,1465000126.523349,1465000126.598000
170,1465000120.570000,1465000121.260421,1465000126.261647,1465000126.342000
171,1465000120.570000,1465000121.491528,1465000126.493788,1465000126.579000
172,1465000120.570000,1465000121.202971,1465000126.204523,1465000126.284000
173,1465000120.570000,1465000121.538156,1465000126.539546,1465000126.622000
174,1465000120.570000,1465000121.242526,1465000126.243836,1465000126.321000
175,1465000120.570000,1465000121.222903,1465000126.242166,1465000126.332000
176,1465000120.570000,1465000121.477688,1465000126.479108,1465000126.554000
177,1465000120.570000,1465000121.206274,1465000126.208018,1465000126.285000
178,1465000120.570000,1465000121.537003,1465000126.538588,1465000126.621000
179,1465000120.570000,1465000121.498264,1465000126.499586,1465000126.589000
180,1465000120.570000,1465000121.572625,1465000126.573927,1465000126.657000
181,1465000120.570000,1465000121.534335,1465000126.535715,1465000126.620000
182,1465000120.570000,1465000121.214050,1465000126.215570,1465000126.319000
183,1465000120.570000,1465000121.262530,1465000126.264144,1465000126.345000
184,1465000120.570000,1465000121.269333,1465000126.270694,1465000126.348000
185,1465000120.570000,1465000121.268003,1465000126.269217,1465000126.351000
186,1465000120.570000,1465000121.221460,1465000126.222855,1465000126.304000
187,1465000120.571000,1465000121.276760,1465000126.278182,1465000126.366000
188,1465000120.570000,1465000121.281397,1465000126.282742,1465000126.352000
189,1465000120.570000,1465000121.222188,1465000126.223471,1465000126.316000
190,1465000120.570000,0.000000,0.000000,0.000000
191,1465000120.570000,1465000121.267715,1465000126.269368,1465000126.347000
192,1465000120.570000,1465000121.242896,1465000126.244178,1465000126.335000
193,1465000120.570000,1465000121.529224,1465000126.530590,1465000126.618000
194,1465000120.570000,1465000121.476308,1465000126.477847,1465000126.555000
195,1465000120.570000,0.000000,0.000000,0.000000
196,1465000120.570000,1465000121.526461,1465000126.527716,1465000126.616000
197,1465000120.571000,0.000000,0.000000,0.000000
198,1465000120.571000,1465000121.257807,1465000126.259164,1465000126.347000
199,1465000120.571000,1465000121.290944,1465000126.292638,1465000126.370000
200,1465000120.571000,1465000121.226042,1465000126.227342,1465000126.302000
201,1465000120.571000,1465000121.287591,1465000126.289240,1465000126.365000
202,1465000120.571000,1465000121.213239,1465000126.223516,1465000126.307000
203,1465000120.571000,1465000121.209016,1465000126.210569,1465000126.292000
204,1465000120.571000,1465000121.286338,1465000126.287678,1465000126.369000
205,1465000120.571000,1465000121.500104,1465000126.511767,1465000126.598000
206,1465000120.571000,1465000121.488736,1465000126.490122,1465000126.574000
207,1465000120.571000,1465000121.232113,1465000126.242646,1465000126.324000
208,1465000120.571000,1465000121.248709,1465000126.250200,1465000126.329000
209,1465000120.571000,1465000121.479757,1465000126.481078,1465000126.566000
210,1465000120.571000,1465000121.257359,1465000126.259045,1465000126.341000
211,1465000120.571000,1465000121.507620,1465000126.509206,1465000126.592000
212,1465000120.571000,1465000121.265948,1465000126.276625,1465000126.364000
213,1465000120.571000,1465000121.223372,1465000126.224904,1465000126.304000
214,1465000120.571000,1465000121.487217,1465000126.488550,1465000126.576000
215,1465000120.571000,1465000121.212546,1465000126.214180,1465000126.300000
216,1465000120.571000,1465000121.554488,1465000126.555940,1465000126.631000
217,1465000120.571000,1465000121.512189,1465000126.513657,1465000126.589000
218,1465000120.571000,1465000121.527028,1465000126.528747,1465000126.614000
219,1465000120.571000,1465000121.226759,1465000126.228163,1465000126.311000
220,1465000120.571000,1465000121.444603,1465000126.445811,1465000126.538000
221,1465000120.571000,1465000121.240267,1465000126.241795,1465000126.323000
222,1465000120.571000,1465000121.528909,1465000126.530302,1465000126.614000
223,1465000120.571000,1465000121.470153,1465000126.485605,1465000126.561000
224,1465000120.571000,1465000121.235166,1465000126.236520,1465000126.319000
225,1465000120.571000,1465000121.469363,1465000126.470575,1465000126.560000
226,1465000120.571000,1465000121.501854,1465000126.503008,1465000126.575000
227,1465000120.571000,1465000121.207991,1465000126.209314,1465000126.288000
228,1465000120.571000,1465000121.218012,1465000126.219718,1465000126.302000
229,1465000120.571000,1465000121.477900,1465000126.479170,1465000126.567000
230,1465000120.571000,1465000121.510517,1465000126.520731,1465000126.603000
231,1465000120.571000,1465000121.576217,1465000126.577414,1465000126.665000
232,1465000120.572000,1465000121.270643,1465000126.272605,1465000126.348000
233,1465000120.572000,0.000000,0.000000,0.000000
234,1465000120.572000,1465000121.582541,1465000126.583795,1465000126.666000
235,1465000120.572000,1465000121.478842,1465000126.480134,1465000126.573000
236,1465000120.572000,1465000121.547384,1465000126.548591,1465000126.628000
237,1465000120.572000,1465000121.272851,1465000126.274624,1465000126.349000
238,1465000120.572000,1465000121.220287,1465000126.221809,1465000126.304000
239,1465000120.572000,1465000121.471205,1465000126.472680,1465000126.565000
240,1465000120.572000,1465000121.218113,1465000126.225066,1465000126.306000
241,1465000120.572000,1465000121.240038,1465000126.241574,1465000126.311000
242,1465000120.572000,1465000121.234518,1465000126.235917,1465000126.325000
243,1465000120.572000,1465000121.175802,1465000126.177428,1465000126.266000
244,1465000120.572000,1465000121.226377,1465000126.227577,1465000126.307000
245,1465000120.572000,1465000121.229262,1465000126.235685,1465000126.323000
246,1465000120.572000,1465000121.253006,1465000126.255406,1465000126.336000
247,1465000120.572000,1465000121.287898,1465000126.305749,1465000126.383000
248,1465000120.572000,1465000121.519613,1465000126.520885,1465000126.609000
249,1465000120.572000,0.000000,0.000000,0.000000
250,1465000120.572000,1465000121.220165,1465000126.221519,1465000126.305000
251,1465000120.572000,1465000121.272182,1465000126.279145,1465000126.360000
252,1465000120.572000,1465000121.468894,1465000126.470088,1465000126.538000
253,1465000120.572000,1465000121.276791,1465000126.278200,1465000126.361000
254,1465000120.572000,1465000121.525250,1465000126.526542,1465000126.607000
255,1465000120.572000,1465000121.242147,1465000126.243501,1465000126.325000
256,1465000120.572000,1465000121.508211,1465000126.509416,1465000126.597000
257,1465000120.572000,1465000121.469711,1465000126.470942,1465000126.559000
258,1465000120.572000,1465000121.486501,1465000126.500416,1465000126.572000
259,1465000120.572000,1465000121.255456,1465000126.256746,1465000126.341000
260,1465000120.572000,1465000121.545516,1465000126.557564,1465000126.645000
261,1465000120.572000,1465000121.556839,1465000126.564446,1465000126.652000
262,1465000120.572000,1465000121.469054,1465000126.470590,1465000126.562000
263,1465000120.572000,1465000121.513026,1465000126.514319,1465000126.597000
264,1465000120.573000,1465000121.178945,1465000126.182480,1465000126.274000
265,1465000120.573000,1465000121.278351,1465000126.280321,1465000126.362000
266,1465000120.573000,1465000121.252422,1465000126.262806,1465000126.337000
267,1465000120.573000,1465000121.520860,1465000126.522201,1465000126.605000
268,1465000120.573000,1465000121.538133,1465000126.539521,1465000126.616000
269,1465000120.573000,1465000121.251177,1465000126.252650,1465000126.329000
270,1465000120.573000,1465000121.521674,1465000126.523457,1465000126.591000
271,1465000120.573000,1465000121.484773,1465000126.486001,1465000126.561000
272,1465000120.573000,1465000122.992635,1465000127.994030,1465000128.071000
273,1465000120.573000,1465000121.269021,1465000126.270553,1465000126.346000
274,1465000120.573000,1465000121.557286,1465000126.558779,1465000126.633000
275,1465000120.573000,1465000121.599217,1465000126.600826,1465000126.682000
276,1465000120.573000,1465000121.283019,1465000126.284992,1465000126.367000
277,1465000120.573000,1465000121.252630,1465000126.253813,1465000126.335000
278,1465000120.573000,1465000121.260093,1465000126.261454,1465000126.342000
279,1465000120.573000,1465000121.535212,1465000126.536855,1465000126.620000
280,1465000120.573000,1465000121.231166,1465000126.232494,1465000126.316000
281,1465000120.573000,1465000121.265844,1465000126.283023,1465000126.374000
282,1465000120.573000,1465000121.189575,1465000126.190931,1465000126.272000
283,1465000120.573000,1465000121.283792,1465000126.285537,1465000126.364000
284,1465000120.573000,1465000121.279351,1465000126.280542,1465000126.360000
285,1465000120.573000,1465000121.270526,1465000126.272291,1465000126.360000
286,1465000120.573000,1465000121.545216,1465000126.546662,1465000126.628000
287,1465000120.574000,1465000121.498907,1465000126.500488,1465000126.586000
288,1465000120.574000,0.000000,0.000000,0.000000
289,1465000120.574000,1465000121.489734,1465000126.491078,1465000126.580000
290,1465000120.574000,1465000121.272569,1465000126.274240,1465000126.356000
291,1465000120.576000,1465000121.256282,1465000126.257497,1465000126.332000
292,1465000120.578000,1465000121.277754,1465000126.279476,1465000126.354000
293,1465000120.577000,1465000121.247462,1465000126.265727,1465000126.342000
294,1465000120.586000,1465000121.194753,1465000126.196086,1465000126.289000
295,1465000120.586000,1465000121.220243,1465000126.221815,1465000126.306000
296,1465000120.600000,1465000121.497209,1465000126.498589,1465000126.581000
297,1465000120.600000,1465000121.273859,1465000126.275281,1465000126.345000
298,1465000120.600000,1465000121.274422,1465000126.276358,1465000126.364000
299,1465000120.602000,1465000121.382506,1465000126.383781,1465000126.459000
300,1465000120.603000,1465000121.249951,1465000126.251301,1465000126.340000
301,1465000120.603000,1465000121.210893,1465000126.212249,1465000126.305000
302,1465000120.603000,1465000121.492179,1465000126.493405,1465000126.576000
303,1465000120.603000,1465000121.193050,1465000126.194554,1465000126.278000
304,1465000120.603000,1465000121.545382,1465000126.546908,1465000126.622000
305,1465000120.603000,1465000121.255469,1465000126.256746,1465000126.336000
306,1465000120.603000,1465000121.243611,1465000126.244828,1465000126.327000
307,1465000120.603000,1465000121.221644,1465000126.223077,1465000126.311000
308,1465000120.603000,1465000121.285372,1465000126.286599,1465000126.365000
309,1465000120.603000,0.000000,0.000000,0.000000
310,1465000120.603000,1465000121.227954,1465000126.229440,1465000126.311000
311,1465000120.603000,1465000121.283161,1465000126.284662,1465000126.363000
312,1465000120.603000,1465000121.522755,1465000126.524443,1465000126.609000
313,1465000120.603000,1465000121.502059,1465000126.503411,1465000126.589000
314,1465000120.603000,1465000121.271726,1465000126.273216,1465000126.354000
315,1465000120.604000,1465000121.289777,1465000126.291351,1465000126.380000
316,1465000120.604000,1465000121.194654,1465000126.196296,1465000126.284000
317,1465000120.604000,1465000121.257384,1465000126.258570,1465000126.328000
318,1465000120.604000,1465000121.551255,1465000126.559919,1465000126.642000
319,1465000120.605000,1465000121.280540,1465000126.282145,1465000126.363000
320,1465000120.605000,1465000121.293222,1465000126.305348,1465000126.387000
321,1465000120.605000,1465000121.261221,1465000126.262741,1465000126.350000
322,1465000120.605000,1465000121.564138,1465000126.565585,1465000126.640000
323,1465000120.605000,1465000121.233309,1465000126.234954,1465000126.320000
324,1465000120.605000,1465000121.277123,1465000126.278692,1465000126.348000
325,1465000120.605000,1465000121.238900,1465000126.240508,1465000126.323000
326,1465000120.606000,1465000121.548866,1465000126.550261,1465000126.634000
327,1465000120.606000,1465000121.275759,1465000126.292814,1465000126.362000
328,1465000120.606000,1465000121.269864,1465000126.271110,1465000126.354000
329,1465000120.606000,1465000121.528763,1465000126.530095,1465000126.615000
330,1465000120.607000,1465000121.283583,1465000126.289125,1465000126.364000
331,1465000120.607000,1465000121.265747,1465000126.267056,1465000126.370000
332,1465000120.607000,1465000121.269750,1465000126.271232,1465000126.346000
333,1465000120.607000,1465000121.281760,1465000126.282957,1465000126.358000
334,1465000120.607000,1465000121.284585,1465000126.303602,1465000126.379000
335,1465000120.607000,1465000121.562169,1465000126.572942,1465000126.665000
336,1465000120.607000,1465000121.531798,1465000126.533175,1465000126.614000
337,1465000120.608000,1465000121.273807,1465000126.275057,1465000126.362000
338,1465000120.608000,1465000121.228814,1465000126.230046,1465000126.309000
339,1465000120.608000,1465000121.266631,1465000126.268262,1465000126.355000
340,1465000120.608000,1465000121.259654,1465000126.260871,1465000126.342000
341,1465000120.608000,1465000121.274420,1465000126.276031,1465000126.358000
342,1465000120.608000,1465000121.226143,1465000126.227445,1465000126.309000
343,1465000120.608000,1465000121.290444,1465000126.292121,1465000126.368000
344,1465000120.608000,1465000121.261797,1465000126.263344,1465000126.344000
345,1465000120.608000,1465000121.274543,1465000126.275788,1465000126.365000
346,1465000120.608000,1465000121.248781,1465000126.260613,1465000126.348000
347,1465000120.608000,1465000121.559786,1465000126.561122,1465000126.642000
348,1465000120.608000,1465000121.277590,1465000126.278946,1465000126.365000
349,1465000120.608000,1465000121.278497,1465000126.291819,1465000126.371000
350,1465000120.609000,1465000121.228375,1465000126.229923,1465000126.318000
351,1465000120.609000,1465000121.587272,1465000126.605342,1465000126.680000
352,1465000120.610000,1465000121.264137,1465000126.266079,1465000126.357000
353,1465000120.610000,1465000121.278331,1465000126.279804,1465000126.356000
354,1465000120.610000,1465000121.263497,1465000126.264799,1465000126.347000
355,1465000120.610000,1465000121.295719,1465000126.297324,1465000126.373000
356,1465000120.610000,1465000121.279211,1465000126.281226,1465000126.357000
357,1465000120.610000,1465000121.293867,1465000126.295282,1465000126.383000
358,1465000120.610000,1465000121.234848,1465000126.236111,1465000126.339000
359,1465000120.610000,1465000121.528611,1465000126.529851,1465000126.613000
360,1465000120.611000,1465000121.253474,1465000126.263325,1465000126.337000
361,1465000120.610000,1465000121.221983,1465000126.223375,1465000126.306000
362,1465000120.610000,1465000121.269504,1465000126.270766,1465000126.352000
363,1465000120.611000,1465000121.264905,1465000126.266940,1465000126.358000
364,1465000120.611000,1465000121.233879,1465000126.236240,1465000126.325000
365,1465000120.611000,1465000121.255985,1465000126.257733,1465000126.334000
366,1465000120.611000,1465000121.289836,1465000126.291412,1465000126.367000
367,1465000120.611000,1465000121.215717,1465000126.216975,1465000126.297000
368,1465000120.611000,1465000121.264166,1465000126.265669,1465000126.342000
369,1465000120.611000,1465000121.297339,1465000126.298618,1465000126.382000
370,1465000120.611000,1465000121.264340,1465000126.272765,1465000126.365000
371,1465000120.612000,1465000121.250819,1465000126.252239,1465000126.333000
372,1465000120.612000,1465000121.249680,1465000126.251359,1465000126.329000
373,1465000120.612000,1465000121.293077,1465000126.300641,1465000126.389000
374,1465000120.612000,1465000121.254984,1465000126.256349,1465000126.330000
375,1465000120.612000,1465000121.275618,1465000126.289212,1465000126.365000
376,1465000120.612000,1465000121.511318,1465000126.512812,1465000126.592000
377,1465000120.612000,1465000121.523702,1465000126.525120,1465000126.613000
378,1465000120.612000,1465000121.276212,1465000126.277520,1465000126.359000
379,1465000120.612000,1465000121.518556,1465000126.519773,1465000126.592000
380,1465000120.612000,1465000121.270609,1465000126.277420,1465000126.352000
381,1465000120.613000,1465000121.501895,1465000126.503275,1465000126.587000
382,1465000120.613000,1465000121.254567,1465000126.255813,1465000126.336000
383,1465000120.613000,1465000121.233843,1465000126.235586,1465000126.318000
384,1465000120.614000,1465000121.272860,1465000126.274555,1465000126.362000
385,1465000120.614000,1465000121.516406,1465000126.517932,1465000126.610000
386,1465000120.614000,1465000121.509695,1465000126.511094,1465000126.599000
387,1465000120.614000,1465000121.546511,1465000126.547908,1465000126.639000
388,1465000120.614000,1465000121.257883,1465000126.259703,1465000126.340000
389,1465000120.614000,1465000121.270213,1465000126.271584,1465000126.360000
390,1465000120.615000,1465000121.236910,1465000126.238156,1465000126.327000
391,1465000120.615000,1465000121.244074,1465000126.245422,1465000126.328000
392,1465000120.615000,1465000121.275442,1465000126.291476,1465000126.371000
393,1465000120.615000,1465000121.255919,1465000126.257242,1465000126.326000
394,1465000120.615000,1465000121.241431,1465000126.242844,1465000126.312000
395,1465000120.615000,1465000121.202476,1465000126.204540,1465000126.292000
396,1465000120.615000,1465000121.272569,1465000126.274005,1465000126.363000
397,1465000120.615000,1465000121.231702,1465000126.233025,1465000126.310000
398,1465000120.615000,1465000121.284240,1465000126.285992,1465000126.378000
399,1465000120.615000,1465000121.270410,1465000126.271976,1465000126.363000
400,1465000120.616000,1465000121.258906,1465000126.260143,1465000126.353000
401,1465000120.615000,1465000121.278351,1465000126.280052,1465000126.361000
402,1465000120.615000,1465000121.218614,1465000126.220246,1465000126.301000
403,1465000120.616000,1465000121.256688,1465000126.257921,1465000126.336000
404,1465000120.616000,1465000121.266383,1465000126.268439,1465000126.361000
405,1465000120.617000,1465000121.237587,1465000126.238934,1465000126.321000
406,1465000120.617000,1465000121.251576,1465000126.253128,1465000126.356000
407,1465000120.617000,1465000121.304873,1465000126.306110,1465000126.375000
408,1465000120.618000,1465000121.284141,1465000126.305233,1465000126.387000
409,1465000120.618000,1465000121.277259,1465000126.278868,1465000126.354000
410,1465000120.618000,1465000121.249167,1465000126.260212,1465000126.342000
411,1465000120.618000,1465000121.282469,1465000126.302560,1465000126.376000
412,1465000120.618000,1465000121.504705,1465000126.506207,1465000126.595000
413,1465000120.618000,1465000121.536830,1465000126.539231,1465000126.621000
414,1465000120.618000,1465000121.243007,1465000126.244382,1465000126.331000
415,1465000120.618000,1465000121.274161,1465000126.275513,1465000126.358000
416,1465000120.618000,1465000121.280343,1465000126.281731,1465000126.364000
417,1465000120.619000,1465000121.292985,1465000126.294152,1465000126.380000
418,1465000120.619000,1465000121.279778,1465000126.281306,1465000126.358000
419,1465000120.619000,1465000121.218325,1465000126.219770,1465000126.312000
420,1465000120.619000,1465000121.311333,1465000126.312988,1465000126.383000
421,1465000120.619000,1465000121.283656,1465000126.284865,1465000126.367000
422,1465000120.619000,1465000121.243619,1465000126.244879,1465000126.332000
423,1465000120.619000,1465000121.266462,1465000126.268016,1465000126.355000
424,1465000120.619000,1465000121.256526,1465000126.258592,1465000126.344000
425,1465000120.619000,1465000121.567239,1465000126.568558,1465000126.656000
426,1465000120.619000,1465000121.562616,1465000126.564042,1465000126.648000
427,1465000120.619000,1465000121.262160,1465000126.263416,1465000126.342000
428,1465000120.619000,1465000121.493172,1465000126.494545,1465000126.586000
429,1465000120.620000,1465000121.289624,1465000126.291276,1465000126.367000
430,1465000120.620000,1465000121.267197,1465000126.268806,1465000126.356000
431,1465000120.620000,1465000121.267340,1465000126.282936,1465000126.357000
432,1465000120.620000,1465000121.263948,1465000126.265930,1465000126.348000
433,1465000120.620000,1465000121.269630,1465000126.272421,1465000126.351000
434,1465000120.621000,1465000121.283777,1465000126.285970,1465000126.381000
435,1465000120.621000,1465000121.273330,1465000126.274519,1465000126.355000
436,1465000120.621000,1465000121.269553,1465000126.270834,1465000126.351000
437,1465000120.622000,1465000121.263324,1465000126.264877,1465000126.339000
438,1465000120.622000,1465000121.256065,1465000126.257968,1465000126.341000
439,1465000120.622000,1465000121.546655,1465000126.547932,1465000126.629000
440,1465000120.622000,1465000121.234323,1465000126.235805,1465000126.321000
441,1465000120.622000,1465000121.268873,1465000126.270416,1465000126.350000
442,1465000120.622000,1465000121.283239,1465000126.287592,1465000126.362000
443,1465000120.622000,1465000121.254006,1465000126.255204,1465000126.345000
444,1465000120.622000,1465000121.286209,1465000126.288360,1465000126.363000
445,1465000120.623000,1465000121.271245,1465000126.272771,1465000126.354000
446,1465000120.623000,1465000121.290813,1465000126.292153,1465000126.366000
447,1465000120.623000,1465000121.300727,1465000126.302066,1465000126.383000
448,1465000120.623000,1465000121.289070,1465000126.303456,1465000126.378000
449,1465000120.623000,1465000121.573799,1465000126.584349,1465000126.672000
450,1465000120.623000,1465000121.278276,1465000126.279793,1465000126.354000
451,1465000120.623000,1465000121.282277,1465000126.283596,1465000126.366000
452,1465000120.624000,1465000121.565669,1465000126.566973,1465000126.654000
453,1465000120.624000,1465000121.251328,1465000126.252624,1465000126.338000
454,1465000120.624000,1465000121.270786,1465000126.272014,1465000126.360000
455,1465000120.625000,1465000121.303689,1465000126.305063,1465000126.374000
456,1465000120.625000,1465000121.572495,1465000126.573985,1465000126.648000
457,1465000120.625000,1465000121.252206,1465000126.253767,1465000126.334000
458,1465000120.625000,1465000121.267993,1465000126.269604,1465000126.345000
459,1465000120.625000,1465000121.281600,1465000126.283504,1465000126.375000
460,1465000120.625000,1465000121.284872,1465000126.286748,1465000126.367000
461,1465000120.625000,1465000121.256634,1465000126.258352,1465000126.360000
462,1465000120.625000,1465000121.272095,1465000126.273439,1465000126.354000
463,1465000120.625000,1465000121.228700,1465000126.230585,1465000126.320000
464,1465000120.625000,1465000121.253083,1465000126.254408,1465000126.342000
465,1465000120.625000,1465000121.301578,1465000126.303196,1465000126.371000
466,1465000120.625000,1465000121.241308,1465000126.243048,1465000126.331000
467,1465000120.626000,1465000121.560329,1465000126.561643,1465000126.649000
468,1465000120.626000,1465000121.297513,1465000126.298745,1465000126.380000
469,1465000120.626000,1465000121.270367,1465000126.272053,1465000126.351000
470,1465000120.626000,1465000121.280651,1465000126.281974,1465000126.351000
471,1465000120.626000,1465000121.289927,1465000126.291169,1465000126.374000
472,1465000120.626000,1465000121.261587,1465000126.263036,1465000126.341000
473,1465000120.627000,1465000121.259981,1465000126.268499,1465000126.346000
474,1465000120.627000,1465000121.555173,1465000126.556368,1465000126.628000
475,1465000120.627000,1465000121.262640,1465000126.272836,1465000126.364000
476,1465000120.627000,1465000121.268470,1465000126.285167,1465000126.367000
477,1465000120.627000,1465000121.297333,1465000126.298626,1465000126.385000
478,1465000120.627000,1465000121.248430,1465000126.250143,1465000126.332000
479,1465000120.627000,1465000121.297747,1465000126.298966,1465000126.368000
480,1465000120.627000,1465000121.278831,1465000126.280083,1465000126.361000
481,1465000120.628000,1465000121.281536,1465000126.283795,1465000126.357000
482,1465000120.628000,1465000121.267966,1465000126.269970,1465000126.353000
483,1465000120.628000,1465000121.272240,1465000126.291150,1465000126.370000
484,1465000120.628000,1465000121.261493,1465000126.262816,1465000126.345000
485,1465000120.628000,1465000121.262895,1465000126.264257,1465000126.351000
486,1465000120.628000,1465000121.290753,1465000126.292301,1465000126.374000
487,1465000120.628000,1465000121.261619,1465000126.263503,1465000126.338000
488,1465000120.629000,1465000121.241597,1465000126.243148,1465000126.331000
489,1465000120.629000,1465000121.267484,1465000126.269118,1465000126.358000
490,1465000120.629000,1465000121.296153,1465000126.297856,1465000126.368000
491,1465000120.629000,1465000121.289995,1465000126.291255,1465000126.383000
492,1465000120.629000,1465000121.237245,1465000126.238424,1465000126.321000
493,1465000120.629000,1465000121.291073,1465000126.292413,1465000126.378000
494,1465000120.629000,1465000121.290608,1465000126.292927,1465000126.370000
495,1465000120.629000,1465000121.374304,1465000126.378621,1465000126.447000
496,1465000120.629000,1465000121.271844,1465000126.277148,1465000126.359000
497,1465000120.629000,1465000121.273325,1465000126.276516,1465000126.355000
498,1465000120.629000,1465000121.336412,1465000126.337735,1465000126.406000
499,1465000120.629000,1465000121.298516,1465000126.299763,1465000126.376000
500,1465000120.629000,1465000121.252412,1465000126.253684,1465000126.342000
501,1465000120.629000,1465000121.279559,1465000126.280847,1465000126.369000
502,1465000120.630000,1465000121.412203,1465000126.413345,1465000126.485000
503,1465000120.630000,1465000121.364855,1465000126.377073,1465000126.452000
504,1465000120.630000,1465000121.304521,1465000126.305939,1465000126.389000
505,1465000120.630000,1465000121.290555,1465000126.292120,1465000126.367000
506,1465000120.630000,1465000121.524029,1465000126.525561,1465000126.610000
507,1465000120.630000,1465000121.239370,1465000126.241224,1465000126.324000
508,1465000120.630000,1465000121.407788,1465000126.409196,1465000126.496000
509,1465000120.630000,1465000121.289336,1465000126.290852,1465000126.368000
510,1465000120.630000,1465000121.291612,1465000126.293289,1465000126.370000
511,1465000120.630000,1465000121.381286,1465000126.382630,1465000126.478000
512,1465000120.630000,1465000121.272551,1465000126.273920,1465000126.343000
513,1465000120.630000,1465000121.282000,1465000126.283268,1465000126.366000
514,1465000120.630000,1465000121.323036,1465000126.324763,1465000126.394000
515,1465000120.630000,1465000121.292594,1465000126.293975,1465000126.375000
516,1465000120.630000,1465000121.291684,1465000126.293049,1465000126.381000
517,1465000120.630000,1465000121.400024,1465000126.417110,1465000126.492000
518,1465000120.630000,1465000121.423212,1465000126.424728,1465000126.513000
519,1465000120.630000,1465000121.432425,1465000126.440611,1465000126.528000
520,1465000120.630000,1465000121.352510,1465000126.356989,1465000126.445000
521,1465000120.630000,1465000121.524207,1465000126.525404,1465000126.594000
522,1465000120.630000,1465000121.269346,1465000126.272869,1465000126.349000
523,1465000120.630000,1465000121.279774,1465000126.283381,1465000126.375000
524,1465000120.630000,1465000121.269508,1465000126.271005,1465000126.362000
525,1465000120.630000,1465000121.701878,1465000126.703131,1465000126.785000
526,1465000120.630000,1465000121.276749,1465000126.278238,1465000126.360000
527,1465000120.630000,1465000121.231412,1465000126.232634,1465000126.324000
528,1465000120.630000,1465000121.379736,1465000126.381241,1465000126.463000
529,1465000120.630000,1465000121.355373,1465000126.356589,1465000126.424000
530,1465000120.630000,1465000121.255658,1465000126.257199,1465000126.360000
531,1465000120.631000,1465000121.353568,1465000126.354989,1465000126.438000
532,1465000120.631000,1465000121.285495,1465000126.287348,1465000126.363000
533,1465000120.631000,1465000121.402054,1465000126.403368,1465000126.506000
534,1465000120.631000,1465000121.265939,1465000126.284099,1465000126.358000
535,1465000120.631000,1465000121.354888,1465000126.356276,1465000126.445000
536,1465000120.631000,1465000121.278092,1465000126.292513,1465000126.396000
537,1465000120.631000,1465000121.351720,1465000126.369266,1465000126.445000
538,1465000120.631000,1465000121.287338,1465000126.288780,1465000126.377000
539,1465000120.631000,1465000121.296673,1465000126.298197,1465000126.374000
540,1465000120.631000,1465000121.296089,1465000126.297449,1465000126.380000
541,1465000120.631000,1465000121.283411,1465000126.300172,1465000126.382000
542,1465000120.631000,1465000121.387617,1465000126.388911,1465000126.461000
543,1465000120.631000,1465000121.287505,1465000126.288832,1465000126.370000
544,1465000120.631000,1465000121.315364,1465000126.316687,1465000126.409000
545,1465000120.631000,1465000121.323650,1465000126.324947,1465000126.408000
546,1465000120.631000,1465000121.340516,1465000126.341760,1465000126.413000
547,1465000120.631000,1465000121.713022,1465000126.714278,1465000126.803000
548,1465000120.631000,1465000121.305098,1465000126.306331,1465000126.395000
549,1465000120.631000,1465000121.291400,1465000126.292788,1465000126.382000
550,1465000120.631000,1465000121.371615,1465000126.372871,1465000126.459000
551,1465000120.631000,1465000121.434210,1465000126.435496,1465000126.517000
552,1465000120.631000,1465000121.322754,1465000126.324409,1465000126.394000
553,1465000120.631000,1465000121.369424,1465000126.370736,1465000126.448000
554,1465000120.631000,1465000121.368619,1465000126.369878,1465000126.453000
555,1465000120.631000,1465000121.295127,1465000126.296539,1465000126.383000
556,1465000120.631000,1465000121.293815,1465000126.305832,1465000126.383000
557,1465000120.631000,1465000121.397638,1465000126.399121,1465000126.482000
558,1465000120.631000,1465000121.420704,1465000126.422191,1465000126.514000
559,1465000120.631000,1465000121.281540,1465000126.282873,1465000126.360000
560,1465000120.631000,1465000121.352230,1465000126.353648,1465000126.436000
561,1465000120.632000,1465000121.313895,1465000126.315338,1465000126.387000
562,1465000120.632000,1465000121.362519,1465000126.363817,1465000126.453000
563,1465000120.632000,1465000121.285229,1465000126.295173,1465000126.383000
564,1465000120.632000,1465000121.281275,1465000126.301443,1465000126.382000
565,1465000120.632000,1465000121.266470,1465000126.268005,1465000126.355000
566,1465000120.632000,1465000121.233590,1465000126.236974,1465000126.320000
567,1465000120.632000,1465000121.253224,1465000126.254608,1465000126.358000
568,1465000120.632000,1465000121.263727,1465000126.265938,1465000126.347000
569,1465000120.632000,1465000121.274174,1465000126.276034,1465000126.351000
570,1465000120.632000,1465000121.340310,1465000126.341601,1465000126.409000
571,1465000120.632000,1465000121.280524,1465000126.282125,1465000126.363000
572,1465000120.632000,1465000121.243866,1465000126.245223,1465000126.331000
573,1465000120.632000,1465000121.276824,1465000126.297021,1465000126.371000
574,1465000120.632000,1465000121.280000,1465000126.281498,1465000126.385000
575,1465000120.632000,1465000121.308381,1465000126.309757,1465000126.384000
576,1465000120.632000,1465000121.693284,1465000126.694476,1465000126.766000
577,1465000120.632000,1465000121.251043,1465000126.252248,1465000126.340000
578,1465000120.632000,1465000121.298860,1465000126.300279,1465000126.377000
579,1465000120.632000,1465000121.628762,1465000126.630287,1465000126.723000
580,1465000120.632000,1465000121.296584,1465000126.297874,1465000126.373000
581,1465000120.632000,1465000121.274354,1465000126.282338,1465000126.368000
582,1465000120.632000,1465000121.241036,1465000126.251492,1465000126.345000
583,1465000120.632000,1465000121.274652,1465000126.276142,1465000126.359000
584,1465000120.632000,1465000121.268015,1465000126.269711,1465000126.351000
585,1465000120.632000,1465000121.395027,1465000126.396235,1465000126.468000
586,1465000120.632000,1465000121.336778,1465000126.338140,1465000126.426000
587,1465000120.632000,1465000121.300369,1465000126.301700,1465000126.376000
588,1465000120.633000,1465000121.687263,1465000126.688838,1465000126.763000
589,1465000120.633000,1465000121.259028,1465000126.260165,1465000126.363000
590,1465000120.633000,1465000121.250533,1465000126.252055,1465000126.355000
591,1465000120.633000,1465000121.720551,1465000126.721784,1465000126.797000
592,1465000120.633000,1465000121.436940,1465000126.438548,1465000126.534000
593,1465000120.633000,1465000121.399776,1465000126.401404,1465000126.491000
594,1465000120.633000,0.000000,0.000000,0.000000
595,1465000120.633000,1465000121.323671,1465000126.324949,1465000126.400000
596,1465000120.633000,1465000121.285726,1465000126.287266,1465000126.363000
597,1465000120.633000,1465000121.370825,1465000126.372179,1465000126.454000
598,1465000120.633000,1465000121.276191,1465000126.292806,1465000126.385000
599,1465000120.633000,1465000121.424847,1465000126.426043,1465000126.497000
600,1465000120.633000,1465000121.345090,1465000126.346513,1465000126.421000
601,1465000120.633000,1465000121.268382,1465000126.269698,1465000126.357000
602,1465000120.633000,1465000121.435293,1465000126.436554,1465000126.513000
603,1465000120.633000,1465000121.301401,1465000126.303102,1465000126.384000
604,1465000120.633000,1465000121.318815,1465000126.320226,1465000126.401000
605,1465000120.633000,1465000121.310696,1465000126.311988,1465000126.386000
606,1465000120.633000,1465000121.300666,1465000126.302014,1465000126.383000
607,1465000120.633000,1465000121.264353,1465000126.265782,1465000126.371000
608,1465000120.633000,1465000121.269588,1465000126.280657,1465000126.368000
609,1465000120.633000,1465000121.365966,1465000126.367630,1465000126.437000
610,1465000120.633000,1465000121.329998,1465000126.331300,1465000126.405000
611,1465000120.633000,1465000121.703007,1465000126.704410,1465000126.794000
612,1465000120.633000,1465000121.431232,1465000126.432544,1465000126.525000
613,1465000120.633000,1465000121.312450,1465000126.322644,1465000126.396000
614,1465000120.633000,1465000121.246378,1465000126.247657,1465000126.336000
615,1465000120.633000,1465000121.283135,1465000126.285184,1465000126.380000
616,1465000120.633000,1465000121.455448,1465000126.456637,1465000126.535000
617,1465000120.633000,1465000121.305769,1465000126.307132,1465000126.376000
618,1465000120.633000,1465000121.730828,1465000126.732835,1465000126.819000
619,1465000120.634000,1465000121.310933,1465000126.312297,1465000126.388000
620,1465000120.634000,1465000121.717946,1465000126.719325,1465000126.800000
621,1465000120.634000,1465000121.456051,1465000126.466175,1465000126.541000
622,1465000120.634000,1465000121.305291,1465000126.306810,1465000126.382000
623,1465000120.634000,1465000121.279661,1465000126.281008,1465000126.364000
624,1465000120.634000,1465000121.270424,1465000126.271878,1465000126.359000
625,1465000120.634000,1465000121.663355,1465000126.665065,1465000126.758000
626,1465000120.634000,1465000121.267591,1465000126.269910,1465000126.353000
627,1465000120.634000,1465000121.340263,1465000126.341722,1465000126.427000
628,1465000120.634000,1465000121.315344,1465000126.316564,1465000126.385000
629,1465000120.634000,1465000121.283297,1465000126.284561,1465000126.376000
630,1465000120.634000,1465000121.254679,1465000126.255952,1465000126.348000
631,1465000120.634000,1465000121.674915,1465000126.676217,1465000126.755000
632,1465000120.634000,1465000121.341961,1465000126.343137,1465000126.424000
633,1465000120.634000,1465000121.410414,1465000126.411608,1465000126.487000
634,1465000120.634000,1465000121.311501,1465000126.312841,1465000126.381000
635,1465000120.634000,1465000121.376752,1465000126.378277,1465000126.466000
636,1465000120.634000,1465000121.302835,1465000126.304093,1465000126.385000
637,1465000120.634000,1465000121.349515,1465000126.355615,1465000126.451000
638,1465000120.634000,1465000121.440440,1465000126.441961,1465000126.525000
639,1465000120.634000,1465000121.276161,1465000126.295026,1465000126.378000
640,1465000120.634000,1465000121.417538,1465000126.418858,1465000126.496000
641,1465000120.634000,1465000121.321985,1465000126.323300,1465000126.404000
642,1465000120.634000,1465000121.308665,1465000126.310153,1465000126.377000
643,1465000120.634000,1465000121.301187,1465000126.302649,1465000126.385000
644,1465000120.634000,1465000121.284188,1465000126.285389,1465000126.389000
645,1465000120.634000,1465000121.332528,1465000126.343474,1465000126.418000
646,1465000120.635000,1465000121.450406,1465000126.451762,1465000126.532000
647,1465000120.635000,1465000121.301542,1465000126.302850,1465000126.372000
648,1465000120.635000,1465000121.318540,1465000126.322234,1465000126.413000
649,1465000120.635000,1465000121.730863,1465000126.732041,1465000126.807000
650,1465000120.635000,1465000121.300981,1465000126.302228,1465000126.391000
651,1465000120.635000,1465000121.725033,1465000126.726190,1465000126.800000
652,1465000120.635000,1465000121.259815,1465000126.261071,1465000126.349000
653,1465000120.635000,1465000121.334324,1465000126.335577,1465000126.424000
654,1465000120.635000,1465000121.704257,1465000126.706126,1465000126.799000
655,1465000120.635000,1465000121.391919,1465000126.393234,1465000126.486000
656,1465000120.635000,1465000121.361750,1465000126.363096,1465000126.438000
657,1465000120.635000,1465000121.739983,1465000126.741354,1465000126.822000
658,1465000120.635000,1465000121.368452,1465000126.369836,1465000126.445000
659,1465000120.635000,1465000121.337579,1465000126.338885,1465000126.411000
660,1465000120.635000,1465000121.285088,1465000126.286438,1465000126.368000
661,1465000120.635000,1465000121.428807,1465000126.430168,1465000126.522000
662,1465000120.635000,1465000121.228394,1465000126.230585,1465000126.320000
663,1465000120.635000,1465000121.297111,1465000126.298398,1465000126.387000
664,1465000120.636000,1465000121.283493,1465000126.285029,1465000126.377000
665,1465000120.636000,1465000121.243359,1465000126.244643,1465000126.347000
666,1465000120.636000,1465000121.292993,1465000126.294292,1465000126.369000
667,1465000120.636000,1465000121.255049,1465000126.256385,1465000126.339000
668,1465000120.636000,1465000121.282162,1465000126.283522,1465000126.371000
669,1465000120.636000,1465000121.273141,1465000126.275057,1465000126.358000
670,1465000120.636000,1465000121.286834,1465000126.288057,1465000126.358000
671,1465000120.636000,1465000121.263471,1465000126.276507,1465000126.364000
672,1465000120.636000,1465000121.379476,1465000126.380723,1465000126.461000
673,1465000120.636000,1465000121.281758,1465000126.283103,1465000126.386000
674,1465000120.636000,1465000121.266867,1465000126.269425,1465000126.363000
675,1465000120.636000,1465000121.293899,1465000126.295798,1465000126.372000
676,1465000120.636000,1465000121.287780,1465000126.289029,1465000126.376000
677,1465000120.636000,1465000121.295693,1465000126.297041,1465000126.378000
678,1465000120.636000,1465000121.280913,1465000126.282399,1465000126.359000
679,1465000120.636000,1465000121.258772,1465000126.260264,1465000126.347000
680,1465000120.636000,1465000121.266989,1465000126.283199,1465000126.357000
681,1465000120.636000,1465000121.331969,1465000126.333341,1465000126.415000
682,1465000120.636000,1465000121.273766,1465000126.275315,1465000126.357000
683,1465000120.636000,1465000121.285485,1465000126.286875,1465000126.378000
684,1465000120.636000,1465000121.311466,1465000126.312863,1465000126.402000
685,1465000120.636000,1465000121.385129,1465000126.386909,1465000126.462000
686,1465000120.636000,1465000121.288760,1465000126.295694,1465000126.383000
687,1465000120.636000,1465000121.381987,1465000126.383276,1465000126.470000
688,1465000120.636000,1465000121.706764,1465000126.708035,1465000126.797000
689,1465000120.636000,1465000121.315155,1465000126.316509,1465000126.392000
690,1465000120.636000,1465000121.288316,1465000126.289920,1465000126.370000
691,1465000120.636000,1465000121.302137,1465000126.303421,1465000126.386000
692,1465000120.636000,1465000121.448586,1465000126.450009,1465000126.533000
693,1465000120.637000,1465000121.674631,1465000126.676002,1465000126.759000
694,1465000120.637000,1465000121.350408,1465000126.351759,1465000126.429000
695,1465000120.637000,1465000121.257255,1465000126.260467,1465000126.342000
696,1465000120.637000,1465000121.386014,1465000126.387248,1465000126.473000
697,1465000120.637000,1465000121.439741,1465000126.441150,1465000126.533000
698,1465000120.637000,1465000121.286405,1465000126.287710,1465000126.377000
699,1465000120.637000,1465000121.357926,1465000126.359264,1465000126.438000
700,1465000120.637000,1465000121.309274,1465000126.310522,1465000126.386000
701,1465000120.637000,1465000121.317481,1465000126.328296,1465000126.406000
702,1465000120.637000,1465000121.439393,1465000126.440843,1465000126.526000
703,1465000120.637000,0.000000,0.000000,0.000000
704,1465000120.637000,1465000121.681433,1465000126.682700,1465000126.754000
705,1465000120.637000,1465000121.284466,1465000126.285752,1465000126.373000
706,1465000120.637000,1465000121.358073,1465000126.359372,1465000126.435000
707,1465000120.637000,1465000121.300864,1465000126.302309,1465000126.394000
708,1465000120.637000,1465000121.273301,1465000126.275917,1465000126.355000
709,1465000120.637000,1465000121.269015,1465000126.270437,1465000126.362000
710,1465000120.637000,1465000121.368315,1465000126.369882,1465000126.451000
711,1465000120.637000,1465000121.292874,1465000126.294131,1465000126.381000
712,1465000120.637000,1465000121.434909,1465000126.436124,1465000126.525000
713,1465000120.637000,1465000121.284033,1465000126.285974,1465000126.367000
714,1465000120.637000,1465000121.429512,1465000126.431043,1465000126.515000
715,1465000120.637000,1465000121.361158,1465000126.362354,1465000126.441000
716,1465000120.637000,1465000121.460067,1465000126.461332,1465000126.536000
717,1465000120.637000,1465000121.392547,1465000126.393769,1465000126.475000
718,1465000120.637000,1465000121.254096,1465000126.255900,1465000126.337000
719,1465000120.637000,1465000121.358237,1465000126.364388,1465000126.445000
720,1465000120.637000,1465000121.729023,1465000126.730667,1465000126.813000
721,1465000120.637000,1465000121.289060,1465000126.302128,1465000126.382000
722,1465000120.637000,1465000121.272821,1465000126.285718,1465000126.367000
723,1465000120.637000,1465000121.709457,1465000126.710716,1465000126.789000
724,1465000120.638000,1465000121.249668,1465000126.251150,1465000126.334000
725,1465000120.638000,1465000121.342720,1465000126.343943,1465000126.447000
726,1465000120.638000,1465000121.278552,1465000126.280447,1465000126.356000
727,1465000120.638000,1465000121.360272,1465000126.361477,1465000126.429000
728,1465000120.638000,1465000121.389247,1465000126.390651,1465000126.465000
729,1465000120.638000,1465000121.431957,1465000126.433764,1465000126.517000
730,1465000120.638000,1465000121.439812,1465000126.441384,1465000126.537000
731,1465000120.638000,1465000121.273253,1465000126.274561,1465000126.366000
732,1465000120.638000,1465000121.314881,1465000126.316223,1465000126.391000
733,1465000120.638000,1465000121.421472,1465000126.440228,1465000126.529000
734,1465000120.638000,1465000121.429893,1465000126.431098,1465000126.520000
735,1465000120.638000,1465000121.291609,1465000126.292890,1465000126.374000
736,1465000120.638000,1465000121.346375,1465000126.362191,1465000126.453000
737,1465000120.638000,1465000121.442384,1465000126.443819,1465000126.533000
738,1465000120.638000,1465000121.293999,1465000126.306353,1465000126.388000
739,1465000120.638000,1465000121.292025,1465000126.293420,1465000126.370000
740,1465000120.638000,1465000121.377122,1465000126.378445,1465000126.461000
741,1465000120.638000,1465000121.279328,1465000126.293143,1465000126.385000
742,1465000120.638000,1465000121.334798,1465000126.336086,1465000126.419000
743,1465000120.638000,1465000121.390265,1465000126.391484,1465000126.477000
744,1465000120.638000,1465000121.306390,1465000126.307729,1465000126.398000
745,1465000120.638000,1465000121.285676,1465000126.287145,1465000126.368000
746,1465000120.638000,1465000121.421073,1465000126.422277,1465000126.497000
747,1465000120.638000,1465000121.310801,1465000126.312334,1465000126.382000
748,1465000120.638000,1465000121.311134,1465000126.312445,1465000126.388000
749,1465000120.638000,1465000121.750687,1465000126.751977,1465000126.831000
750,1465000120.638000,1465000121.333278,1465000126.334592,1465000126.429000
751,1465000120.638000,1465000121.696776,1465000126.698091,1465000126.781000
752,1465000120.639000,1465000121.451324,1465000126.452661,1465000126.537000
753,1465000120.639000,1465000121.373576,1465000126.375132,1465000126.443000
754,1465000120.639000,1465000121.283403,1465000126.285211,1465000126.360000
755,1465000120.639000,1465000121.293640,1465000126.295098,1465000126.384000
756,1465000120.639000,1465000121.304938,1465000126.306361,1465000126.382000
757,1465000120.639000,1465000121.324261,1465000126.325620,1465000126.412000
758,1465000120.639000,1465000121.710773,1465000126.712753,1465000126.797000
759,1465000120.641000,1465000121.347254,1465000126.348529,1465000126.436000
760,1465000120.642000,1465000121.736982,1465000126.741159,1465000126.822000
761,1465000120.645000,1465000121.422263,1465000126.428305,1465000126.511000
762,1465000120.649000,1465000121.435294,1465000126.436754,1465000126.516000
763,1465000120.681000,1465000121.709224,1465000126.711379,1465000126.793000
764,1465000120.686000,1465000121.271725,1465000126.272953,1465000126.375000
765,1465000120.686000,1465000121.328709,1465000126.330064,1465000126.425000
766,1465000120.688000,1465000121.445289,1465000126.446767,1465000126.527000
767,1465000120.688000,1465000121.353160,1465000126.354384,1465000126.450000
768,1465000120.689000,1465000121.288934,1465000126.290282,1465000126.383000
769,1465000120.689000,1465000121.308547,1465000126.309887,1465000126.397000
770,1465000120.689000,1465000121.677848,1465000126.679086,1465000126.760000
771,1465000120.689000,1465000121.448376,1465000126.449867,1465000126.524000
772,1465000120.689000,1465000121.701798,1465000126.703017,1465000126.774000
773,1465000120.689000,1465000121.362715,1465000126.368467,1465000126.452000
774,1465000120.689000,1465000121.301572,1465000126.320182,1465000126.401000
775,1465000120.689000,1465000121.455694,1465000126.456942,1465000126.532000
776,1465000120.689000,1465000121.429410,1465000126.430695,1465000126.512000
777,1465000120.689000,1465000121.358525,1465000126.359749,1465000126.433000
778,1465000120.689000,1465000121.337391,1465000126.338604,1465000126.433000
779,1465000120.690000,1465000121.426099,1465000126.427857,1465000126.523000
780,1465000120.690000,1465000121.321309,1465000126.322638,1465000126.396000
781,1465000120.690000,1465000121.439622,1465000126.441185,1465000126.516000
782,1465000120.690000,1465000121.401607,1465000126.402927,1465000126.477000
783,1465000120.690000,1465000121.358908,1465000126.360315,1465000126.441000
784,1465000120.690000,1465000121.308258,1465000126.309572,1465000126.397000
785,1465000120.690000,1465000121.748783,1465000126.765324,1465000126.840000
786,1465000120.690000,1465000121.286843,1465000126.288137,1465000126.383000
787,1465000120.690000,1465000121.402505,1465000126.419962,1465000126.509000
788,1465000120.690000,1465000121.361638,1465000126.362940,1465000126.446000
789,1465000120.690000,1465000121.424660,1465000126.425952,1465000126.515000
790,1465000120.690000,1465000121.377605,1465000126.379053,1465000126.467000
791,1465000120.690000,1465000121.394147,1465000126.395505,1465000126.491000
792,1465000120.690000,1465000121.713129,1465000126.715747,1465000126.797000
793,1465000120.690000,1465000121.339469,1465000126.342369,1465000126.429000
794,1465000120.690000,1465000121.405299,1465000126.406671,1465000126.489000
795,1465000120.691000,1465000121.750579,1465000126.751947,1465000126.826000
796,1465000120.691000,1465000121.385618,1465000126.386986,1465000126.476000
797,1465000120.691000,1465000121.357239,1465000126.358543,1465000126.454000
798,1465000120.691000,1465000121.318219,1465000126.319528,1465000126.394000
799,1465000120.691000,1465000121.457658,1465000126.458940,1465000126.530000
800,1465000120.691000,1465000121.348308,1465000126.349662,1465000126.438000
801,1465000120.691000,1465000121.442695,1465000126.444392,1465000126.530000
802,1465000120.691000,1465000121.459153,1465000126.460349,1465000126.529000
803,1465000120.692000,1465000121.398700,1465000126.400333,1465000126.503000
804,1465000120.692000,1465000121.356541,1465000126.357766,1465000126.441000
805,1465000120.692000,1465000121.559953,1465000126.561229,1465000126.640000
806,1465000120.692000,1465000121.394147,1465000126.395429,1465000126.484000
807,1465000120.693000,1465000121.379958,1465000126.381660,1465000126.474000
808,1465000120.693000,1465000121.334096,1465000126.335329,1465000126.438000
809,1465000120.693000,1465000121.449967,1465000126.451434,1465000126.534000
810,1465000120.693000,1465000121.409083,1465000126.410585,1465000126.486000
811,1465000120.693000,1465000121.342072,1465000126.343382,1465000126.425000
812,1465000120.693000,1465000121.443029,1465000126.444569,1465000126.527000
813,1465000120.693000,1465000121.446804,1465000126.448216,1465000126.531000
814,1465000120.693000,1465000121.682720,1465000126.683874,1465000126.756000
815,1465000120.694000,1465000121.360921,1465000126.362309,1465000126.445000
816,1465000120.693000,1465000121.327764,1465000126.329018,1465000126.432000
817,1465000120.693000,1465000121.382494,1465000126.383784,1465000126.465000
818,1465000120.694000,0.000000,0.000000,0.000000
819,1465000120.695000,1465000121.697184,1465000126.698390,1465000126.770000
820,1465000120.695000,1465000121.363566,1465000126.364936,1465000126.448000
821,1465000120.695000,1465000121.678633,1465000126.679951,1465000126.755000
822,1465000120.695000,1465000121.390476,1465000126.391712,1465000126.480000
823,1465000120.695000,1465000121.375671,1465000126.376908,1465000126.445000
824,1465000120.695000,1465000121.318844,1465000126.320172,1465000126.407000
825,1465000120.695000,1465000121.398945,1465000126.400329,1465000126.481000
826,1465000120.695000,1465000121.421113,1465000126.422397,1465000126.517000
827,1465000120.695000,1465000121.730577,1465000126.732065,1465000126.814000
828,1465000120.696000,1465000121.413150,1465000126.414436,1465000126.504000
829,1465000120.696000,1465000121.406674,1465000126.408171,1465000126.496000
830,1465000120.696000,1465000121.441323,1465000126.442983,1465000126.526000
831,1465000120.696000,1465000121.365699,1465000126.372801,1465000126.442000
832,1465000120.696000,1465000121.375948,1465000126.377152,1465000126.460000
833,1465000120.696000,1465000121.319668,1465000126.321070,1465000126.423000
834,1465000120.696000,1465000121.409556,1465000126.422419,1465000126.508000
835,1465000120.696000,1465000121.404777,1465000126.406256,1465000126.480000
836,1465000120.697000,1465000121.443138,1465000126.444814,1465000126.534000
837,1465000120.698000,1465000121.373161,1465000126.374606,1465000126.458000
838,1465000120.698000,1465000121.441466,1465000126.442676,1465000126.532000
839,1465000120.698000,1465000121.738600,1465000126.739985,1465000126.815000
840,1465000120.698000,1465000121.694910,1465000126.696185,1465000126.778000
841,1465000120.698000,1465000121.427191,1465000126.429204,1465000126.513000
842,1465000120.698000,1465000121.342055,1465000126.343369,1465000126.417000
843,1465000120.698000,1465000121.423812,1465000126.425461,1465000126.509000
844,1465000120.699000,1465000121.437242,1465000126.448927,1465000126.541000
845,1465000120.699000,1465000121.370800,1465000126.372079,1465000126.459000
846,1465000120.699000,1465000121.391966,1465000126.393250,1465000126.467000
847,1465000120.699000,1465000121.297185,1465000126.298396,1465000126.386000
848,1465000120.700000,1465000121.437189,1465000126.438610,1465000126.522000
849,1465000120.700000,1465000121.428919,1465000126.430242,1465000126.507000
850,1465000120.700000,1465000121.389874,1465000126.391153,1465000126.467000
851,1465000120.700000,0.000000,0.000000,0.000000
852,1465000120.700000,1465000121.346798,1465000126.348779,1465000126.440000
853,1465000120.700000,1465000121.387572,1465000126.389289,1465000126.457000
854,1465000120.700000,1465000121.360849,1465000126.362159,1465000126.444000
855,1465000120.700000,1465000121.731281,1465000126.732646,1465000126.808000
856,1465000120.700000,1465000121.434870,1465000126.436076,1465000126.522000
857,1465000120.701000,1465000121.397113,1465000126.398364,1465000126.474000
858,1465000120.701000,1465000121.444728,1465000126.446255,1465000126.529000
859,1465000120.701000,1465000121.413213,1465000126.414503,1465000126.495000
860,1465000120.701000,1465000121.387715,1465000126.389877,1465000126.458000
861,1465000120.701000,1465000121.348781,1465000126.350221,1465000126.441000
862,1465000120.701000,1465000121.432275,1465000126.433819,1465000126.513000
863,1465000120.701000,1465000121.431252,1465000126.432839,1465000126.516000
864,1465000120.701000,1465000121.428799,1465000126.430124,1465000126.519000
865,1465000120.701000,1465000121.386517,1465000126.387958,1465000126.471000
866,1465000120.701000,1465000121.435216,1465000126.436389,1465000126.508000
867,1465000120.701000,1465000121.401012,1465000126.416575,1465000126.504000
868,1465000120.701000,1465000121.405553,1465000126.406872,1465000126.495000
869,1465000120.702000,1465000121.425478,1465000126.426698,1465000126.516000
870,1465000120.702000,1465000121.350729,1465000126.356566,1465000126.443000
871,1465000120.702000,1465000121.420634,1465000126.422076,1465000126.511000
872,1465000120.702000,1465000121.363155,1465000126.364551,1465000126.446000
873,1465000120.702000,1465000121.714035,1465000126.715400,1465000126.799000
874,1465000120.702000,1465000121.734889,1465000126.739571,1465000126.821000
875,1465000120.703000,1465000121.407109,1465000126.408396,1465000126.498000
876,1465000120.703000,1465000121.410063,1465000126.411400,1465000126.492000
877,1465000120.703000,1465000121.387039,1465000126.398609,1465000126.467000
878,1465000120.703000,1465000121.368576,1465000126.375166,1465000126.463000
879,1465000120.704000,1465000121.412022,1465000126.413327,1465000126.509000
880,1465000120.704000,1465000121.395792,1465000126.396999,1465000126.483000
881,1465000120.704000,1465000121.449237,1465000126.450743,1465000126.531000
882,1465000120.704000,1465000121.683898,1465000126.685454,1465000126.777000
883,1465000120.704000,1465000121.452311,1465000126.453695,1465000126.543000
884,1465000120.704000,1465000121.431408,1465000126.440200,1465000126.529000
885,1465000120.704000,1465000121.731843,1465000126.733280,1465000126.821000
886,1465000120.705000,1465000121.434861,1465000126.436159,1465000126.510000
887,1465000120.704000,1465000121.408220,1465000126.409887,1465000126.486000
888,1465000120.705000,1465000121.446760,1465000126.448490,1465000126.524000
889,1465000120.705000,1465000121.412166,1465000126.413717,1465000126.496000
890,1465000120.705000,1465000121.448209,1465000126.451039,1465000126.536000
891,1465000120.705000,1465000121.680829,1465000126.682107,1465000126.774000
892,1465000120.705000,1465000121.354964,1465000126.356265,1465000126.447000
893,1465000120.705000,1465000121.412501,1465000126.413781,1465000126.495000
894,1465000120.706000,1465000121.428147,1465000126.429391,1465000126.516000
895,1465000120.706000,1465000121.442841,1465000126.444697,1465000126.532000
896,1465000120.706000,1465000121.444711,1465000126.445977,1465000126.528000
897,1465000120.706000,1465000121.365570,1465000126.366872,1465000126.462000
898,1465000120.706000,1465000121.375990,1465000126.377288,1465000126.473000
899,1465000120.706000,1465000121.440607,1465000126.442035,1465000126.528000
900,1465000120.706000,1465000121.725815,1465000126.727273,1465000126.812000
901,1465000120.707000,1465000121.421409,1465000126.422748,1465000126.509000
902,1465000120.708000,1465000121.446983,1465000126.448375,1465000126.527000
903,1465000120.708000,1465000121.673600,1465000126.674821,1465000126.767000
904,1465000120.708000,1465000121.428106,1465000126.429485,1465000126.519000
905,1465000120.708000,1465000121.687102,1465000126.688400,1465000126.776000
906,1465000120.708000,1465000121.362230,1465000126.363669,1465000126.433000
907,1465000120.709000,1465000121.407526,1465000126.408752,1465000126.503000
908,1465000120.709000,1465000121.707573,1465000126.709115,1465000126.790000
909,1465000120.709000,1465000121.415438,1465000126.416716,1465000126.492000
910,1465000120.709000,1465000121.702929,1465000126.704632,1465000126.792000
911,1465000120.709000,1465000121.714862,1465000126.716031,1465000126.787000
912,1465000120.709000,1465000121.703237,1465000126.704644,1465000126.796000
913,1465000120.710000,1465000121.432843,1465000126.434244,1465000126.523000
914,1465000120.710000,1465000121.762684,1465000126.763913,1465000126.840000
915,1465000120.710000,0.000000,0.000000,0.000000
916,1465000120.711000,1465000121.391973,1465000126.393388,1465000126.477000
917,1465000120.711000,1465000121.450854,1465000126.452255,1465000126.535000
918,1465000120.711000,1465000121.683821,1465000126.685150,1465000126.772000
919,1465000120.711000,1465000121.444640,1465000126.445927,1465000126.531000
920,1465000120.711000,1465000121.422195,1465000126.423753,1465000126.509000
921,1465000120.711000,1465000121.439483,1465000126.440737,1465000126.509000
922,1465000120.711000,1465000121.694560,1465000126.696003,1465000126.779000
923,1465000120.711000,1465000121.439914,1465000126.441884,1465000126.531000
924,1465000120.712000,1465000121.650456,1465000126.651842,1465000126.740000
925,1465000120.712000,1465000121.655040,1465000126.656491,1465000126.738000
926,1465000120.712000,1465000121.683598,1465000126.684793,1465000126.764000
927,1465000120.712000,1465000121.392656,1465000126.394071,1465000126.466000
928,1465000120.712000,1465000121.460764,1465000126.462172,1465000126.550000
929,1465000120.712000,1465000121.431240,1465000126.432702,1465000126.528000
930,1465000120.713000,1465000121.415646,1465000126.417010,1465000126.492000
931,1465000120.713000,1465000121.650326,1465000126.651973,1465000126.744000
932,1465000120.713000,1465000121.357002,1465000126.364954,1465000126.446000
933,1465000120.714000,0.000000,0.000000,0.000000
934,1465000120.714000,1465000121.433555,1465000126.435052,1465000126.524000
935,1465000120.715000,1465000121.699546,1465000126.700912,1465000126.790000
936,1465000120.715000,1465000121.665675,1465000126.667099,1465000126.759000
937,1465000120.715000,1465000121.702388,1465000126.703757,1465000126.790000
938,1465000120.715000,1465000121.433890,1465000126.435301,1465000126.531000
939,1465000120.715000,0.000000,0.000000,0.000000
940,1465000120.715000,1465000121.667749,1465000126.669020,1465000126.761000
941,1465000120.715000,1465000121.407183,1465000126.408477,1465000126.492000
942,1465000120.716000,1465000121.457494,1465000126.458958,1465000126.534000
943,1465000120.716000,1465000121.730676,1465000126.745377,1465000126.821000
944,1465000120.716000,0.000000,0.000000,0.000000
945,1465000120.716000,1465000121.424673,1465000126.426037,1465000126.503000
946,1465000120.716000,0.000000,0.000000,0.000000
947,1465000120.717000,1465000121.706108,1465000126.707484,1465000126.796000
948,1465000120.717000,1465000121.456618,1465000126.458083,1465000126.526000
949,1465000120.717000,1465000121.413266,1465000126.414498,1465000126.518000
950,1465000120.717000,0.000000,0.000000,0.000000
951,1465000120.718000,1465000121.433803,1465000126.435058,1465000126.507000
952,1465000120.718000,1465000121.657342,1465000126.658577,1465000126.740000
953,1465000120.719000,1465000121.702375,1465000126.717363,1465000126.798000
954,1465000120.719000,1465000121.435646,1465000126.437168,1465000126.520000
955,1465000120.719000,1465000121.464021,1465000126.465234,1465000126.533000
956,1465000120.719000,1465000121.436429,1465000126.438344,1465000126.524000
957,1465000120.719000,1465000121.413460,1465000126.414867,1465000126.497000
958,1465000120.719000,1465000121.426620,1465000126.428533,1465000126.523000
959,1465000120.721000,1465000121.438889,1465000126.440418,1465000126.532000
960,1465000120.721000,1465000121.430374,1465000126.431687,1465000126.509000
961,1465000120.721000,1465000121.707923,1465000126.709289,1465000126.788000
962,1465000120.721000,1465000121.438952,1465000126.455633,1465000126.551000
963,1465000120.722000,1465000121.414701,1465000126.415997,1465000126.499000
964,1465000120.722000,1465000121.427783,1465000126.429382,1465000126.525000
965,1465000120.722000,1465000121.411912,1465000126.413159,1465000126.496000
966,1465000120.724000,1465000121.711002,1465000126.712479,1465000126.795000
967,1465000120.723000,1465000121.417109,1465000126.418258,1465000126.490000
968,1465000120.724000,1465000121.441352,1465000126.442775,1465000126.518000
969,1465000120.724000,1465000121.450947,1465000126.452277,1465000126.529000
970,1465000120.725000,0.000000,0.000000,0.000000
971,1465000120.727000,1465000121.373322,1465000126.374592,1465000126.463000
972,1465000120.727000,1465000121.737701,1465000126.739022,1465000126.814000
973,1465000120.727000,1465000121.437843,1465000126.439448,1465000126.529000
974,1465000120.727000,1465000121.416744,1465000126.417935,1465000126.507000
975,1465000120.727000,1465000121.406503,1465000126.407724,1465000126.481000
976,1465000120.727000,1465000121.408223,1465000126.409567,1465000126.495000
977,1465000120.728000,1465000121.438385,1465000126.439851,1465000126.507000
978,1465000120.729000,1465000121.428966,1465000126.430173,1465000126.512000
979,1465000120.730000,1465000121.399727,1465000126.417392,1465000126.492000
980,1465000120.730000,1465000121.400264,1465000126.401480,1465000126.491000
981,1465000120.731000,1465000121.446475,1465000126.448240,1465000126.523000
982,1465000120.731000,1465000121.412058,1465000126.413266,1465000126.502000
983,1465000120.731000,1465000121.436326,1465000126.437688,1465000126.526000
984,1465000120.731000,1465000121.444028,1465000126.445483,1465000126.535000
985,1465000120.731000,1465000121.707636,1465000126.709006,1465000126.802000
986,1465000120.731000,1465000121.425643,1465000126.428890,1465000126.513000
987,1465000120.731000,1465000121.412130,1465000126.413455,1465000126.496000
988,1465000120.731000,1465000121.446880,1465000126.448048,1465000126.519000
989,1465000120.732000,1465000121.439290,1465000126.441105,1465000126.525000
990,1465000120.732000,1465000121.727471,1465000126.728884,1465000126.810000
991,1465000120.732000,1465000121.709570,1465000126.723505,1465000126.808000
992,1465000120.732000,1465000121.730211,1465000126.732151,1465000126.819000
993,1465000120.732000,1465000121.442139,1465000126.443350,1465000126.524000
994,1465000120.732000,1465000121.760524,1465000126.761997,1465000126.837000
995,1465000120.733000,1465000121.412102,1465000126.413371,1465000126.499000
996,1465000120.733000,1465000121.454162,1465000126.455387,1465000126.527000
997,1465000120.733000,1465000121.436115,1465000126.437431,1465000126.517000
998,1465000120.733000,1465000121.449255,1465000126.450473,1465000126.529000
999,1465000120.733000,1465000121.428810,1465000126.430317,1465000126.525000
