0,1465000476.453000,1465000477.150244,1465000482.163756,1465000482.251000
1,1465000476.453000,1465000477.408763,1465000482.410074,1465000482.493000
2,1465000476.453000,1465000478.880938,1465000483.891360,1465000483.984000
3,1465000476.453000,1465000477.133975,1465000482.135351,1465000482.217000
4,1465000476.454000,1465000477.148266,1465000482.167979,1465000482.252000
5,1465000476.454000,1465000477.142130,1465000482.151073,1465000482.246000
6,1465000476.454000,1465000477.118944,1465000482.120232,1465000482.216000
7,1465000476.454000,1465000477.190034,1465000482.191359,1465000482.266000
8,1465000476.454000,1465000477.154755,1465000482.156153,1465000482.245000
9,1465000476.454000,1465000477.382565,1465000482.384006,1465000482.475000
10,1465000476.454000,1465000477.127959,1465000482.129582,1465000482.219000
11,1465000476.454000,1465000477.106306,1465000482.108173,1465000482.207000
12,1465000476.454000,1465000477.125085,1465000482.126300,1465000482.220000
13,1465000476.454000,1465000477.201100,1465000482.202502,1465000482.290000
14,1465000476.454000,1465000477.144864,1465000482.146127,1465000482.227000
15,1465000476.454000,1465000477.136135,1465000482.137967,1465000482.219000
16,1465000476.454000,1465000477.137398,1465000482.138682,1465000482.239000
17,1465000476.454000,1465000477.384662,1465000482.386219,1465000482.470000
18,1465000476.454000,1465000477.391894,1465000482.393317,1465000482.474000
19,1465000476.454000,1465000477.409788,1465000482.411098,1465000482.484000
20,1465000476.455000,1465000477.132619,1465000482.145467,1465000482.220000
21,1465000476.455000,1465000477.422283,1465000482.423708,1465000482.519000
22,1465000476.456000,1465000477.405609,1465000482.407159,1465000482.495000
23,1465000476.456000,1465000477.172799,1465000482.173981,1465000482.255000
24,1465000476.456000,1465000477.143543,1465000482.144942,1465000482.226000
25,1465000476.456000,1465000477.144529,1465000482.146095,1465000482.228000
26,1465000476.457000,1465000477.386722,1465000482.388389,1465000482.476000
27,1465000476.457000,1465000477.128400,1465000482.130427,1465000482.217000
28,1465000476.458000,1465000477.127350,1465000482.128977,1465000482.235000
29,1465000476.459000,1465000477.225044,1465000482.226340,1465000482.300000
30,1465000476.459000,1465000477.188047,1465000482.189259,1465000482.264000
31,1465000476.459000,1465000477.149547,1465000482.150898,1465000482.235000
32,1465000476.459000,1465000477.146790,1465000482.148276,1465000482.231000
33,1465000476.459000,1465000477.113695,1465000482.115343,1465000482.205000
34,1465000476.459000,1465000477.145735,1465000482.146950,1465000482.222000
35,1465000476.459000,1465000477.165317,1465000482.180673,1465000482.263000
36,1465000476.459000,1465000477.171123,1465000482.173001,1465000482.259000
37,1465000476.459000,1465000477.133779,1465000482.153284,1465000482.243000
38,1465000476.459000,1465000477.236949,1465000482.238428,1465000482.310000
39,1465000476.459000,1465000477.159647,1465000482.161187,1465000482.249000
40,1465000476.460000,1465000477.141928,1465000482.143678,1465000482.226000
41,1465000476.460000,1465000477.177257,1465000482.178480,1465000482.253000
42,1465000476.461000,1465000477.172355,1465000482.173697,1465000482.261000
43,1465000476.461000,1465000477.147592,1465000482.148859,1465000482.230000
44,1465000476.462000,1465000477.107172,1465000482.109048,1465000482.210000
45,1465000476.462000,1465000478.899991,1465000483.901319,1465000483.992000
46,1465000476.462000,1465000477.129724,1465000482.131416,1465000482.221000
47,1465000476.464000,1465000477.396287,1465000482.405123,1465000482.486000
48,1465000476.464000,1465000477.393939,1465000482.411410,1465000482.487000
49,1465000476.464000,1465000477.171776,1465000482.174070,1465000482.262000
50,1465000476.464000,1465000477.140147,1465000482.141561,1465000482.228000
51,1465000476.464000,1465000477.380270,1465000482.381904,1465000482.472000
52,1465000476.465000,1465000477.123421,1465000482.140639,1465000482.235000
53,1465000476.465000,1465000477.460790,1465000482.462080,1465000482.541000
54,1465000476.465000,1465000477.146232,1465000482.147627,1465000482.222000
55,1465000476.465000,1465000477.161001,1465000482.162411,1465000482.237000
56,1465000476.465000,1465000477.466628,1465000482.468148,1465000482.546000
57,1465000476.465000,1465000477.161149,1465000482.162501,1465000482.244000
58,1465000476.465000,1465000477.222363,1465000482.223631,1465000482.309000
59,1465000476.465000,1465000477.165047,1465000482.166343,1465000482.250000
60,1465000476.465000,1465000477.161283,1465000482.162735,1465000482.250000
61,1465000476.465000,1465000477.385559,1465000482.386982,1465000482.477000
62,1465000476.466000,1465000477.182685,1465000482.193056,1465000482.267000
63,1465000476.466000,1465000477.387619,1465000482.389260,1465000482.477000
64,1465000476.466000,1465000477.134016,1465000482.135278,1465000482.216000
65,1465000476.466000,1465000477.385966,1465000482.387471,1465000482.484000
66,1465000476.466000,1465000477.137858,1465000482.145766,1465000482.223000
67,1465000476.466000,1465000477.181144,1465000482.182464,1465000482.263000
68,1465000476.466000,1465000477.160898,1465000482.164297,1465000482.251000
69,1465000476.466000,1465000477.122268,1465000482.124026,1465000482.211000
70,1465000476.466000,1465000477.127104,1465000482.128761,1465000482.211000
71,1465000476.466000,1465000477.150309,1465000482.151809,1465000482.245000
72,1465000476.466000,1465000477.421076,1465000482.422761,1465000482.500000
73,1465000476.466000,1465000477.172738,1465000482.174132,1465000482.264000
74,1465000476.466000,1465000477.175311,1465000482.176832,1465000482.280000
75,1465000476.466000,1465000477.181762,1465000482.183422,1465000482.268000
76,1465000476.466000,1465000477.126330,1465000482.128058,1465000482.215000
77,1465000476.466000,1465000477.168294,1465000482.169633,1465000482.250000
78,1465000476.466000,1465000477.138832,1465000482.140372,1465000482.217000
79,1465000476.466000,1465000477.193040,1465000482.194569,1465000482.261000
80,1465000476.466000,1465000477.133902,1465000482.135269,1465000482.222000
81,1465000476.466000,1465000477.458106,1465000482.459393,1465000482.534000
82,1465000476.467000,1465000477.161920,1465000482.171510,1465000482.266000
83,1465000476.467000,1465000477.392639,1465000482.394096,1465000482.475000
84,1465000476.467000,1465000477.197044,1465000482.198718,1465000482.264000
85,1465000476.467000,1465000478.882094,1465000483.883668,1465000483.969000
86,1465000476.467000,1465000477.385240,1465000482.386672,1465000482.474000
87,1465000476.467000,1465000478.902615,1465000483.904052,1465000483.983000
88,1465000476.467000,1465000477.178851,1465000482.180164,1465000482.263000
89,1465000476.467000,1465000477.197797,1465000482.199210,1465000482.289000
90,1465000476.467000,1465000477.462931,1465000482.464683,1465000482.538000
91,1465000476.467000,1465000477.160531,1465000482.164779,1465000482.252000
92,1465000476.467000,1465000477.387993,1465000482.389446,1465000482.473000
93,1465000476.467000,1465000477.149414,1465000482.150840,1465000482.238000
94,1465000476.467000,1465000477.471144,1465000482.472496,1465000482.550000
95,1465000476.467000,1465000477.129196,1465000482.130718,1465000482.214000
96,1465000476.467000,1465000477.150426,1465000482.160043,1465000482.256000
97,1465000476.467000,1465000477.395989,1465000482.397242,1465000482.485000
98,1465000476.468000,1465000477.128219,1465000482.129937,1465000482.229000
99,1465000476.467000,1465000477.492662,1465000482.493969,1465000482.587000
100,1465000476.467000,1465000477.145105,1465000482.146610,1465000482.244000
101,1465000476.468000,1465000477.388473,1465000482.390030,1465000482.478000
102,1465000476.468000,1465000477.416493,1465000482.417839,1465000482.506000
103,1465000476.468000,1465000477.414105,1465000482.415384,1465000482.496000
104,1465000476.468000,1465000477.164960,1465000482.180958,1465000482.263000
105,1465000476.468000,1465000477.120764,1465000482.122026,1465000482.215000
106,1465000476.468000,1465000477.180387,1465000482.182079,1465000482.282000
107,1465000476.468000,1465000477.173436,1465000482.174988,1465000482.255000
108,1465000476.468000,1465000477.227809,1465000482.229270,1465000482.301000
109,1465000476.468000,1465000477.496456,1465000482.497716,1465000482.574000
110,1465000476.468000,1465000477.384171,1465000482.385757,1465000482.476000
111,1465000476.468000,1465000477.424860,1465000482.426241,1465000482.504000
112,1465000476.468000,1465000477.409774,1465000482.411078,1465000482.501000
113,1465000476.468000,1465000477.156693,1465000482.158009,1465000482.246000
114,1465000476.468000,1465000477.207178,1465000482.208641,1465000482.290000
115,1465000476.468000,1465000477.160050,1465000482.161317,1465000482.243000
116,1465000476.468000,1465000477.447532,1465000482.462015,1465000482.545000
117,1465000476.468000,1465000477.161291,1465000482.163831,1465000482.258000
118,1465000476.468000,1465000477.188876,1465000482.196362,1465000482.284000
119,1465000476.468000,1465000477.151878,1465000482.153371,1465000482.234000
120,1465000476.468000,1465000477.458644,1465000482.460046,1465000482.547000
121,1465000476.470000,1465000477.208961,1465000482.210364,1465000482.285000
122,1465000476.473000,1465000477.175777,1465000482.177262,1465000482.252000
123,1465000476.476000,1465000477.142972,1465000482.150590,1465000482.233000
124,1465000476.480000,1465000477.176838,1465000482.179532,1465000482.276000
125,1465000476.480000,1465000477.420208,1465000482.428078,1465000482.506000
126,1465000476.480000,1465000477.397820,1465000482.398989,1465000482.489000
127,1465000476.480000,1465000477.443069,1465000482.444638,1465000482.522000
128,1465000476.480000,1465000477.148029,1465000482.149611,1465000482.236000
129,1465000476.481000,1465000477.162246,1465000482.163491,1465000482.253000
130,1465000476.481000,1465000477.430795,1465000482.437245,1465000482.518000
131,1465000476.481000,1465000477.116580,1465000482.118201,1465000482.211000
132,1465000476.481000,0.000000,0.000000,0.000000
133,1465000476.481000,1465000478.890892,1465000483.892458,1465000483.982000
134,1465000476.481000,1465000477.397951,1465000482.399268,1465000482.477000
135,1465000476.482000,1465000477.398323,1465000482.399598,1465000482.476000
136,1465000476.482000,1465000478.910068,1465000483.911600,1465000483.990000
137,1465000476.482000,1465000477.419637,1465000482.420999,1465000482.514000
138,1465000476.482000,1465000477.426426,1465000482.427770,1465000482.505000
139,1465000476.482000,1465000477.138029,1465000482.139764,1465000482.233000
140,1465000476.482000,1465000477.414412,1465000482.415834,1465000482.512000
141,1465000476.482000,1465000477.467151,1465000482.468359,1465000482.543000
142,1465000476.482000,1465000477.129121,1465000482.130678,1465000482.212000
143,1465000476.482000,1465000477.146157,1465000482.147549,1465000482.228000
144,1465000476.483000,1465000477.133541,1465000482.153460,1465000482.243000
145,1465000476.483000,1465000477.378285,1465000482.379495,1465000482.483000
146,1465000476.483000,1465000477.479144,1465000482.480754,1465000482.576000
147,1465000476.483000,1465000477.208009,1465000482.209612,1465000482.306000
148,1465000476.483000,1465000477.189234,1465000482.191036,1465000482.276000
149,1465000476.483000,0.000000,0.000000,0.000000
150,1465000476.484000,1465000477.472284,1465000482.473879,1465000482.564000
151,1465000476.484000,1465000477.382105,1465000482.383573,1465000482.477000
152,1465000476.484000,1465000477.171432,1465000482.172650,1465000482.269000
153,1465000476.484000,1465000477.179525,1465000482.180882,1465000482.284000
154,1465000476.484000,0.000000,0.000000,0.000000
155,1465000476.484000,1465000477.166213,1465000482.167533,1465000482.267000
156,1465000476.484000,1465000477.152462,1465000482.154055,1465000482.235000
157,1465000476.484000,1465000477.205615,1465000482.207012,1465000482.282000
158,1465000476.484000,1465000477.447104,1465000482.448597,1465000482.525000
159,1465000476.485000,1465000477.483904,1465000482.485502,1465000482.579000
160,1465000476.485000,1465000477.424632,1465000482.425877,1465000482.522000
161,1465000476.485000,1465000477.404509,1465000482.405941,1465000482.487000
162,1465000476.485000,1465000477.412765,1465000482.414046,1465000482.502000
163,1465000476.485000,1465000477.472420,1465000482.473748,1465000482.555000
164,1465000476.485000,1465000477.159916,1465000482.179187,1465000482.260000
165,1465000476.485000,1465000477.393786,1465000482.395329,1465000482.484000
166,1465000476.486000,1465000477.191594,1465000482.193017,1465000482.267000
167,1465000476.486000,1465000477.171832,1465000482.191383,1465000482.274000
168,1465000476.486000,1465000477.430475,1465000482.431709,1465000482.509000
169,1465000476.486000,1465000477.156274,1465000482.157645,1465000482.252000
170,1465000476.486000,1465000477.165060,1465000482.166317,1465000482.248000
171,1465000476.486000,1465000477.398052,1465000482.399639,1465000482.477000
172,1465000476.486000,1465000477.169381,1465000482.171190,1465000482.266000
173,1465000476.486000,1465000477.161235,1465000482.163012,1465000482.246000
174,1465000476.486000,1465000477.130303,1465000482.131508,1465000482.222000
175,1465000476.486000,1465000477.181752,1465000482.182940,1465000482.273000
176,1465000476.486000,1465000477.396840,1465000482.398051,1465000482.494000
177,1465000476.486000,1465000477.427232,1465000482.428575,1465000482.505000
178,1465000476.486000,1465000477.413028,1465000482.414496,1465000482.501000
179,1465000476.487000,1465000477.178747,1465000482.180254,1465000482.264000
180,1465000476.487000,1465000477.183265,1465000482.185414,1465000482.260000
181,1465000476.487000,1465000477.140679,1465000482.141957,1465000482.235000
182,1465000476.487000,1465000477.153852,1465000482.155065,1465000482.252000
183,1465000476.487000,1465000477.430288,1465000482.431550,1465000482.524000
184,1465000476.487000,1465000477.155116,1465000482.156459,1465000482.243000
185,1465000476.487000,1465000477.177877,1465000482.179878,1465000482.285000
186,1465000476.487000,1465000477.397305,1465000482.405641,1465000482.483000
187,1465000476.487000,1465000477.416746,1465000482.418364,1465000482.513000
188,1465000476.487000,1465000478.894176,1465000483.895523,1465000483.986000
189,1465000476.487000,1465000477.117200,1465000482.118758,1465000482.209000
190,1465000476.487000,1465000477.440701,1465000482.442665,1465000482.526000
191,1465000476.487000,1465000477.173275,1465000482.174746,1465000482.257000
192,1465000476.487000,1465000477.211477,1465000482.212959,1465000482.288000
193,1465000476.487000,1465000477.151599,1465000482.153000,1465000482.227000
194,1465000476.487000,1465000477.131325,1465000482.132553,1465000482.222000
195,1465000476.487000,1465000477.391760,1465000482.393442,1465000482.477000
196,1465000476.487000,1465000477.450308,1465000482.461477,1465000482.545000
197,1465000476.487000,1465000477.437842,1465000482.439289,1465000482.522000
198,1465000476.487000,1465000477.398268,1465000482.399545,1465000482.477000
199,1465000476.487000,1465000477.431086,1465000482.432470,1465000482.523000
200,1465000476.487000,0.000000,0.000000,0.000000
201,1465000476.487000,1465000477.178455,1465000482.180192,1465000482.279000
202,1465000476.487000,1465000477.182475,1465000482.183761,1465000482.290000
203,1465000476.487000,1465000477.189485,1465000482.200836,1465000482.284000
204,1465000476.487000,1465000477.495664,1465000482.497118,1465000482.580000
205,1465000476.487000,1465000477.415805,1465000482.417145,1465000482.505000
206,1465000476.487000,1465000477.461978,1465000482.468230,1465000482.546000
207,1465000476.487000,1465000477.433354,1465000482.434729,1465000482.512000
208,1465000476.487000,1465000477.169812,1465000482.171356,1465000482.245000
209,1465000476.487000,1465000477.118302,1465000482.119591,1465000482.210000
210,1465000476.487000,1465000477.194367,1465000482.195554,1465000482.286000
211,1465000476.487000,0.000000,0.000000,0.000000
212,1465000476.488000,1465000477.453536,1465000482.454966,1465000482.542000
213,1465000476.488000,1465000477.173867,1465000482.175102,1465000482.266000
214,1465000476.487000,1465000477.401664,1465000482.402961,1465000482.505000
215,1465000476.488000,1465000477.464153,1465000482.465533,1465000482.539000
216,1465000476.488000,1465000478.916438,1465000483.918010,1465000483.991000
217,1465000476.488000,1465000477.165027,1465000482.180582,1465000482.255000
218,1465000476.488000,1465000477.204778,1465000482.217055,1465000482.292000
219,1465000476.488000,1465000477.161089,1465000482.163058,1465000482.288000
220,1465000476.488000,1465000477.174599,1465000482.180529,1465000482.255000
221,1465000476.488000,1465000477.175041,1465000482.176624,1465000482.260000
222,1465000476.488000,1465000477.419072,1465000482.420338,1465000482.495000
223,1465000476.488000,0.000000,0.000000,0.000000
224,1465000476.488000,1465000477.235341,1465000482.238775,1465000482.304000
225,1465000476.488000,1465000477.399517,1465000482.401294,1465000482.489000
226,1465000476.488000,1465000477.408653,1465000482.410038,1465000482.493000
227,1465000476.488000,1465000477.170963,1465000482.172677,1465000482.266000
228,1465000476.488000,1465000477.185441,1465000482.201064,1465000482.283000
229,1465000476.488000,1465000477.481878,1465000482.483079,1465000482.576000
230,1465000476.488000,1465000477.463210,1465000482.464459,1465000482.539000
231,1465000476.488000,1465000477.169387,1465000482.172877,1465000482.260000
232,1465000476.488000,1465000477.163298,1465000482.164734,1465000482.249000
233,1465000476.488000,1465000477.220907,1465000482.222221,1465000482.312000
234,1465000476.488000,1465000477.208409,1465000482.209893,1465000482.297000
235,1465000476.488000,1465000477.416346,1465000482.417850,1465000482.496000
236,1465000476.488000,1465000477.175006,1465000482.176859,1465000482.276000
237,1465000476.488000,1465000477.490622,1465000482.492021,1465000482.578000
238,1465000476.488000,1465000477.148903,1465000482.150351,1465000482.228000
239,1465000476.488000,1465000477.230240,1465000482.231521,1465000482.314000
240,1465000476.488000,1465000477.213525,1465000482.214896,1465000482.289000
241,1465000476.488000,1465000478.887757,1465000483.889457,1465000483.980000
242,1465000476.488000,1465000477.184705,1465000482.186184,1465000482.273000
243,1465000476.488000,1465000477.221828,1465000482.223165,1465000482.298000
244,1465000476.488000,0.000000,0.000000,0.000000
245,1465000476.488000,1465000477.159583,1465000482.160917,1465000482.244000
246,1465000476.489000,1465000477.448704,1465000482.450212,1465000482.527000
247,1465000476.489000,1465000477.412949,1465000482.414621,1465000482.512000
248,1465000476.489000,1465000477.154266,1465000482.155512,1465000482.230000
249,1465000476.489000,1465000477.441029,1465000482.442296,1465000482.517000
250,1465000476.489000,1465000477.202518,1465000482.203906,1465000482.289000
251,1465000476.489000,1465000477.472355,1465000482.473838,1465000482.551000
252,1465000476.489000,1465000477.165827,1465000482.167121,1465000482.242000
253,1465000476.489000,0.000000,0.000000,0.000000
254,1465000476.489000,1465000477.513457,1465000482.514676,1465000482.593000
255,1465000476.489000,0.000000,0.000000,0.000000
256,1465000476.489000,1465000477.457471,1465000482.459041,1465000482.545000
257,1465000476.489000,1465000477.437360,1465000482.438759,1465000482.525000
258,1465000476.489000,1465000477.162269,1465000482.164908,1465000482.252000
259,1465000476.489000,1465000477.169718,1465000482.171238,1465000482.261000
260,1465000476.489000,1465000477.420091,1465000482.421840,1465000482.499000
261,1465000476.489000,1465000477.441052,1465000482.461583,1465000482.545000
262,1465000476.489000,1465000477.399879,1465000482.401753,1465000482.489000
263,1465000476.489000,1465000477.131469,1465000482.132957,1465000482.233000
264,1465000476.489000,1465000478.871191,1465000483.872844,1465000483.965000
265,1465000476.489000,1465000478.909396,1465000483.910896,1465000483.990000
266,1465000476.489000,1465000477.435977,1465000482.451059,1465000482.546000
267,1465000476.489000,1465000477.155215,1465000482.156787,1465000482.252000
268,1465000476.489000,1465000477.138440,1465000482.139794,1465000482.222000
269,1465000476.489000,1465000477.426847,1465000482.428273,1465000482.518000
270,1465000476.489000,1465000477.417838,1465000482.419305,1465000482.510000
271,1465000476.489000,1465000477.191073,1465000482.192293,1465000482.273000
272,1465000476.489000,1465000477.479411,1465000482.480810,1465000482.563000
273,1465000476.489000,1465000477.115113,1465000482.116685,1465000482.210000
274,1465000476.489000,1465000477.178546,1465000482.179891,1465000482.268000
275,1465000476.490000,1465000477.452148,1465000482.453461,1465000482.528000
276,1465000476.490000,1465000477.171225,1465000482.172602,1465000482.247000
277,1465000476.490000,1465000477.390467,1465000482.391938,1465000482.468000
278,1465000476.490000,1465000477.147695,1465000482.149295,1465000482.236000
279,1465000476.491000,1465000477.428392,1465000482.429779,1465000482.513000
280,1465000476.492000,1465000477.186169,1465000482.202912,1465000482.291000
281,1465000476.494000,1465000477.132262,1465000482.133691,1465000482.233000
282,1465000476.498000,1465000477.204648,1465000482.205848,1465000482.280000
283,1465000476.511000,1465000477.180494,1465000482.181908,1465000482.256000
284,1465000476.511000,1465000477.452907,1465000482.454227,1465000482.531000
285,1465000476.511000,1465000477.176077,1465000482.177379,1465000482.272000
286,1465000476.515000,1465000477.200617,1465000482.201941,1465000482.268000
287,1465000476.516000,1465000477.418335,1465000482.419762,1465000482.498000
288,1465000476.516000,1465000477.140801,1465000482.142292,1465000482.235000
289,1465000476.516000,1465000477.137304,1465000482.138778,1465000482.224000
290,1465000476.516000,1465000477.179192,1465000482.180589,1465000482.258000
291,1465000476.516000,1465000477.211654,1465000482.212901,1465000482.291000
292,1465000476.516000,1465000477.183819,1465000482.185140,1465000482.262000
293,1465000476.516000,1465000477.415174,1465000482.416553,1465000482.513000
294,1465000476.516000,1465000477.163169,1465000482.179749,1465000482.261000
295,1465000476.516000,1465000477.127201,1465000482.128795,1465000482.218000
296,1465000476.516000,1465000477.187691,1465000482.188945,1465000482.264000
297,1465000476.516000,1465000477.191306,1465000482.204143,1465000482.285000
298,1465000476.516000,1465000477.403484,1465000482.404708,1465000482.492000
299,1465000476.516000,1465000477.182103,1465000482.198787,1465000482.265000
300,1465000476.517000,1465000477.162932,1465000482.172252,1465000482.267000
301,1465000476.517000,1465000477.471108,1465000482.472439,1465000482.566000
302,1465000476.517000,1465000477.205550,1465000482.207279,1465000482.290000
303,1465000476.517000,1465000477.185224,1465000482.186449,1465000482.261000
304,1465000476.517000,1465000477.150229,1465000482.151713,1465000482.239000
305,1465000476.517000,1465000477.190331,1465000482.191667,1465000482.279000
306,1465000476.517000,1465000477.445997,1465000482.447253,1465000482.528000
307,1465000476.517000,1465000477.155687,1465000482.156970,1465000482.247000
308,1465000476.517000,1465000477.188363,1465000482.190034,1465000482.275000
309,1465000476.517000,1465000477.425733,1465000482.427148,1465000482.504000
310,1465000476.517000,1465000477.202019,1465000482.203555,1465000482.278000
311,1465000476.517000,1465000477.133615,1465000482.135172,1465000482.222000
312,1465000476.517000,1465000477.433926,1465000482.435259,1465000482.519000
313,1465000476.517000,1465000477.181703,1465000482.183800,1465000482.281000
314,1465000476.517000,1465000477.141384,1465000482.142698,1465000482.235000
315,1465000476.517000,1465000477.147699,1465000482.150336,1465000482.234000
316,1465000476.518000,1465000477.406589,1465000482.408144,1465000482.492000
317,1465000476.518000,1465000477.170891,1465000482.172275,1465000482.259000
318,1465000476.519000,1465000477.191666,1465000482.192900,1465000482.286000
319,1465000476.519000,1465000477.176150,1465000482.177490,1465000482.261000
320,1465000476.519000,1465000477.205705,1465000482.207101,1465000482.292000
321,1465000476.519000,1465000477.200659,1465000482.202229,1465000482.290000
322,1465000476.519000,1465000477.442488,1465000482.443992,1465000482.517000
323,1465000476.519000,1465000477.426208,1465000482.427500,1465000482.517000
324,1465000476.519000,1465000477.175380,1465000482.176826,1465000482.262000
325,1465000476.519000,1465000477.157352,1465000482.158677,1465000482.251000
326,1465000476.519000,1465000477.176359,1465000482.177599,1465000482.259000
327,1465000476.519000,1465000477.119336,1465000482.120635,1465000482.220000
328,1465000476.519000,1465000477.438087,1465000482.439480,1465000482.530000
329,1465000476.519000,1465000477.426155,1465000482.427468,1465000482.522000
330,1465000476.519000,0.000000,0.000000,0.000000
331,1465000476.520000,1465000477.490167,1465000482.491402,1465000482.572000
332,1465000476.520000,1465000477.173866,1465000482.175191,1465000482.250000
333,1465000476.520000,1465000477.170624,1465000482.189615,1465000482.283000
334,1465000476.520000,1465000477.172370,1465000482.173943,1465000482.269000
335,1465000476.520000,1465000477.155703,1465000482.161520,1465000482.249000
336,1465000476.521000,1465000477.186860,1465000482.188175,1465000482.283000
337,1465000476.521000,1465000477.242612,1465000482.244055,1465000482.310000
338,1465000476.521000,1465000477.177467,1465000482.181014,1465000482.285000
339,1465000476.521000,1465000477.131725,1465000482.133643,1465000482.208000
340,1465000476.521000,1465000477.218278,1465000482.219972,1465000482.286000
341,1465000476.521000,1465000477.191506,1465000482.201969,1465000482.285000
342,1465000476.521000,1465000477.190838,1465000482.192366,1465000482.276000
343,1465000476.521000,1465000477.183991,1465000482.185296,1465000482.285000
344,1465000476.521000,1465000477.429076,1465000482.430883,1465000482.508000
345,1465000476.522000,1465000478.918125,1465000483.919428,1465000484.009000
346,1465000476.522000,1465000477.187575,1465000482.200039,1465000482.297000
347,1465000476.523000,1465000477.190774,1465000482.192294,1465000482.280000
348,1465000476.523000,1465000477.429285,1465000482.430659,1465000482.517000
349,1465000476.523000,1465000477.163343,1465000482.165008,1465000482.264000
350,1465000476.523000,1465000477.178709,1465000482.180134,1465000482.288000
351,1465000476.523000,1465000477.158836,1465000482.160906,1465000482.243000
352,1465000476.523000,1465000477.142086,1465000482.143430,1465000482.236000
353,1465000476.523000,1465000477.430368,1465000482.431820,1465000482.509000
354,1465000476.523000,1465000477.214655,1465000482.216858,1465000482.298000
355,1465000476.523000,1465000477.193777,1465000482.195473,1465000482.276000
356,1465000476.523000,1465000477.181994,1465000482.183302,1465000482.264000
357,1465000476.523000,1465000477.197667,1465000482.199158,1465000482.273000
358,1465000476.524000,1465000477.188905,1465000482.190180,1465000482.286000
359,1465000476.524000,1465000477.209224,1465000482.210657,1465000482.294000
360,1465000476.524000,1465000477.204224,1465000482.205467,1465000482.302000
361,1465000476.524000,1465000477.221082,1465000482.222430,1465000482.288000
362,1465000476.524000,1465000477.191182,1465000482.192747,1465000482.296000
363,1465000476.524000,1465000477.173348,1465000482.174747,1465000482.249000
364,1465000476.524000,1465000477.208053,1465000482.209428,1465000482.294000
365,1465000476.525000,1465000477.241292,1465000482.243187,1465000482.309000
366,1465000476.525000,1465000477.214858,1465000482.216662,1465000482.304000
367,1465000476.525000,1465000477.206085,1465000482.208194,1465000482.283000
368,1465000476.526000,1465000477.190272,1465000482.199796,1465000482.296000
369,1465000476.526000,1465000477.214807,1465000482.216435,1465000482.283000
370,1465000476.526000,1465000477.213905,1465000482.216061,1465000482.289000
371,1465000476.526000,1465000477.204429,1465000482.205761,1465000482.288000
372,1465000476.526000,1465000477.160707,1465000482.162008,1465000482.252000
373,1465000476.526000,1465000477.193173,1465000482.194785,1465000482.282000
374,1465000476.526000,1465000477.205067,1465000482.206934,1465000482.281000
375,1465000476.526000,1465000477.214713,1465000482.216367,1465000482.298000
376,1465000476.527000,1465000477.210103,1465000482.211662,1465000482.299000
377,1465000476.528000,1465000477.426858,1465000482.428195,1465000482.516000
378,1465000476.528000,1465000477.208977,1465000482.210309,1465000482.276000
379,1465000476.528000,1465000477.175368,1465000482.176680,1465000482.266000
380,1465000476.528000,1465000477.168929,1465000482.171002,1465000482.258000
381,1465000476.528000,1465000477.419165,1465000482.420474,1465000482.502000
382,1465000476.528000,1465000477.186555,1465000482.200149,1465000482.297000
383,1465000476.528000,1465000477.147443,1465000482.148997,1465000482.231000
384,1465000476.528000,1465000477.153720,1465000482.160849,1465000482.248000
385,1465000476.528000,1465000477.187251,1465000482.188666,1465000482.263000
386,1465000476.528000,1465000477.170056,1465000482.171954,1465000482.258000
387,1465000476.528000,1465000477.193574,1465000482.194932,1465000482.294000
388,1465000476.528000,1465000477.188460,1465000482.189859,1465000482.272000
389,1465000476.528000,1465000477.213297,1465000482.214812,1465000482.303000
390,1465000476.529000,1465000477.167648,1465000482.168977,1465000482.266000
391,1465000476.529000,1465000477.214760,1465000482.216738,1465000482.283000
392,1465000476.529000,1465000477.191615,1465000482.193281,1465000482.288000
393,1465000476.529000,1465000477.133478,1465000482.134798,1465000482.209000
394,1465000476.529000,1465000477.217246,1465000482.219204,1465000482.302000
395,1465000476.529000,1465000477.504187,1465000482.505688,1465000482.583000
396,1465000476.529000,1465000477.188655,1465000482.189975,1465000482.268000
397,1465000476.530000,1465000477.189576,1465000482.191185,1465000482.275000
398,1465000476.530000,1465000477.191344,1465000482.192619,1465000482.271000
399,1465000476.531000,1465000477.199789,1465000482.202303,1465000482.284000
400,1465000476.531000,1465000477.194079,1465000482.195926,1465000482.292000
401,1465000476.531000,1465000477.227383,1465000482.236876,1465000482.325000
402,1465000476.531000,1465000477.179356,1465000482.181107,1465000482.280000
403,1465000476.531000,1465000477.205054,1465000482.222562,1465000482.310000
404,1465000476.531000,1465000477.170875,1465000482.190694,1465000482.273000
405,1465000476.532000,1465000477.177566,1465000482.179053,1465000482.275000
406,1465000476.532000,1465000477.195433,1465000482.196767,1465000482.278000
407,1465000476.532000,1465000477.190708,1465000482.192198,1465000482.279000
408,1465000476.532000,1465000477.214247,1465000482.216061,1465000482.289000
409,1465000476.532000,1465000477.185116,1465000482.186391,1465000482.268000
410,1465000476.532000,1465000477.213804,1465000482.215109,1465000482.290000
411,1465000476.532000,1465000477.208149,1465000482.209670,1465000482.291000
412,1465000476.533000,1465000477.220271,1465000482.221760,1465000482.296000
413,1465000476.533000,1465000477.185912,1465000482.187381,1465000482.284000
414,1465000476.533000,1465000477.171570,1465000482.172955,1465000482.263000
415,1465000476.533000,1465000477.215672,1465000482.216867,1465000482.296000
416,1465000476.533000,1465000477.191090,1465000482.192915,1465000482.274000
417,1465000476.534000,1465000477.219500,1465000482.220973,1465000482.304000
418,1465000476.534000,1465000477.196185,1465000482.197958,1465000482.294000
419,1465000476.534000,1465000477.160942,1465000482.162240,1465000482.259000
420,1465000476.534000,1465000477.170040,1465000482.171419,1465000482.252000
421,1465000476.535000,1465000477.197168,1465000482.198915,1465000482.281000
422,1465000476.535000,1465000477.173683,1465000482.175239,1465000482.258000
423,1465000476.535000,1465000477.186431,1465000482.187926,1465000482.281000
424,1465000476.535000,1465000477.218409,1465000482.219871,1465000482.303000
425,1465000476.535000,1465000477.195574,1465000482.197349,1465000482.280000
426,1465000476.535000,1465000477.240424,1465000482.241952,1465000482.320000
427,1465000476.535000,1465000477.185889,1465000482.202819,1465000482.291000
428,1465000476.535000,1465000477.446749,1465000482.448039,1465000482.523000
429,1465000476.536000,1465000477.220987,1465000482.222282,1465000482.297000
430,1465000476.536000,1465000477.440666,1465000482.442007,1465000482.524000
431,1465000476.536000,1465000477.168531,1465000482.170121,1465000482.265000
432,1465000476.536000,1465000477.188977,1465000482.203521,1465000482.289000
433,1465000476.536000,1465000477.174711,1465000482.176093,1465000482.271000
434,1465000476.537000,1465000477.484689,1465000482.485998,1465000482.571000
435,1465000476.537000,1465000477.160992,1465000482.162801,1465000482.244000
436,1465000476.537000,1465000477.161063,1465000482.162355,1465000482.253000
437,1465000476.537000,1465000477.186498,1465000482.187796,1465000482.265000
438,1465000476.537000,1465000477.183298,1465000482.184618,1465000482.278000
439,1465000476.537000,1465000477.238727,1465000482.258766,1465000482.325000
440,1465000476.537000,1465000477.232952,1465000482.234303,1465000482.311000
441,1465000476.538000,1465000477.185393,1465000482.187197,1465000482.271000
442,1465000476.538000,1465000477.246241,1465000482.247648,1465000482.313000
443,1465000476.538000,1465000477.188228,1465000482.189454,1465000482.282000
444,1465000476.538000,1465000477.200224,1465000482.204130,1465000482.290000
445,1465000476.538000,1465000477.179107,1465000482.180542,1465000482.259000
446,1465000476.538000,1465000477.420748,1465000482.422249,1465000482.517000
447,1465000476.539000,1465000477.195614,1465000482.196964,1465000482.280000
448,1465000476.539000,1465000477.195540,1465000482.196867,1465000482.278000
449,1465000476.539000,1465000477.492460,1465000482.501467,1465000482.584000
450,1465000476.539000,1465000477.479055,1465000482.480312,1465000482.557000
451,1465000476.539000,1465000477.186866,1465000482.188255,1465000482.267000
452,1465000476.539000,1465000477.225924,1465000482.227326,1465000482.294000
453,1465000476.539000,1465000477.191170,1465000482.192597,1465000482.289000
454,1465000476.540000,1465000477.174877,1465000482.176186,1465000482.290000
455,1465000476.540000,1465000477.191794,1465000482.193009,1465000482.281000
456,1465000476.540000,1465000477.192978,1465000482.194547,1465000482.277000
457,1465000476.540000,1465000477.431860,1465000482.433149,1465000482.507000
458,1465000476.540000,1465000477.190861,1465000482.199244,1465000482.280000
459,1465000476.540000,1465000477.192489,1465000482.193765,1465000482.268000
460,1465000476.541000,1465000477.207020,1465000482.219381,1465000482.285000
461,1465000476.541000,1465000477.184775,1465000482.186385,1465000482.282000
462,1465000476.542000,1465000477.213200,1465000482.214827,1465000482.298000
463,1465000476.542000,1465000477.195092,1465000482.200785,1465000482.283000
464,1465000476.542000,1465000477.207188,1465000482.208533,1465000482.302000
465,1465000476.542000,1465000477.204980,1465000482.206518,1465000482.302000
466,1465000476.542000,1465000477.198770,1465000482.200131,1465000482.282000
467,1465000476.542000,1465000477.207297,1465000482.208840,1465000482.290000
468,1465000476.542000,1465000477.215543,1465000482.216792,1465000482.313000
469,1465000476.542000,1465000477.175269,1465000482.177255,1465000482.252000
470,1465000476.543000,1465000477.183967,1465000482.185510,1465000482.261000
471,1465000476.543000,1465000477.172655,1465000482.174175,1465000482.263000
472,1465000476.543000,1465000477.226256,1465000482.227633,1465000482.306000
473,1465000476.543000,1465000477.210353,1465000482.211623,1465000482.289000
474,1465000476.543000,1465000477.207778,1465000482.209561,1465000482.284000
475,1465000476.543000,1465000477.175287,1465000482.176669,1465000482.263000
476,1465000476.544000,1465000477.146843,1465000482.148609,1465000482.234000
477,1465000476.544000,1465000477.208197,1465000482.209478,1465000482.284000
478,1465000476.544000,1465000477.200759,1465000482.210560,1465000482.293000
479,1465000476.544000,1465000477.228970,1465000482.235299,1465000482.323000
480,1465000476.545000,1465000477.178870,1465000482.180228,1465000482.274000
481,1465000476.545000,1465000477.194158,1465000482.195612,1465000482.280000
482,1465000476.545000,1465000477.236862,1465000482.238672,1465000482.305000
483,1465000476.545000,1465000477.208105,1465000482.209464,1465000482.286000
484,1465000476.545000,1465000477.190308,1465000482.192957,1465000482.275000
485,1465000476.545000,1465000477.203354,1465000482.205232,1465000482.279000
486,1465000476.545000,1465000477.225025,1465000482.226353,1465000482.304000
487,1465000476.545000,1465000477.216036,1465000482.217368,1465000482.305000
488,1465000476.545000,1465000477.229635,1465000482.230823,1465000482.302000
489,1465000476.545000,1465000477.213027,1465000482.228971,1465000482.322000
490,1465000476.546000,1465000477.378171,1465000482.379567,1465000482.457000
491,1465000476.546000,1465000477.250654,1465000482.251932,1465000482.324000
492,1465000476.546000,1465000477.216611,1465000482.218312,1465000482.308000
493,1465000476.546000,1465000477.192811,1465000482.195219,1465000482.276000
494,1465000476.546000,1465000477.324434,1465000482.326027,1465000482.400000
495,1465000476.546000,1465000477.166958,1465000482.168884,1465000482.263000
496,1465000476.546000,1465000477.190161,1465000482.191639,1465000482.294000
497,1465000476.546000,1465000477.294405,1465000482.295810,1465000482.382000
498,1465000476.546000,1465000477.230998,1465000482.232516,1465000482.299000
499,1465000476.546000,1465000477.167584,1465000482.169006,1465000482.245000
500,1465000476.546000,1465000477.358113,1465000482.359450,1465000482.441000
501,1465000476.546000,1465000477.208823,1465000482.210450,1465000482.291000
502,1465000476.546000,1465000477.321012,1465000482.322405,1465000482.416000
503,1465000476.546000,1465000477.348331,1465000482.349766,1465000482.438000
504,1465000476.546000,1465000477.217673,1465000482.219200,1465000482.303000
505,1465000476.546000,1465000477.179368,1465000482.181393,1465000482.285000
506,1465000476.547000,1465000477.316131,1465000482.317574,1465000482.400000
507,1465000476.547000,1465000477.199673,1465000482.200936,1465000482.279000
508,1465000476.547000,1465000477.215535,1465000482.217421,1465000482.308000
509,1465000476.547000,1465000477.263683,1465000482.264855,1465000482.343000
510,1465000476.547000,1465000477.214828,1465000482.216138,1465000482.290000
511,1465000476.547000,1465000477.265572,1465000482.266924,1465000482.352000
512,1465000476.547000,1465000477.229067,1465000482.230291,1465000482.318000
513,1465000476.547000,1465000477.213134,1465000482.214567,1465000482.311000
514,1465000476.547000,1465000477.230327,1465000482.242301,1465000482.328000
515,1465000476.547000,1465000477.221042,1465000482.222453,1465000482.310000
516,1465000476.547000,1465000477.225921,1465000482.227292,1465000482.308000
517,1465000476.547000,1465000477.181026,1465000482.182313,1465000482.275000
518,1465000476.547000,1465000477.190501,1465000482.191921,1465000482.280000
519,1465000476.547000,1465000477.206256,1465000482.207506,1465000482.298000
520,1465000476.547000,1465000477.217531,1465000482.219390,1465000482.307000
521,1465000476.547000,1465000477.207425,1465000482.208879,1465000482.292000
522,1465000476.547000,1465000477.262314,1465000482.263535,1465000482.344000
523,1465000476.547000,1465000477.274858,1465000482.276170,1465000482.354000
524,1465000476.547000,1465000477.195921,1465000482.197195,1465000482.294000
525,1465000476.547000,1465000477.216537,1465000482.217916,1465000482.298000
526,1465000476.547000,1465000477.215631,1465000482.216870,1465000482.299000
527,1465000476.547000,1465000477.313788,1465000482.315082,1465000482.403000
528,1465000476.547000,1465000477.256025,1465000482.257631,1465000482.332000
529,1465000476.547000,1465000477.213426,1465000482.219801,1465000482.286000
530,1465000476.547000,1465000477.224805,1465000482.226012,1465000482.307000
531,1465000476.547000,1465000477.201134,1465000482.202641,1465000482.286000
532,1465000476.547000,1465000477.233841,1465000482.235196,1465000482.310000
533,1465000476.547000,1465000477.252897,1465000482.254669,1465000482.336000
534,1465000476.548000,1465000477.220318,1465000482.221596,1465000482.303000
535,1465000476.548000,1465000477.387630,1465000482.389696,1465000482.466000
536,1465000476.548000,1465000477.225081,1465000482.236347,1465000482.323000
537,1465000476.548000,1465000477.201817,1465000482.203210,1465000482.298000
538,1465000476.548000,1465000477.175587,1465000482.176916,1465000482.264000
539,1465000476.548000,1465000477.268616,1465000482.269858,1465000482.351000
540,1465000476.548000,1465000477.331736,1465000482.333136,1465000482.411000
541,1465000476.548000,1465000477.181767,1465000482.183042,1465000482.257000
542,1465000476.548000,1465000477.231229,1465000482.232732,1465000482.318000
543,1465000476.548000,1465000477.243313,1465000482.244524,1465000482.326000
544,1465000476.548000,1465000477.222003,1465000482.223487,1465000482.310000
545,1465000476.548000,1465000477.219029,1465000482.220790,1465000482.302000
546,1465000476.548000,1465000477.246854,1465000482.248274,1465000482.319000
547,1465000476.548000,1465000477.220553,1465000482.222279,1465000482.296000
548,1465000476.548000,1465000477.213616,1465000482.214933,1465000482.314000
549,1465000476.548000,1465000477.209398,1465000482.210849,1465000482.311000
550,1465000476.548000,1465000477.283072,1465000482.284306,1465000482.370000
551,1465000476.548000,1465000477.233350,1465000482.234538,1465000482.322000
552,1465000476.548000,1465000477.186815,1465000482.188266,1465000482.290000
553,1465000476.548000,1465000477.226924,1465000482.228296,1465000482.311000
554,1465000476.548000,1465000477.226611,1465000482.227820,1465000482.302000
555,1465000476.548000,1465000477.299229,1465000482.300477,1465000482.382000
556,1465000476.548000,1465000477.197109,1465000482.198330,1465000482.279000
557,1465000476.548000,1465000477.208899,1465000482.210218,1465000482.313000
558,1465000476.548000,1465000477.189176,1465000482.191058,1465000482.279000
559,1465000476.548000,1465000477.238784,1465000482.240095,1465000482.318000
560,1465000476.548000,1465000477.193026,1465000482.194235,1465000482.269000
561,1465000476.548000,1465000477.199073,1465000482.200867,1465000482.283000
562,1465000476.548000,1465000477.239061,1465000482.240425,1465000482.321000
563,1465000476.548000,1465000477.208823,1465000482.210110,1465000482.303000
564,1465000476.548000,1465000477.192245,1465000482.194037,1465000482.288000
565,1465000476.549000,1465000477.214045,1465000482.215423,1465000482.303000
566,1465000476.549000,1465000477.222131,1465000482.223341,1465000482.314000
567,1465000476.549000,1465000477.227946,1465000482.229314,1465000482.307000
568,1465000476.549000,1465000477.204288,1465000482.205589,1465000482.294000
569,1465000476.549000,1465000477.240506,1465000482.248643,1465000482.327000
570,1465000476.549000,1465000477.249916,1465000482.251202,1465000482.339000
571,1465000476.549000,1465000477.203987,1465000482.205333,1465000482.288000
572,1465000476.549000,1465000477.199544,1465000482.200862,1465000482.294000
573,1465000476.549000,1465000477.218797,1465000482.220111,1465000482.308000
574,1465000476.549000,1465000477.182903,1465000482.184438,1465000482.285000
575,1465000476.549000,1465000477.199216,1465000482.200434,1465000482.300000
576,1465000476.549000,1465000477.244478,1465000482.247559,1465000482.326000
577,1465000476.549000,1465000477.267795,1465000482.269087,1465000482.359000
578,1465000476.549000,1465000477.207121,1465000482.208558,1465000482.292000
579,1465000476.549000,1465000477.192421,1465000482.193951,1465000482.289000
580,1465000476.549000,1465000477.241287,1465000482.258910,1465000482.325000
581,1465000476.549000,1465000477.181032,1465000482.182363,1465000482.277000
582,1465000476.549000,1465000477.227927,1465000482.229384,1465000482.311000
583,1465000476.549000,1465000477.306386,1465000482.307699,1465000482.396000
584,1465000476.549000,1465000477.348426,1465000482.349685,1465000482.431000
585,1465000476.549000,1465000477.185938,1465000482.188075,1465000482.272000
586,1465000476.549000,1465000477.253179,1465000482.254406,1465000482.343000
587,1465000476.549000,1465000477.185888,1465000482.196362,1465000482.284000
588,1465000476.549000,1465000477.170485,1465000482.172966,1465000482.268000
589,1465000476.549000,1465000477.289554,1465000482.290870,1465000482.376000
590,1465000476.549000,1465000477.213001,1465000482.218780,1465000482.284000
591,1465000476.549000,1465000477.212458,1465000482.213887,1465000482.288000
592,1465000476.549000,1465000477.203671,1465000482.205124,1465000482.293000
593,1465000476.550000,1465000477.201769,1465000482.203149,1465000482.290000
594,1465000476.550000,1465000477.234072,1465000482.236347,1465000482.324000
595,1465000476.550000,1465000477.197584,1465000482.199770,1465000482.266000
596,1465000476.550000,1465000477.189886,1465000482.191548,1465000482.274000
597,1465000476.550000,1465000477.220737,1465000482.222477,1465000482.310000
598,1465000476.550000,1465000477.222165,1465000482.223531,1465000482.326000
599,1465000476.550000,1465000477.195336,1465000482.197106,1465000482.294000
600,1465000476.550000,1465000477.227980,1465000482.229273,1465000482.314000
601,1465000476.550000,1465000477.170746,1465000482.172125,1465000482.271000
602,1465000476.550000,1465000477.305438,1465000482.306712,1465000482.387000
603,1465000476.550000,1465000477.187271,1465000482.188503,1465000482.288000
604,1465000476.550000,1465000477.240192,1465000482.241573,1465000482.320000
605,1465000476.550000,1465000477.233901,1465000482.236761,1465000482.324000
606,1465000476.550000,1465000477.233872,1465000482.235297,1465000482.301000
607,1465000476.550000,1465000477.184817,1465000482.186443,1465000482.263000
608,1465000476.550000,1465000477.230982,1465000482.232244,1465000482.315000
609,1465000476.550000,1465000477.261288,1465000482.262558,1465000482.350000
610,1465000476.550000,1465000477.200751,1465000482.202428,1465000482.289000
611,1465000476.550000,1465000477.215283,1465000482.220558,1465000482.317000
612,1465000476.550000,1465000477.195936,1465000482.198328,1465000482.281000
613,1465000476.550000,1465000477.172016,1465000482.173960,1465000482.261000
614,1465000476.550000,1465000477.231002,1465000482.232292,1465000482.314000
615,1465000476.550000,1465000477.225968,1465000482.227404,1465000482.330000
616,1465000476.550000,1465000477.235156,1465000482.236423,1465000482.318000
617,1465000476.550000,1465000477.203531,1465000482.205309,1465000482.283000
618,1465000476.550000,1465000477.245291,1465000482.246540,1465000482.335000
619,1465000476.550000,1465000477.233157,1465000482.249513,1465000482.331000
620,1465000476.550000,1465000477.207999,1465000482.209279,1465000482.292000
621,1465000476.550000,1465000477.340272,1465000482.341793,1465000482.415000
622,1465000476.550000,1465000477.374586,1465000482.375890,1465000482.466000
623,1465000476.550000,1465000477.203219,1465000482.204497,1465000482.271000
624,1465000476.551000,1465000477.188888,1465000482.190595,1465000482.284000
625,1465000476.551000,1465000477.236583,1465000482.237906,1465000482.313000
626,1465000476.551000,1465000477.203666,1465000482.204888,1465000482.298000
627,1465000476.551000,1465000477.379826,1465000482.381233,1465000482.469000
628,1465000476.551000,1465000477.334827,1465000482.345309,1465000482.420000
629,1465000476.551000,1465000477.267763,1465000482.269215,1465000482.356000
630,1465000476.551000,1465000477.281120,1465000482.282301,1465000482.355000
631,1465000476.551000,1465000477.242514,1465000482.243885,1465000482.325000
632,1465000476.551000,1465000477.253492,1465000482.254798,1465000482.336000
633,1465000476.551000,1465000477.355880,1465000482.357321,1465000482.432000
634,1465000476.551000,1465000477.278788,1465000482.280161,1465000482.357000
635,1465000476.551000,1465000477.254960,1465000482.256189,1465000482.328000
636,1465000476.551000,1465000477.206096,1465000482.207698,1465000482.310000
637,1465000476.551000,1465000477.173421,1465000482.174900,1465000482.261000
638,1465000476.552000,1465000477.142771,1465000482.144787,1465000482.239000
639,1465000476.552000,1465000477.334128,1465000482.335601,1465000482.412000
640,1465000476.552000,1465000477.373303,1465000482.374709,1465000482.462000
641,1465000476.552000,1465000477.306635,1465000482.307931,1465000482.398000
642,1465000476.552000,1465000477.212408,1465000482.213707,1465000482.316000
643,1465000476.552000,1465000477.260696,1465000482.261963,1465000482.343000
644,1465000476.552000,1465000477.289276,1465000482.290582,1465000482.373000
645,1465000476.552000,1465000477.174066,1465000482.175764,1465000482.275000
646,1465000476.552000,1465000477.307934,1465000482.309211,1465000482.397000
647,1465000476.552000,1465000477.306573,1465000482.307834,1465000482.390000
648,1465000476.552000,1465000477.251531,1465000482.252753,1465000482.340000
649,1465000476.552000,1465000477.360167,1465000482.377645,1465000482.466000
650,1465000476.552000,1465000477.223683,1465000482.232725,1465000482.335000
651,1465000476.552000,1465000477.192943,1465000482.194579,1465000482.276000
652,1465000476.552000,1465000477.235613,1465000482.236891,1465000482.320000
653,1465000476.552000,1465000477.181087,1465000482.182811,1465000482.282000
654,1465000476.552000,1465000477.199967,1465000482.201265,1465000482.294000
655,1465000476.552000,1465000477.241163,1465000482.242590,1465000482.317000
656,1465000476.552000,1465000477.239133,1465000482.240419,1465000482.328000
657,1465000476.552000,1465000477.316630,1465000482.317932,1465000482.406000
658,1465000476.552000,1465000477.188566,1465000482.209160,1465000482.302000
659,1465000476.552000,1465000477.233539,1465000482.235910,1465000482.323000
660,1465000476.552000,1465000477.250229,1465000482.251563,1465000482.329000
661,1465000476.552000,1465000477.241506,1465000482.242762,1465000482.326000
662,1465000476.552000,1465000477.220373,1465000482.221902,1465000482.318000
663,1465000476.552000,1465000477.246488,1465000482.248143,1465000482.325000
664,1465000476.552000,1465000477.185763,1465000482.187305,1465000482.284000
665,1465000476.552000,1465000477.232264,1465000482.233611,1465000482.319000
666,1465000476.553000,1465000477.206876,1465000482.208371,1465000482.308000
667,1465000476.553000,1465000477.296051,1465000482.297316,1465000482.370000
668,1465000476.553000,1465000477.175348,1465000482.176803,1465000482.259000
669,1465000476.553000,1465000477.247997,1465000482.249832,1465000482.325000
670,1465000476.553000,1465000477.197339,1465000482.198632,1465000482.295000
671,1465000476.553000,1465000477.196070,1465000482.197330,1465000482.286000
672,1465000476.553000,1465000477.204663,1465000482.206458,1465000482.287000
673,1465000476.553000,1465000477.268030,1465000482.269840,1465000482.351000
674,1465000476.553000,1465000477.200643,1465000482.205818,1465000482.280000
675,1465000476.553000,1465000477.214912,1465000482.216180,1465000482.309000
676,1465000476.553000,1465000477.201955,1465000482.203226,1465000482.294000
677,1465000476.553000,1465000477.192544,1465000482.193860,1465000482.291000
678,1465000476.553000,1465000477.177562,1465000482.179145,1465000482.267000
679,1465000476.553000,1465000477.351307,1465000482.353336,1465000482.441000
680,1465000476.553000,1465000477.206207,1465000482.220234,1465000482.301000
681,1465000476.553000,1465000477.232657,1465000482.234483,1465000482.313000
682,1465000476.553000,1465000477.186716,1465000482.188287,1465000482.285000
683,1465000476.553000,1465000477.224803,1465000482.226129,1465000482.314000
684,1465000476.553000,1465000477.216869,1465000482.218493,1465000482.315000
685,1465000476.553000,1465000477.313642,1465000482.315062,1465000482.389000
686,1465000476.553000,1465000477.327277,1465000482.328628,1465000482.410000
687,1465000476.553000,1465000477.183654,1465000482.184967,1465000482.270000
688,1465000476.553000,1465000477.217387,1465000482.218837,1465000482.307000
689,1465000476.553000,1465000477.239602,1465000482.241347,1465000482.307000
690,1465000476.553000,1465000477.208643,1465000482.210231,1465000482.307000
691,1465000476.553000,1465000477.287594,1465000482.292853,1465000482.365000
692,1465000476.553000,1465000477.213698,1465000482.215623,1465000482.306000
693,1465000476.553000,1465000477.238649,1465000482.239989,1465000482.312000
694,1465000476.553000,1465000477.299995,1465000482.301667,1465000482.385000
695,1465000476.554000,1465000477.240807,1465000482.242074,1465000482.314000
696,1465000476.554000,1465000477.291555,1465000482.293421,1465000482.381000
697,1465000476.554000,1465000477.355328,1465000482.356698,1465000482.433000
698,1465000476.554000,1465000477.183752,1465000482.200147,1465000482.296000
699,1465000476.554000,1465000477.376436,1465000482.378272,1465000482.450000
700,1465000476.554000,1465000477.222288,1465000482.223699,1465000482.306000
701,1465000476.554000,1465000477.209425,1465000482.210632,1465000482.291000
702,1465000476.554000,1465000477.220841,1465000482.222650,1465000482.297000
703,1465000476.554000,1465000477.197515,1465000482.199157,1465000482.280000
704,1465000476.554000,1465000477.270159,1465000482.271404,1465000482.343000
705,1465000476.554000,1465000477.301956,1465000482.303359,1465000482.390000
706,1465000476.554000,1465000477.196490,1465000482.197695,1465000482.272000
707,1465000476.554000,1465000477.228396,1465000482.235639,1465000482.323000
708,1465000476.554000,1465000477.237418,1465000482.238674,1465000482.319000
709,1465000476.554000,1465000477.305755,1465000482.307109,1465000482.398000
710,1465000476.554000,1465000477.371915,1465000482.373190,1465000482.455000
711,1465000476.554000,1465000477.232881,1465000482.234479,1465000482.313000
712,1465000476.554000,1465000477.198915,1465000482.200647,1465000482.275000
713,1465000476.554000,1465000477.305755,1465000482.308281,1465000482.380000
714,1465000476.554000,1465000477.201306,1465000482.202762,1465000482.287000
715,1465000476.554000,1465000477.231099,1465000482.232945,1465000482.320000
716,1465000476.554000,1465000477.216429,1465000482.235029,1465000482.318000
717,1465000476.554000,1465000477.208143,1465000482.209901,1465000482.290000
718,1465000476.554000,1465000477.190146,1465000482.191737,1465000482.277000
719,1465000476.554000,1465000477.194604,1465000482.195866,1465000482.289000
720,1465000476.554000,1465000477.290327,1465000482.292199,1465000482.380000
721,1465000476.554000,1465000477.179753,1465000482.181126,1465000482.267000
722,1465000476.554000,1465000477.267835,1465000482.269701,1465000482.350000
723,1465000476.555000,1465000477.206958,1465000482.208389,1465000482.291000
724,1465000476.555000,1465000477.198107,1465000482.199542,1465000482.287000
725,1465000476.555000,1465000477.234700,1465000482.242556,1465000482.331000
726,1465000476.555000,1465000477.224628,1465000482.225992,1465000482.307000
727,1465000476.555000,1465000477.341587,1465000482.342866,1465000482.430000
728,1465000476.555000,1465000477.357410,1465000482.361534,1465000482.445000
729,1465000476.555000,1465000477.253079,1465000482.254435,1465000482.335000
730,1465000476.555000,1465000477.321521,1465000482.323024,1465000482.409000
731,1465000476.555000,1465000477.260158,1465000482.261347,1465000482.333000
732,1465000476.555000,1465000477.360686,1465000482.362707,1465000482.440000
733,1465000476.555000,1465000477.220821,1465000482.222601,1465000482.319000
734,1465000476.555000,1465000477.331089,1465000482.332335,1465000482.426000
735,1465000476.555000,1465000477.240646,1465000482.242193,1465000482.339000
736,1465000476.555000,1465000477.310102,1465000482.312777,1465000482.399000
737,1465000476.555000,1465000477.265758,1465000482.266976,1465000482.370000
738,1465000476.555000,1465000477.298952,1465000482.300248,1465000482.381000
739,1465000476.555000,1465000477.347833,1465000482.349178,1465000482.430000
740,1465000476.555000,1465000477.196852,1465000482.198973,1465000482.282000
741,1465000476.555000,1465000477.279477,1465000482.280991,1465000482.367000
742,1465000476.555000,1465000477.207200,1465000482.208553,1465000482.294000
743,1465000476.555000,1465000477.227379,1465000482.228766,1465000482.316000
744,1465000476.555000,1465000477.272059,1465000482.273590,1465000482.376000
745,1465000476.555000,1465000477.218028,1465000482.220240,1465000482.309000
746,1465000476.555000,1465000477.338236,1465000482.339551,1465000482.421000
747,1465000476.557000,1465000477.287094,1465000482.305653,1465000482.383000
748,1465000476.563000,1465000477.263810,1465000482.265202,1465000482.346000
749,1465000476.572000,1465000477.217471,1465000482.219106,1465000482.310000
750,1465000476.581000,1465000477.340303,1465000482.341522,1465000482.424000
751,1465000476.606000,1465000477.294987,1465000482.296427,1465000482.380000
752,1465000476.608000,1465000477.273865,1465000482.275246,1465000482.350000
753,1465000476.608000,1465000477.371338,1465000482.372562,1465000482.447000
754,1465000476.608000,1465000477.383644,1465000482.384870,1465000482.462000
755,1465000476.608000,1465000477.236594,1465000482.238003,1465000482.325000
756,1465000476.608000,1465000477.266060,1465000482.267473,1465000482.355000
757,1465000476.608000,1465000477.345596,1465000482.346931,1465000482.428000
758,1465000476.608000,1465000477.278528,1465000482.279838,1465000482.368000
759,1465000476.608000,1465000477.247596,1465000482.248907,1465000482.346000
760,1465000476.608000,1465000477.361727,1465000482.363032,1465000482.440000
761,1465000476.608000,1465000477.308389,1465000482.309816,1465000482.383000
762,1465000476.608000,1465000477.324075,1465000482.325352,1465000482.428000
763,1465000476.609000,1465000477.284392,1465000482.285799,1465000482.374000
764,1465000476.609000,1465000477.253051,1465000482.254470,1465000482.320000
765,1465000476.609000,1465000477.328523,1465000482.329942,1465000482.407000
766,1465000476.609000,1465000477.313308,1465000482.314653,1465000482.402000
767,1465000476.609000,1465000477.274765,1465000482.276108,1465000482.351000
768,1465000476.609000,1465000477.296424,1465000482.298098,1465000482.382000
769,1465000476.609000,1465000477.291029,1465000482.292275,1465000482.373000
770,1465000476.609000,1465000477.313486,1465000482.314755,1465000482.396000
771,1465000476.609000,1465000477.255974,1465000482.257237,1465000482.348000
772,1465000476.609000,1465000477.269535,1465000482.270851,1465000482.358000
773,1465000476.609000,1465000477.346782,1465000482.348302,1465000482.436000
774,1465000476.609000,1465000477.260342,1465000482.261749,1465000482.349000
775,1465000476.609000,1465000477.310763,1465000482.325759,1465000482.400000
776,1465000476.609000,1465000477.367485,1465000482.368998,1465000482.453000
777,1465000476.610000,1465000477.243994,1465000482.245590,1465000482.342000
778,1465000476.613000,1465000477.267305,1465000482.268571,1465000482.343000
779,1465000476.613000,1465000477.337724,1465000482.339223,1465000482.421000
780,1465000476.613000,1465000477.274884,1465000482.276313,1465000482.363000
781,1465000476.613000,1465000477.322542,1465000482.323993,1465000482.407000
782,1465000476.613000,1465000477.331343,1465000482.332593,1465000482.414000
783,1465000476.615000,1465000477.237524,1465000482.251426,1465000482.344000
784,1465000476.615000,1465000477.292852,1465000482.294649,1465000482.381000
785,1465000476.615000,1465000477.279409,1465000482.280748,1465000482.369000
786,1465000476.615000,1465000477.312439,1465000482.326793,1465000482.401000
787,1465000476.616000,1465000477.277182,1465000482.278438,1465000482.368000
788,1465000476.616000,1465000477.256453,1465000482.257747,1465000482.334000
789,1465000476.616000,1465000477.272592,1465000482.273822,1465000482.357000
790,1465000476.616000,1465000477.247612,1465000482.249175,1465000482.324000
791,1465000476.616000,1465000477.292840,1465000482.294055,1465000482.375000
792,1465000476.616000,1465000477.346093,1465000482.347381,1465000482.425000
793,1465000476.617000,1465000477.280178,1465000482.281577,1465000482.364000
794,1465000476.617000,1465000477.374767,1465000482.376446,1465000482.463000
795,1465000476.618000,1465000477.303313,1465000482.304525,1465000482.388000
796,1465000476.618000,1465000477.268820,1465000482.270154,1465000482.355000
797,1465000476.618000,1465000477.572067,1465000482.573416,1465000482.660000
798,1465000476.619000,1465000477.281680,1465000482.283000,1465000482.376000
799,1465000476.619000,1465000477.394468,1465000482.395875,1465000482.480000
800,1465000476.619000,1465000477.243093,1465000482.244486,1465000482.341000
801,1465000476.619000,1465000477.268729,1465000482.272595,1465000482.375000
802,1465000476.619000,1465000477.314245,1465000482.332463,1465000482.435000
803,1465000476.619000,1465000477.349446,1465000482.350707,1465000482.425000
804,1465000476.620000,1465000477.365834,1465000482.367664,1465000482.445000
805,1465000476.620000,0.000000,0.000000,0.000000
806,1465000476.620000,1465000477.296515,1465000482.298378,1465000482.382000
807,1465000476.621000,1465000477.359546,1465000482.360900,1465000482.451000
808,1465000476.621000,1465000477.368538,1465000482.369908,1465000482.451000
809,1465000476.621000,1465000477.277713,1465000482.278887,1465000482.357000
810,1465000476.621000,1465000477.341082,1465000482.342399,1465000482.414000
811,1465000476.621000,1465000477.292727,1465000482.294036,1465000482.394000
812,1465000476.622000,1465000477.333439,1465000482.336557,1465000482.424000
813,1465000476.622000,1465000477.279312,1465000482.280705,1465000482.354000
814,1465000476.622000,0.000000,0.000000,0.000000
815,1465000476.622000,1465000477.364161,1465000482.365506,1465000482.447000
816,1465000476.623000,1465000477.326949,1465000482.328399,1465000482.401000
817,1465000476.623000,1465000477.332306,1465000482.333713,1465000482.417000
818,1465000476.623000,1465000477.386627,1465000482.387939,1465000482.469000
819,1465000476.623000,1465000477.375647,1465000482.376899,1465000482.451000
820,1465000476.623000,1465000477.292615,1465000482.295283,1465000482.383000
821,1465000476.623000,1465000477.626186,1465000482.627603,1465000482.718000
822,1465000476.623000,1465000477.642744,1465000482.644028,1465000482.721000
823,1465000476.624000,1465000477.268614,1465000482.269885,1465000482.358000
824,1465000476.624000,1465000477.358378,1465000482.360055,1465000482.437000
825,1465000476.624000,1465000477.307216,1465000482.308551,1465000482.411000
826,1465000476.624000,1465000477.306091,1465000482.308281,1465000482.381000
827,1465000476.625000,1465000477.324254,1465000482.325731,1465000482.406000
828,1465000476.625000,1465000477.342464,1465000482.344401,1465000482.433000
829,1465000476.625000,1465000477.321670,1465000482.323002,1465000482.396000
830,1465000476.625000,1465000477.261843,1465000482.263220,1465000482.344000
831,1465000476.626000,1465000477.278388,1465000482.279652,1465000482.361000
832,1465000476.626000,1465000477.357213,1465000482.365338,1465000482.440000
833,1465000476.626000,1465000477.380183,1465000482.381657,1465000482.455000
834,1465000476.627000,1465000477.313877,1465000482.315064,1465000482.387000
835,1465000476.627000,1465000477.580251,1465000482.582019,1465000482.676000
836,1465000476.627000,1465000477.354804,1465000482.356089,1465000482.446000
837,1465000476.627000,1465000477.382388,1465000482.383677,1465000482.458000
838,1465000476.627000,1465000477.361138,1465000482.362656,1465000482.440000
839,1465000476.627000,1465000477.254451,1465000482.255792,1465000482.336000
840,1465000476.627000,1465000477.332475,1465000482.333848,1465000482.411000
841,1465000476.627000,1465000477.299662,1465000482.301066,1465000482.382000
842,1465000476.627000,1465000477.284345,1465000482.285634,1465000482.369000
843,1465000476.627000,1465000477.363257,1465000482.365222,1465000482.455000
844,1465000476.627000,1465000477.366426,1465000482.367580,1465000482.442000
845,1465000476.628000,1465000477.357075,1465000482.358503,1465000482.433000
846,1465000476.628000,1465000477.319549,1465000482.320836,1465000482.406000
847,1465000476.628000,1465000477.287794,1465000482.289053,1465000482.377000
848,1465000476.629000,1465000477.295253,1465000482.296530,1465000482.387000
849,1465000476.629000,1465000477.321638,1465000482.322922,1465000482.413000
850,1465000476.629000,1465000477.236962,1465000482.238464,1465000482.335000
851,1465000476.629000,1465000477.338402,1465000482.339918,1465000482.413000
852,1465000476.629000,1465000477.365936,1465000482.367363,1465000482.455000
853,1465000476.629000,1465000477.583849,1465000482.585092,1465000482.660000
854,1465000476.630000,1465000477.385089,1465000482.386380,1465000482.469000
855,1465000476.630000,1465000477.279853,1465000482.281233,1465000482.381000
856,1465000476.630000,1465000477.318909,1465000482.320170,1465000482.397000
857,1465000476.630000,1465000477.354047,1465000482.355363,1465000482.428000
858,1465000476.631000,1465000477.359451,1465000482.360813,1465000482.444000
859,1465000476.631000,1465000477.371327,1465000482.372691,1465000482.465000
860,1465000476.631000,1465000477.664141,1465000482.665427,1465000482.742000
861,1465000476.631000,1465000477.357061,1465000482.358419,1465000482.439000
862,1465000476.631000,1465000477.347507,1465000482.349320,1465000482.426000
863,1465000476.631000,1465000477.334310,1465000482.335715,1465000482.417000
864,1465000476.631000,1465000477.631467,1465000482.633096,1465000482.706000
865,1465000476.632000,1465000477.303187,1465000482.304460,1465000482.382000
866,1465000476.632000,1465000477.392356,1465000482.393700,1465000482.471000
867,1465000476.632000,1465000477.269864,1465000482.271092,1465000482.367000
868,1465000476.632000,1465000477.350349,1465000482.351630,1465000482.424000
869,1465000476.633000,1465000477.371062,1465000482.372401,1465000482.447000
870,1465000476.634000,1465000477.293746,1465000482.295282,1465000482.383000
871,1465000476.634000,1465000477.363322,1465000482.364545,1465000482.437000
872,1465000476.635000,1465000477.368998,1465000482.370276,1465000482.458000
873,1465000476.635000,1465000477.306425,1465000482.307660,1465000482.392000
874,1465000476.635000,1465000477.394155,1465000482.395679,1465000482.473000
875,1465000476.636000,1465000477.332781,1465000482.334172,1465000482.420000
876,1465000476.637000,1465000477.670748,1465000482.672087,1465000482.749000
877,1465000476.637000,1465000477.383098,1465000482.384342,1465000482.458000
878,1465000476.637000,1465000477.367624,1465000482.369177,1465000482.450000
879,1465000476.637000,1465000477.675995,1465000482.677179,1465000482.754000
880,1465000476.638000,1465000477.287669,1465000482.289103,1465000482.379000
881,1465000476.638000,1465000477.335621,1465000482.337038,1465000482.426000
882,1465000476.638000,1465000477.282593,1465000482.283947,1465000482.372000
883,1465000476.638000,1465000477.332042,1465000482.333475,1465000482.420000
884,1465000476.638000,1465000477.308163,1465000482.309401,1465000482.381000
885,1465000476.638000,1465000477.341305,1465000482.342676,1465000482.416000
886,1465000476.638000,1465000477.275482,1465000482.276761,1465000482.379000
887,1465000476.639000,1465000477.611739,1465000482.613385,1465000482.691000
888,1465000476.640000,1465000477.369341,1465000482.371350,1465000482.466000
889,1465000476.640000,1465000477.345050,1465000482.346540,1465000482.428000
890,1465000476.640000,1465000477.381366,1465000482.382911,1465000482.476000
891,1465000476.640000,1465000477.360978,1465000482.362215,1465000482.437000
892,1465000476.640000,1465000477.279197,1465000482.280491,1465000482.383000
893,1465000476.641000,1465000477.306198,1465000482.307652,1465000482.410000
894,1465000476.641000,1465000477.378096,1465000482.379814,1465000482.457000
895,1465000476.641000,1465000477.649691,1465000482.651056,1465000482.737000
896,1465000476.641000,1465000477.386748,1465000482.388021,1465000482.462000
897,1465000476.641000,1465000477.581412,1465000482.582839,1465000482.676000
898,1465000476.642000,1465000477.373816,1465000482.375035,1465000482.456000
899,1465000476.642000,1465000477.369732,1465000482.371437,1465000482.452000
900,1465000476.643000,1465000477.340507,1465000482.341764,1465000482.432000
901,1465000476.643000,1465000477.377433,1465000482.378866,1465000482.456000
902,1465000476.643000,1465000477.333648,1465000482.334889,1465000482.418000
903,1465000476.644000,1465000477.688175,1465000482.689526,1465000482.767000
904,1465000476.644000,1465000477.369851,1465000482.378382,1465000482.466000
905,1465000476.644000,1465000477.351845,1465000482.353277,1465000482.456000
906,1465000476.644000,1465000477.296055,1465000482.297363,1465000482.374000
907,1465000476.644000,1465000477.320805,1465000482.322140,1465000482.410000
908,1465000476.644000,1465000477.628663,1465000482.630309,1465000482.716000
909,1465000476.644000,1465000477.657024,1465000482.658613,1465000482.737000
910,1465000476.645000,1465000477.389575,1465000482.390931,1465000482.464000
911,1465000476.645000,1465000477.367711,1465000482.369245,1465000482.452000
912,1465000476.645000,1465000477.385934,1465000482.403633,1465000482.489000
913,1465000476.645000,1465000477.620184,1465000482.621587,1465000482.712000
914,1465000476.645000,1465000477.374387,1465000482.375749,1465000482.453000
915,1465000476.646000,1465000477.358965,1465000482.360534,1465000482.435000
916,1465000476.646000,1465000477.381884,1465000482.383413,1465000482.467000
917,1465000476.646000,1465000477.389825,1465000482.391350,1465000482.468000
918,1465000476.646000,1465000477.337449,1465000482.338699,1465000482.438000
919,1465000476.646000,1465000477.377070,1465000482.378285,1465000482.460000
920,1465000476.646000,1465000477.382448,1465000482.383836,1465000482.461000
921,1465000476.647000,1465000477.363603,1465000482.364846,1465000482.437000
922,1465000476.647000,1465000477.696582,1465000482.697855,1465000482.776000
923,1465000476.647000,1465000477.327540,1465000482.329145,1465000482.402000
924,1465000476.647000,1465000477.383148,1465000482.384817,1465000482.472000
925,1465000476.647000,1465000477.381753,1465000482.383415,1465000482.458000
926,1465000476.647000,1465000477.366099,1465000482.367683,1465000482.458000
927,1465000476.647000,1465000477.384024,1465000482.385495,1465000482.463000
928,1465000476.647000,1465000477.607916,1465000482.609684,1465000482.701000
929,1465000476.648000,1465000477.387051,1465000482.388343,1465000482.470000
930,1465000476.648000,1465000477.351102,1465000482.352570,1465000482.431000
931,1465000476.648000,1465000477.392168,1465000482.393395,1465000482.465000
932,1465000476.649000,1465000477.382079,1465000482.388094,1465000482.466000
933,1465000476.649000,1465000477.365019,1465000482.366423,1465000482.443000
934,1465000476.649000,1465000477.655543,1465000482.656823,1465000482.747000
935,1465000476.649000,1465000477.335137,1465000482.336952,1465000482.411000
936,1465000476.649000,1465000477.354498,1465000482.360713,1465000482.448000
937,1465000476.649000,1465000477.391571,1465000482.392895,1465000482.470000
938,1465000476.649000,1465000477.321689,1465000482.322962,1465000482.411000
939,1465000476.650000,1465000477.376040,1465000482.378335,1465000482.466000
940,1465000476.650000,1465000477.329884,1465000482.342376,1465000482.433000
941,1465000476.650000,1465000477.387492,1465000482.388826,1465000482.461000
942,1465000476.650000,1465000477.356962,1465000482.359211,1465000482.442000
943,1465000476.650000,1465000477.392971,1465000482.394381,1465000482.467000
944,1465000476.651000,1465000477.346582,1465000482.348147,1465000482.425000
945,1465000476.651000,1465000477.375513,1465000482.377281,1465000482.465000
946,1465000476.651000,1465000477.343640,1465000482.357128,1465000482.444000
947,1465000476.651000,1465000477.373490,1465000482.375294,1465000482.463000
948,1465000476.651000,1465000477.679787,1465000482.681423,1465000482.772000
949,1465000476.652000,1465000477.355746,1465000482.357108,1465000482.445000
950,1465000476.652000,1465000477.319354,1465000482.320739,1465000482.399000
951,1465000476.652000,1465000477.373107,1465000482.375078,1465000482.459000
952,1465000476.652000,1465000477.654016,1465000482.655330,1465000482.739000
953,1465000476.652000,1465000477.370062,1465000482.371436,1465000482.456000
954,1465000476.652000,1465000477.393249,1465000482.394525,1465000482.471000
955,1465000476.652000,1465000477.635788,1465000482.637136,1465000482.731000
956,1465000476.652000,1465000477.376389,1465000482.377587,1465000482.468000
957,1465000476.653000,1465000477.332662,1465000482.334442,1465000482.409000
958,1465000476.653000,1465000477.357985,1465000482.359514,1465000482.450000
959,1465000476.653000,1465000477.369856,1465000482.380176,1465000482.462000
960,1465000476.653000,1465000477.334543,1465000482.336052,1465000482.425000
961,1465000476.653000,1465000477.365287,1465000482.366510,1465000482.449000
962,1465000476.654000,1465000477.673889,1465000482.675238,1465000482.753000
963,1465000476.654000,1465000477.372956,1465000482.374810,1465000482.458000
964,1465000476.654000,1465000477.382890,1465000482.384122,1465000482.465000
965,1465000476.654000,1465000477.377000,1465000482.391656,1465000482.485000
966,1465000476.654000,1465000477.380216,1465000482.381641,1465000482.458000
967,1465000476.654000,1465000477.361116,1465000482.362735,1465000482.436000
968,1465000476.654000,1465000477.388806,1465000482.409262,1465000482.486000
969,1465000476.654000,1465000477.376052,1465000482.377600,1465000482.449000
970,1465000476.654000,1465000477.646118,1465000482.647607,1465000482.740000
971,1465000476.654000,1465000477.381055,1465000482.382640,1465000482.457000
972,1465000476.655000,1465000477.371784,1465000482.373238,1465000482.460000
973,1465000476.655000,1465000477.673264,1465000482.674502,1465000482.768000
974,1465000476.655000,1465000477.349333,1465000482.352578,1465000482.456000
975,1465000476.655000,1465000477.636463,1465000482.637800,1465000482.728000
976,1465000476.656000,1465000477.356443,1465000482.357714,1465000482.440000
977,1465000476.656000,1465000477.366248,1465000482.368464,1465000482.447000
978,1465000476.656000,1465000477.383244,1465000482.384743,1465000482.466000
979,1465000476.656000,1465000477.371537,1465000482.372938,1465000482.449000
980,1465000476.656000,1465000477.679432,1465000482.680692,1465000482.766000
981,1465000476.656000,1465000477.350226,1465000482.351619,1465000482.434000
982,1465000476.656000,1465000477.375470,1465000482.376726,1465000482.457000
983,1465000476.656000,1465000477.338289,1465000482.349270,1465000482.426000
984,1465000476.657000,1465000477.363680,1465000482.384416,1465000482.474000
985,1465000476.657000,1465000477.341724,1465000482.343030,1465000482.430000
986,1465000476.658000,1465000477.399937,1465000482.401305,1465000482.475000
987,1465000476.658000,1465000477.377252,1465000482.378651,1465000482.463000
988,1465000476.658000,1465000477.373212,1465000482.374697,1465000482.455000
989,1465000476.658000,1465000477.626650,1465000482.628039,1465000482.711000
990,1465000476.658000,1465000477.371810,1465000482.373421,1465000482.462000
991,1465000476.658000,1465000477.364455,1465000482.365883,1465000482.447000
992,1465000476.658000,1465000477.384764,1465000482.386170,1465000482.467000
993,1465000476.658000,1465000477.395457,1465000482.396615,1465000482.471000
994,1465000476.658000,1465000477.366997,1465000482.368312,1465000482.471000
995,1465000476.658000,1465000477.349008,1465000482.350573,1465000482.434000
996,1465000476.658000,1465000477.367459,1465000482.368857,1465000482.460000
997,1465000476.659000,1465000477.353814,1465000482.360717,1465000482.448000
998,1465000476.659000,1465000477.377648,1465000482.378989,1465000482.466000
999,1465000476.659000,1465000477.401272,1465000482.402533,1465000482.476000
