0,1465000042.515000,1465000043.200113,1465000048.202348,1465000048.285000
1,1465000042.515000,1465000043.230960,1465000048.233129,1465000048.316000
2,1465000042.515000,1465000043.244709,1465000048.246448,1465000048.331000
3,1465000042.515000,1465000043.253989,1465000048.263855,1465000048.346000
4,1465000042.515000,1465000043.250557,1465000048.252019,1465000048.331000
5,1465000042.515000,1465000043.203162,1465000048.205732,1465000048.291000
6,1465000042.515000,1465000043.204786,1465000048.206563,1465000048.282000
7,1465000042.515000,1465000043.202212,1465000048.203821,1465000048.297000
8,1465000042.515000,1465000043.465541,1465000048.467303,1465000048.561000
9,1465000042.516000,1465000043.263936,1465000048.265570,1465000048.354000
10,1465000042.516000,1465000043.518839,1465000048.520192,1465000048.603000
11,1465000042.516000,1465000043.225482,1465000048.243380,1465000048.326000
12,1465000042.516000,1465000043.505916,1465000048.507548,1465000048.594000
13,1465000042.516000,1465000043.503326,1465000048.504894,1465000048.594000
14,1465000042.516000,1465000043.214190,1465000048.215515,1465000048.291000
15,1465000042.516000,1465000043.196013,1465000048.209432,1465000048.292000
16,1465000042.516000,1465000043.201997,1465000048.203806,1465000048.287000
17,1465000042.516000,1465000043.244048,1465000048.245850,1465000048.331000
18,1465000042.516000,1465000043.305228,1465000048.316370,1465000048.405000
19,1465000042.516000,1465000043.439801,1465000048.441118,1465000048.521000
20,1465000042.516000,1465000043.201020,1465000048.210893,1465000048.294000
21,1465000042.516000,1465000043.202875,1465000048.205990,1465000048.282000
22,1465000042.516000,1465000043.226394,1465000048.227801,1465000048.305000
23,1465000042.516000,1465000043.208483,1465000048.211452,1465000048.286000
24,1465000042.516000,1465000043.505559,1465000048.507692,1465000048.589000
25,1465000042.517000,1465000043.228258,1465000048.229506,1465000048.312000
26,1465000042.517000,1465000043.507935,1465000048.509315,1465000048.595000
27,1465000042.517000,1465000043.197316,1465000048.199382,1465000048.285000
28,1465000042.517000,1465000043.185202,1465000048.189528,1465000048.283000
29,1465000042.517000,1465000043.202044,1465000048.203880,1465000048.286000
30,1465000042.517000,1465000043.194645,1465000048.201002,1465000048.284000
31,1465000042.517000,1465000043.188848,1465000048.190259,1465000048.283000
32,1465000042.518000,1465000043.242168,1465000048.243909,1465000048.327000
33,1465000042.518000,1465000043.267566,1465000048.269178,1465000048.345000
34,1465000042.518000,1465000043.245948,1465000048.247095,1465000048.322000
35,1465000042.518000,1465000043.206010,1465000048.207534,1465000048.287000
36,1465000042.519000,1465000043.206121,1465000048.207386,1465000048.299000
37,1465000042.519000,1465000043.201452,1465000048.202766,1465000048.288000
38,1465000042.519000,1465000043.196437,1465000048.197977,1465000048.290000
39,1465000042.519000,1465000043.436588,1465000048.438013,1465000048.526000
40,1465000042.520000,1465000043.204969,1465000048.206534,1465000048.299000
41,1465000042.521000,1465000043.247507,1465000048.249636,1465000048.334000
42,1465000042.522000,1465000043.208193,1465000048.209563,1465000048.302000
43,1465000042.522000,1465000043.187684,1465000048.196644,1465000048.292000
44,1465000042.522000,1465000043.257087,1465000048.259040,1465000048.334000
45,1465000042.522000,1465000043.439647,1465000048.440874,1465000048.543000
46,1465000042.522000,1465000043.210340,1465000048.211681,1465000048.299000
47,1465000042.522000,1465000043.262275,1465000048.264584,1465000048.353000
48,1465000042.522000,1465000043.206007,1465000048.207294,1465000048.293000
49,1465000042.522000,1465000043.441024,1465000048.442236,1465000048.523000
50,1465000042.522000,1465000043.190711,1465000048.191941,1465000048.285000
51,1465000042.522000,1465000043.205495,1465000048.209341,1465000048.286000
52,1465000042.523000,1465000043.205791,1465000048.207441,1465000048.299000
53,1465000042.523000,1465000043.221212,1465000048.222485,1465000048.301000
54,1465000042.523000,1465000043.213333,1465000048.231982,1465000048.315000
55,1465000042.523000,1465000043.197299,1465000048.199195,1465000048.282000
56,1465000042.523000,1465000043.436514,1465000048.437883,1465000048.525000
57,1465000042.523000,1465000043.214355,1465000048.216057,1465000048.299000
58,1465000042.523000,1465000043.198838,1465000048.200348,1465000048.284000
59,1465000042.523000,1465000043.228547,1465000048.229923,1465000048.305000
60,1465000042.523000,1465000043.204821,1465000048.206080,1465000048.289000
61,1465000042.523000,1465000043.263920,1465000048.265538,1465000048.341000
62,1465000042.523000,1465000043.187685,1465000048.189462,1465000048.281000
63,1465000042.525000,1465000043.246312,1465000048.247725,1465000048.335000
64,1465000042.525000,1465000043.471984,1465000048.473560,1465000048.556000
65,1465000042.525000,1465000043.254808,1465000048.256244,1465000048.339000
66,1465000042.527000,1465000043.452002,1465000048.453204,1465000048.535000
67,1465000042.526000,1465000043.216227,1465000048.217553,1465000048.297000
68,1465000042.526000,1465000043.191880,1465000048.193413,1465000048.281000
69,1465000042.527000,1465000043.452035,1465000048.453385,1465000048.546000
70,1465000042.527000,1465000043.279015,1465000048.280292,1465000048.365000
71,1465000042.531000,1465000043.459855,1465000048.461108,1465000048.540000
72,1465000042.530000,1465000043.469244,1465000048.470634,1465000048.542000
73,1465000042.530000,0.000000,0.000000,0.000000
74,1465000042.530000,1465000043.285911,1465000048.296485,1465000048.384000
75,1465000042.530000,1465000043.219112,1465000048.230555,1465000048.313000
76,1465000042.531000,1465000043.468922,1465000048.470132,1465000048.572000
77,1465000042.532000,1465000043.511267,1465000048.512643,1465000048.594000
78,1465000042.532000,1465000043.519960,1465000048.521771,1465000048.609000
79,1465000042.532000,1465000043.488467,1465000048.489795,1465000048.569000
80,1465000042.532000,1465000043.420535,1465000048.421853,1465000048.523000
81,1465000042.532000,1465000043.220647,1465000048.222307,1465000048.292000
82,1465000042.532000,1465000043.481073,1465000048.482373,1465000048.570000
83,1465000042.532000,1465000043.458485,1465000048.459777,1465000048.548000
84,1465000042.532000,1465000043.227348,1465000048.228568,1465000048.313000
85,1465000042.532000,1465000043.470712,1465000048.472006,1465000048.548000
86,1465000042.532000,1465000043.241258,1465000048.243042,1465000048.326000
87,1465000042.532000,1465000043.272654,1465000048.274635,1465000048.342000
88,1465000042.532000,1465000043.206549,1465000048.207907,1465000048.284000
89,1465000042.532000,1465000043.454746,1465000048.455928,1465000048.535000
90,1465000042.533000,1465000043.220989,1465000048.222301,1465000048.298000
91,1465000042.533000,1465000043.268809,1465000048.277064,1465000048.352000
92,1465000042.533000,1465000043.207159,1465000048.209163,1465000048.292000
93,1465000042.533000,1465000043.248775,1465000048.250291,1465000048.333000
94,1465000042.533000,1465000043.189132,1465000048.190732,1465000048.285000
95,1465000042.533000,1465000043.203463,1465000048.204781,1465000048.297000
96,1465000042.533000,1465000043.228607,1465000048.229739,1465000048.299000
97,1465000042.533000,1465000043.200801,1465000048.212801,1465000048.305000
98,1465000042.533000,1465000043.501257,1465000048.502650,1465000048.584000
99,1465000042.533000,1465000043.205107,1465000048.206365,1465000048.289000
100,1465000042.533000,1465000043.432396,1465000048.433769,1465000048.522000
101,1465000042.533000,1465000043.208002,1465000048.209541,1465000048.290000
102,1465000042.533000,1465000043.521136,1465000048.522511,1465000048.603000
103,1465000042.533000,1465000043.195793,1465000048.201650,1465000048.284000
104,1465000042.534000,1465000043.228868,1465000048.230249,1465000048.306000
105,1465000042.534000,1465000043.189153,1465000048.190782,1465000048.284000
106,1465000042.534000,1465000043.465785,1465000048.467538,1465000048.560000
107,1465000042.534000,1465000043.188445,1465000048.195605,1465000048.290000
108,1465000042.534000,1465000043.450118,1465000048.451308,1465000048.531000
109,1465000042.534000,1465000043.260945,1465000048.262326,1465000048.331000
110,1465000042.534000,1465000043.484876,1465000048.486195,1465000048.578000
111,1465000042.535000,1465000043.195365,1465000048.196656,1465000048.285000
112,1465000042.545000,1465000043.208257,1465000048.213873,1465000048.290000
113,1465000042.545000,1465000043.450192,1465000048.451700,1465000048.544000
114,1465000042.545000,1465000043.448808,1465000048.450021,1465000048.536000
115,1465000042.545000,1465000043.245854,1465000048.247227,1465000048.325000
116,1465000042.545000,1465000043.513815,1465000048.515033,1465000048.595000
117,1465000042.545000,1465000043.453811,1465000048.455234,1465000048.548000
118,1465000042.545000,1465000043.467954,1465000048.469150,1465000048.549000
119,1465000042.545000,1465000043.279714,1465000048.281144,1465000048.369000
120,1465000042.545000,1465000043.434057,1465000048.435262,1465000048.522000
121,1465000042.545000,1465000043.265954,1465000048.267601,1465000048.342000
122,1465000042.546000,1465000043.202630,1465000048.204872,1465000048.287000
123,1465000042.546000,1465000043.501026,1465000048.502298,1465000048.584000
124,1465000042.546000,1465000043.216501,1465000048.217785,1465000048.293000
125,1465000042.546000,1465000043.430514,1465000048.431765,1465000048.525000
126,1465000042.546000,1465000043.460440,1465000048.461667,1465000048.531000
127,1465000042.547000,1465000043.476632,1465000048.480183,1465000048.562000
128,1465000042.547000,1465000043.536447,1465000048.537815,1465000048.627000
129,1465000042.547000,1465000043.500144,1465000048.517540,1465000048.599000
130,1465000042.547000,1465000043.453530,1465000048.454825,1465000048.524000
131,1465000042.547000,0.000000,0.000000,0.000000
132,1465000042.547000,1465000043.204990,1465000048.206527,1465000048.290000
133,1465000042.547000,1465000043.519700,1465000048.520924,1465000048.606000
134,1465000042.547000,1465000043.197870,1465000048.199823,1465000048.292000
135,1465000042.547000,1465000043.196537,1465000048.197757,1465000048.292000
136,1465000042.547000,1465000043.207126,1465000048.208678,1465000048.293000
137,1465000042.547000,1465000043.231508,1465000048.232974,1465000048.312000
138,1465000042.547000,1465000043.458387,1465000048.459612,1465000048.539000
139,1465000042.548000,1465000043.279003,1465000048.280356,1465000048.358000
140,1465000042.548000,1465000043.457667,1465000048.458889,1465000048.560000
141,1465000042.548000,1465000043.282434,1465000048.283613,1465000048.353000
142,1465000042.548000,1465000043.472706,1465000048.474009,1465000048.549000
143,1465000042.548000,1465000043.198424,1465000048.201984,1465000048.285000
144,1465000042.548000,1465000043.249041,1465000048.264921,1465000048.353000
145,1465000042.548000,1465000043.260037,1465000048.262884,1465000048.346000
146,1465000042.548000,1465000043.483604,1465000048.485152,1465000048.565000
147,1465000042.548000,1465000043.479126,1465000048.480514,1465000048.563000
148,1465000042.549000,1465000043.185222,1465000048.187275,1465000048.280000
149,1465000042.549000,1465000043.534976,1465000048.536309,1465000048.624000
150,1465000042.549000,1465000043.216277,1465000048.217525,1465000048.301000
151,1465000042.549000,1465000043.487267,1465000048.488454,1465000048.568000
152,1465000042.549000,1465000043.485589,1465000048.502489,1465000048.592000
153,1465000042.550000,1465000043.490931,1465000048.492241,1465000048.575000
154,1465000042.550000,1465000043.255602,1465000048.275384,1465000048.362000
155,1465000042.551000,1465000043.492407,1465000048.493804,1465000048.583000
156,1465000042.551000,1465000043.261530,1465000048.262995,1465000048.344000
157,1465000042.551000,1465000043.202051,1465000048.214171,1465000048.306000
158,1465000042.551000,1465000043.255952,1465000048.257531,1465000048.344000
159,1465000042.551000,1465000043.194144,1465000048.195339,1465000048.288000
160,1465000042.552000,0.000000,0.000000,0.000000
161,1465000042.552000,1465000043.261543,1465000048.280769,1465000048.369000
162,1465000042.552000,1465000043.214077,1465000048.215542,1465000048.294000
163,1465000042.552000,1465000043.217737,1465000048.218949,1465000048.313000
164,1465000042.552000,1465000043.203416,1465000048.210685,1465000048.294000
165,1465000042.552000,1465000043.217781,1465000048.219128,1465000048.298000
166,1465000042.552000,1465000043.481579,1465000048.483945,1465000048.573000
167,1465000042.552000,1465000043.449776,1465000048.451115,1465000048.528000
168,1465000042.552000,0.000000,0.000000,0.000000
169,1465000042.552000,1465000043.231459,1465000048.232875,1465000048.316000
170,1465000042.552000,1465000043.279221,1465000048.281055,1465000048.364000
171,1465000042.552000,1465000043.483597,1465000048.485069,1465000048.573000
172,1465000042.552000,1465000043.212416,1465000048.213826,1465000048.284000
173,1465000042.552000,1465000043.501840,1465000048.503099,1465000048.590000
174,1465000042.552000,1465000043.519296,1465000048.521111,1465000048.608000
175,1465000042.552000,1465000043.477796,1465000048.479124,1465000048.572000
176,1465000042.552000,1465000043.509059,1465000048.510239,1465000048.590000
177,1465000042.552000,1465000043.557628,1465000048.558932,1465000048.628000
178,1465000042.552000,1465000043.209617,1465000048.211456,1465000048.287000
179,1465000042.552000,1465000043.203524,1465000048.205991,1465000048.282000
180,1465000042.552000,1465000043.483886,1465000048.485273,1465000048.566000
181,1465000042.552000,1465000043.206805,1465000048.208443,1465000048.295000
182,1465000042.552000,1465000043.292671,1465000048.294188,1465000048.383000
183,1465000042.552000,1465000043.495036,1465000048.496354,1465000048.577000
184,1465000042.552000,1465000044.964914,1465000049.966452,1465000050.053000
185,1465000042.552000,1465000043.219497,1465000048.231401,1465000048.325000
186,1465000042.552000,1465000043.226512,1465000048.227674,1465000048.303000
187,1465000042.553000,1465000043.287792,1465000048.289608,1465000048.365000
188,1465000042.553000,1465000043.201250,1465000048.206014,1465000048.284000
189,1465000042.553000,1465000043.200028,1465000048.201895,1465000048.289000
190,1465000042.553000,0.000000,0.000000,0.000000
191,1465000042.553000,1465000043.233094,1465000048.234261,1465000048.317000
192,1465000042.553000,1465000043.525140,1465000048.526289,1465000048.596000
193,1465000042.553000,1465000043.216191,1465000048.217522,1465000048.295000
194,1465000042.553000,0.000000,0.000000,0.000000
195,1465000042.553000,1465000043.509220,1465000048.510749,1465000048.580000
196,1465000042.553000,1465000043.209373,1465000048.210936,1465000048.288000
197,1465000042.553000,1465000043.205379,1465000048.206548,1465000048.299000
198,1465000042.553000,1465000043.237635,1465000048.240046,1465000048.332000
199,1465000042.553000,1465000043.215877,1465000048.217168,1465000048.292000
200,1465000042.553000,1465000043.466979,1465000048.468278,1465000048.555000
201,1465000042.553000,1465000044.978255,1465000049.979854,1465000050.067000
202,1465000042.553000,1465000043.238050,1465000048.239971,1465000048.332000
203,1465000042.553000,1465000045.042670,1465000050.044133,1465000050.125000
204,1465000042.553000,1465000043.462523,1465000048.464166,1465000048.541000
205,1465000042.553000,1465000043.236641,1465000048.237878,1465000048.313000
206,1465000042.553000,1465000043.233998,1465000048.235752,1465000048.330000
207,1465000042.553000,1465000043.282236,1465000048.298798,1465000048.367000
208,1465000042.553000,1465000043.223831,1465000048.225152,1465000048.296000
209,1465000042.553000,1465000043.266074,1465000048.267377,1465000048.343000
210,1465000042.553000,1465000043.242023,1465000048.243840,1465000048.331000
211,1465000042.553000,1465000043.457443,1465000048.458650,1465000048.552000
212,1465000042.553000,1465000043.256359,1465000048.257819,1465000048.345000
213,1465000042.553000,1465000043.223799,1465000048.225298,1465000048.303000
214,1465000042.553000,1465000043.199616,1465000048.200839,1465000048.293000
215,1465000042.553000,1465000043.505685,1465000048.507605,1465000048.588000
216,1465000042.553000,1465000043.267040,1465000048.268824,1465000048.350000
217,1465000042.553000,1465000043.489891,1465000048.491076,1465000048.583000
218,1465000042.553000,1465000043.465993,1465000048.467614,1465000048.543000
219,1465000042.553000,1465000043.202268,1465000048.220932,1465000048.303000
220,1465000042.553000,1465000043.454713,1465000048.455923,1465000048.542000
221,1465000042.554000,1465000043.241410,1465000048.249110,1465000048.342000
222,1465000042.554000,1465000043.237850,1465000048.239055,1465000048.326000
223,1465000042.554000,1465000043.213234,1465000048.214813,1465000048.283000
224,1465000042.554000,1465000043.197103,1465000048.201391,1465000048.288000
225,1465000042.554000,1465000043.201461,1465000048.208519,1465000048.285000
226,1465000042.554000,1465000043.462158,1465000048.464292,1465000048.541000
227,1465000042.554000,1465000043.235824,1465000048.244305,1465000048.326000
228,1465000042.554000,1465000043.241322,1465000048.242798,1465000048.325000
229,1465000042.554000,1465000043.492074,1465000048.493321,1465000048.581000
230,1465000042.554000,1465000043.204943,1465000048.212222,1465000048.295000
231,1465000042.554000,1465000043.510773,1465000048.512028,1465000048.581000
232,1465000042.554000,1465000043.504172,1465000048.505371,1465000048.586000
233,1465000042.554000,1465000043.509582,1465000048.510822,1465000048.597000
234,1465000042.554000,1465000043.266889,1465000048.268514,1465000048.343000
235,1465000042.554000,1465000043.232113,1465000048.233645,1465000048.313000
236,1465000042.554000,1465000043.207220,1465000048.208868,1465000048.290000
237,1465000042.554000,1465000043.491434,1465000048.492635,1465000048.577000
238,1465000042.554000,1465000043.239089,1465000048.240325,1465000048.325000
239,1465000042.554000,1465000043.482603,1465000048.484107,1465000048.572000
240,1465000042.554000,1465000043.232776,1465000048.234192,1465000048.326000
241,1465000042.554000,1465000043.204720,1465000048.206253,1465000048.285000
242,1465000042.554000,1465000043.446817,1465000048.448090,1465000048.534000
243,1465000042.554000,1465000043.457782,1465000048.459047,1465000048.540000
244,1465000042.554000,1465000043.244943,1465000048.246633,1465000048.332000
245,1465000042.554000,1465000043.251454,1465000048.264413,1465000048.346000
246,1465000042.554000,1465000044.972893,1465000049.974386,1465000050.056000
247,1465000042.554000,1465000043.506461,1465000048.508029,1465000048.590000
248,1465000042.554000,1465000043.239200,1465000048.240635,1465000048.323000
249,1465000042.554000,1465000043.248111,1465000048.250385,1465000048.333000
250,1465000042.554000,1465000043.225483,1465000048.226630,1465000048.297000
251,1465000042.554000,1465000043.254566,1465000048.255973,1465000048.341000
252,1465000042.554000,1465000043.515491,1465000048.524586,1465000048.612000
253,1465000042.554000,1465000043.508571,1465000048.509950,1465000048.590000
254,1465000042.554000,1465000043.196467,1465000048.208394,1465000048.292000
255,1465000042.554000,1465000043.216404,1465000048.217632,1465000048.300000
256,1465000042.554000,1465000043.474725,1465000048.475990,1465000048.545000
257,1465000042.555000,1465000043.271756,1465000048.273007,1465000048.360000
258,1465000042.555000,1465000043.222699,1465000048.224646,1465000048.302000
259,1465000042.555000,1465000043.489145,1465000048.490363,1465000048.565000
260,1465000042.555000,1465000043.274340,1465000048.281239,1465000048.369000
261,1465000042.555000,1465000043.228907,1465000048.230198,1465000048.317000
262,1465000042.555000,1465000043.452299,1465000048.453579,1465000048.534000
263,1465000042.555000,1465000043.481845,1465000048.483088,1465000048.552000
264,1465000042.555000,1465000043.251141,1465000048.253073,1465000048.339000
265,1465000042.555000,1465000043.259886,1465000048.261248,1465000048.337000
266,1465000042.555000,1465000043.212210,1465000048.213523,1465000048.291000
267,1465000042.555000,1465000043.203303,1465000048.208971,1465000048.286000
268,1465000042.555000,1465000043.531604,1465000048.532825,1465000048.603000
269,1465000042.555000,1465000043.236861,1465000048.238593,1465000048.325000
270,1465000042.555000,1465000043.205846,1465000048.207720,1465000048.285000
271,1465000042.555000,1465000043.240688,1465000048.248265,1465000048.325000
272,1465000042.555000,1465000043.300849,1465000048.302655,1465000048.390000
273,1465000042.555000,1465000043.224507,1465000048.225692,1465000048.304000
274,1465000042.555000,1465000043.220785,1465000048.222039,1465000048.310000
275,1465000042.555000,1465000043.254018,1465000048.273081,1465000048.348000
276,1465000042.555000,1465000043.218211,1465000048.219539,1465000048.312000
277,1465000042.555000,1465000043.261433,1465000048.262844,1465000048.338000
278,1465000042.555000,1465000043.230695,1465000048.249197,1465000048.342000
279,1465000042.555000,1465000043.276804,1465000048.296236,1465000048.384000
280,1465000042.555000,1465000043.281708,1465000048.282992,1465000048.358000
281,1465000042.555000,1465000043.470702,1465000048.471983,1465000048.565000
282,1465000042.555000,1465000043.247453,1465000048.249708,1465000048.337000
283,1465000042.555000,1465000043.216945,1465000048.218542,1465000048.301000
284,1465000042.555000,1465000043.267236,1465000048.268521,1465000048.337000
285,1465000042.555000,1465000043.203254,1465000048.213605,1465000048.288000
286,1465000042.555000,1465000043.502625,1465000048.504161,1465000048.593000
287,1465000042.555000,1465000043.518782,1465000048.520086,1465000048.607000
288,1465000042.555000,1465000043.587105,1465000048.588550,1465000048.665000
289,1465000042.555000,1465000043.467035,1465000048.468416,1465000048.561000
290,1465000042.555000,1465000043.221354,1465000048.223492,1465000048.306000
291,1465000042.555000,1465000043.214760,1465000048.215978,1465000048.302000
292,1465000042.556000,1465000043.216592,1465000048.218410,1465000048.301000
293,1465000042.557000,1465000043.489863,1465000048.491145,1465000048.570000
294,1465000042.559000,1465000043.185868,1465000048.196073,1465000048.291000
295,1465000042.562000,1465000043.228497,1465000048.230053,1465000048.325000
296,1465000042.569000,1465000043.210117,1465000048.211556,1465000048.287000
297,1465000042.578000,1465000043.255088,1465000048.256278,1465000048.335000
298,1465000042.581000,1465000043.246637,1465000048.248962,1465000048.331000
299,1465000042.581000,1465000043.276532,1465000048.278005,1465000048.353000
300,1465000042.581000,1465000043.288803,1465000048.291101,1465000048.367000
301,1465000042.581000,1465000043.186535,1465000048.189019,1465000048.282000
302,1465000042.581000,1465000043.231542,1465000048.232975,1465000048.327000
303,1465000042.581000,1465000043.242929,1465000048.244709,1465000048.329000
304,1465000042.581000,1465000043.241712,1465000048.243059,1465000048.343000
305,1465000042.581000,1465000043.250495,1465000048.251679,1465000048.321000
306,1465000042.581000,1465000043.488334,1465000048.489929,1465000048.559000
307,1465000042.581000,1465000043.282367,1465000048.283879,1465000048.359000
308,1465000042.581000,1465000043.243535,1465000048.263532,1465000048.346000
309,1465000042.581000,1465000043.261344,1465000048.262581,1465000048.344000
310,1465000042.581000,1465000043.266734,1465000048.269548,1465000048.353000
311,1465000042.581000,1465000043.208362,1465000048.209921,1465000048.293000
312,1465000042.581000,1465000043.258624,1465000048.263899,1465000048.339000
313,1465000042.581000,1465000043.254635,1465000048.256325,1465000048.332000
314,1465000042.581000,1465000043.222725,1465000048.228122,1465000048.305000
315,1465000042.581000,1465000043.267526,1465000048.268952,1465000048.371000
316,1465000042.581000,1465000043.265065,1465000048.266363,1465000048.342000
317,1465000042.581000,1465000043.215446,1465000048.216934,1465000048.300000
318,1465000042.582000,1465000043.251119,1465000048.252366,1465000048.320000
319,1465000042.582000,1465000043.256610,1465000048.257969,1465000048.326000
320,1465000042.582000,1465000043.272077,1465000048.273724,1465000048.349000
321,1465000042.583000,1465000043.253313,1465000048.255781,1465000048.331000
322,1465000042.583000,1465000043.285354,1465000048.290167,1465000048.366000
323,1465000042.583000,1465000043.236325,1465000048.238129,1465000048.315000
324,1465000042.583000,1465000043.249457,1465000048.250712,1465000048.334000
325,1465000042.583000,1465000043.233620,1465000048.251106,1465000048.334000
326,1465000042.584000,1465000043.226361,1465000048.227714,1465000048.323000
327,1465000042.584000,1465000043.217101,1465000048.219600,1465000048.302000
328,1465000042.584000,1465000043.540493,1465000048.541707,1465000048.611000
329,1465000042.584000,1465000043.272535,1465000048.274187,1465000048.356000
330,1465000042.584000,1465000043.274109,1465000048.276079,1465000048.351000
331,1465000042.584000,1465000043.203681,1465000048.207846,1465000048.290000
332,1465000042.584000,1465000043.236276,1465000048.239384,1465000048.325000
333,1465000042.584000,1465000043.226803,1465000048.228559,1465000048.312000
334,1465000042.584000,1465000043.479596,1465000048.480942,1465000048.564000
335,1465000042.584000,1465000043.203632,1465000048.205784,1465000048.283000
336,1465000042.584000,1465000043.201157,1465000048.202661,1465000048.278000
337,1465000042.584000,1465000043.272069,1465000048.274104,1465000048.350000
338,1465000042.585000,1465000043.257093,1465000048.258296,1465000048.343000
339,1465000042.585000,1465000043.243291,1465000048.244914,1465000048.333000
340,1465000042.585000,1465000043.245367,1465000048.246649,1465000048.333000
341,1465000042.585000,1465000043.231819,1465000048.233014,1465000048.308000
342,1465000042.585000,1465000043.245651,1465000048.247113,1465000048.322000
343,1465000042.585000,1465000043.267887,1465000048.269759,1465000048.345000
344,1465000042.586000,1465000043.255823,1465000048.266531,1465000048.342000
345,1465000042.586000,1465000043.302572,1465000048.316371,1465000048.404000
346,1465000042.586000,1465000043.487438,1465000048.501448,1465000048.582000
347,1465000042.586000,1465000043.211488,1465000048.212894,1465000048.288000
348,1465000042.586000,1465000043.484181,1465000048.485479,1465000048.569000
349,1465000042.587000,1465000043.260251,1465000048.263735,1465000048.352000
350,1465000042.587000,1465000043.269526,1465000048.271584,1465000048.347000
351,1465000042.587000,1465000043.250167,1465000048.251451,1465000048.329000
352,1465000042.587000,1465000043.522685,1465000048.537109,1465000048.612000
353,1465000042.587000,1465000043.266292,1465000048.278783,1465000048.347000
354,1465000042.587000,1465000043.526025,1465000048.527322,1465000048.616000
355,1465000042.587000,1465000043.449390,1465000048.450578,1465000048.529000
356,1465000042.587000,1465000043.533586,1465000048.534978,1465000048.615000
357,1465000042.587000,1465000043.211137,1465000048.212511,1465000048.295000
358,1465000042.587000,1465000043.278272,1465000048.279697,1465000048.356000
359,1465000042.587000,1465000043.199433,1465000048.201088,1465000048.286000
360,1465000042.588000,1465000043.243267,1465000048.244805,1465000048.333000
361,1465000042.588000,1465000043.236516,1465000048.251619,1465000048.335000
362,1465000042.588000,1465000043.239448,1465000048.256304,1465000048.351000
363,1465000042.589000,1465000043.242897,1465000048.244495,1465000048.319000
364,1465000042.589000,1465000043.201473,1465000048.203032,1465000048.296000
365,1465000042.589000,1465000043.261064,1465000048.265412,1465000048.354000
366,1465000042.589000,1465000043.260860,1465000048.268534,1465000048.351000
367,1465000042.589000,1465000043.235285,1465000048.236454,1465000048.315000
368,1465000042.589000,1465000043.223386,1465000048.224667,1465000048.310000
369,1465000042.589000,1465000043.227758,1465000048.243725,1465000048.327000
370,1465000042.589000,1465000043.215746,1465000048.217015,1465000048.309000
371,1465000042.589000,1465000043.256118,1465000048.257612,1465000048.345000
372,1465000042.589000,1465000043.288871,1465000048.290586,1465000048.378000
373,1465000042.590000,1465000043.272860,1465000048.274476,1465000048.351000
374,1465000042.590000,1465000043.282317,1465000048.283587,1465000048.353000
375,1465000042.590000,1465000043.262667,1465000048.264426,1465000048.346000
376,1465000042.590000,1465000043.260788,1465000048.262642,1465000048.333000
377,1465000042.590000,1465000043.237743,1465000048.241119,1465000048.335000
378,1465000042.591000,1465000043.497657,1465000048.498959,1465000048.579000
379,1465000042.591000,1465000043.244794,1465000048.246739,1465000048.330000
380,1465000042.591000,1465000043.260034,1465000048.261619,1465000048.343000
381,1465000042.591000,1465000043.222322,1465000048.223641,1465000048.293000
382,1465000042.591000,1465000043.246966,1465000048.261410,1465000048.344000
383,1465000042.591000,1465000043.235503,1465000048.236886,1465000048.329000
384,1465000042.592000,1465000043.198079,1465000048.199431,1465000048.292000
385,1465000042.592000,1465000043.246706,1465000048.247978,1465000048.316000
386,1465000042.592000,1465000043.220416,1465000048.221804,1465000048.306000
387,1465000042.592000,1465000043.565028,1465000048.566299,1465000048.649000
388,1465000042.592000,1465000043.248132,1465000048.250164,1465000048.338000
389,1465000042.592000,1465000043.265830,1465000048.267137,1465000048.344000
390,1465000042.592000,1465000043.256618,1465000048.257944,1465000048.344000
391,1465000042.592000,1465000043.223938,1465000048.225199,1465000048.317000
392,1465000042.592000,1465000043.260600,1465000048.263073,1465000048.346000
393,1465000042.593000,1465000043.216098,1465000048.219343,1465000048.301000
394,1465000042.593000,1465000043.505945,1465000048.507430,1465000048.592000
395,1465000042.593000,1465000043.228233,1465000048.229506,1465000048.322000
396,1465000042.593000,1465000043.250203,1465000048.252188,1465000048.334000
397,1465000042.593000,1465000043.236297,1465000048.237578,1465000048.323000
398,1465000042.593000,1465000043.280688,1465000048.282320,1465000048.357000
399,1465000042.593000,1465000043.238114,1465000048.244512,1465000048.326000
400,1465000042.594000,1465000043.208140,1465000048.209409,1465000048.302000
401,1465000042.594000,1465000043.259080,1465000048.267412,1465000048.343000
402,1465000042.595000,1465000043.239268,1465000048.240641,1465000048.318000
403,1465000042.595000,1465000043.259029,1465000048.260286,1465000048.346000
404,1465000042.595000,1465000043.216136,1465000048.217465,1465000048.305000
405,1465000042.595000,1465000043.269564,1465000048.270863,1465000048.341000
406,1465000042.595000,1465000043.518368,1465000048.519619,1465000048.621000
407,1465000042.595000,1465000043.202935,1465000048.204537,1465000048.296000
408,1465000042.595000,1465000043.239432,1465000048.256604,1465000048.342000
409,1465000042.595000,1465000043.242006,1465000048.243622,1465000048.327000
410,1465000042.595000,1465000043.267094,1465000048.268384,1465000048.344000
411,1465000042.595000,1465000043.274117,1465000048.275598,1465000048.362000
412,1465000042.596000,1465000043.220831,1465000048.222188,1465000048.307000
413,1465000042.596000,1465000043.213378,1465000048.214950,1465000048.296000
414,1465000042.596000,1465000043.224726,1465000048.226050,1465000048.313000
415,1465000042.596000,1465000043.248915,1465000048.250810,1465000048.333000
416,1465000042.596000,1465000043.208081,1465000048.209259,1465000048.294000
417,1465000042.596000,1465000043.246776,1465000048.247949,1465000048.318000
418,1465000042.597000,1465000043.265636,1465000048.267239,1465000048.335000
419,1465000042.597000,1465000043.289067,1465000048.290622,1465000048.366000
420,1465000042.597000,1465000043.281118,1465000048.282406,1465000048.364000
421,1465000042.597000,1465000043.271795,1465000048.273461,1465000048.362000
422,1465000042.597000,1465000043.505276,1465000048.506569,1465000048.587000
423,1465000042.597000,1465000043.255425,1465000048.256793,1465000048.359000
424,1465000042.598000,1465000043.214813,1465000048.216452,1465000048.292000
425,1465000042.598000,1465000043.273013,1465000048.274573,1465000048.360000
426,1465000042.598000,1465000043.275186,1465000048.276952,1465000048.360000
427,1465000042.598000,1465000043.299151,1465000048.300712,1465000048.388000
428,1465000042.598000,1465000043.267641,1465000048.269339,1465000048.344000
429,1465000042.598000,1465000043.277842,1465000048.279498,1465000048.368000
430,1465000042.598000,1465000043.196352,1465000048.197616,1465000048.291000
431,1465000042.598000,1465000043.257338,1465000048.263384,1465000048.339000
432,1465000042.598000,1465000043.253827,1465000048.255284,1465000048.357000
433,1465000042.598000,1465000043.233606,1465000048.234864,1465000048.320000
434,1465000042.598000,1465000043.284631,1465000048.286178,1465000048.358000
435,1465000042.599000,1465000043.259949,1465000048.264448,1465000048.346000
436,1465000042.599000,1465000043.244608,1465000048.246112,1465000048.348000
437,1465000042.599000,1465000043.255619,1465000048.257879,1465000048.333000
438,1465000042.599000,1465000043.291609,1465000048.292804,1465000048.362000
439,1465000042.599000,1465000043.270972,1465000048.272218,1465000048.354000
440,1465000042.599000,1465000043.253696,1465000048.255089,1465000048.334000
441,1465000042.599000,1465000043.245227,1465000048.246672,1465000048.328000
442,1465000042.599000,1465000043.241500,1465000048.252644,1465000048.354000
443,1465000042.600000,1465000043.241895,1465000048.243804,1465000048.330000
444,1465000042.600000,1465000043.520696,1465000048.522088,1465000048.611000
445,1465000042.601000,1465000043.273364,1465000048.274950,1465000048.358000
446,1465000042.601000,1465000043.237637,1465000048.244768,1465000048.326000
447,1465000042.601000,1465000043.276003,1465000048.277576,1465000048.353000
448,1465000042.601000,1465000043.511909,1465000048.513854,1465000048.594000
449,1465000042.601000,1465000043.259540,1465000048.260980,1465000048.336000
450,1465000042.601000,1465000043.237649,1465000048.239136,1465000048.322000
451,1465000042.601000,1465000043.246922,1465000048.248511,1465000048.325000
452,1465000042.601000,1465000043.247798,1465000048.249155,1465000048.341000
453,1465000042.601000,1465000043.272505,1465000048.274236,1465000048.343000
454,1465000042.601000,1465000043.270509,1465000048.271815,1465000048.364000
455,1465000042.601000,1465000043.258160,1465000048.259920,1465000048.342000
456,1465000042.601000,1465000043.512292,1465000048.513765,1465000048.593000
457,1465000042.601000,1465000043.265857,1465000048.269397,1465000048.353000
458,1465000042.601000,1465000043.263084,1465000048.264538,1465000048.346000
459,1465000042.601000,1465000043.229936,1465000048.231115,1465000048.306000
460,1465000042.602000,1465000043.251637,1465000048.252949,1465000048.335000
461,1465000042.602000,1465000043.264636,1465000048.266717,1465000048.342000
462,1465000042.602000,1465000043.272761,1465000048.273998,1465000048.344000
463,1465000042.603000,1465000043.250643,1465000048.252231,1465000048.346000
464,1465000042.603000,1465000043.257150,1465000048.258417,1465000048.333000
465,1465000042.603000,1465000043.263139,1465000048.265580,1465000048.349000
466,1465000042.603000,1465000043.264562,1465000048.265878,1465000048.347000
467,1465000042.604000,1465000043.224472,1465000048.225719,1465000048.293000
468,1465000042.604000,1465000043.252568,1465000048.254148,1465000048.333000
469,1465000042.604000,1465000043.241434,1465000048.242662,1465000048.328000
470,1465000042.604000,1465000043.250890,1465000048.264503,1465000048.352000
471,1465000042.605000,1465000043.257874,1465000048.273280,1465000048.348000
472,1465000042.605000,1465000043.249537,1465000048.250888,1465000048.336000
473,1465000042.605000,1465000043.246204,1465000048.253343,1465000048.355000
474,1465000042.605000,1465000043.274888,1465000048.276357,1465000048.357000
475,1465000042.605000,1465000043.273523,1465000048.276485,1465000048.362000
476,1465000042.605000,1465000043.241500,1465000048.252754,1465000048.355000
477,1465000042.605000,1465000043.264744,1465000048.285392,1465000048.361000
478,1465000042.605000,1465000043.243786,1465000048.245490,1465000048.321000
479,1465000042.605000,1465000043.283918,1465000048.285539,1465000048.361000
480,1465000042.606000,1465000043.265382,1465000048.266685,1465000048.349000
481,1465000042.606000,1465000043.279086,1465000048.280687,1465000048.362000
482,1465000042.606000,1465000043.250321,1465000048.251856,1465000048.333000
483,1465000042.606000,1465000043.262872,1465000048.264496,1465000048.350000
484,1465000042.606000,1465000043.273167,1465000048.274911,1465000048.356000
485,1465000042.606000,1465000043.303544,1465000048.305041,1465000048.392000
486,1465000042.606000,1465000043.238522,1465000048.239908,1465000048.322000
487,1465000042.607000,1465000043.280004,1465000048.281411,1465000048.363000
488,1465000042.607000,1465000043.262186,1465000048.263742,1465000048.350000
489,1465000042.607000,1465000043.251921,1465000048.253510,1465000048.337000
490,1465000042.607000,1465000043.252245,1465000048.253580,1465000048.347000
491,1465000042.607000,1465000043.276979,1465000048.278343,1465000048.364000
492,1465000042.607000,1465000043.278071,1465000048.282761,1465000048.352000
493,1465000042.607000,1465000043.270882,1465000048.272654,1465000048.356000
494,1465000042.607000,1465000043.309106,1465000048.310339,1465000048.386000
495,1465000042.607000,1465000043.288364,1465000048.289525,1465000048.359000
496,1465000042.607000,1465000043.263604,1465000048.265490,1465000048.351000
497,1465000042.607000,1465000043.282994,1465000048.284258,1465000048.353000
498,1465000042.607000,1465000043.327040,1465000048.328360,1465000048.430000
499,1465000042.607000,1465000043.271774,1465000048.273130,1465000048.359000
500,1465000042.607000,1465000043.266350,1465000048.267948,1465000048.355000
501,1465000042.607000,1465000043.389973,1465000048.391543,1465000048.469000
502,1465000042.607000,1465000043.243640,1465000048.245864,1465000048.329000
503,1465000042.607000,1465000043.259868,1465000048.279849,1465000048.348000
504,1465000042.607000,1465000043.295785,1465000048.297013,1465000048.368000
505,1465000042.607000,1465000043.437842,1465000048.439325,1465000048.521000
506,1465000042.608000,1465000043.258669,1465000048.259888,1465000048.361000
507,1465000042.608000,1465000043.269436,1465000048.270778,1465000048.357000
508,1465000042.608000,1465000043.274456,1465000048.275831,1465000048.345000
509,1465000042.608000,1465000043.298548,1465000048.299795,1465000048.381000
510,1465000042.608000,1465000043.269074,1465000048.276404,1465000048.371000
511,1465000042.608000,1465000043.305912,1465000048.307344,1465000048.396000
512,1465000042.608000,1465000043.251526,1465000048.253040,1465000048.336000
513,1465000042.608000,1465000043.284692,1465000048.285935,1465000048.367000
514,1465000042.608000,1465000043.253093,1465000048.272540,1465000048.374000
515,1465000042.608000,1465000043.415066,1465000048.416173,1465000048.518000
516,1465000042.608000,1465000043.252931,1465000048.260786,1465000048.344000
517,1465000042.608000,1465000043.292645,1465000048.294029,1465000048.369000
518,1465000042.608000,1465000043.292567,1465000048.304151,1465000048.380000
519,1465000042.608000,1465000043.338134,1465000048.339596,1465000048.410000
520,1465000042.608000,1465000043.221937,1465000048.223067,1465000048.315000
521,1465000042.608000,1465000043.239841,1465000048.241727,1465000048.324000
522,1465000042.608000,1465000043.235457,1465000048.236687,1465000048.305000
523,1465000042.608000,1465000043.259930,1465000048.261863,1465000048.337000
524,1465000042.608000,1465000043.212302,1465000048.213983,1465000048.306000
525,1465000042.608000,1465000043.251906,1465000048.253090,1465000048.348000
526,1465000042.608000,1465000043.622941,1465000048.624243,1465000048.710000
527,1465000042.608000,1465000043.248712,1465000048.268167,1465000048.351000
528,1465000042.608000,1465000043.279366,1465000048.280783,1465000048.349000
529,1465000042.608000,1465000043.279540,1465000048.280763,1465000048.355000
530,1465000042.608000,1465000043.293719,1465000048.295856,1465000048.372000
531,1465000042.608000,1465000043.326165,1465000048.327366,1465000048.416000
532,1465000042.608000,1465000043.275600,1465000048.277109,1465000048.369000
533,1465000042.608000,1465000043.430589,1465000048.431895,1465000048.507000
534,1465000042.608000,1465000043.242407,1465000048.243738,1465000048.326000
535,1465000042.608000,1465000043.271542,1465000048.273201,1465000048.366000
536,1465000042.609000,1465000043.257838,1465000048.264191,1465000048.348000
537,1465000042.609000,1465000043.242284,1465000048.243709,1465000048.319000
538,1465000042.609000,1465000043.259538,1465000048.260809,1465000048.344000
539,1465000042.609000,1465000043.252292,1465000048.253721,1465000048.336000
540,1465000042.609000,1465000043.235302,1465000048.236740,1465000048.319000
541,1465000042.609000,1465000043.413233,1465000048.414548,1465000048.495000
542,1465000042.609000,1465000043.247675,1465000048.248984,1465000048.343000
543,1465000042.609000,1465000043.238033,1465000048.255748,1465000048.351000
544,1465000042.609000,1465000043.273834,1465000048.275945,1465000048.359000
545,1465000042.609000,1465000043.371756,1465000048.373018,1465000048.442000
546,1465000042.609000,1465000043.725934,1465000048.727211,1465000048.808000
547,1465000042.609000,1465000043.334988,1465000048.336190,1465000048.419000
548,1465000042.609000,1465000043.320241,1465000048.321429,1465000048.408000
549,1465000042.609000,1465000043.263051,1465000048.264858,1465000048.350000
550,1465000042.609000,1465000043.285093,1465000048.286330,1465000048.356000
551,1465000042.609000,1465000043.248655,1465000048.261071,1465000048.344000
552,1465000042.609000,1465000043.640438,1465000048.641832,1465000048.730000
553,1465000042.609000,1465000043.429338,1465000048.430707,1465000048.506000
554,1465000042.609000,1465000043.297952,1465000048.299104,1465000048.369000
555,1465000042.609000,1465000043.303275,1465000048.304568,1465000048.391000
556,1465000042.609000,1465000043.308223,1465000048.309674,1465000048.386000
557,1465000042.609000,1465000043.271674,1465000048.273083,1465000048.350000
558,1465000042.609000,1465000043.246765,1465000048.248595,1465000048.332000
559,1465000042.609000,1465000043.283191,1465000048.284528,1465000048.361000
560,1465000042.609000,1465000043.300692,1465000048.301946,1465000048.371000
561,1465000042.609000,1465000043.317307,1465000048.318692,1465000048.396000
562,1465000042.609000,1465000043.258265,1465000048.259695,1465000048.342000
563,1465000042.609000,1465000043.401600,1465000048.421465,1465000048.501000
564,1465000042.609000,1465000043.256667,1465000048.258320,1465000048.346000
565,1465000042.609000,1465000043.246681,1465000048.248562,1465000048.332000
566,1465000042.610000,1465000043.405135,1465000048.406450,1465000048.487000
567,1465000042.610000,1465000043.276672,1465000048.278347,1465000048.354000
568,1465000042.610000,1465000043.224025,1465000048.225411,1465000048.308000
569,1465000042.610000,1465000043.235793,1465000048.237870,1465000048.321000
570,1465000042.610000,1465000043.371567,1465000048.373375,1465000048.449000
571,1465000042.610000,1465000043.273069,1465000048.274387,1465000048.351000
572,1465000042.610000,1465000043.270542,1465000048.271853,1465000048.347000
573,1465000042.610000,1465000043.305246,1465000048.306458,1465000048.392000
574,1465000042.610000,1465000043.238789,1465000048.256129,1465000048.351000
575,1465000042.610000,1465000043.278103,1465000048.279771,1465000048.364000
576,1465000042.610000,1465000043.270598,1465000048.281486,1465000048.369000
577,1465000042.610000,1465000043.269554,1465000048.270870,1465000048.357000
578,1465000042.610000,1465000043.264392,1465000048.265737,1465000048.349000
579,1465000042.610000,1465000043.353771,1465000048.355028,1465000048.441000
580,1465000042.610000,1465000043.253012,1465000048.255707,1465000048.332000
581,1465000042.610000,1465000043.729755,1465000048.731075,1465000048.814000
582,1465000042.610000,1465000043.421610,1465000048.423419,1465000048.511000
583,1465000042.610000,1465000043.262128,1465000048.263479,1465000048.333000
584,1465000042.610000,1465000043.260831,1465000048.263272,1465000048.346000
585,1465000042.610000,1465000043.322074,1465000048.323578,1465000048.400000
586,1465000042.610000,1465000043.286126,1465000048.287371,1465000048.363000
587,1465000042.610000,1465000043.291198,1465000048.292622,1465000048.368000
588,1465000042.610000,1465000043.364498,1465000048.365724,1465000048.435000
589,1465000042.610000,1465000043.267874,1465000048.280867,1465000048.369000
590,1465000042.610000,1465000043.267542,1465000048.268841,1465000048.356000
591,1465000042.610000,1465000043.439711,1465000048.441136,1465000048.522000
592,1465000042.610000,1465000043.267867,1465000048.269150,1465000048.355000
593,1465000042.610000,1465000043.248381,1465000048.250458,1465000048.330000
594,1465000042.610000,1465000043.272216,1465000048.274058,1465000048.367000
595,1465000042.610000,1465000043.288076,1465000048.289349,1465000048.358000
596,1465000042.611000,1465000043.272827,1465000048.274144,1465000048.351000
597,1465000042.611000,1465000043.370699,1465000048.371887,1465000048.453000
598,1465000042.611000,1465000043.281400,1465000048.282681,1465000048.371000
599,1465000042.611000,1465000043.230977,1465000048.232883,1465000048.325000
600,1465000042.611000,1465000043.427611,1465000048.429113,1465000048.522000
601,1465000042.611000,1465000043.260434,1465000048.261934,1465000048.331000
602,1465000042.611000,1465000043.265883,1465000048.269832,1465000048.354000
603,1465000042.611000,1465000043.270492,1465000048.275671,1465000048.370000
604,1465000042.611000,1465000043.426617,1465000048.428333,1465000048.504000
605,1465000042.611000,1465000043.390036,1465000048.391454,1465000048.467000
606,1465000042.611000,1465000043.320176,1465000048.321506,1465000048.404000
607,1465000042.611000,1465000043.267349,1465000048.268625,1465000048.344000
608,1465000042.611000,1465000043.264047,1465000048.266026,1465000048.349000
609,1465000042.611000,1465000043.341975,1465000048.343232,1465000048.412000
610,1465000042.611000,1465000043.286628,1465000048.294898,1465000048.378000
611,1465000042.611000,0.000000,0.000000,0.000000
612,1465000042.611000,1465000043.206078,1465000048.207282,1465000048.302000
613,1465000042.611000,1465000043.248807,1465000048.250828,1465000048.330000
614,1465000042.611000,1465000043.303972,1465000048.305247,1465000048.386000
615,1465000042.611000,1465000043.273802,1465000048.275171,1465000048.370000
616,1465000042.611000,1465000043.382189,1465000048.383421,1465000048.466000
617,1465000042.611000,1465000043.255806,1465000048.257026,1465000048.327000
618,1465000042.611000,1465000043.231887,1465000048.233108,1465000048.326000
619,1465000042.611000,1465000043.257507,1465000048.258853,1465000048.345000
620,1465000042.611000,1465000043.274733,1465000048.276532,1465000048.365000
621,1465000042.611000,1465000043.297985,1465000048.299225,1465000048.394000
622,1465000042.611000,1465000043.275200,1465000048.276422,1465000048.362000
623,1465000042.611000,1465000043.361769,1465000048.363087,1465000048.451000
624,1465000042.611000,1465000043.420791,1465000048.422249,1465000048.493000
625,1465000042.611000,1465000043.634318,1465000048.635702,1465000048.707000
626,1465000042.611000,1465000043.418385,1465000048.419840,1465000048.496000
627,1465000042.612000,1465000043.260403,1465000048.261670,1465000048.356000
628,1465000042.612000,1465000043.612506,1465000048.613817,1465000048.693000
629,1465000042.612000,1465000043.384753,1465000048.386050,1465000048.472000
630,1465000042.612000,1465000043.577454,1465000048.578956,1465000048.664000
631,1465000042.612000,1465000043.639103,1465000048.640388,1465000048.727000
632,1465000042.612000,1465000043.719511,1465000048.720991,1465000048.804000
633,1465000042.612000,1465000043.349982,1465000048.351196,1465000048.421000
634,1465000042.612000,1465000043.364179,1465000048.365378,1465000048.446000
635,1465000042.612000,1465000043.236681,1465000048.256064,1465000048.352000
636,1465000042.612000,1465000043.282637,1465000048.295157,1465000048.381000
637,1465000042.612000,1465000043.285152,1465000048.296373,1465000048.382000
638,1465000042.612000,1465000043.355412,1465000048.356699,1465000048.443000
639,1465000042.612000,1465000043.377718,1465000048.378926,1465000048.460000
640,1465000042.612000,1465000043.289675,1465000048.291482,1465000048.367000
641,1465000042.612000,1465000043.375129,1465000048.376484,1465000048.464000
642,1465000042.612000,1465000043.600351,1465000048.601691,1465000048.676000
643,1465000042.612000,1465000043.269001,1465000048.270671,1465000048.347000
644,1465000042.612000,1465000043.263645,1465000048.265452,1465000048.348000
645,1465000042.612000,0.000000,0.000000,0.000000
646,1465000042.612000,1465000043.674278,1465000048.675601,1465000048.756000
647,1465000042.612000,1465000043.367600,1465000048.369186,1465000048.450000
648,1465000042.612000,1465000043.422830,1465000048.424109,1465000048.495000
649,1465000042.612000,1465000043.706709,1465000048.708068,1465000048.788000
650,1465000042.612000,1465000043.691886,1465000048.706019,1465000048.783000
651,1465000042.612000,1465000043.421888,1465000048.423165,1465000048.502000
652,1465000042.612000,1465000043.427844,1465000048.429036,1465000048.516000
653,1465000042.612000,1465000043.379020,1465000048.380347,1465000048.468000
654,1465000042.612000,1465000043.415670,1465000048.417037,1465000048.497000
655,1465000042.612000,1465000043.269298,1465000048.270799,1465000048.352000
656,1465000042.612000,1465000043.284964,1465000048.286241,1465000048.367000
657,1465000042.612000,1465000043.369864,1465000048.371289,1465000048.440000
658,1465000042.613000,1465000043.280343,1465000048.281806,1465000048.365000
659,1465000042.613000,1465000043.716192,1465000048.717538,1465000048.799000
660,1465000042.613000,1465000043.280370,1465000048.281721,1465000048.357000
661,1465000042.613000,1465000043.696085,1465000048.697290,1465000048.784000
662,1465000042.613000,1465000043.266488,1465000048.267727,1465000048.354000
663,1465000042.613000,1465000043.432436,1465000048.444307,1465000048.526000
664,1465000042.613000,1465000043.631701,1465000048.632935,1465000048.715000
665,1465000042.613000,1465000043.245150,1465000048.246538,1465000048.315000
666,1465000042.613000,1465000043.651092,1465000048.652434,1465000048.737000
667,1465000042.613000,1465000043.314844,1465000048.316070,1465000048.384000
668,1465000042.613000,1465000043.380586,1465000048.381918,1465000048.483000
669,1465000042.613000,1465000043.262920,1465000048.264367,1465000048.339000
670,1465000042.613000,1465000043.277448,1465000048.278634,1465000048.360000
671,1465000042.613000,1465000043.425890,1465000048.427573,1465000048.510000
672,1465000042.613000,1465000043.277532,1465000048.279053,1465000048.347000
673,1465000042.613000,1465000043.308907,1465000048.317447,1465000048.398000
674,1465000042.613000,1465000043.288456,1465000048.289986,1465000048.367000
675,1465000042.613000,1465000043.326441,1465000048.327647,1465000048.414000
676,1465000042.613000,1465000043.259486,1465000048.261004,1465000048.344000
677,1465000042.613000,1465000043.247713,1465000048.249388,1465000048.334000
678,1465000042.614000,1465000043.310653,1465000048.311861,1465000048.399000
679,1465000042.614000,1465000043.276010,1465000048.277285,1465000048.371000
680,1465000042.614000,1465000043.272863,1465000048.274086,1465000048.355000
681,1465000042.614000,1465000043.409999,1465000048.411689,1465000048.488000
682,1465000042.614000,1465000043.359922,1465000048.361259,1465000048.449000
683,1465000042.614000,1465000043.370907,1465000048.372488,1465000048.453000
684,1465000042.614000,1465000043.302349,1465000048.303975,1465000048.373000
685,1465000042.614000,1465000043.267487,1465000048.269134,1465000048.356000
686,1465000042.614000,1465000043.263079,1465000048.264721,1465000048.347000
687,1465000042.614000,1465000043.307427,1465000048.308743,1465000048.392000
688,1465000042.614000,1465000043.292119,1465000048.293465,1465000048.371000
689,1465000042.614000,1465000043.282656,1465000048.284019,1465000048.378000
690,1465000042.614000,1465000043.373287,1465000048.374552,1465000048.450000
691,1465000042.614000,1465000043.327566,1465000048.328873,1465000048.411000
692,1465000042.614000,1465000043.348200,1465000048.349546,1465000048.441000
693,1465000042.614000,1465000043.422814,1465000048.424119,1465000048.505000
694,1465000042.614000,1465000043.428379,1465000048.429611,1465000048.511000
695,1465000042.614000,1465000043.271006,1465000048.285743,1465000048.362000
696,1465000042.614000,1465000043.373435,1465000048.374668,1465000048.456000
697,1465000042.614000,1465000043.329310,1465000048.330625,1465000048.423000
698,1465000042.614000,1465000043.285276,1465000048.286867,1465000048.374000
699,1465000042.614000,1465000043.367671,1465000048.368985,1465000048.461000
700,1465000042.615000,1465000043.664118,1465000048.680145,1465000048.766000
701,1465000042.615000,1465000043.259647,1465000048.261064,1465000048.344000
702,1465000042.615000,1465000043.661198,1465000048.662797,1465000048.752000
703,1465000042.615000,1465000043.295706,1465000048.296972,1465000048.367000
704,1465000042.615000,1465000043.272181,1465000048.273620,1465000048.355000
705,1465000042.615000,1465000043.658120,1465000048.659743,1465000048.742000
706,1465000042.615000,1465000043.301844,1465000048.304300,1465000048.373000
707,1465000042.615000,1465000043.305819,1465000048.307061,1465000048.389000
708,1465000042.615000,1465000043.277721,1465000048.279313,1465000048.360000
709,1465000042.615000,1465000043.276538,1465000048.278014,1465000048.370000
710,1465000042.615000,1465000043.620934,1465000048.622317,1465000048.707000
711,1465000042.615000,1465000043.294379,1465000048.295687,1465000048.371000
712,1465000042.615000,1465000043.280004,1465000048.281485,1465000048.363000
713,1465000042.615000,1465000043.378631,1465000048.391171,1465000048.471000
714,1465000042.615000,1465000043.271111,1465000048.272277,1465000048.347000
715,1465000042.615000,1465000043.431061,1465000048.432614,1465000048.514000
716,1465000042.615000,1465000043.253637,1465000048.255304,1465000048.338000
717,1465000042.615000,1465000043.734236,1465000048.735600,1465000048.815000
718,1465000042.615000,0.000000,0.000000,0.000000
719,1465000042.615000,1465000043.259856,1465000048.264187,1465000048.345000
720,1465000042.615000,1465000043.322959,1465000048.324266,1465000048.404000
721,1465000042.615000,1465000043.287123,1465000048.288592,1465000048.376000
722,1465000042.615000,1465000043.329733,1465000048.330947,1465000048.412000
723,1465000042.615000,1465000043.288285,1465000048.289526,1465000048.375000
724,1465000042.615000,1465000043.338342,1465000048.339770,1465000048.416000
725,1465000042.615000,1465000043.410692,1465000048.411970,1465000048.491000
726,1465000042.615000,1465000043.294113,1465000048.295753,1465000048.371000
727,1465000042.615000,1465000043.371485,1465000048.374911,1465000048.458000
728,1465000042.615000,1465000043.250570,1465000048.251795,1465000048.344000
729,1465000042.615000,1465000043.245764,1465000048.247059,1465000048.333000
730,1465000042.616000,1465000043.439917,1465000048.441156,1465000048.512000
731,1465000042.616000,1465000043.259311,1465000048.260519,1465000048.337000
732,1465000042.616000,0.000000,0.000000,0.000000
733,1465000042.616000,1465000043.298338,1465000048.299857,1465000048.368000
734,1465000042.616000,1465000043.300471,1465000048.301938,1465000048.371000
735,1465000042.616000,1465000045.069313,1465000050.070576,1465000050.157000
736,1465000042.616000,1465000043.315875,1465000048.317228,1465000048.410000
737,1465000042.616000,1465000043.686173,1465000048.687986,1465000048.771000
738,1465000042.616000,1465000043.602282,1465000048.603635,1465000048.675000
739,1465000042.616000,1465000043.697910,1465000048.699360,1465000048.782000
740,1465000042.616000,1465000043.331736,1465000048.333046,1465000048.418000
741,1465000042.616000,1465000043.339859,1465000048.341034,1465000048.411000
742,1465000042.616000,1465000043.366246,1465000048.367389,1465000048.438000
743,1465000042.616000,1465000043.652554,1465000048.653780,1465000048.736000
744,1465000042.616000,1465000043.310435,1465000048.320703,1465000048.402000
745,1465000042.616000,1465000043.411405,1465000048.412729,1465000048.490000
746,1465000042.616000,1465000043.360668,1465000048.361957,1465000048.443000
747,1465000042.616000,1465000043.409603,1465000048.411037,1465000048.499000
748,1465000042.616000,1465000043.311651,1465000048.312907,1465000048.394000
749,1465000042.616000,1465000043.422710,1465000048.436401,1465000048.522000
750,1465000042.616000,1465000043.411776,1465000048.413074,1465000048.485000
751,1465000042.616000,1465000043.560459,1465000048.561981,1465000048.643000
752,1465000042.616000,1465000043.363055,1465000048.364947,1465000048.458000
753,1465000042.616000,1465000043.358315,1465000048.359699,1465000048.429000
754,1465000042.616000,1465000043.711313,1465000048.713029,1465000048.801000
755,1465000042.616000,1465000043.295022,1465000048.296382,1465000048.388000
756,1465000042.616000,1465000043.356630,1465000048.357970,1465000048.433000
757,1465000042.616000,1465000043.658293,1465000048.659614,1465000048.741000
758,1465000042.616000,1465000043.349695,1465000048.351064,1465000048.444000
759,1465000042.617000,1465000043.721276,1465000048.722519,1465000048.794000
760,1465000042.617000,1465000043.699871,1465000048.701185,1465000048.783000
761,1465000042.617000,1465000043.357550,1465000048.358977,1465000048.429000
762,1465000042.617000,1465000043.405912,1465000048.407168,1465000048.476000
763,1465000042.617000,1465000043.430874,1465000048.432106,1465000048.514000
764,1465000042.617000,1465000043.270244,1465000048.271449,1465000048.372000
765,1465000042.617000,1465000043.296142,1465000048.297590,1465000048.392000
766,1465000042.617000,1465000043.628261,1465000048.629563,1465000048.712000
767,1465000042.617000,1465000043.284350,1465000048.285895,1465000048.371000
768,1465000042.617000,1465000043.421956,1465000048.423230,1465000048.503000
769,1465000042.617000,1465000043.415362,1465000048.431343,1465000048.510000
770,1465000042.617000,1465000043.274069,1465000048.275588,1465000048.357000
771,1465000042.617000,1465000043.668627,1465000048.669969,1465000048.757000
772,1465000042.617000,1465000043.285661,1465000048.286957,1465000048.374000
773,1465000042.617000,1465000043.382019,1465000048.383405,1465000048.459000
774,1465000042.617000,1465000043.288076,1465000048.289652,1465000048.378000
775,1465000042.617000,1465000043.274822,1465000048.276383,1465000048.357000
776,1465000042.617000,1465000043.377242,1465000048.378463,1465000048.461000
777,1465000042.617000,1465000043.286117,1465000048.287626,1465000048.374000
778,1465000042.617000,1465000043.710996,1465000048.712864,1465000048.800000
779,1465000042.617000,1465000043.325652,1465000048.327263,1465000048.429000
780,1465000042.618000,1465000043.293555,1465000048.294970,1465000048.383000
781,1465000042.620000,1465000043.295755,1465000048.296970,1465000048.372000
782,1465000042.625000,1465000043.269189,1465000048.270733,1465000048.358000
783,1465000042.625000,1465000043.422178,1465000048.423352,1465000048.504000
784,1465000042.639000,1465000043.421993,1465000048.424058,1465000048.505000
785,1465000042.651000,1465000043.310167,1465000048.311510,1465000048.387000
786,1465000042.652000,1465000043.369585,1465000048.371442,1465000048.454000
787,1465000042.661000,1465000043.325816,1465000048.345873,1465000048.422000
788,1465000042.661000,1465000043.418322,1465000048.419834,1465000048.507000
789,1465000042.665000,1465000043.296425,1465000048.297757,1465000048.379000
790,1465000042.667000,1465000043.432820,1465000048.444313,1465000048.525000
791,1465000042.667000,1465000043.314745,1465000048.316037,1465000048.392000
792,1465000042.667000,1465000043.424610,1465000048.425882,1465000048.497000
793,1465000042.667000,1465000043.308125,1465000048.309589,1465000048.395000
794,1465000042.667000,1465000043.414919,1465000048.431375,1465000048.512000
795,1465000042.667000,0.000000,0.000000,0.000000
796,1465000042.667000,1465000043.667094,1465000048.668399,1465000048.740000
797,1465000042.667000,1465000043.420926,1465000048.422347,1465000048.509000
798,1465000042.667000,1465000043.330486,1465000048.340699,1465000048.423000
799,1465000042.667000,1465000043.350303,1465000048.351687,1465000048.440000
800,1465000042.668000,1465000043.315901,1465000048.317484,1465000048.398000
801,1465000042.668000,1465000043.418753,1465000048.419946,1465000048.503000
802,1465000042.668000,1465000043.680799,1465000048.682104,1465000048.762000
803,1465000042.669000,1465000043.289563,1465000048.291052,1465000048.367000
804,1465000042.669000,1465000043.389140,1465000048.390415,1465000048.469000
805,1465000042.669000,1465000043.708539,1465000048.710044,1465000048.799000
806,1465000042.669000,1465000043.705688,1465000048.707454,1465000048.796000
807,1465000042.669000,1465000043.700198,1465000048.701500,1465000048.784000
808,1465000042.669000,1465000043.418648,1465000048.420516,1465000048.492000
809,1465000042.669000,1465000043.348757,1465000048.350447,1465000048.425000
810,1465000042.669000,1465000043.427385,1465000048.428936,1465000048.509000
811,1465000042.669000,1465000043.663922,1465000048.665760,1465000048.753000
812,1465000042.669000,1465000043.440627,1465000048.442150,1465000048.517000
813,1465000042.669000,1465000043.373171,1465000048.374452,1465000048.456000
814,1465000042.669000,1465000043.675907,1465000048.677442,1465000048.759000
815,1465000042.669000,1465000043.368849,1465000048.370835,1465000048.459000
816,1465000042.669000,1465000043.709695,1465000048.711188,1465000048.793000
817,1465000042.669000,1465000043.338143,1465000048.352526,1465000048.455000
818,1465000042.669000,1465000043.388679,1465000048.389894,1465000048.491000
819,1465000042.669000,1465000043.594651,1465000048.596030,1465000048.681000
820,1465000042.670000,1465000043.347120,1465000048.348400,1465000048.434000
821,1465000042.670000,1465000043.716339,1465000048.718070,1465000048.795000
822,1465000042.670000,1465000043.402669,1465000048.404088,1465000048.485000
823,1465000042.670000,1465000043.647769,1465000048.649052,1465000048.718000
824,1465000042.671000,1465000045.156110,1465000050.157413,1465000050.244000
825,1465000042.671000,1465000043.410470,1465000048.411984,1465000048.493000
826,1465000042.671000,1465000043.441293,1465000048.442907,1465000048.518000
827,1465000042.671000,1465000043.692658,1465000048.693897,1465000048.783000
828,1465000042.671000,1465000043.409704,1465000048.410987,1465000048.492000
829,1465000042.671000,1465000043.413879,1465000048.415194,1465000048.491000
830,1465000042.671000,1465000043.343499,1465000048.344754,1465000048.425000
831,1465000042.671000,1465000043.418697,1465000048.419993,1465000048.509000
832,1465000042.671000,1465000043.307748,1465000048.309173,1465000048.385000
833,1465000042.671000,1465000043.377169,1465000048.378328,1465000048.449000
834,1465000042.672000,1465000043.352003,1465000048.353280,1465000048.446000
835,1465000042.672000,1465000043.672586,1465000048.673768,1465000048.760000
836,1465000042.672000,1465000043.358624,1465000048.360131,1465000048.452000
837,1465000042.672000,1465000043.362588,1465000048.363992,1465000048.440000
838,1465000042.672000,1465000043.663265,1465000048.664590,1465000048.746000
839,1465000042.672000,1465000043.741044,1465000048.742437,1465000048.819000
840,1465000042.673000,1465000043.735610,1465000048.737041,1465000048.819000
841,1465000042.673000,1465000043.640487,1465000048.641956,1465000048.724000
842,1465000042.673000,1465000043.373095,1465000048.374466,1465000048.461000
843,1465000042.673000,1465000043.424830,1465000048.426540,1465000048.508000
844,1465000042.674000,0.000000,0.000000,0.000000
845,1465000042.674000,1465000043.374582,1465000048.375815,1465000048.463000
846,1465000042.674000,1465000043.719223,1465000048.720607,1465000048.800000
847,1465000042.674000,1465000043.397562,1465000048.399061,1465000048.486000
848,1465000042.674000,1465000043.737295,1465000048.738521,1465000048.821000
849,1465000042.674000,1465000043.419610,1465000048.420980,1465000048.507000
850,1465000042.674000,1465000043.325914,1465000048.327597,1465000048.405000
851,1465000042.674000,1465000043.678705,1465000048.680084,1465000048.760000
852,1465000042.675000,1465000043.414491,1465000048.416071,1465000048.497000
853,1465000042.675000,1465000043.446057,1465000048.447336,1465000048.522000
854,1465000042.675000,1465000043.347620,1465000048.348973,1465000048.442000
855,1465000042.675000,1465000043.665316,1465000048.666652,1465000048.736000
856,1465000042.675000,1465000043.364026,1465000048.365281,1465000048.445000
857,1465000042.676000,1465000043.353113,1465000048.354475,1465000048.442000
858,1465000042.676000,1465000043.669619,1465000048.670895,1465000048.759000
859,1465000042.676000,1465000043.396878,1465000048.398272,1465000048.486000
860,1465000042.676000,1465000043.436811,1465000048.438332,1465000048.517000
861,1465000042.676000,0.000000,0.000000,0.000000
862,1465000042.676000,1465000043.366157,1465000048.367604,1465000048.444000
863,1465000042.676000,1465000043.383524,1465000048.384921,1465000048.462000
864,1465000042.676000,1465000043.411091,1465000048.412315,1465000048.491000
865,1465000042.676000,1465000043.661628,1465000048.662938,1465000048.742000
866,1465000042.677000,1465000043.698719,1465000048.700017,1465000048.771000
867,1465000042.677000,0.000000,0.000000,0.000000
868,1465000042.677000,1465000043.706541,1465000048.708335,1465000048.790000
869,1465000042.677000,1465000043.425202,1465000048.426556,1465000048.508000
870,1465000042.677000,1465000043.396800,1465000048.398076,1465000048.481000
871,1465000042.677000,1465000043.710136,1465000048.711814,1465000048.793000
872,1465000042.678000,1465000043.392763,1465000048.394087,1465000048.471000
873,1465000042.678000,1465000043.670205,1465000048.671689,1465000048.753000
874,1465000042.678000,1465000043.438049,1465000048.449205,1465000048.525000
875,1465000042.678000,1465000043.409561,1465000048.411238,1465000048.500000
876,1465000042.678000,1465000043.419945,1465000048.432952,1465000048.505000
877,1465000042.678000,1465000043.425564,1465000048.426869,1465000048.507000
878,1465000042.678000,1465000043.409175,1465000048.410494,1465000048.485000
879,1465000042.678000,1465000043.351450,1465000048.352725,1465000048.434000
880,1465000042.678000,1465000043.419630,1465000048.420918,1465000048.507000
881,1465000042.678000,1465000043.397011,1465000048.398351,1465000048.476000
882,1465000042.678000,1465000043.372303,1465000048.373530,1465000048.461000
883,1465000042.678000,1465000043.717542,1465000048.719251,1465000048.799000
884,1465000042.679000,1465000043.678827,1465000048.680068,1465000048.761000
885,1465000042.679000,1465000043.388945,1465000048.390254,1465000048.477000
886,1465000042.679000,1465000043.430869,1465000048.432084,1465000048.502000
887,1465000042.679000,1465000043.390579,1465000048.392297,1465000048.482000
888,1465000042.680000,1465000043.656895,1465000048.658110,1465000048.745000
889,1465000042.680000,1465000043.388012,1465000048.389301,1465000048.476000
890,1465000042.680000,1465000043.421169,1465000048.423003,1465000048.506000
891,1465000042.680000,1465000043.735296,1465000048.737103,1465000048.818000
892,1465000042.680000,1465000043.735738,1465000048.737155,1465000048.814000
893,1465000042.681000,1465000043.424047,1465000048.425667,1465000048.507000
894,1465000042.681000,1465000043.731115,1465000048.732317,1465000048.814000
895,1465000042.681000,1465000043.377471,1465000048.378876,1465000048.465000
896,1465000042.681000,1465000043.371357,1465000048.372769,1465000048.462000
897,1465000042.681000,1465000043.677863,1465000048.679094,1465000048.750000
898,1465000042.681000,1465000043.409700,1465000048.411471,1465000048.495000
899,1465000042.681000,1465000043.391896,1465000048.393222,1465000048.482000
900,1465000042.681000,1465000043.389169,1465000048.390472,1465000048.471000
901,1465000042.682000,1465000043.356977,1465000048.358256,1465000048.439000
902,1465000042.682000,1465000043.349746,1465000048.350962,1465000048.445000
903,1465000042.682000,1465000043.370331,1465000048.371665,1465000048.464000
904,1465000042.682000,1465000043.372139,1465000048.373543,1465000048.460000
905,1465000042.682000,1465000043.646012,1465000048.647441,1465000048.735000
906,1465000042.683000,1465000043.427149,1465000048.431310,1465000048.514000
907,1465000042.683000,1465000043.703125,1465000048.704337,1465000048.775000
908,1465000042.683000,1465000043.409013,1465000048.415115,1465000048.498000
909,1465000042.683000,1465000043.434785,1465000048.436045,1465000048.518000
910,1465000042.683000,1465000043.404379,1465000048.405617,1465000048.487000
911,1465000042.683000,1465000043.716936,1465000048.732842,1465000048.804000
912,1465000042.684000,1465000043.436528,1465000048.437709,1465000048.519000
913,1465000042.684000,1465000043.710983,1465000048.712255,1465000048.794000
914,1465000042.684000,1465000043.622880,1465000048.624157,1465000048.710000
915,1465000042.685000,1465000043.414869,1465000048.416590,1465000048.498000
916,1465000042.685000,1465000043.718459,1465000048.719833,1465000048.802000
917,1465000042.685000,1465000043.656920,1465000048.658266,1465000048.741000
918,1465000042.685000,1465000043.393695,1465000048.395082,1465000048.474000
919,1465000042.685000,1465000043.648006,1465000048.649288,1465000048.737000
920,1465000042.686000,1465000043.418306,1465000048.419600,1465000048.506000
921,1465000042.687000,0.000000,0.000000,0.000000
922,1465000042.687000,1465000043.417080,1465000048.425255,1465000048.507000
923,1465000042.687000,1465000043.717674,1465000048.719043,1465000048.796000
924,1465000042.687000,1465000043.686082,1465000048.687374,1465000048.768000
925,1465000042.687000,1465000043.697211,1465000048.698480,1465000048.779000
926,1465000042.687000,1465000043.394787,1465000048.396083,1465000048.479000
927,1465000042.687000,1465000043.411452,1465000048.412952,1465000048.501000
928,1465000042.687000,1465000043.692225,1465000048.697752,1465000048.779000
929,1465000042.688000,1465000043.704956,1465000048.706328,1465000048.786000
930,1465000042.688000,1465000043.363017,1465000048.365561,1465000048.458000
931,1465000042.688000,1465000043.431506,1465000048.440696,1465000048.522000
932,1465000042.688000,1465000043.412312,1465000048.413790,1465000048.503000
933,1465000042.688000,1465000043.689707,1465000048.691042,1465000048.773000
934,1465000042.689000,1465000043.412112,1465000048.413449,1465000048.500000
935,1465000042.689000,1465000043.419523,1465000048.424356,1465000048.505000
936,1465000042.689000,1465000043.432080,1465000048.445010,1465000048.526000
937,1465000042.689000,1465000043.425854,1465000048.427234,1465000048.508000
938,1465000042.689000,1465000043.440916,1465000048.442183,1465000048.517000
939,1465000042.689000,1465000043.421711,1465000048.422997,1465000048.505000
940,1465000042.689000,1465000043.415525,1465000048.416906,1465000048.494000
941,1465000042.689000,1465000043.423928,1465000048.425224,1465000048.505000
942,1465000042.689000,1465000043.425746,1465000048.427025,1465000048.516000
943,1465000042.690000,1465000043.383073,1465000048.385618,1465000048.463000
944,1465000042.690000,1465000043.716801,1465000048.718135,1465000048.801000
945,1465000042.690000,1465000043.663886,1465000048.665214,1465000048.752000
946,1465000042.691000,1465000043.410272,1465000048.411533,1465000048.513000
947,1465000042.692000,1465000043.422926,1465000048.424302,1465000048.501000
948,1465000042.692000,1465000043.713375,1465000048.714671,1465000048.796000
949,1465000042.692000,0.000000,0.000000,0.000000
950,1465000042.692000,1465000043.441990,1465000048.443367,1465000048.521000
951,1465000042.692000,1465000043.709239,1465000048.722193,1465000048.811000
952,1465000042.692000,0.000000,0.000000,0.000000
953,1465000042.692000,1465000043.710214,1465000048.711696,1465000048.795000
954,1465000042.692000,1465000043.431791,1465000048.432991,1465000048.513000
955,1465000042.692000,0.000000,0.000000,0.000000
956,1465000042.693000,0.000000,0.000000,0.000000
957,1465000042.693000,1465000043.661385,1465000048.662757,1465000048.746000
958,1465000042.693000,1465000043.431741,1465000048.433096,1465000048.514000
959,1465000042.693000,1465000043.432010,1465000048.433742,1465000048.505000
960,1465000042.693000,1465000043.409021,1465000048.417746,1465000048.498000
961,1465000042.694000,1465000043.437657,1465000048.438986,1465000048.518000
962,1465000042.694000,1465000043.447973,1465000048.449191,1465000048.520000
963,1465000042.694000,1465000043.704271,1465000048.705529,1465000048.793000
964,1465000042.695000,1465000043.419105,1465000048.420572,1465000048.523000
965,1465000042.695000,1465000043.401159,1465000048.402596,1465000048.491000
966,1465000042.695000,1465000043.427687,1465000048.428939,1465000048.508000
967,1465000042.695000,1465000043.436207,1465000048.438059,1465000048.514000
968,1465000042.695000,1465000043.434511,1465000048.435729,1465000048.507000
969,1465000042.696000,1465000043.407093,1465000048.408658,1465000048.498000
970,1465000042.696000,1465000043.437021,1465000048.438222,1465000048.518000
971,1465000042.696000,1465000043.682520,1465000048.683894,1465000048.771000
972,1465000042.697000,1465000043.436634,1465000048.438461,1465000048.514000
973,1465000042.698000,1465000043.396665,1465000048.397906,1465000048.484000
974,1465000042.698000,1465000043.424485,1465000048.426454,1465000048.508000
975,1465000042.698000,1465000043.433064,1465000048.434475,1465000048.516000
976,1465000042.698000,1465000043.716333,1465000048.717613,1465000048.800000
977,1465000042.698000,1465000043.435428,1465000048.436642,1465000048.518000
978,1465000042.698000,1465000043.410042,1465000048.411877,1465000048.495000
979,1465000042.698000,1465000043.431927,1465000048.442317,1465000048.529000
980,1465000042.698000,1465000043.400346,1465000048.401624,1465000048.488000
981,1465000042.698000,1465000043.418201,1465000048.433320,1465000048.505000
982,1465000042.699000,0.000000,0.000000,0.000000
983,1465000042.700000,1465000043.426200,1465000048.427949,1465000048.508000
984,1465000042.701000,1465000043.735095,1465000048.736904,1465000048.818000
985,1465000042.701000,1465000043.436121,1465000048.457036,1465000048.538000
986,1465000042.701000,1465000043.396888,1465000048.412816,1465000048.514000
987,1465000042.701000,1465000043.426122,1465000048.427471,1465000048.516000
988,1465000042.701000,1465000043.439590,1465000048.440900,1465000048.523000
989,1465000042.701000,1465000043.428150,1465000048.429776,1465000048.510000
990,1465000042.702000,1465000043.410314,1465000048.411758,1465000048.481000
991,1465000042.702000,1465000043.399121,1465000048.400369,1465000048.487000
992,1465000042.702000,1465000043.435830,1465000048.439016,1465000048.514000
993,1465000042.702000,1465000043.438216,1465000048.439594,1465000048.511000
994,1465000042.702000,1465000043.716661,1465000048.718548,1465000048.789000
995,1465000042.703000,1465000043.422189,1465000048.423892,1465000048.512000
996,1465000042.703000,1465000043.383689,1465000048.385101,1465000048.456000
997,1465000042.703000,1465000043.444456,1465000048.445786,1465000048.515000
998,1465000042.704000,1465000043.448236,1465000048.449537,1465000048.519000
999,1465000042.704000,1465000043.398047,1465000048.399361,1465000048.476000
