0,1464981690.460000,1464981691.174319,1464981696.176247,1464981696.262000
1,1464981690.460000,1464981691.150162,1464981696.151403,1464981696.232000
2,1464981690.460000,1464981691.134503,1464981696.135850,1464981696.223000
3,1464981690.460000,1464981691.129357,1464981696.130533,1464981696.205000
4,1464981690.460000,1464981691.122035,1464981696.123374,1464981696.202000
5,1464981690.460000,1464981691.162480,1464981696.164418,1464981696.245000
6,1464981690.460000,1464981691.163644,1464981696.164912,1464981696.241000
7,1464981690.461000,1464981691.165217,1464981696.166916,1464981696.240000
8,1464981690.461000,1464981691.184887,1464981696.200567,1464981696.288000
9,1464981690.461000,1464981691.120563,1464981696.122310,1464981696.203000
10,1464981690.461000,1464981691.193761,1464981696.195075,1464981696.275000
11,1464981690.461000,0.000000,0.000000,0.000000
12,1464981690.461000,1464981691.132064,1464981696.134096,1464981696.214000
13,1464981690.461000,1464981691.108592,1464981696.110417,1464981696.183000
14,1464981690.461000,1464981691.113548,1464981696.114744,1464981696.190000
15,1464981690.461000,1464981691.112448,1464981696.113919,1464981696.202000
16,1464981690.461000,1464981691.102717,1464981696.104246,1464981696.186000
17,1464981690.461000,1464981691.205670,1464981696.207147,1464981696.283000
18,1464981690.461000,1464981691.146895,1464981696.148371,1464981696.226000
19,1464981690.461000,0.000000,0.000000,0.000000
20,1464981690.462000,1464981691.108491,1464981696.109993,1464981696.195000
21,1464981690.462000,1464981691.201225,1464981696.203218,1464981696.283000
22,1464981690.462000,0.000000,0.000000,0.000000
23,1464981690.462000,0.000000,0.000000,0.000000
24,1464981690.462000,0.000000,0.000000,0.000000
25,1464981690.462000,1464981691.202478,1464981696.203833,1464981696.291000
26,1464981690.462000,0.000000,0.000000,0.000000
27,1464981690.463000,1464981691.143977,1464981696.145182,1464981696.219000
28,1464981690.463000,1464981691.191573,1464981696.193017,1464981696.281000
29,1464981690.463000,1464981691.127649,1464981696.128942,1464981696.209000
30,1464981690.463000,0.000000,0.000000,0.000000
31,1464981690.464000,1464981691.105242,1464981696.106770,1464981696.185000
32,1464981690.464000,1464981691.176214,1464981696.181938,1464981696.258000
33,1464981690.464000,1464981691.132054,1464981696.140598,1464981696.228000
34,1464981690.465000,1464981691.125707,1464981696.127298,1464981696.217000
35,1464981690.466000,1464981691.160604,1464981696.162303,1464981696.242000
36,1464981690.467000,1464981691.130176,1464981696.131608,1464981696.212000
37,1464981690.467000,1464981691.090050,1464981696.091731,1464981696.172000
38,1464981690.467000,0.000000,0.000000,0.000000
39,1464981690.467000,1464981691.141666,1464981696.143038,1464981696.212000
40,1464981690.467000,1464981691.169066,1464981696.170353,1464981696.251000
41,1464981690.467000,0.000000,0.000000,0.000000
42,1464981690.467000,0.000000,0.000000,0.000000
43,1464981690.467000,1464981691.117061,1464981696.118691,1464981696.187000
44,1464981690.467000,1464981691.186354,1464981696.187990,1464981696.269000
45,1464981690.467000,1464981691.163932,1464981696.165712,1464981696.246000
46,1464981690.467000,1464981691.103050,1464981696.104790,1464981696.195000
47,1464981690.467000,0.000000,0.000000,0.000000
48,1464981690.468000,1464981691.175123,1464981696.176361,1464981696.250000
49,1464981690.468000,0.000000,0.000000,0.000000
50,1464981690.468000,1464981691.156776,1464981696.158115,1464981696.246000
51,1464981690.468000,0.000000,0.000000,0.000000
52,1464981690.471000,1464981691.164958,1464981696.166160,1464981696.247000
53,1464981690.471000,0.000000,0.000000,0.000000
54,1464981690.472000,0.000000,0.000000,0.000000
55,1464981690.472000,1464981691.111096,1464981696.112971,1464981696.191000
56,1464981690.472000,1464981691.145067,1464981696.160591,1464981696.248000
57,1464981690.472000,1464981691.101936,1464981696.103443,1464981696.179000
58,1464981690.472000,1464981691.160991,1464981696.163536,1464981696.251000
59,1464981690.473000,0.000000,0.000000,0.000000
60,1464981690.473000,1464981691.180551,1464981696.181865,1464981696.262000
61,1464981690.473000,1464981691.165797,1464981696.167106,1464981696.235000
62,1464981690.474000,0.000000,0.000000,0.000000
63,1464981690.474000,1464981691.191026,1464981696.192845,1464981696.273000
64,1464981690.474000,0.000000,0.000000,0.000000
65,1464981690.474000,1464981691.124691,1464981696.126104,1464981696.214000
66,1464981690.474000,1464981691.184503,1464981696.200591,1464981696.273000
67,1464981690.474000,0.000000,0.000000,0.000000
68,1464981690.474000,1464981691.205861,1464981696.215400,1464981696.296000
69,1464981690.474000,0.000000,0.000000,0.000000
70,1464981690.474000,0.000000,0.000000,0.000000
71,1464981690.474000,1464981691.138051,1464981696.139341,1464981696.227000
72,1464981690.474000,0.000000,0.000000,0.000000
73,1464981690.474000,1464981691.204017,1464981696.205382,1464981696.286000
74,1464981690.474000,0.000000,0.000000,0.000000
75,1464981690.475000,0.000000,0.000000,0.000000
76,1464981690.475000,1464981691.153904,1464981696.155462,1464981696.246000
77,1464981690.475000,0.000000,0.000000,0.000000
78,1464981690.475000,1464981691.143015,1464981696.144720,1464981696.222000
79,1464981690.475000,1464981691.187980,1464981696.200279,1464981696.273000
80,1464981690.475000,1464981691.173311,1464981696.174828,1464981696.263000
81,1464981690.475000,1464981691.157135,1464981696.158960,1464981696.240000
82,1464981690.475000,0.000000,0.000000,0.000000
83,1464981690.475000,0.000000,0.000000,0.000000
84,1464981690.475000,1464981691.198215,1464981696.199855,1464981696.278000
85,1464981690.475000,0.000000,0.000000,0.000000
86,1464981690.475000,1464981691.088159,1464981696.094253,1464981696.175000
87,1464981690.475000,1464981691.191914,1464981696.193103,1464981696.272000
88,1464981690.475000,1464981691.142025,1464981696.143316,1464981696.225000
89,1464981690.475000,1464981691.164816,1464981696.166325,1464981696.245000
90,1464981690.475000,1464981691.187100,1464981696.190285,1464981696.271000
91,1464981690.475000,0.000000,0.000000,0.000000
92,1464981690.475000,0.000000,0.000000,0.000000
93,1464981690.475000,0.000000,0.000000,0.000000
94,1464981690.476000,1464981691.119379,1464981696.121007,1464981696.196000
95,1464981690.476000,1464981691.125766,1464981696.127521,1464981696.206000
96,1464981690.476000,1464981691.156994,1464981696.158193,1464981696.234000
97,1464981690.476000,1464981691.202853,1464981696.215130,1464981696.296000
98,1464981690.476000,1464981691.132634,1464981696.134041,1464981696.224000
99,1464981690.476000,1464981691.169259,1464981696.170506,1464981696.251000
100,1464981690.476000,1464981691.155820,1464981696.157310,1464981696.237000
101,1464981690.476000,1464981691.173843,1464981696.175152,1464981696.256000
102,1464981690.476000,1464981691.162408,1464981696.163948,1464981696.250000
103,1464981690.476000,1464981691.132711,1464981696.134614,1464981696.215000
104,1464981690.476000,0.000000,0.000000,0.000000
105,1464981690.476000,1464981691.197263,1464981696.199262,1464981696.278000
106,1464981690.476000,1464981691.236232,1464981696.237812,1464981696.318000
107,1464981690.476000,1464981691.118101,1464981696.119646,1464981696.195000
108,1464981690.476000,1464981691.205869,1464981696.208815,1464981696.289000
109,1464981690.476000,1464981691.166025,1464981696.167311,1464981696.248000
110,1464981690.477000,0.000000,0.000000,0.000000
111,1464981690.477000,1464981691.148703,1464981696.150018,1464981696.226000
112,1464981690.477000,1464981691.156278,1464981696.157535,1464981696.513000
113,1464981690.477000,1464981691.232293,1464981696.233572,1464981696.307000
114,1464981690.479000,0.000000,0.000000,0.000000
115,1464981690.480000,0.000000,0.000000,0.000000
116,1464981690.487000,1464981691.235483,1464981696.255010,1464981696.335000
117,1464981690.487000,1464981691.208716,1464981696.214048,1464981696.294000
118,1464981690.487000,0.000000,0.000000,0.000000
119,1464981690.487000,1464981691.197232,1464981696.198490,1464981696.279000
120,1464981690.487000,0.000000,0.000000,0.000000
121,1464981690.487000,1464981691.111976,1464981696.113491,1464981696.196000
122,1464981690.487000,1464981691.149044,1464981696.150629,1464981696.227000
123,1464981690.488000,0.000000,0.000000,0.000000
124,1464981690.488000,0.000000,0.000000,0.000000
125,1464981690.488000,1464981691.244473,1464981696.245999,1464981696.323000
126,1464981690.488000,0.000000,0.000000,0.000000
127,1464981690.488000,1464981691.088870,1464981696.090711,1464981696.179000
128,1464981690.488000,1464981691.107911,1464981696.109823,1464981696.189000
129,1464981690.488000,0.000000,0.000000,0.000000
130,1464981690.488000,1464981691.176985,1464981696.181635,1464981696.262000
131,1464981690.488000,1464981691.176028,1464981696.177377,1464981696.250000
132,1464981690.489000,1464981691.177864,1464981696.179458,1464981696.265000
133,1464981690.489000,1464981691.175968,1464981696.177807,1464981696.246000
134,1464981690.489000,1464981691.207495,1464981696.209011,1464981696.289000
135,1464981690.489000,1464981691.215310,1464981696.216888,1464981696.293000
136,1464981690.490000,1464981691.215936,1464981696.217122,1464981696.296000
137,1464981690.490000,1464981691.158992,1464981696.160297,1464981696.240000
138,1464981690.490000,1464981691.208785,1464981696.211254,1464981696.294000
139,1464981690.490000,1464981691.151325,1464981696.152650,1464981696.232000
140,1464981690.490000,1464981691.204822,1464981696.206118,1464981696.281000
141,1464981690.490000,0.000000,0.000000,0.000000
142,1464981690.490000,1464981691.145197,1464981696.146636,1464981696.226000
143,1464981690.490000,1464981691.175472,1464981696.176870,1464981696.256000
144,1464981690.490000,1464981691.178469,1464981696.179864,1464981696.260000
145,1464981690.490000,0.000000,0.000000,0.000000
146,1464981690.490000,1464981691.127847,1464981696.129295,1464981696.210000
147,1464981690.490000,1464981691.190554,1464981696.192271,1464981696.265000
148,1464981690.491000,0.000000,0.000000,0.000000
149,1464981690.491000,0.000000,0.000000,0.000000
150,1464981690.491000,0.000000,0.000000,0.000000
151,1464981690.491000,0.000000,0.000000,0.000000
152,1464981690.491000,1464981691.187832,1464981696.189536,1464981696.269000
153,1464981690.492000,1464981691.130959,1464981696.132902,1464981696.223000
154,1464981690.492000,1464981691.150416,1464981696.151698,1464981696.233000
155,1464981690.492000,0.000000,0.000000,0.000000
156,1464981690.492000,0.000000,0.000000,0.000000
157,1464981690.492000,0.000000,0.000000,0.000000
158,1464981690.492000,1464981691.135328,1464981696.136704,1464981696.217000
159,1464981690.492000,0.000000,0.000000,0.000000
160,1464981690.492000,1464981691.189322,1464981696.190648,1464981696.273000
161,1464981690.492000,1464981691.217631,1464981696.218910,1464981696.302000
162,1464981690.492000,0.000000,0.000000,0.000000
163,1464981690.493000,0.000000,0.000000,0.000000
164,1464981690.492000,0.000000,0.000000,0.000000
165,1464981690.493000,1464981691.221432,1464981696.228735,1464981696.303000
166,1464981690.493000,0.000000,0.000000,0.000000
167,1464981690.493000,0.000000,0.000000,0.000000
168,1464981690.493000,0.000000,0.000000,0.000000
169,1464981690.493000,0.000000,0.000000,0.000000
170,1464981690.493000,1464981691.209678,1464981696.210875,1464981696.290000
171,1464981690.493000,0.000000,0.000000,0.000000
172,1464981690.493000,1464981691.141515,1464981696.143152,1464981696.225000
173,1464981690.493000,0.000000,0.000000,0.000000
174,1464981690.493000,1464981691.132355,1464981696.133677,1464981696.223000
175,1464981690.493000,1464981691.198885,1464981696.201424,1464981696.282000
176,1464981690.493000,1464981691.190017,1464981696.191357,1464981696.279000
177,1464981690.493000,0.000000,0.000000,0.000000
178,1464981690.493000,1464981691.198202,1464981696.201749,1464981696.282000
179,1464981690.494000,1464981691.188755,1464981696.190077,1464981696.258000
180,1464981690.493000,1464981691.154813,1464981696.155996,1464981696.236000
181,1464981690.493000,0.000000,0.000000,0.000000
182,1464981690.494000,1464981691.160181,1464981696.161583,1464981696.237000
183,1464981690.494000,0.000000,0.000000,0.000000
184,1464981690.494000,0.000000,0.000000,0.000000
185,1464981690.494000,0.000000,0.000000,0.000000
186,1464981690.494000,1464981691.219657,1464981696.221214,1464981696.290000
187,1464981690.494000,1464981691.190399,1464981696.191791,1464981696.279000
188,1464981690.494000,1464981691.165178,1464981696.167517,1464981696.255000
189,1464981690.494000,1464981691.227036,1464981696.228314,1464981696.310000
190,1464981690.494000,1464981691.198674,1464981696.200034,1464981696.281000
191,1464981690.494000,0.000000,0.000000,0.000000
192,1464981690.494000,1464981691.184990,1464981696.197745,1464981696.278000
193,1464981690.494000,1464981691.152701,1464981696.154143,1464981696.233000
194,1464981690.494000,1464981691.181315,1464981696.182717,1464981696.275000
195,1464981690.494000,1464981691.162569,1464981696.164422,1464981696.250000
196,1464981690.494000,0.000000,0.000000,0.000000
197,1464981690.494000,0.000000,0.000000,0.000000
198,1464981690.494000,1464981691.200362,1464981696.201879,1464981696.284000
199,1464981690.494000,1464981691.205805,1464981696.207686,1464981696.288000
200,1464981690.494000,1464981691.148053,1464981696.149434,1464981696.219000
201,1464981690.494000,1464981691.129455,1464981696.130625,1464981696.212000
202,1464981690.494000,0.000000,0.000000,0.000000
203,1464981690.494000,1464981691.191953,1464981696.193405,1464981696.266000
204,1464981690.494000,0.000000,0.000000,0.000000
205,1464981690.494000,1464981691.175667,1464981696.177651,1464981696.253000
206,1464981690.494000,1464981691.141128,1464981696.142387,1464981696.222000
207,1464981690.494000,1464981691.120087,1464981696.121607,1464981696.201000
208,1464981690.494000,1464981691.245184,1464981696.247290,1464981696.324000
209,1464981690.494000,1464981691.209835,1464981696.211232,1464981696.286000
210,1464981690.494000,1464981691.198572,1464981696.202497,1464981696.283000
211,1464981690.494000,1464981691.219171,1464981696.220650,1464981696.301000
212,1464981690.494000,1464981691.072701,1464981696.074753,1464981696.165000
213,1464981690.494000,1464981691.159258,1464981696.160589,1464981696.241000
214,1464981690.494000,1464981691.194879,1464981696.196243,1464981696.275000
215,1464981690.495000,0.000000,0.000000,0.000000
216,1464981690.495000,1464981691.229752,1464981696.234152,1464981696.325000
217,1464981690.495000,0.000000,0.000000,0.000000
218,1464981690.495000,0.000000,0.000000,0.000000
219,1464981690.495000,0.000000,0.000000,0.000000
220,1464981690.495000,1464981691.161932,1464981696.163270,1464981696.232000
221,1464981690.495000,0.000000,0.000000,0.000000
222,1464981690.495000,1464981691.107928,1464981696.109945,1464981696.189000
223,1464981690.495000,1464981691.170676,1464981696.172019,1464981696.240000
224,1464981690.495000,1464981691.175140,1464981696.176962,1464981696.257000
225,1464981690.495000,0.000000,0.000000,0.000000
226,1464981690.495000,1464981691.204096,1464981696.205582,1464981696.282000
227,1464981690.495000,1464981691.200596,1464981696.202227,1464981696.286000
228,1464981690.495000,0.000000,0.000000,0.000000
229,1464981690.495000,1464981691.225995,1464981696.235202,1464981696.315000
230,1464981690.495000,1464981691.139110,1464981696.149939,1464981696.229000
231,1464981690.495000,0.000000,0.000000,0.000000
232,1464981690.495000,1464981691.137832,1464981696.139541,1464981696.218000
233,1464981690.495000,0.000000,0.000000,0.000000
234,1464981690.495000,1464981691.223349,1464981696.225114,1464981696.301000
235,1464981690.495000,1464981691.203188,1464981696.204410,1464981696.288000
236,1464981690.495000,1464981691.197643,1464981696.199648,1464981696.290000
237,1464981690.495000,1464981691.170666,1464981696.172093,1464981696.249000
238,1464981690.495000,0.000000,0.000000,0.000000
239,1464981690.495000,1464981691.163989,1464981696.165252,1464981696.246000
240,1464981690.495000,0.000000,0.000000,0.000000
241,1464981690.495000,1464981691.226688,1464981696.228083,1464981696.308000
242,1464981690.495000,0.000000,0.000000,0.000000
243,1464981690.495000,1464981691.219323,1464981696.221001,1464981696.301000
244,1464981690.495000,0.000000,0.000000,0.000000
245,1464981690.495000,0.000000,0.000000,0.000000
246,1464981690.496000,1464981691.222922,1464981696.224094,1464981696.307000
247,1464981690.496000,1464981691.190066,1464981696.191531,1464981696.269000
248,1464981690.496000,1464981691.175797,1464981696.177178,1464981696.258000
249,1464981690.496000,1464981691.088020,1464981696.089821,1464981696.175000
250,1464981690.496000,1464981691.178159,1464981696.179629,1464981696.255000
251,1464981690.496000,1464981691.227877,1464981696.232205,1464981696.307000
252,1464981690.496000,1464981691.167303,1464981696.168477,1464981696.244000
253,1464981690.496000,1464981691.219813,1464981696.221388,1464981696.296000
254,1464981690.496000,0.000000,0.000000,0.000000
255,1464981690.496000,1464981691.134691,1464981696.136030,1464981696.217000
256,1464981690.496000,1464981691.189419,1464981696.191204,1464981696.272000
257,1464981690.496000,1464981691.239061,1464981696.240952,1464981696.330000
258,1464981690.496000,1464981691.257385,1464981696.258687,1464981696.337000
259,1464981690.496000,1464981691.150902,1464981696.152187,1464981696.234000
260,1464981690.496000,1464981691.182614,1464981696.183945,1464981696.263000
261,1464981690.496000,1464981691.208501,1464981696.221301,1464981696.301000
262,1464981690.496000,1464981691.203208,1464981696.204622,1464981696.283000
263,1464981690.496000,1464981691.204122,1464981696.205542,1464981696.291000
264,1464981690.496000,1464981691.241588,1464981696.243117,1464981696.312000
265,1464981690.496000,1464981691.203930,1464981696.205970,1464981696.281000
266,1464981690.496000,1464981691.169977,1464981696.171457,1464981696.253000
267,1464981690.496000,1464981691.213227,1464981696.215056,1464981696.291000
268,1464981690.496000,0.000000,0.000000,0.000000
269,1464981690.496000,0.000000,0.000000,0.000000
270,1464981690.496000,0.000000,0.000000,0.000000
271,1464981690.496000,1464981691.136112,1464981696.137476,1464981696.206000
272,1464981690.496000,1464981691.218040,1464981696.219279,1464981696.295000
273,1464981690.496000,1464981691.239378,1464981696.241020,1464981696.323000
274,1464981690.496000,1464981691.204392,1464981696.205556,1464981696.284000
275,1464981690.496000,1464981691.203428,1464981696.209718,1464981696.285000
276,1464981690.496000,0.000000,0.000000,0.000000
277,1464981690.496000,0.000000,0.000000,0.000000
278,1464981690.498000,1464981691.209009,1464981696.210408,1464981696.291000
279,1464981690.498000,1464981691.194855,1464981696.196132,1464981696.278000
280,1464981690.498000,1464981691.201839,1464981696.214682,1464981696.289000
281,1464981690.498000,1464981691.197705,1464981696.199269,1464981696.278000
282,1464981690.501000,1464981691.191153,1464981696.192399,1464981696.272000
283,1464981690.507000,0.000000,0.000000,0.000000
284,1464981690.516000,0.000000,0.000000,0.000000
285,1464981690.518000,1464981691.168644,1464981696.169972,1464981696.251000
286,1464981690.518000,1464981691.205606,1464981696.207129,1464981696.288000
287,1464981690.518000,1464981691.185812,1464981696.188970,1464981696.269000
288,1464981690.518000,1464981691.187034,1464981696.194609,1464981696.275000
289,1464981690.518000,1464981691.190135,1464981696.191787,1464981696.272000
290,1464981690.518000,0.000000,0.000000,0.000000
291,1464981690.518000,1464981691.207444,1464981696.208679,1464981696.288000
292,1464981690.518000,1464981691.113136,1464981696.114640,1464981696.192000
293,1464981690.518000,1464981691.204268,1464981696.205930,1464981696.281000
294,1464981690.518000,1464981691.200364,1464981696.201659,1464981696.282000
295,1464981690.518000,1464981691.238367,1464981696.258182,1464981696.334000
296,1464981690.518000,1464981691.115353,1464981696.116790,1464981696.207000
297,1464981690.518000,1464981691.207030,1464981696.208483,1464981696.285000
298,1464981690.519000,1464981691.191646,1464981696.192997,1464981696.269000
299,1464981690.519000,1464981691.168064,1464981696.169575,1464981696.244000
300,1464981690.519000,0.000000,0.000000,0.000000
301,1464981690.519000,1464981691.209884,1464981696.219068,1464981696.307000
302,1464981690.519000,1464981691.227507,1464981696.229788,1464981696.322000
303,1464981690.519000,1464981691.142942,1464981696.144132,1464981696.225000
304,1464981690.519000,0.000000,0.000000,0.000000
305,1464981690.519000,1464981691.178210,1464981696.179405,1464981696.260000
306,1464981690.519000,1464981691.168140,1464981696.169358,1464981696.251000
307,1464981690.520000,1464981691.226249,1464981696.234780,1464981696.326000
308,1464981690.520000,1464981691.231794,1464981696.233157,1464981696.301000
309,1464981690.520000,1464981691.226909,1464981696.228321,1464981696.312000
310,1464981690.520000,1464981691.229289,1464981696.239278,1464981696.327000
311,1464981690.520000,0.000000,0.000000,0.000000
312,1464981690.520000,1464981691.184478,1464981696.186003,1464981696.261000
313,1464981690.521000,1464981691.163437,1464981696.164938,1464981696.244000
314,1464981690.521000,0.000000,0.000000,0.000000
315,1464981690.521000,1464981691.171549,1464981696.172812,1464981696.252000
316,1464981690.522000,1464981691.164706,1464981696.181649,1464981696.268000
317,1464981690.522000,1464981691.224712,1464981696.225990,1464981696.303000
318,1464981690.522000,1464981691.147455,1464981696.148917,1464981696.230000
319,1464981690.522000,1464981691.176080,1464981696.181579,1464981696.262000
320,1464981690.522000,0.000000,0.000000,0.000000
321,1464981690.522000,0.000000,0.000000,0.000000
322,1464981690.522000,1464981691.175096,1464981696.176414,1464981696.266000
323,1464981690.522000,1464981691.179694,1464981696.180939,1464981696.261000
324,1464981690.522000,0.000000,0.000000,0.000000
325,1464981690.522000,1464981691.197738,1464981696.199060,1464981696.275000
326,1464981690.522000,1464981691.162537,1464981696.174177,1464981696.254000
327,1464981690.522000,1464981691.202237,1464981696.203508,1464981696.285000
328,1464981690.523000,1464981691.198449,1464981696.221466,1464981696.294000
329,1464981690.523000,0.000000,0.000000,0.000000
330,1464981690.523000,1464981691.173099,1464981696.174473,1464981696.257000
331,1464981690.523000,1464981691.192540,1464981696.193821,1464981696.286000
332,1464981690.523000,1464981691.222916,1464981696.230371,1464981696.305000
333,1464981690.523000,1464981691.133517,1464981696.135219,1464981696.215000
334,1464981690.524000,1464981691.222204,1464981696.235493,1464981696.315000
335,1464981690.524000,1464981691.220962,1464981696.222650,1464981696.299000
336,1464981690.524000,1464981691.212533,1464981696.214515,1464981696.297000
337,1464981690.524000,1464981691.210746,1464981696.211960,1464981696.295000
338,1464981690.524000,1464981691.206478,1464981696.208250,1464981696.284000
339,1464981690.524000,1464981691.188234,1464981696.189585,1464981696.268000
340,1464981690.524000,0.000000,0.000000,0.000000
341,1464981690.525000,1464981691.149889,1464981696.151178,1464981696.226000
342,1464981690.525000,1464981691.184675,1464981696.186122,1464981696.266000
343,1464981690.525000,1464981691.217053,1464981696.234891,1464981696.326000
344,1464981690.525000,1464981691.240980,1464981696.242465,1464981696.317000
345,1464981690.525000,1464981691.182266,1464981696.188842,1464981696.268000
346,1464981690.525000,1464981691.201863,1464981696.203450,1464981696.282000
347,1464981690.526000,1464981691.163499,1464981696.165043,1464981696.248000
348,1464981690.526000,1464981691.132773,1464981696.137432,1464981696.219000
349,1464981690.526000,1464981691.172458,1464981696.173927,1464981696.253000
350,1464981690.526000,0.000000,0.000000,0.000000
351,1464981690.526000,1464981691.175965,1464981696.178944,1464981696.259000
352,1464981690.526000,1464981691.179631,1464981696.181071,1464981696.267000
353,1464981690.527000,1464981691.234669,1464981696.235946,1464981696.311000
354,1464981690.527000,1464981691.199531,1464981696.201251,1464981696.280000
355,1464981690.527000,1464981691.186927,1464981696.188086,1464981696.269000
356,1464981690.527000,1464981691.228181,1464981696.231094,1464981696.306000
357,1464981690.527000,1464981691.160689,1464981696.161996,1464981696.244000
358,1464981690.527000,1464981691.178627,1464981696.180239,1464981696.256000
359,1464981690.528000,1464981691.219276,1464981696.221026,1464981696.302000
360,1464981690.528000,1464981691.185874,1464981696.187494,1464981696.268000
361,1464981690.528000,1464981691.206393,1464981696.222128,1464981696.298000
362,1464981690.528000,0.000000,0.000000,0.000000
363,1464981690.528000,1464981691.193493,1464981696.195061,1464981696.274000
364,1464981690.528000,1464981691.169860,1464981696.171119,1464981696.250000
365,1464981690.529000,1464981691.186840,1464981696.194220,1464981696.275000
366,1464981690.529000,1464981691.235967,1464981696.250018,1464981696.328000
367,1464981690.529000,1464981691.192860,1464981696.194465,1464981696.273000
368,1464981690.529000,1464981691.177323,1464981696.194831,1464981696.280000
369,1464981690.530000,1464981691.237950,1464981696.239232,1464981696.319000
370,1464981690.530000,1464981691.156052,1464981696.157311,1464981696.236000
371,1464981690.530000,1464981691.229382,1464981696.230749,1464981696.309000
372,1464981690.530000,1464981691.151567,1464981696.152828,1464981696.227000
373,1464981690.530000,1464981691.161151,1464981696.162945,1464981696.250000
374,1464981690.530000,1464981691.208353,1464981696.209903,1464981696.287000
375,1464981690.530000,1464981691.205181,1464981696.206592,1464981696.279000
376,1464981690.530000,1464981691.191122,1464981696.198889,1464981696.279000
377,1464981690.530000,1464981691.162415,1464981696.169996,1464981696.249000
378,1464981690.531000,1464981691.195332,1464981696.197074,1464981696.287000
379,1464981690.531000,1464981691.240544,1464981696.243337,1464981696.320000
380,1464981690.531000,1464981691.172396,1464981696.174019,1464981696.255000
381,1464981690.531000,1464981691.191721,1464981696.192958,1464981696.272000
382,1464981690.531000,1464981691.195406,1464981696.196779,1464981696.271000
383,1464981690.532000,1464981691.213996,1464981696.215395,1464981696.292000
384,1464981690.532000,1464981691.200775,1464981696.202291,1464981696.281000
385,1464981690.532000,1464981691.176024,1464981696.178027,1464981696.247000
386,1464981690.532000,1464981691.211794,1464981696.213064,1464981696.289000
387,1464981690.532000,1464981691.235527,1464981696.253247,1464981696.334000
388,1464981690.532000,1464981691.146012,1464981696.147282,1464981696.224000
389,1464981690.532000,1464981691.155942,1464981696.157866,1464981696.239000
390,1464981690.533000,1464981691.173041,1464981696.174458,1464981696.243000
391,1464981690.533000,1464981691.196889,1464981696.198924,1464981696.289000
392,1464981690.533000,1464981691.185082,1464981696.194233,1464981696.274000
393,1464981690.533000,1464981691.203798,1464981696.211599,1464981696.294000
394,1464981690.534000,1464981691.205904,1464981696.214657,1464981696.295000
395,1464981690.534000,1464981691.237993,1464981696.239622,1464981696.316000
396,1464981690.534000,1464981691.207046,1464981696.208964,1464981696.290000
397,1464981690.534000,1464981691.205387,1464981696.206734,1464981696.288000
398,1464981690.534000,1464981691.227519,1464981696.228904,1464981696.305000
399,1464981690.534000,1464981691.226481,1464981696.227732,1464981696.315000
400,1464981690.534000,1464981691.239842,1464981696.241040,1464981696.315000
401,1464981690.535000,1464981691.170809,1464981696.172304,1464981696.246000
402,1464981690.535000,1464981691.207581,1464981696.209007,1464981696.287000
403,1464981690.535000,1464981691.212218,1464981696.213539,1464981696.294000
404,1464981690.536000,1464981691.209632,1464981696.210857,1464981696.287000
405,1464981690.536000,1464981691.178195,1464981696.180104,1464981696.260000
406,1464981690.536000,1464981691.190538,1464981696.192134,1464981696.282000
407,1464981690.536000,1464981691.219036,1464981696.239040,1464981696.312000
408,1464981690.536000,1464981691.168971,1464981696.170427,1464981696.260000
409,1464981690.537000,1464981691.169818,1464981696.171556,1464981696.268000
410,1464981690.537000,1464981691.219117,1464981696.239040,1464981696.311000
411,1464981690.537000,1464981691.184776,1464981696.186180,1464981696.268000
412,1464981690.537000,1464981691.177764,1464981696.179855,1464981696.266000
413,1464981690.537000,1464981691.188292,1464981696.189731,1464981696.270000
414,1464981690.537000,1464981691.206676,1464981696.208195,1464981696.513000
415,1464981690.538000,1464981691.239750,1464981696.241381,1464981696.318000
416,1464981690.538000,1464981691.225221,1464981696.226694,1464981696.308000
417,1464981690.538000,1464981691.237642,1464981696.238981,1464981696.314000
418,1464981690.538000,1464981691.216027,1464981696.217214,1464981696.292000
419,1464981690.538000,1464981691.224948,1464981696.226288,1464981696.302000
420,1464981690.538000,1464981691.212815,1464981696.214038,1464981696.302000
421,1464981690.538000,1464981691.179875,1464981696.183874,1464981696.271000
422,1464981690.538000,1464981691.211218,1464981696.212425,1464981696.287000
423,1464981690.539000,1464981691.206073,1464981696.207759,1464981696.285000
424,1464981690.540000,1464981691.208314,1464981696.219163,1464981696.306000
425,1464981690.540000,1464981691.199128,1464981696.200322,1464981696.288000
426,1464981690.540000,1464981691.200635,1464981696.201940,1464981696.279000
427,1464981690.540000,1464981691.246432,1464981696.247802,1464981696.326000
428,1464981690.540000,1464981691.233114,1464981696.234495,1464981696.324000
429,1464981690.540000,1464981691.214916,1464981696.216095,1464981696.297000
430,1464981690.540000,1464981691.205779,1464981696.217542,1464981696.295000
431,1464981690.540000,1464981691.226430,1464981696.227671,1464981696.303000
432,1464981690.540000,1464981691.218512,1464981696.220219,1464981696.288000
433,1464981690.540000,1464981691.209308,1464981696.211400,1464981696.292000
434,1464981690.541000,1464981691.161643,1464981696.162946,1464981696.239000
435,1464981690.541000,1464981691.230665,1464981696.231912,1464981696.309000
436,1464981690.541000,1464981691.189632,1464981696.190940,1464981696.271000
437,1464981690.541000,1464981691.212680,1464981696.213987,1464981696.288000
438,1464981690.541000,1464981691.189630,1464981696.191576,1464981696.284000
439,1464981690.541000,1464981691.207521,1464981696.208996,1464981696.298000
440,1464981690.542000,1464981691.187851,1464981696.189627,1464981696.277000
441,1464981690.542000,1464981691.226722,1464981696.228024,1464981696.304000
442,1464981690.542000,1464981691.186455,1464981696.199685,1464981696.271000
443,1464981690.542000,1464981691.183984,1464981696.185548,1464981696.273000
444,1464981690.542000,1464981691.203276,1464981696.204841,1464981696.281000
445,1464981690.543000,1464981691.241660,1464981696.243000,1464981696.321000
446,1464981690.543000,1464981691.244658,1464981696.245927,1464981696.328000
447,1464981690.543000,1464981691.208514,1464981696.211161,1464981696.291000
448,1464981690.543000,1464981691.192228,1464981696.193633,1464981696.273000
449,1464981690.543000,1464981691.235817,1464981696.237608,1464981696.319000
450,1464981690.543000,1464981691.204302,1464981696.205962,1464981696.282000
451,1464981690.544000,1464981691.216290,1464981696.217853,1464981696.310000
452,1464981690.544000,1464981691.205318,1464981696.207056,1464981696.290000
453,1464981690.544000,1464981691.204018,1464981696.205363,1464981696.285000
454,1464981690.544000,1464981691.216559,1464981696.222014,1464981696.298000
455,1464981690.544000,1464981691.230320,1464981696.231588,1464981696.310000
456,1464981690.544000,1464981691.218411,1464981696.219593,1464981696.296000
457,1464981690.545000,1464981691.166784,1464981696.168482,1464981696.251000
458,1464981690.545000,1464981691.191133,1464981696.202784,1464981696.295000
459,1464981690.545000,1464981691.206478,1464981696.217793,1464981696.294000
460,1464981690.545000,1464981691.249969,1464981696.251279,1464981696.336000
461,1464981690.545000,1464981691.202964,1464981696.204320,1464981696.297000
462,1464981690.546000,1464981691.208439,1464981696.209736,1464981696.293000
463,1464981690.546000,1464981691.219283,1464981696.220508,1464981696.296000
464,1464981690.546000,1464981691.167619,1464981696.169001,1464981696.254000
465,1464981690.546000,1464981691.226629,1464981696.228124,1464981696.304000
466,1464981690.546000,1464981691.198357,1464981696.200246,1464981696.281000
467,1464981690.546000,1464981691.187023,1464981696.188740,1464981696.268000
468,1464981690.546000,1464981691.227901,1464981696.229106,1464981696.308000
469,1464981690.546000,1464981691.233293,1464981696.234525,1464981696.313000
470,1464981690.546000,1464981691.239172,1464981696.240587,1464981696.316000
471,1464981690.547000,1464981691.176201,1464981696.181976,1464981696.267000
472,1464981690.547000,1464981691.202711,1464981696.205150,1464981696.281000
473,1464981690.547000,1464981691.152570,1464981696.153948,1464981696.231000
474,1464981690.547000,1464981691.208935,1464981696.210230,1464981696.289000
475,1464981690.547000,1464981691.200428,1464981696.203442,1464981696.284000
476,1464981690.548000,1464981691.243996,1464981696.245373,1464981696.314000
477,1464981690.548000,1464981691.184056,1464981696.195091,1464981696.276000
478,1464981690.548000,1464981691.230005,1464981696.231308,1464981696.324000
479,1464981690.548000,1464981691.181846,1464981696.183158,1464981696.260000
480,1464981690.548000,1464981691.256531,1464981696.257824,1464981696.336000
481,1464981690.548000,1464981691.225128,1464981696.231253,1464981696.306000
482,1464981690.548000,1464981691.270810,1464981696.272200,1464981696.340000
483,1464981690.548000,1464981691.223029,1464981696.224384,1464981696.302000
484,1464981690.548000,1464981691.242950,1464981696.244205,1464981696.327000
485,1464981690.549000,1464981691.165809,1464981696.167769,1464981696.255000
486,1464981690.549000,1464981691.264088,1464981696.265556,1464981696.342000
487,1464981690.549000,1464981691.188215,1464981696.190869,1464981696.272000
488,1464981690.549000,1464981691.209242,1464981696.211386,1464981696.294000
489,1464981690.549000,1464981691.200006,1464981696.208601,1464981696.288000
490,1464981690.549000,1464981691.344738,1464981696.346179,1464981696.425000
491,1464981690.549000,1464981691.205244,1464981696.206410,1464981696.285000
492,1464981690.549000,1464981691.342170,1464981696.343484,1464981696.422000
493,1464981690.549000,1464981691.208819,1464981696.210210,1464981696.301000
494,1464981690.550000,1464981691.375329,1464981696.380828,1464981696.459000
495,1464981690.550000,1464981691.197768,1464981696.199263,1464981696.290000
496,1464981690.550000,1464981691.219461,1464981696.220890,1464981696.299000
497,1464981690.550000,1464981691.177601,1464981696.178791,1464981696.257000
498,1464981690.550000,1464981691.184147,1464981696.185913,1464981696.277000
499,1464981690.550000,1464981691.202150,1464981696.203867,1464981696.278000
500,1464981690.550000,1464981691.243769,1464981696.245161,1464981696.321000
501,1464981690.550000,1464981691.208355,1464981696.209881,1464981696.286000
502,1464981690.550000,1464981691.307200,1464981696.308803,1464981696.399000
503,1464981690.550000,1464981691.201274,1464981696.202699,1464981696.282000
504,1464981690.550000,1464981691.334904,1464981696.336598,1464981696.416000
505,1464981690.550000,0.000000,0.000000,0.000000
506,1464981690.550000,1464981691.291417,1464981696.292848,1464981696.385000
507,1464981690.550000,1464981691.215744,1464981696.217961,1464981696.294000
508,1464981690.550000,1464981691.234963,1464981696.236646,1464981696.319000
509,1464981690.550000,1464981691.171599,1464981696.172969,1464981696.254000
510,1464981690.550000,1464981691.362006,1464981696.363768,1464981696.448000
511,1464981690.550000,1464981691.216469,1464981696.217739,1464981696.298000
512,1464981690.550000,1464981691.254115,1464981696.255379,1464981696.334000
513,1464981690.550000,1464981691.225086,1464981696.226256,1464981696.307000
514,1464981690.550000,1464981691.230804,1464981696.236736,1464981696.329000
515,1464981690.550000,1464981691.276458,1464981696.277879,1464981696.357000
516,1464981690.551000,1464981691.274884,1464981696.276162,1464981696.355000
517,1464981690.551000,1464981691.373282,1464981696.391896,1464981696.474000
518,1464981690.551000,1464981691.242789,1464981696.244193,1464981696.322000
519,1464981690.551000,1464981691.194056,1464981696.195246,1464981696.283000
520,1464981690.551000,1464981691.326267,1464981696.327571,1464981696.403000
521,1464981690.551000,1464981691.186480,1464981696.187818,1464981696.273000
522,1464981690.551000,1464981691.307673,1464981696.309699,1464981696.394000
523,1464981690.551000,1464981691.182116,1464981696.183465,1464981696.262000
524,1464981690.551000,1464981691.195702,1464981696.197131,1464981696.277000
525,1464981690.551000,1464981691.254487,1464981696.255971,1464981696.333000
526,1464981690.551000,1464981691.307776,1464981696.317251,1464981696.392000
527,1464981690.551000,1464981691.335374,1464981696.336598,1464981696.424000
528,1464981690.551000,0.000000,0.000000,0.000000
529,1464981690.551000,1464981691.289302,1464981696.290700,1464981696.372000
530,1464981690.551000,1464981691.217822,1464981696.219188,1464981696.300000
531,1464981690.551000,1464981691.244849,1464981696.246125,1464981696.325000
532,1464981690.551000,1464981691.262975,1464981696.264208,1464981696.343000
533,1464981690.551000,1464981691.314814,1464981696.316222,1464981696.408000
534,1464981690.551000,1464981691.372686,1464981696.374150,1464981696.452000
535,1464981690.551000,1464981691.313458,1464981696.314762,1464981696.393000
536,1464981690.551000,1464981691.260746,1464981696.262136,1464981696.344000
537,1464981690.551000,1464981691.249271,1464981696.251274,1464981696.326000
538,1464981690.551000,1464981691.215814,1464981696.217742,1464981696.309000
539,1464981690.551000,1464981691.367966,1464981696.369384,1464981696.445000
540,1464981690.551000,1464981691.218032,1464981696.233104,1464981696.324000
541,1464981690.551000,1464981691.231023,1464981696.232442,1464981696.320000
542,1464981690.551000,1464981691.196029,1464981696.197531,1464981696.272000
543,1464981690.551000,1464981691.202435,1464981696.204194,1464981696.279000
544,1464981690.551000,1464981691.346201,1464981696.356681,1464981696.432000
545,1464981690.551000,1464981691.337726,1464981696.339194,1464981696.414000
546,1464981690.552000,1464981691.225684,1464981696.236724,1464981696.328000
547,1464981690.552000,1464981691.334990,1464981696.336251,1464981696.412000
548,1464981690.552000,1464981691.252401,1464981696.253711,1464981696.334000
549,1464981690.552000,1464981691.223322,1464981696.232497,1464981696.307000
550,1464981690.552000,1464981691.392781,1464981696.394115,1464981696.469000
551,1464981690.552000,1464981691.248351,1464981696.249697,1464981696.326000
552,1464981690.552000,1464981691.267133,1464981696.268382,1464981696.347000
553,1464981690.552000,1464981691.237778,1464981696.239089,1464981696.325000
554,1464981690.552000,1464981691.325678,1464981696.326995,1464981696.404000
555,1464981690.552000,1464981691.338277,1464981696.339538,1464981696.418000
556,1464981690.552000,1464981691.395993,1464981696.397506,1464981696.473000
557,1464981690.552000,1464981691.231582,1464981696.232850,1464981696.315000
558,1464981690.552000,1464981691.273159,1464981696.274559,1464981696.350000
559,1464981690.552000,1464981691.278365,1464981696.279631,1464981696.362000
560,1464981690.552000,1464981691.362573,1464981696.363893,1464981696.440000
561,1464981690.552000,1464981691.274460,1464981696.275800,1464981696.360000
562,1464981690.552000,1464981691.178873,1464981696.180364,1464981696.265000
563,1464981690.552000,1464981691.374291,1464981696.375471,1464981696.451000
564,1464981690.552000,1464981691.338848,1464981696.340245,1464981696.424000
565,1464981690.552000,1464981691.315628,1464981696.316946,1464981696.396000
566,1464981690.552000,1464981691.212879,1464981696.214080,1464981696.297000
567,1464981690.552000,1464981691.332305,1464981696.333498,1464981696.408000
568,1464981690.552000,1464981691.309220,1464981696.310624,1464981696.400000
569,1464981690.552000,1464981691.240674,1464981696.242025,1464981696.323000
570,1464981690.552000,1464981691.171951,1464981696.173433,1464981696.256000
571,1464981690.552000,1464981691.333498,1464981696.334768,1464981696.417000
572,1464981690.552000,1464981691.225315,1464981696.226722,1464981696.306000
573,1464981690.552000,1464981691.367383,1464981696.369053,1464981696.444000
574,1464981690.552000,1464981691.267583,1464981696.273108,1464981696.353000
575,1464981690.552000,1464981691.202760,1464981696.203995,1464981696.284000
576,1464981690.552000,1464981691.376426,1464981696.379701,1464981696.465000
577,1464981690.553000,1464981691.224110,1464981696.230849,1464981696.305000
578,1464981690.553000,1464981691.303039,1464981696.304300,1464981696.380000
579,1464981690.553000,1464981691.358613,1464981696.359917,1464981696.439000
580,1464981690.553000,1464981691.379208,1464981696.380650,1464981696.473000
581,1464981690.553000,1464981691.301577,1464981696.303364,1464981696.393000
582,1464981690.553000,1464981691.181068,1464981696.183073,1464981696.271000
583,1464981690.553000,1464981691.303752,1464981696.305152,1464981696.384000
584,1464981690.553000,1464981691.292226,1464981696.293959,1464981696.513000
585,1464981690.553000,1464981691.337252,1464981696.338534,1464981696.417000
586,1464981690.553000,1464981691.264026,1464981696.265570,1464981696.347000
587,1464981690.553000,1464981691.214878,1464981696.216150,1464981696.298000
588,1464981690.553000,1464981691.205443,1464981696.206933,1464981696.288000
589,1464981690.553000,1464981691.201316,1464981696.222362,1464981696.305000
590,1464981690.553000,1464981691.396652,1464981696.398108,1464981696.473000
591,1464981690.553000,1464981691.335673,1464981696.337338,1464981696.427000
592,1464981690.553000,1464981691.179695,1464981696.183144,1464981696.271000
593,1464981690.553000,1464981691.365407,1464981696.366887,1464981696.447000
594,1464981690.553000,1464981691.352865,1464981696.354289,1464981696.440000
595,1464981690.553000,1464981691.214581,1464981696.215842,1464981696.294000
596,1464981690.553000,1464981691.340893,1464981696.342296,1464981696.417000
597,1464981690.553000,1464981691.228820,1464981696.236048,1464981696.327000
598,1464981690.553000,1464981691.209871,1464981696.219248,1464981696.300000
599,1464981690.553000,1464981691.244779,1464981696.246182,1464981696.326000
600,1464981690.553000,1464981691.400038,1464981696.401728,1464981696.474000
601,1464981690.553000,1464981691.316896,1464981696.318247,1464981696.394000
602,1464981690.553000,1464981691.223271,1464981696.227376,1464981696.302000
603,1464981690.553000,1464981691.232524,1464981696.233782,1464981696.321000
604,1464981690.553000,1464981691.237154,1464981696.238599,1464981696.323000
605,1464981690.553000,1464981691.198166,1464981696.199857,1464981696.279000
606,1464981690.554000,1464981691.388519,1464981696.389775,1464981696.465000
607,1464981690.554000,1464981691.215818,1464981696.217192,1464981696.298000
608,1464981690.554000,1464981691.297985,1464981696.299390,1464981696.375000
609,1464981690.554000,1464981691.240765,1464981696.242086,1464981696.334000
610,1464981690.554000,1464981691.239295,1464981696.241420,1464981696.324000
611,1464981690.554000,1464981691.366731,1464981696.368141,1464981696.453000
612,1464981690.554000,1464981691.315042,1464981696.316889,1464981696.395000
613,1464981690.554000,1464981691.221201,1464981696.222586,1464981696.299000
614,1464981690.554000,1464981691.366769,1464981696.368250,1464981696.443000
615,1464981690.554000,1464981691.360409,1464981696.361700,1464981696.451000
616,1464981690.554000,1464981691.251876,1464981696.253824,1464981696.328000
617,1464981690.554000,1464981691.179942,1464981696.181220,1464981696.263000
618,1464981690.554000,1464981691.251664,1464981696.253015,1464981696.333000
619,1464981690.554000,1464981691.232528,1464981696.237149,1464981696.328000
620,1464981690.554000,1464981691.342343,1464981696.343761,1464981696.423000
621,1464981690.554000,1464981691.250999,1464981696.252246,1464981696.339000
622,1464981690.554000,1464981691.198323,1464981696.200651,1464981696.282000
623,1464981690.554000,1464981691.368239,1464981696.378393,1464981696.457000
624,1464981690.554000,1464981691.236611,1464981696.238599,1464981696.314000
625,1464981690.554000,1464981691.218109,1464981696.219366,1464981696.312000
626,1464981690.555000,1464981691.336331,1464981696.341552,1464981696.416000
627,1464981690.555000,1464981691.364204,1464981696.365780,1464981696.434000
628,1464981690.555000,1464981691.391759,1464981696.392987,1464981696.469000
629,1464981690.555000,1464981691.244642,1464981696.245914,1464981696.321000
630,1464981690.555000,1464981691.277645,1464981696.279451,1464981696.356000
631,1464981690.555000,1464981691.303863,1464981696.306441,1464981696.383000
632,1464981690.555000,1464981691.244355,1464981696.245799,1464981696.326000
633,1464981690.555000,1464981691.280102,1464981696.282006,1464981696.369000
634,1464981690.555000,1464981691.224062,1464981696.225407,1464981696.304000
635,1464981690.555000,1464981691.266739,1464981696.268090,1464981696.345000
636,1464981690.555000,1464981691.223572,1464981696.224935,1464981696.294000
637,1464981690.555000,1464981691.369969,1464981696.371332,1464981696.451000
638,1464981690.555000,1464981691.258755,1464981696.260025,1464981696.336000
639,1464981690.555000,1464981691.344173,1464981696.345633,1464981696.438000
640,1464981690.555000,1464981691.303743,1464981696.305152,1464981696.395000
641,1464981690.555000,0.000000,0.000000,0.000000
642,1464981690.555000,1464981691.319162,1464981696.320404,1464981696.403000
643,1464981690.555000,1464981691.328462,1464981696.329807,1464981696.406000
644,1464981690.555000,1464981691.388814,1464981696.390079,1464981696.466000
645,1464981690.555000,1464981691.326116,1464981696.327536,1464981696.403000
646,1464981690.555000,1464981691.226148,1464981696.227520,1464981696.307000
647,1464981690.555000,1464981691.193527,1464981696.195422,1464981696.274000
648,1464981690.555000,1464981691.354123,1464981696.355536,1464981696.433000
649,1464981690.555000,1464981691.228272,1464981696.230017,1464981696.322000
650,1464981690.555000,1464981691.217450,1464981696.218764,1464981696.299000
651,1464981690.556000,1464981691.376014,1464981696.377377,1464981696.459000
652,1464981690.556000,1464981691.174864,1464981696.176135,1464981696.257000
653,1464981690.556000,1464981691.221780,1464981696.223109,1464981696.295000
654,1464981690.556000,1464981691.346199,1464981696.347763,1464981696.423000
655,1464981690.556000,1464981691.327503,1464981696.328887,1464981696.408000
656,1464981690.556000,1464981691.355339,1464981696.356860,1464981696.449000
657,1464981690.556000,1464981691.310439,1464981696.311863,1464981696.388000
658,1464981690.556000,1464981691.231243,1464981696.232571,1464981696.309000
659,1464981690.556000,1464981691.323094,1464981696.340603,1464981696.420000
660,1464981690.556000,1464981691.304468,1464981696.318662,1464981696.409000
661,1464981690.556000,1464981691.288714,1464981696.290108,1464981696.359000
662,1464981690.556000,1464981691.224960,1464981696.226155,1464981696.301000
663,1464981690.556000,1464981691.209576,1464981696.210813,1464981696.287000
664,1464981690.556000,1464981691.337550,1464981696.338807,1464981696.431000
665,1464981690.556000,1464981691.276532,1464981696.277878,1464981696.371000
666,1464981690.556000,1464981691.241894,1464981696.243429,1464981696.318000
667,1464981690.556000,1464981691.345396,1464981696.346736,1464981696.422000
668,1464981690.556000,1464981691.186881,1464981696.188115,1464981696.269000
669,1464981690.556000,1464981691.276247,1464981696.277606,1464981696.353000
670,1464981690.556000,1464981691.179642,1464981696.180823,1464981696.257000
671,1464981690.556000,1464981691.260648,1464981696.262115,1464981696.346000
672,1464981690.556000,1464981691.385303,1464981696.386682,1464981696.467000
673,1464981690.556000,0.000000,0.000000,0.000000
674,1464981690.556000,1464981691.227859,1464981696.229191,1464981696.310000
675,1464981690.556000,0.000000,0.000000,0.000000
676,1464981690.556000,1464981691.323175,1464981696.324857,1464981696.401000
677,1464981690.556000,1464981691.231999,1464981696.251541,1464981696.343000
678,1464981690.556000,1464981691.243066,1464981696.244241,1464981696.319000
679,1464981690.556000,1464981691.222891,1464981696.224123,1464981696.312000
680,1464981690.557000,1464981691.302126,1464981696.303672,1464981696.394000
681,1464981690.557000,1464981691.222789,1464981696.224027,1464981696.306000
682,1464981690.557000,1464981691.263248,1464981696.264604,1464981696.345000
683,1464981690.557000,1464981691.287322,1464981696.288757,1464981696.357000
684,1464981690.557000,1464981691.215125,1464981696.218256,1464981696.293000
685,1464981690.557000,1464981691.320988,1464981696.329547,1464981696.407000
686,1464981690.557000,1464981691.331208,1464981696.332442,1464981696.425000
687,1464981690.557000,1464981691.362812,1464981696.364345,1464981696.440000
688,1464981690.557000,1464981691.318990,1464981696.320370,1464981696.413000
689,1464981690.557000,1464981691.286236,1464981696.287727,1464981696.364000
690,1464981690.557000,1464981691.374136,1464981696.375449,1464981696.450000
691,1464981690.557000,1464981691.241867,1464981696.243435,1464981696.324000
692,1464981690.557000,1464981691.235416,1464981696.236996,1464981696.326000
693,1464981690.557000,1464981691.345689,1464981696.347241,1464981696.429000
694,1464981690.557000,1464981691.270961,1464981696.272272,1464981696.353000
695,1464981690.557000,1464981691.393438,1464981696.394845,1464981696.468000
696,1464981690.557000,1464981691.288146,1464981696.289372,1464981696.369000
697,1464981690.557000,1464981691.222862,1464981696.224242,1464981696.316000
698,1464981690.557000,1464981691.172741,1464981696.174045,1464981696.262000
699,1464981690.557000,1464981691.323962,1464981696.325411,1464981696.406000
700,1464981690.557000,1464981691.247572,1464981696.249176,1464981696.324000
701,1464981690.557000,1464981691.247882,1464981696.249133,1464981696.331000
702,1464981690.557000,1464981691.223350,1464981696.225843,1464981696.302000
703,1464981690.557000,1464981691.189133,1464981696.190319,1464981696.267000
704,1464981690.557000,1464981691.215837,1464981696.234694,1464981696.311000
705,1464981690.557000,1464981691.309406,1464981696.310618,1464981696.395000
706,1464981690.557000,1464981691.249214,1464981696.250720,1464981696.331000
707,1464981690.557000,1464981691.221415,1464981696.222799,1464981696.305000
708,1464981690.558000,1464981691.222425,1464981696.223722,1464981696.313000
709,1464981690.558000,1464981691.239768,1464981696.251702,1464981696.327000
710,1464981690.558000,1464981691.314600,1464981696.316366,1464981696.392000
711,1464981690.558000,1464981691.353702,1464981696.355110,1464981696.428000
712,1464981690.558000,1464981691.212240,1464981696.214319,1464981696.296000
713,1464981690.558000,1464981691.209300,1464981696.210718,1464981696.291000
714,1464981690.558000,1464981691.278299,1464981696.279911,1464981696.357000
715,1464981690.558000,1464981691.210985,1464981696.212368,1464981696.305000
716,1464981690.558000,0.000000,0.000000,0.000000
717,1464981690.558000,1464981691.249270,1464981696.250545,1464981696.330000
718,1464981690.558000,1464981691.253811,1464981696.255370,1464981696.341000
719,1464981690.558000,1464981691.290952,1464981696.292237,1464981696.374000
720,1464981690.558000,1464981691.205300,1464981696.221621,1464981696.306000
721,1464981690.558000,1464981691.263139,1464981696.264849,1464981696.352000
722,1464981690.558000,1464981691.237045,1464981696.238394,1464981696.318000
723,1464981690.558000,1464981691.280819,1464981696.282150,1464981696.370000
724,1464981690.558000,1464981691.324013,1464981696.325576,1464981696.404000
725,1464981690.558000,1464981691.378139,1464981696.395887,1464981696.482000
726,1464981690.558000,1464981691.294157,1464981696.295465,1464981696.372000
727,1464981690.558000,1464981691.387885,1464981696.389159,1464981696.471000
728,1464981690.558000,1464981691.251273,1464981696.269765,1464981696.345000
729,1464981690.558000,1464981691.365198,1464981696.382179,1464981696.467000
730,1464981690.558000,1464981691.234446,1464981696.251415,1464981696.342000
731,1464981690.558000,1464981691.360628,1464981696.381721,1464981696.466000
732,1464981690.558000,1464981691.334594,1464981696.336390,1464981696.414000
733,1464981690.558000,1464981691.237733,1464981696.238991,1464981696.319000
734,1464981690.558000,1464981691.307201,1464981696.321601,1464981696.405000
735,1464981690.558000,1464981691.358514,1464981696.363073,1464981696.456000
736,1464981690.558000,1464981691.329593,1464981696.331579,1464981696.412000
737,1464981690.559000,1464981691.291031,1464981696.292575,1464981696.383000
738,1464981690.559000,1464981691.330930,1464981696.332229,1464981696.407000
739,1464981690.559000,1464981691.353851,1464981696.362389,1464981696.446000
740,1464981690.559000,1464981691.292594,1464981696.294042,1464981696.373000
741,1464981690.559000,1464981691.390390,1464981696.391617,1464981696.474000
742,1464981690.559000,1464981691.221940,1464981696.229814,1464981696.305000
743,1464981690.559000,1464981691.330570,1464981696.331871,1464981696.408000
744,1464981690.559000,1464981691.326487,1464981696.328189,1464981696.418000
745,1464981690.559000,0.000000,0.000000,0.000000
746,1464981690.559000,1464981691.279040,1464981696.280752,1464981696.368000
747,1464981690.559000,1464981691.363522,1464981696.364888,1464981696.442000
748,1464981690.559000,1464981691.372760,1464981696.374332,1464981696.450000
749,1464981690.559000,1464981691.356276,1464981696.357675,1464981696.434000
750,1464981690.559000,1464981691.253109,1464981696.254761,1464981696.330000
751,1464981690.559000,1464981691.216485,1464981696.217697,1464981696.297000
752,1464981690.559000,0.000000,0.000000,0.000000
753,1464981690.559000,1464981691.212820,1464981696.214098,1464981696.293000
754,1464981690.559000,1464981691.243470,1464981696.246099,1464981696.322000
755,1464981690.559000,1464981691.329706,1464981696.331575,1464981696.412000
756,1464981690.559000,1464981691.284924,1464981696.286455,1464981696.362000
757,1464981690.559000,1464981691.234320,1464981696.237536,1464981696.319000
758,1464981690.559000,1464981691.224898,1464981696.233721,1464981696.324000
759,1464981690.560000,1464981691.347641,1464981696.349061,1464981696.429000
760,1464981690.563000,1464981691.242309,1464981696.243576,1464981696.320000
761,1464981690.567000,1464981691.244728,1464981696.246546,1464981696.323000
762,1464981690.569000,1464981691.377009,1464981696.378442,1464981696.455000
763,1464981690.577000,1464981691.277912,1464981696.279960,1464981696.368000
764,1464981690.598000,0.000000,0.000000,0.000000
765,1464981690.610000,1464981691.374509,1464981696.394799,1464981696.481000
766,1464981690.613000,1464981691.293534,1464981696.295017,1464981696.375000
767,1464981690.613000,1464981691.375398,1464981696.376872,1464981696.451000
768,1464981690.613000,1464981691.318282,1464981696.320525,1464981696.396000
769,1464981690.613000,1464981691.399636,1464981696.401721,1464981696.478000
770,1464981690.613000,0.000000,0.000000,0.000000
771,1464981690.613000,1464981691.275060,1464981696.278758,1464981696.368000
772,1464981690.614000,1464981691.275168,1464981696.276538,1464981696.358000
773,1464981690.614000,1464981691.272626,1464981696.273853,1464981696.361000
774,1464981690.614000,1464981691.387477,1464981696.388940,1464981696.464000
775,1464981690.614000,1464981691.360707,1464981696.362455,1464981696.455000
776,1464981690.614000,1464981691.345579,1464981696.346975,1464981696.426000
777,1464981690.614000,1464981691.254909,1464981696.256259,1464981696.332000
778,1464981690.614000,1464981691.352758,1464981696.354079,1464981696.430000
779,1464981690.614000,1464981691.291005,1464981696.292307,1464981696.371000
780,1464981690.614000,1464981691.331308,1464981696.332884,1464981696.413000
781,1464981690.614000,1464981691.282448,1464981696.283868,1464981696.375000
782,1464981690.614000,1464981691.316607,1464981696.317957,1464981696.398000
783,1464981690.614000,1464981691.284112,1464981696.285373,1464981696.361000
784,1464981690.614000,1464981691.364549,1464981696.378991,1464981696.460000
785,1464981690.614000,1464981691.331536,1464981696.332938,1464981696.408000
786,1464981690.615000,1464981691.255580,1464981696.256965,1464981696.325000
787,1464981690.615000,1464981691.268455,1464981696.269731,1464981696.351000
788,1464981690.615000,0.000000,0.000000,0.000000
789,1464981690.615000,1464981691.318919,1464981696.320152,1464981696.410000
790,1464981690.615000,1464981691.289981,1464981696.291489,1464981696.373000
791,1464981690.615000,1464981691.339573,1464981696.340968,1464981696.430000
792,1464981690.615000,1464981691.242168,1464981696.243384,1464981696.332000
793,1464981690.615000,1464981691.309248,1464981696.310620,1464981696.387000
794,1464981690.615000,1464981691.256156,1464981696.257812,1464981696.333000
795,1464981690.615000,1464981691.269615,1464981696.280597,1464981696.368000
796,1464981690.616000,1464981691.317028,1464981696.318284,1464981696.395000
797,1464981690.616000,1464981691.238973,1464981696.254697,1464981696.331000
798,1464981690.616000,1464981691.367048,1464981696.368422,1464981696.447000
799,1464981690.616000,1464981691.265350,1464981696.266691,1464981696.350000
800,1464981690.616000,1464981691.329742,1464981696.331063,1464981696.408000
801,1464981690.616000,1464981691.361377,1464981696.378393,1464981696.457000
802,1464981690.616000,1464981691.266896,1464981696.268300,1464981696.337000
803,1464981690.616000,1464981691.260445,1464981696.278758,1464981696.368000
804,1464981690.616000,1464981691.334070,1464981696.335576,1464981696.422000
805,1464981690.616000,1464981691.382431,1464981696.383908,1464981696.464000
806,1464981690.617000,1464981691.272876,1464981696.274244,1464981696.365000
807,1464981690.617000,1464981691.247908,1464981696.249296,1464981696.338000
808,1464981690.617000,1464981691.289796,1464981696.291231,1464981696.378000
809,1464981690.617000,1464981691.364628,1464981696.365988,1464981696.451000
810,1464981690.617000,1464981691.364680,1464981696.368886,1464981696.448000
811,1464981690.617000,1464981691.329246,1464981696.330820,1464981696.405000
812,1464981690.617000,0.000000,0.000000,0.000000
813,1464981690.618000,1464981691.351449,1464981696.361860,1464981696.446000
814,1464981690.619000,1464981691.388010,1464981696.394444,1464981696.470000
815,1464981690.619000,1464981691.305517,1464981696.306882,1464981696.382000
816,1464981690.619000,1464981691.280647,1464981696.282115,1464981696.361000
817,1464981690.620000,1464981691.282807,1464981696.284131,1464981696.363000
818,1464981690.620000,1464981691.326670,1464981696.328177,1464981696.414000
819,1464981690.620000,1464981691.316056,1464981696.317236,1464981696.399000
820,1464981690.620000,1464981691.269126,1464981696.270501,1464981696.363000
821,1464981690.620000,1464981691.278275,1464981696.279536,1464981696.358000
822,1464981690.620000,1464981691.321375,1464981696.322964,1464981696.414000
823,1464981690.620000,0.000000,0.000000,0.000000
824,1464981690.621000,1464981691.278064,1464981696.294420,1464981696.371000
825,1464981690.621000,0.000000,0.000000,0.000000
826,1464981690.621000,1464981691.301670,1464981696.315177,1464981696.397000
827,1464981690.622000,1464981691.330899,1464981696.332173,1464981696.414000
828,1464981690.622000,1464981691.325941,1464981696.338570,1464981696.429000
829,1464981690.622000,0.000000,0.000000,0.000000
830,1464981690.622000,1464981691.353048,1464981696.354349,1464981696.430000
831,1464981690.622000,1464981691.351144,1464981696.352523,1464981696.429000
832,1464981690.622000,1464981691.281594,1464981696.282845,1464981696.367000
833,1464981690.623000,1464981691.360654,1464981696.362584,1464981696.456000
834,1464981690.623000,1464981691.376246,1464981696.378023,1464981696.459000
835,1464981690.623000,1464981691.367526,1464981696.368866,1464981696.446000
836,1464981690.624000,1464981691.321999,1464981696.323282,1464981696.410000
837,1464981690.624000,1464981691.361176,1464981696.362568,1464981696.448000
838,1464981690.624000,0.000000,0.000000,0.000000
839,1464981690.625000,1464981691.314202,1464981696.315620,1464981696.396000
840,1464981690.625000,1464981691.335685,1464981696.342937,1464981696.435000
841,1464981690.625000,1464981691.313071,1464981696.314430,1464981696.391000
842,1464981690.625000,1464981691.375275,1464981696.379747,1464981696.466000
843,1464981690.625000,0.000000,0.000000,0.000000
844,1464981690.625000,1464981691.356261,1464981696.357654,1464981696.434000
845,1464981690.625000,0.000000,0.000000,0.000000
846,1464981690.625000,1464981691.313281,1464981696.314642,1464981696.402000
847,1464981690.625000,1464981691.329627,1464981696.330988,1464981696.416000
848,1464981690.625000,0.000000,0.000000,0.000000
849,1464981690.625000,1464981691.265916,1464981696.267173,1464981696.348000
850,1464981690.626000,1464981691.379474,1464981696.380905,1464981696.462000
851,1464981690.626000,1464981691.343096,1464981696.358648,1464981696.448000
852,1464981690.627000,1464981691.338579,1464981696.339823,1464981696.422000
853,1464981690.627000,1464981691.304333,1464981696.305688,1464981696.386000
854,1464981690.627000,1464981691.295272,1464981696.296616,1464981696.377000
855,1464981690.627000,1464981691.352513,1464981696.353887,1464981696.434000
856,1464981690.628000,0.000000,0.000000,0.000000
857,1464981690.628000,1464981691.331743,1464981696.333014,1464981696.414000
858,1464981690.628000,1464981691.349453,1464981696.354741,1464981696.438000
859,1464981690.628000,1464981691.369365,1464981696.370642,1464981696.450000
860,1464981690.629000,1464981691.390906,1464981696.392303,1464981696.477000
861,1464981690.629000,1464981691.359616,1464981696.361091,1464981696.438000
862,1464981690.629000,1464981691.367608,1464981696.369012,1464981696.438000
863,1464981690.629000,1464981691.352411,1464981696.362556,1464981696.447000
864,1464981690.629000,0.000000,0.000000,0.000000
865,1464981690.630000,1464981691.279141,1464981696.280559,1464981696.364000
866,1464981690.630000,1464981691.306545,1464981696.308123,1464981696.385000
867,1464981690.630000,1464981691.260853,1464981696.262114,1464981696.337000
868,1464981690.630000,1464981691.357293,1464981696.358654,1464981696.440000
869,1464981690.630000,1464981691.387470,1464981696.389260,1464981696.465000
870,1464981690.630000,1464981691.340059,1464981696.341270,1464981696.417000
871,1464981690.631000,1464981691.382326,1464981696.383621,1464981696.462000
872,1464981690.631000,1464981691.269178,1464981696.270409,1464981696.358000
873,1464981690.631000,1464981691.318818,1464981696.320392,1464981696.397000
874,1464981690.631000,0.000000,0.000000,0.000000
875,1464981690.631000,1464981691.349243,1464981696.353527,1464981696.434000
876,1464981690.631000,1464981691.292407,1464981696.294601,1464981696.387000
877,1464981690.631000,1464981691.255526,1464981696.257793,1464981696.333000
878,1464981690.632000,1464981691.313123,1464981696.314699,1464981696.394000
879,1464981690.632000,1464981691.327171,1464981696.328425,1464981696.408000
880,1464981690.632000,1464981691.361250,1464981696.362658,1464981696.442000
881,1464981690.632000,1464981691.360547,1464981696.362415,1464981696.444000
882,1464981690.632000,1464981691.358171,1464981696.359446,1464981696.439000
883,1464981690.633000,1464981691.267898,1464981696.269225,1464981696.361000
884,1464981690.633000,1464981691.362188,1464981696.363456,1464981696.438000
885,1464981690.633000,1464981691.396497,1464981696.398681,1464981696.473000
886,1464981690.633000,1464981691.392576,1464981696.394012,1464981696.476000
887,1464981690.633000,1464981691.360308,1464981696.362609,1464981696.445000
888,1464981690.633000,1464981691.318888,1464981696.320301,1464981696.399000
889,1464981690.634000,1464981691.289923,1464981696.291432,1464981696.371000
890,1464981690.634000,1464981691.368984,1464981696.370653,1464981696.456000
891,1464981690.634000,1464981691.377835,1464981696.379122,1464981696.454000
892,1464981690.634000,1464981691.390061,1464981696.391739,1464981696.469000
893,1464981690.634000,1464981691.371258,1464981696.372467,1464981696.451000
894,1464981690.634000,1464981691.308220,1464981696.316639,1464981696.392000
895,1464981690.634000,1464981691.387322,1464981696.388617,1464981696.464000
896,1464981690.634000,1464981691.280400,1464981696.281771,1464981696.358000
897,1464981690.634000,0.000000,0.000000,0.000000
898,1464981690.635000,1464981691.355735,1464981696.357022,1464981696.436000
899,1464981690.635000,1464981691.304580,1464981696.306134,1464981696.397000
900,1464981690.635000,1464981691.318358,1464981696.319612,1464981696.394000
901,1464981690.635000,1464981691.383125,1464981696.384437,1464981696.457000
902,1464981690.635000,1464981691.381286,1464981696.396520,1464981696.488000
903,1464981690.635000,1464981691.294726,1464981696.295942,1464981696.384000
904,1464981690.635000,1464981691.396555,1464981696.397815,1464981696.473000
905,1464981690.636000,1464981691.366474,1464981696.367711,1464981696.443000
906,1464981690.636000,1464981691.387159,1464981696.388937,1464981696.464000
907,1464981690.636000,1464981691.384491,1464981696.386476,1464981696.462000
908,1464981690.636000,1464981691.376022,1464981696.377314,1464981696.450000
909,1464981690.636000,1464981691.265125,1464981696.266578,1464981696.357000
910,1464981690.637000,0.000000,0.000000,0.000000
911,1464981690.637000,1464981691.390989,1464981696.392713,1464981696.468000
912,1464981690.637000,1464981691.391391,1464981696.392884,1464981696.478000
913,1464981690.637000,1464981691.302741,1464981696.304012,1464981696.385000
914,1464981690.637000,1464981691.379589,1464981696.380944,1464981696.467000
915,1464981690.637000,1464981691.288946,1464981696.290292,1464981696.367000
916,1464981690.637000,1464981691.285958,1464981696.287358,1464981696.370000
917,1464981690.638000,1464981691.376163,1464981696.377423,1464981696.456000
918,1464981690.638000,1464981691.371738,1464981696.373073,1464981696.465000
919,1464981690.639000,1464981691.396780,1464981696.397959,1464981696.474000
920,1464981690.639000,1464981691.386399,1464981696.396152,1464981696.482000
921,1464981690.639000,0.000000,0.000000,0.000000
922,1464981690.639000,1464981691.374619,1464981696.377807,1464981696.463000
923,1464981690.641000,1464981691.386468,1464981696.388735,1464981696.474000
924,1464981690.641000,1464981691.340479,1464981696.341706,1464981696.426000
925,1464981690.642000,1464981691.322653,1464981696.323968,1464981696.400000
926,1464981690.642000,1464981691.345371,1464981696.346798,1464981696.424000
927,1464981690.642000,1464981691.289989,1464981696.291656,1464981696.384000
928,1464981690.642000,1464981691.395016,1464981696.396254,1464981696.475000
929,1464981690.643000,1464981691.375152,1464981696.376457,1464981696.466000
930,1464981690.643000,0.000000,0.000000,0.000000
931,1464981690.643000,1464981691.310300,1464981696.311886,1464981696.405000
932,1464981690.643000,1464981691.333765,1464981696.335172,1464981696.419000
933,1464981690.644000,1464981691.358952,1464981696.360377,1464981696.438000
934,1464981690.644000,0.000000,0.000000,0.000000
935,1464981690.644000,1464981691.333712,1464981696.335013,1464981696.415000
936,1464981690.644000,0.000000,0.000000,0.000000
937,1464981690.644000,1464981691.391814,1464981696.395014,1464981696.470000
938,1464981690.644000,1464981691.400143,1464981696.405033,1464981696.481000
939,1464981690.645000,1464981691.307352,1464981696.308675,1464981696.400000
940,1464981690.646000,1464981691.387918,1464981696.389254,1464981696.462000
941,1464981690.646000,1464981691.342718,1464981696.344135,1464981696.417000
942,1464981690.646000,1464981691.365494,1464981696.366680,1464981696.451000
943,1464981690.646000,1464981691.392370,1464981696.393602,1464981696.469000
944,1464981690.646000,1464981691.363203,1464981696.364680,1464981696.450000
945,1464981690.647000,1464981691.289237,1464981696.290544,1464981696.372000
946,1464981690.648000,1464981691.396606,1464981696.398162,1464981696.473000
947,1464981690.648000,1464981691.372158,1464981696.373456,1464981696.459000
948,1464981690.648000,0.000000,0.000000,0.000000
949,1464981690.648000,1464981691.353679,1464981696.361761,1464981696.446000
950,1464981690.648000,1464981691.311149,1464981696.312644,1464981696.405000
951,1464981690.649000,0.000000,0.000000,0.000000
952,1464981690.649000,1464981691.304083,1464981696.305810,1464981696.382000
953,1464981690.650000,1464981691.394249,1464981696.414810,1464981696.501000
954,1464981690.650000,0.000000,0.000000,0.000000
955,1464981690.650000,1464981691.388732,1464981696.391458,1464981696.477000
956,1464981690.651000,1464981691.360939,1464981696.362325,1464981696.437000
957,1464981690.651000,0.000000,0.000000,0.000000
958,1464981690.651000,1464981691.351431,1464981696.352750,1464981696.433000
959,1464981690.651000,1464981691.377268,1464981696.378995,1464981696.460000
960,1464981690.652000,1464981691.348230,1464981696.349578,1464981696.431000
961,1464981690.652000,1464981691.388140,1464981696.389485,1464981696.467000
962,1464981690.652000,1464981691.307117,1464981696.308509,1464981696.389000
963,1464981690.652000,1464981691.385359,1464981696.386795,1464981696.462000
964,1464981690.652000,1464981691.335936,1464981696.337294,1464981696.413000
965,1464981690.653000,1464981691.296952,1464981696.298457,1464981696.379000
966,1464981690.653000,1464981691.377267,1464981696.381768,1464981696.456000
967,1464981690.653000,1464981691.328354,1464981696.329561,1464981696.417000
968,1464981690.654000,0.000000,0.000000,0.000000
969,1464981690.654000,1464981691.328719,1464981696.330030,1464981696.422000
970,1464981690.654000,1464981691.393310,1464981696.394748,1464981696.477000
971,1464981690.654000,1464981691.301691,1464981696.303028,1464981696.377000
972,1464981690.654000,1464981691.388585,1464981696.389817,1464981696.469000
973,1464981690.654000,1464981691.291047,1464981696.292224,1464981696.371000
974,1464981690.655000,0.000000,0.000000,0.000000
975,1464981690.655000,1464981691.364293,1464981696.365667,1464981696.443000
976,1464981690.655000,0.000000,0.000000,0.000000
977,1464981690.655000,1464981691.400843,1464981696.402452,1464981696.475000
978,1464981690.656000,1464981691.376848,1464981696.378117,1464981696.453000
979,1464981690.656000,1464981691.386257,1464981696.387496,1464981696.469000
980,1464981690.656000,1464981691.365426,1464981696.366667,1464981696.445000
981,1464981690.656000,1464981691.384755,1464981696.386295,1464981696.461000
982,1464981690.657000,1464981691.388995,1464981696.390415,1464981696.472000
983,1464981690.657000,1464981691.362708,1464981696.363884,1464981696.445000
984,1464981690.657000,1464981691.366379,1464981696.367750,1464981696.460000
985,1464981690.657000,1464981691.388675,1464981696.390679,1464981696.477000
986,1464981690.657000,1464981691.371374,1464981696.372601,1464981696.451000
987,1464981690.658000,1464981691.389896,1464981696.397538,1464981696.510000
988,1464981690.658000,1464981691.370275,1464981696.371571,1464981696.446000
989,1464981690.659000,1464981691.342069,1464981696.343432,1464981696.419000
990,1464981690.659000,1464981691.383781,1464981696.386396,1464981696.461000
991,1464981690.659000,0.000000,0.000000,0.000000
992,1464981690.659000,1464981691.350336,1464981696.363053,1464981696.447000
993,1464981690.660000,1464981691.345611,1464981696.358648,1464981696.440000
994,1464981690.660000,1464981691.372889,1464981696.375012,1464981696.457000
995,1464981690.660000,1464981691.384752,1464981696.386448,1464981696.472000
996,1464981690.660000,1464981691.378107,1464981696.379329,1464981696.461000
997,1464981690.660000,1464981691.400658,1464981696.401832,1464981696.477000
998,1464981690.660000,1464981691.327627,1464981696.328855,1464981696.411000
999,1464981690.660000,1464981691.375459,1464981696.377199,1464981696.456000
