0,1465867379.589000,1465867388.808483,1465867393.817714,1465867393.900000
1,1465867379.589000,1465867390.928299,1465867395.942927,1465867396.031000
2,1465867379.589000,1465867387.404978,1465867392.422665,1465867392.509000
3,1465867379.589000,1465867387.591577,1465867392.613023,1465867392.688000
4,1465867379.589000,1465867387.722181,1465867392.738998,1465867392.823000
5,1465867379.589000,1465867387.376449,1465867392.384791,1465867392.473000
6,1465867379.589000,1465867390.983281,1465867395.986352,1465867396.067000
7,1465867379.589000,1465867388.028242,1465867393.029640,1465867393.109000
8,1465867379.589000,1465867387.589555,1465867392.605506,1465867392.683000
9,1465867379.589000,1465867388.605489,1465867393.608942,1465867393.692000
10,1465867379.589000,1465867390.819034,1465867395.834048,1465867395.914000
11,1465867379.589000,1465867387.916097,1465867392.919809,1465867393.003000
12,1465867379.589000,1465867390.818946,1465867395.837761,1465867395.927000
13,1465867379.589000,1465867390.977873,1465867395.989156,1465867396.065000
14,1465867379.589000,1465867387.378344,1465867392.386037,1465867392.474000
15,1465867379.589000,1465867390.921623,1465867395.922874,1465867396.011000
16,1465867379.589000,1465867390.850812,1465867395.865246,1465867395.949000
17,1465867379.589000,1465867391.107646,1465867396.126519,1465867396.207000
18,1465867379.589000,1465867390.770164,1465867395.784842,1465867395.880000
19,1465867379.590000,1465867388.000562,1465867393.015871,1465867393.112000
20,1465867379.590000,1465867390.841990,1465867395.853944,1465867395.934000
21,1465867379.590000,1465867390.763347,1465867395.780733,1465867395.872000
22,1465867379.590000,1465867388.166659,1465867393.168566,1465867393.234000
23,1465867379.590000,1465867388.059718,1465867393.067837,1465867393.147000
24,1465867379.590000,1465867386.607479,1465867391.625608,1465867391.710000
25,1465867379.590000,1465867389.070652,1465867394.072476,1465867394.145000
26,1465867379.590000,1465867390.783781,1465867395.798653,1465867395.885000
27,1465867379.590000,1465867390.838515,1465867395.845212,1465867395.929000
28,1465867379.590000,1465867387.858630,1465867392.861081,1465867392.944000
29,1465867379.590000,1465867387.398008,1465867392.403559,1465867392.490000
30,1465867379.590000,1465867388.160776,1465867393.165410,1465867393.231000
31,1465867379.590000,1465867387.899188,1465867392.907383,1465867392.999000
32,1465867379.590000,1465867388.061321,1465867393.072325,1465867393.152000
33,1465867379.591000,1465867387.913746,1465867392.917512,1465867393.001000
34,1465867379.591000,1465867387.941473,1465867392.946018,1465867393.024000
35,1465867379.591000,1465867389.052407,1465867394.073538,1465867394.145000
36,1465867379.591000,1465867386.805873,1465867391.825662,1465867391.910000
37,1465867379.592000,1465867387.800329,1465867392.809916,1465867392.895000
38,1465867379.592000,1465867387.405842,1465867392.423359,1465867392.511000
39,1465867379.592000,1465867390.805067,1465867395.819735,1465867395.901000
40,1465867379.592000,1465867387.990390,1465867393.007303,1465867393.087000
41,1465867379.593000,1465867390.816939,1465867395.835611,1465867395.922000
42,1465867379.593000,1465867390.770172,1465867395.784139,1465867395.862000
43,1465867379.593000,1465867387.778057,1465867392.779781,1465867392.863000
44,1465867379.593000,1465867387.853850,1465867392.861365,1465867392.953000
45,1465867379.593000,1465867387.421368,1465867392.425603,1465867392.503000
46,1465867379.593000,1465867387.400665,1465867392.404258,1465867392.493000
47,1465867379.594000,1465867390.900375,1465867395.903033,1465867395.990000
48,1465867379.595000,1465867387.828518,1465867392.847400,1465867392.933000
49,1465867379.595000,1465867386.999299,1465867392.015663,1465867392.096000
50,1465867379.595000,1465867387.566118,1465867392.569801,1465867392.645000
51,1465867379.595000,1465867388.578866,1465867393.588405,1465867393.672000
52,1465867379.595000,1465867387.903953,1465867392.911495,1465867392.997000
53,1465867379.595000,1465867387.887176,1465867392.904862,1465867392.997000
54,1465867379.595000,1465867387.849973,1465867392.861697,1465867392.945000
55,1465867379.595000,1465867387.130247,1465867392.131622,1465867392.209000
56,1465867379.595000,1465867387.904142,1465867392.905706,1465867392.997000
57,1465867379.596000,1465867387.991990,1465867393.011783,1465867393.113000
58,1465867379.596000,1465867390.972246,1465867395.989816,1465867396.065000
59,1465867379.596000,1465867391.055066,1465867396.066609,1465867396.147000
60,1465867379.596000,1465867388.165262,1465867393.167958,1465867393.233000
61,1465867379.596000,1465867388.041753,1465867393.064813,1465867393.144000
62,1465867379.596000,1465867388.594573,1465867393.607821,1465867393.691000
63,1465867379.598000,1465867388.596227,1465867393.608797,1465867393.692000
64,1465867379.599000,1465867387.375764,1465867392.387027,1465867392.475000
65,1465867379.601000,1465867388.034553,1465867393.061264,1465867393.140000
66,1465867379.603000,1465867388.035974,1465867393.053158,1465867393.132000
67,1465867379.603000,1465867389.158429,1465867394.167139,1465867394.250000
68,1465867379.603000,1465867386.806953,1465867391.814127,1465867391.894000
69,1465867379.603000,1465867387.613466,1465867392.614692,1465867392.690000
70,1465867379.603000,1465867388.057001,1465867393.068522,1465867393.159000
71,1465867379.603000,1465867387.404439,1465867392.406156,1465867392.483000
72,1465867379.603000,1465867387.832387,1465867392.847337,1465867392.933000
73,1465867379.603000,1465867386.613453,1465867391.626986,1465867391.712000
74,1465867379.603000,1465867387.981161,1465867392.986677,1465867393.072000
75,1465867379.603000,1465867388.696329,1465867393.700198,1465867393.781000
76,1465867379.603000,1465867388.704466,1465867393.706302,1465867393.786000
77,1465867379.603000,1465867387.924275,1465867392.932074,1465867393.016000
78,1465867379.603000,1465867388.063047,1465867393.071900,1465867393.151000
79,1465867379.604000,1465867387.794832,1465867392.796484,1465867392.881000
80,1465867379.604000,1465867387.481851,1465867392.496202,1465867392.581000
81,1465867379.604000,1465867388.090956,1465867393.101301,1465867393.190000
82,1465867379.604000,1465867388.050261,1465867393.066117,1465867393.158000
83,1465867379.604000,1465867387.899530,1465867392.906303,1465867392.992000
84,1465867379.604000,1465867387.127165,1465867392.137310,1465867392.214000
85,1465867379.604000,1465867388.056246,1465867393.066237,1465867393.158000
86,1465867379.604000,1465867387.629080,1465867392.647657,1465867392.743000
87,1465867379.604000,1465867388.023806,1465867393.031146,1465867393.111000
88,1465867379.604000,1465867387.960208,1465867392.964358,1465867393.058000
89,1465867379.604000,1465867387.965380,1465867392.982449,1465867393.076000
90,1465867379.604000,1465867388.205213,1465867393.211672,1465867393.306000
91,1465867379.604000,1465867387.770218,1465867392.786623,1465867392.872000
92,1465867379.604000,1465867388.806987,1465867393.817295,1465867393.900000
93,1465867379.604000,1465867386.274085,1465867391.276920,1465867391.376000
94,1465867379.604000,1465867387.811315,1465867392.825846,1465867392.911000
95,1465867379.605000,1465867387.765325,1465867392.781889,1465867392.878000
96,1465867379.605000,1465867387.991066,1465867393.004850,1465867393.098000
97,1465867379.605000,1465867387.940684,1465867392.944917,1465867393.023000
98,1465867379.605000,1465867387.787977,1465867392.825965,1465867392.912000
99,1465867379.605000,1465867387.989255,1465867392.990858,1465867393.070000
100,1465867379.605000,1465867387.579928,1465867392.588712,1465867392.683000
101,1465867379.605000,1465867388.211863,1465867393.219176,1465867393.314000
102,1465867379.605000,1465867387.925982,1465867392.941192,1465867393.035000
103,1465867379.605000,1465867388.186967,1465867393.206838,1465867393.285000
104,1465867379.605000,1465867387.742357,1465867392.754573,1465867392.850000
105,1465867379.606000,1465867387.891733,1465867392.906924,1465867393.007000
106,1465867379.608000,1465867387.802219,1465867392.821203,1465867392.908000
107,1465867379.610000,1465867387.817908,1465867392.828114,1465867392.914000
108,1465867379.612000,1465867388.062031,1465867393.071135,1465867393.150000
109,1465867379.616000,1465867388.039723,1465867393.067309,1465867393.146000
110,1465867379.616000,1465867387.732899,1465867392.734865,1465867392.830000
111,1465867379.616000,1465867387.709006,1465867392.727346,1465867392.822000
112,1465867379.616000,1465867387.987004,1465867393.005961,1465867393.091000
113,1465867379.616000,1465867388.036772,1465867393.038218,1465867393.112000
114,1465867379.616000,1465867388.058221,1465867393.073219,1465867393.152000
115,1465867379.616000,1465867387.908030,1465867392.924850,1465867393.010000
116,1465867379.617000,1465867388.126943,1465867393.139206,1465867393.234000
117,1465867379.617000,1465867387.867888,1465867392.878939,1465867392.962000
118,1465867379.617000,1465867387.980829,1465867392.987741,1465867393.066000
119,1465867379.617000,1465867387.817320,1465867392.819359,1465867392.905000
120,1465867379.618000,1465867387.996718,1465867392.998328,1465867393.099000
121,1465867379.618000,1465867387.635743,1465867392.649661,1465867392.744000
122,1465867379.618000,1465867387.898851,1465867392.914234,1465867392.994000
123,1465867379.618000,1465867387.992663,1465867393.010315,1465867393.111000
124,1465867379.618000,1465867387.792647,1465867392.807241,1465867392.893000
125,1465867379.618000,1465867388.204390,1465867393.210935,1465867393.305000
126,1465867379.618000,1465867389.058697,1465867394.065873,1465867394.138000
127,1465867379.619000,1465867387.819295,1465867392.826511,1465867392.911000
128,1465867379.619000,1465867387.816950,1465867392.828643,1465867392.914000
129,1465867379.619000,1465867388.038264,1465867393.065377,1465867393.144000
130,1465867379.619000,1465867387.988364,1465867393.003340,1465867393.097000
131,1465867379.619000,1465867387.981844,1465867392.984645,1465867393.078000
132,1465867379.619000,1465867388.040592,1465867393.052417,1465867393.131000
133,1465867379.619000,1465867387.968457,1465867392.983580,1465867393.076000
134,1465867379.620000,1465867387.282175,1465867392.302167,1465867392.399000
135,1465867379.620000,1465867388.041280,1465867393.062770,1465867393.142000
136,1465867379.620000,1465867387.406844,1465867392.423279,1465867392.512000
137,1465867379.620000,1465867387.585065,1465867392.605175,1465867392.682000
138,1465867379.620000,1465867388.061080,1465867393.067221,1465867393.146000
139,1465867379.620000,1465867387.137246,1465867392.156190,1465867392.233000
140,1465867379.620000,1465867387.934810,1465867392.936226,1465867393.014000
141,1465867379.620000,1465867388.054936,1465867393.065495,1465867393.145000
142,1465867379.620000,1465867387.407676,1465867392.409720,1465867392.496000
143,1465867379.621000,1465867388.205798,1465867393.209047,1465867393.304000
144,1465867379.621000,1465867388.064887,1465867393.066662,1465867393.146000
145,1465867379.621000,1465867387.722515,1465867392.733065,1465867392.814000
146,1465867379.622000,1465867386.256519,1465867391.257950,1465867391.358000
147,1465867379.622000,1465867388.157784,1465867393.166075,1465867393.231000
148,1465867379.622000,1465867388.828082,1465867393.838507,1465867393.921000
149,1465867379.622000,1465867388.037045,1465867393.062870,1465867393.142000
150,1465867379.622000,1465867388.058884,1465867393.077501,1465867393.166000
151,1465867379.623000,1465867388.111142,1465867393.119060,1465867393.213000
152,1465867379.623000,1465867387.710449,1465867392.732073,1465867392.813000
153,1465867379.623000,1465867387.989217,1465867393.003014,1465867393.096000
154,1465867379.623000,1465867387.377957,1465867392.388357,1465867392.476000
155,1465867379.623000,1465867387.317608,1465867392.321950,1465867392.418000
156,1465867379.623000,1465867388.134995,1465867393.138818,1465867393.233000
157,1465867379.623000,1465867388.093699,1465867393.100196,1465867393.197000
158,1465867379.623000,1465867387.942886,1465867392.947281,1465867393.048000
159,1465867379.624000,1465867387.966432,1465867392.984887,1465867393.078000
160,1465867379.624000,1465867387.882423,1465867392.901931,1465867392.995000
161,1465867379.624000,1465867388.577201,1465867393.585733,1465867393.669000
162,1465867379.624000,1465867387.978256,1465867392.989567,1465867393.067000
163,1465867379.625000,1465867387.007104,1465867392.025244,1465867392.110000
164,1465867379.625000,1465867388.151655,1465867393.182793,1465867393.261000
165,1465867379.625000,1465867388.074814,1465867393.086863,1465867393.179000
166,1465867379.625000,1465867387.899330,1465867392.901161,1465867392.986000
167,1465867379.625000,1465867387.792558,1465867392.797675,1465867392.897000
168,1465867379.625000,1465867388.015581,1465867393.023022,1465867393.098000
169,1465867379.625000,1465867388.039932,1465867393.042098,1465867393.116000
170,1465867379.625000,1465867387.838801,1465867392.847105,1465867392.932000
171,1465867379.625000,1465867388.008151,1465867393.010046,1465867393.111000
172,1465867379.625000,1465867386.590366,1465867391.607802,1465867391.693000
173,1465867379.625000,1465867388.054525,1465867393.056219,1465867393.147000
174,1465867379.625000,1465867387.802825,1465867392.810691,1465867392.895000
175,1465867379.625000,1465867387.898780,1465867392.900052,1465867392.993000
176,1465867379.625000,1465867388.012841,1465867393.014536,1465867393.111000
177,1465867379.625000,1465867387.923086,1465867392.935322,1465867393.031000
178,1465867379.625000,1465867388.756004,1465867393.763457,1465867393.843000
179,1465867379.625000,1465867387.752749,1465867392.755964,1465867392.850000
180,1465867379.626000,1465867388.106378,1465867393.119405,1465867393.209000
181,1465867379.626000,1465867388.165229,1465867393.182063,1465867393.260000
182,1465867379.626000,1465867388.061750,1465867393.078384,1465867393.167000
183,1465867379.626000,1465867387.838643,1465867392.839807,1465867392.920000
184,1465867379.626000,1465867387.937321,1465867392.944322,1465867393.022000
185,1465867379.626000,1465867389.044567,1465867394.046456,1465867394.119000
186,1465867379.626000,1465867387.961831,1465867392.968905,1465867393.069000
187,1465867379.626000,1465867387.969991,1465867392.990725,1465867393.084000
188,1465867379.626000,1465867387.271339,1465867392.281901,1465867392.377000
189,1465867379.626000,1465867387.833754,1465867392.845146,1465867392.931000
190,1465867379.626000,1465867387.994150,1465867393.008568,1465867393.109000
191,1465867379.626000,1465867387.652496,1465867392.668081,1465867392.763000
192,1465867379.626000,1465867386.900947,1465867391.911861,1465867391.994000
193,1465867379.626000,1465867387.938899,1465867392.946886,1465867393.047000
194,1465867379.626000,1465867389.026339,1465867394.045750,1465867394.118000
195,1465867379.626000,1465867387.908739,1465867392.912547,1465867392.999000
196,1465867379.626000,1465867387.798045,1465867392.808925,1465867392.895000
197,1465867379.626000,1465867387.570379,1465867392.587686,1465867392.682000
198,1465867379.626000,1465867387.599966,1465867392.608087,1465867392.702000
199,1465867379.626000,1465867387.770062,1465867392.786623,1465867392.872000
200,1465867379.626000,1465867388.091637,1465867393.100587,1465867393.189000
201,1465867379.626000,1465867387.561982,1465867392.563173,1465867392.648000
202,1465867379.626000,1465867387.986599,1465867392.989352,1465867393.089000
203,1465867379.626000,1465867387.966071,1465867392.984912,1465867393.069000
204,1465867379.626000,1465867388.000512,1465867393.009054,1465867393.088000
205,1465867379.626000,1465867387.837121,1465867392.840983,1465867392.924000
206,1465867379.626000,1465867387.863873,1465867392.865144,1465867392.948000
207,1465867379.627000,1465867387.405385,1465867392.417055,1465867392.517000
208,1465867379.627000,1465867387.815479,1465867392.834045,1465867392.929000
209,1465867379.627000,1465867388.032533,1465867393.046475,1465867393.126000
210,1465867379.627000,1465867387.236487,1465867392.245751,1465867392.331000
211,1465867379.627000,1465867388.148388,1465867393.174364,1465867393.253000
212,1465867379.627000,1465867388.206970,1465867393.227446,1465867393.324000
213,1465867379.627000,1465867387.626858,1465867392.629736,1465867392.724000
214,1465867379.627000,1465867387.908689,1465867392.919576,1465867393.018000
215,1465867379.627000,1465867387.944819,1465867392.946859,1465867393.025000
216,1465867379.627000,1465867387.286609,1465867392.288148,1465867392.384000
217,1465867379.627000,1465867387.980145,1465867392.989046,1465867393.066000
218,1465867379.627000,1465867387.716756,1465867392.734532,1465867392.829000
219,1465867379.627000,1465867387.652282,1465867392.654974,1465867392.735000
220,1465867379.627000,1465867388.098183,1465867393.099821,1465867393.197000
221,1465867379.627000,1465867387.887732,1465867392.894729,1465867392.974000
222,1465867379.627000,1465867387.472217,1465867392.476966,1465867392.576000
223,1465867379.627000,1465867387.728388,1465867392.732085,1465867392.815000
224,1465867379.627000,1465867387.840189,1465867392.857086,1465867392.941000
225,1465867379.627000,1465867387.862920,1465867392.879703,1465867392.963000
226,1465867379.627000,1465867387.837409,1465867392.847126,1465867392.932000
227,1465867379.627000,1465867388.101923,1465867393.106254,1465867393.196000
228,1465867379.627000,1465867388.085867,1465867393.087352,1465867393.152000
229,1465867379.627000,1465867387.859348,1465867392.881761,1465867392.965000
230,1465867379.627000,1465867389.073772,1465867394.076421,1465867394.148000
231,1465867379.627000,1465867387.833687,1465867392.834987,1465867392.915000
232,1465867379.627000,1465867387.985149,1465867392.991471,1465867393.092000
233,1465867379.627000,1465867387.288811,1465867392.290337,1465867392.386000
234,1465867379.627000,1465867387.903373,1465867392.907998,1465867392.993000
235,1465867379.628000,1465867387.893338,1465867392.899161,1465867392.982000
236,1465867379.628000,1465867389.076274,1465867394.078013,1465867394.149000
237,1465867379.628000,1465867388.090007,1465867393.100372,1465867393.190000
238,1465867379.628000,1465867388.090236,1465867393.098653,1465867393.188000
239,1465867379.628000,1465867386.759710,1465867391.777183,1465867391.877000
240,1465867379.628000,1465867387.725441,1465867392.740326,1465867392.824000
241,1465867379.628000,1465867387.991153,1465867392.992776,1465867393.073000
242,1465867379.628000,1465867387.732462,1465867392.739520,1465867392.823000
243,1465867379.628000,1465867388.063139,1465867393.077866,1465867393.167000
244,1465867379.628000,1465867387.361661,1465867392.377097,1465867392.477000
245,1465867379.628000,1465867388.044535,1465867393.047998,1465867393.128000
246,1465867379.628000,1465867388.175466,1465867393.178852,1465867393.273000
247,1465867379.628000,1465867387.909995,1465867392.918964,1465867393.019000
248,1465867379.628000,1465867387.404865,1465867392.422662,1465867392.510000
249,1465867379.628000,1465867387.770907,1465867392.780811,1465867392.864000
250,1465867379.628000,1465867387.271029,1465867392.282540,1465867392.378000
251,1465867379.628000,1465867388.203475,1465867393.209367,1465867393.305000
252,1465867379.628000,1465867389.062809,1465867394.077187,1465867394.149000
253,1465867379.628000,1465867388.180488,1465867393.190382,1465867393.269000
254,1465867379.628000,1465867388.717726,1465867393.720265,1465867393.801000
255,1465867379.628000,1465867387.956435,1465867392.972080,1465867393.055000
256,1465867379.629000,1465867387.367342,1465867392.376709,1465867392.464000
257,1465867379.630000,1465867387.932584,1465867392.943201,1465867393.039000
258,1465867379.631000,1465867387.836442,1465867392.840541,1465867392.926000
259,1465867379.634000,1465867387.856361,1465867392.861427,1465867392.953000
260,1465867379.638000,1465867387.874658,1465867392.894372,1465867392.974000
261,1465867379.639000,1465867386.800885,1465867391.812080,1465867391.895000
262,1465867379.650000,1465867387.764149,1465867392.774786,1465867392.870000
263,1465867379.651000,1465867387.375436,1465867392.388570,1465867392.478000
264,1465867379.651000,1465867388.090011,1465867393.105895,1465867393.197000
265,1465867379.651000,1465867387.408202,1465867392.409598,1465867392.488000
266,1465867379.651000,1465867388.206970,1465867393.227376,1465867393.325000
267,1465867379.651000,1465867388.155084,1465867393.159491,1465867393.254000
268,1465867379.651000,1465867388.092268,1465867393.106573,1465867393.198000
269,1465867379.651000,1465867387.655714,1465867392.674893,1465867392.755000
270,1465867379.651000,1465867387.909013,1465867392.918176,1465867393.018000
271,1465867379.651000,1465867388.006707,1465867393.026249,1465867393.107000
272,1465867379.652000,1465867387.930587,1465867392.931755,1465867393.027000
273,1465867379.652000,1465867388.208473,1465867393.219261,1465867393.315000
274,1465867379.652000,1465867387.646899,1465867392.654910,1465867392.737000
275,1465867379.652000,1465867387.779660,1465867392.781458,1465867392.875000
276,1465867379.652000,1465867387.460171,1465867392.465370,1465867392.550000
277,1465867379.653000,1465867388.009076,1465867393.026458,1465867393.107000
278,1465867379.653000,1465867387.979003,1465867392.988397,1465867393.066000
279,1465867379.653000,1465867387.906298,1465867392.922724,1465867393.006000
280,1465867379.653000,1465867387.898239,1465867392.919132,1465867393.002000
281,1465867379.653000,1465867387.748658,1465867392.755194,1465867392.849000
282,1465867379.654000,1465867388.088263,1465867393.105072,1465867393.197000
283,1465867379.654000,1465867387.893423,1465867392.901373,1465867392.985000
284,1465867379.654000,1465867387.984943,1465867392.986691,1465867393.065000
285,1465867379.654000,1465867387.853969,1465867392.861076,1465867392.945000
286,1465867379.654000,1465867387.747065,1465867392.754437,1465867392.849000
287,1465867379.654000,1465867387.436415,1465867392.443821,1465867392.521000
288,1465867379.655000,1465867387.874831,1465867392.885081,1465867392.970000
289,1465867379.655000,1465867387.926036,1465867392.934739,1465867393.031000
290,1465867379.655000,1465867387.880953,1465867392.882311,1465867392.965000
291,1465867379.655000,1465867387.666694,1465867392.676767,1465867392.756000
292,1465867379.656000,1465867387.905043,1465867392.909910,1465867392.995000
293,1465867379.656000,1465867389.057641,1465867394.068043,1465867394.140000
294,1465867379.656000,1465867386.801511,1465867391.802942,1465867391.886000
295,1465867379.656000,1465867387.871524,1465867392.873096,1465867392.956000
296,1465867379.656000,1465867388.006214,1465867393.026330,1465867393.127000
297,1465867379.656000,1465867387.859464,1465867392.878554,1465867392.962000
298,1465867379.656000,1465867387.924920,1465867392.934522,1465867393.030000
299,1465867379.656000,1465867387.209635,1465867392.217403,1465867392.318000
300,1465867379.656000,1465867387.317159,1465867392.322225,1465867392.419000
301,1465867379.657000,1465867387.881709,1465867392.897022,1465867392.980000
302,1465867379.657000,1465867388.170255,1465867393.183366,1465867393.262000
303,1465867379.657000,1465867388.060078,1465867393.080702,1465867393.169000
304,1465867379.658000,1465867387.947952,1465867392.963187,1465867393.041000
305,1465867379.658000,1465867387.988920,1465867392.990518,1465867393.091000
306,1465867379.658000,1465867387.874800,1465867392.885903,1465867392.971000
307,1465867379.658000,1465867386.591234,1465867391.606928,1465867391.692000
308,1465867379.658000,1465867387.897120,1465867392.898992,1465867392.982000
309,1465867379.658000,1465867389.050597,1465867394.066809,1465867394.138000
310,1465867379.658000,1465867386.952334,1465867391.972409,1465867392.055000
311,1465867379.659000,1465867387.964846,1465867392.985950,1465867393.080000
312,1465867379.659000,1465867386.612137,1465867391.625563,1465867391.710000
313,1465867379.659000,1465867388.178261,1465867393.189845,1465867393.268000
314,1465867379.659000,1465867387.990826,1465867392.993158,1465867393.087000
315,1465867379.659000,1465867389.074570,1465867394.086714,1465867394.158000
316,1465867379.660000,1465867387.987826,1465867392.989954,1465867393.070000
317,1465867379.660000,1465867388.009041,1465867393.025541,1465867393.106000
318,1465867379.660000,1465867387.996533,1465867393.013225,1465867393.109000
319,1465867379.660000,1465867387.960093,1465867392.965342,1465867393.046000
320,1465867379.660000,1465867387.910100,1465867392.921975,1465867393.005000
321,1465867379.660000,1465867387.775258,1465867392.777637,1465867392.878000
322,1465867379.660000,1465867388.127755,1465867393.143697,1465867393.208000
323,1465867379.660000,1465867387.852215,1465867392.872162,1465867392.956000
324,1465867379.660000,1465867387.344776,1465867392.345970,1465867392.442000
325,1465867379.661000,1465867387.755505,1465867392.758580,1465867392.841000
326,1465867379.661000,1465867386.867247,1465867391.872709,1465867391.955000
327,1465867379.662000,1465867388.020912,1465867393.027132,1465867393.107000
328,1465867379.662000,1465867387.632880,1465867392.647596,1465867392.742000
329,1465867379.662000,1465867386.848298,1465867391.851964,1465867391.935000
330,1465867379.662000,1465867388.036129,1465867393.044065,1465867393.136000
331,1465867379.662000,1465867388.083390,1465867393.084971,1465867393.176000
332,1465867379.662000,1465867388.090455,1465867393.092473,1465867393.183000
333,1465867379.662000,1465867388.042263,1465867393.050069,1465867393.130000
334,1465867379.662000,1465867388.106947,1465867393.108332,1465867393.198000
335,1465867379.663000,1465867387.991581,1465867393.007698,1465867393.108000
336,1465867379.663000,1465867387.378353,1465867392.381610,1465867392.478000
337,1465867379.663000,1465867387.878797,1465867392.881868,1465867392.975000
338,1465867379.663000,1465867389.072576,1465867394.074112,1465867394.146000
339,1465867379.664000,1465867388.060417,1465867393.079882,1465867393.170000
340,1465867379.664000,1465867388.705792,1465867393.720787,1465867393.800000
341,1465867379.665000,1465867387.957900,1465867392.959263,1465867393.045000
342,1465867379.665000,1465867388.757617,1465867393.764964,1465867393.845000
343,1465867379.665000,1465867387.290339,1465867392.301322,1465867392.398000
344,1465867379.665000,1465867388.101543,1465867393.118233,1465867393.207000
345,1465867379.665000,1465867387.991783,1465867393.003981,1465867393.097000
346,1465867379.665000,1465867387.906094,1465867392.921762,1465867393.013000
347,1465867379.666000,1465867387.962713,1465867392.967734,1465867393.069000
348,1465867379.666000,1465867387.937324,1465867392.944248,1465867393.021000
349,1465867379.666000,1465867387.902395,1465867392.903789,1465867392.982000
350,1465867379.667000,1465867386.799139,1465867391.805176,1465867391.890000
351,1465867379.667000,1465867387.988901,1465867393.002296,1465867393.095000
352,1465867379.667000,1465867387.976708,1465867392.984805,1465867393.062000
353,1465867379.667000,1465867388.166424,1465867393.178621,1465867393.256000
354,1465867379.667000,1465867388.072635,1465867393.074227,1465867393.166000
355,1465867379.668000,1465867387.865569,1465867392.882928,1465867392.967000
356,1465867379.668000,1465867388.762961,1465867393.783376,1465867393.864000
357,1465867379.668000,1465867387.690702,1465867392.694392,1465867392.789000
358,1465867379.668000,1465867387.907267,1465867392.923296,1465867393.001000
359,1465867379.668000,1465867386.866099,1465867391.867999,1465867391.951000
360,1465867379.669000,1465867387.698013,1465867392.714378,1465867392.794000
361,1465867379.669000,1465867387.859709,1465867392.877516,1465867392.961000
362,1465867379.669000,1465867387.417086,1465867392.418337,1465867392.496000
363,1465867379.669000,1465867387.979840,1465867392.985978,1465867393.081000
364,1465867379.669000,1465867388.033523,1465867393.047347,1465867393.127000
365,1465867379.669000,1465867387.897897,1465867392.902839,1465867392.997000
366,1465867379.669000,1465867387.225437,1465867392.237749,1465867392.337000
367,1465867379.669000,1465867387.973006,1465867392.988384,1465867393.089000
368,1465867379.669000,1465867388.132963,1465867393.139844,1465867393.235000
369,1465867379.669000,1465867388.181807,1465867393.183747,1465867393.262000
370,1465867379.670000,1465867387.795347,1465867392.814581,1465867392.894000
371,1465867379.670000,1465867387.906858,1465867392.911831,1465867392.997000
372,1465867379.670000,1465867387.835043,1465867392.843540,1465867392.926000
373,1465867379.670000,1465867388.131702,1465867393.139958,1465867393.235000
374,1465867379.671000,1465867388.755500,1465867393.763395,1465867393.846000
375,1465867379.671000,1465867387.631879,1465867392.649082,1465867392.743000
376,1465867379.671000,1465867387.903364,1465867392.909577,1465867392.995000
377,1465867379.671000,1465867387.656891,1465867392.675643,1465867392.755000
378,1465867379.671000,1465867387.836671,1465867392.842373,1465867392.926000
379,1465867379.671000,1465867388.740266,1465867393.761945,1465867393.843000
380,1465867379.671000,1465867388.154571,1465867393.156534,1465867393.235000
381,1465867379.671000,1465867387.856138,1465867392.868267,1465867392.963000
382,1465867379.671000,1465867386.724682,1465867391.734167,1465867391.814000
383,1465867379.672000,1465867387.233988,1465867392.252245,1465867392.335000
384,1465867379.672000,1465867386.605543,1465867391.626520,1465867391.711000
385,1465867379.672000,1465867388.041703,1465867393.049385,1465867393.129000
386,1465867379.672000,1465867387.963879,1465867392.972963,1465867393.056000
387,1465867379.673000,1465867388.107922,1465867393.119996,1465867393.215000
388,1465867379.673000,1465867388.596451,1465867393.606908,1465867393.690000
389,1465867379.673000,1465867388.034167,1465867393.042345,1465867393.117000
390,1465867379.673000,1465867388.085022,1465867393.104022,1465867393.169000
391,1465867379.673000,1465867388.156683,1465867393.181541,1465867393.259000
392,1465867379.673000,1465867387.466906,1465867392.468450,1465867392.554000
393,1465867379.673000,1465867387.866708,1465867392.880884,1465867392.965000
394,1465867379.674000,1465867387.940287,1465867392.947116,1465867393.025000
395,1465867379.674000,1465867387.478730,1465867392.480274,1465867392.565000
396,1465867379.674000,1465867386.940289,1465867391.952005,1465867392.035000
397,1465867379.674000,1465867387.343307,1465867392.361440,1465867392.457000
398,1465867379.674000,1465867388.078487,1465867393.098421,1465867393.197000
399,1465867379.674000,1465867386.968844,1465867391.972470,1465867392.056000
400,1465867379.674000,1465867387.888459,1465867392.902913,1465867392.994000
401,1465867379.674000,1465867387.783688,1465867392.799623,1465867392.885000
402,1465867379.674000,1465867388.031898,1465867393.033492,1465867393.108000
403,1465867379.674000,1465867387.914569,1465867392.916486,1465867393.000000
404,1465867379.675000,1465867388.162707,1465867393.170073,1465867393.248000
405,1465867379.675000,1465867388.014344,1465867393.026517,1465867393.122000
406,1465867379.675000,1465867387.611045,1465867392.612831,1465867392.688000
407,1465867379.675000,1465867388.053895,1465867393.068781,1465867393.161000
408,1465867379.676000,1465867387.778038,1465867392.794167,1465867392.888000
409,1465867379.676000,1465867387.764781,1465867392.783319,1465867392.880000
410,1465867379.676000,1465867387.982841,1465867392.989514,1465867393.067000
411,1465867379.676000,1465867388.002041,1465867393.005581,1465867393.090000
412,1465867379.676000,1465867388.044335,1465867393.067924,1465867393.159000
413,1465867379.676000,1465867389.060808,1465867394.062377,1465867394.135000
414,1465867379.676000,1465867387.977296,1465867392.983889,1465867393.061000
415,1465867379.677000,1465867387.407516,1465867392.409409,1465867392.496000
416,1465867379.677000,1465867388.029983,1465867393.044752,1465867393.119000
417,1465867379.677000,1465867388.076385,1465867393.079168,1465867393.174000
418,1465867379.677000,1465867387.688478,1465867392.699037,1465867392.789000
419,1465867379.677000,1465867388.109516,1465867393.121888,1465867393.217000
420,1465867379.677000,1465867387.965447,1465867392.991561,1465867393.074000
421,1465867379.677000,1465867387.989978,1465867393.016592,1465867393.112000
422,1465867379.678000,1465867387.938437,1465867392.945581,1465867393.023000
423,1465867379.678000,1465867387.769274,1465867392.778627,1465867392.862000
424,1465867379.678000,1465867387.348361,1465867392.363759,1465867392.452000
425,1465867379.678000,1465867387.221479,1465867392.237055,1465867392.337000
426,1465867379.678000,1465867387.711567,1465867392.729658,1465867392.810000
427,1465867379.679000,1465867387.895606,1465867392.898510,1465867392.982000
428,1465867379.679000,1465867388.051935,1465867393.066724,1465867393.158000
429,1465867379.679000,1465867387.770076,1465867392.773852,1465867392.869000
430,1465867379.679000,1465867389.071928,1465867394.085694,1465867394.157000
431,1465867379.679000,1465867387.982367,1465867392.985644,1465867393.066000
432,1465867379.679000,1465867388.157358,1465867393.184734,1465867393.264000
433,1465867379.680000,1465867387.958859,1465867392.967058,1465867393.068000
434,1465867379.680000,1465867387.836876,1465867392.838573,1465867392.922000
435,1465867379.680000,1465867387.972774,1465867392.991037,1465867393.068000
436,1465867379.680000,1465867388.182221,1465867393.198455,1465867393.294000
437,1465867379.680000,1465867388.172790,1465867393.184725,1465867393.249000
438,1465867379.680000,1465867387.839098,1465867392.854574,1465867392.949000
439,1465867379.680000,1465867387.375647,1465867392.384260,1465867392.463000
440,1465867379.680000,1465867389.049599,1465867394.051267,1465867394.123000
441,1465867379.680000,1465867387.565201,1465867392.569337,1465867392.645000
442,1465867379.681000,1465867387.679642,1465867392.687922,1465867392.783000
443,1465867379.681000,1465867388.177401,1465867393.188743,1465867393.267000
444,1465867379.681000,1465867388.076299,1465867393.080846,1465867393.175000
445,1465867379.681000,1465867388.178962,1465867393.191593,1465867393.270000
446,1465867379.681000,1465867388.163871,1465867393.182021,1465867393.260000
447,1465867379.681000,1465867387.097029,1465867392.116878,1465867392.194000
448,1465867379.681000,1465867389.143621,1465867394.159352,1465867394.241000
449,1465867379.681000,1465867388.823747,1465867393.837246,1465867393.920000
450,1465867379.682000,1465867387.366001,1465867392.382959,1465867392.472000
451,1465867379.682000,1465867388.009831,1465867393.026523,1465867393.112000
452,1465867379.682000,1465867387.786592,1465867392.795206,1465867392.889000
453,1465867379.683000,1465867387.970968,1465867392.986859,1465867393.080000
454,1465867379.683000,1465867389.074052,1465867394.075576,1465867394.148000
455,1465867379.683000,1465867387.388676,1465867392.409061,1465867392.495000
456,1465867379.683000,1465867388.013190,1465867393.028777,1465867393.124000
457,1465867379.683000,1465867388.038122,1465867393.043313,1465867393.117000
458,1465867379.683000,1465867387.591885,1465867392.611898,1465867392.695000
459,1465867379.683000,1465867388.051316,1465867393.065478,1465867393.157000
460,1465867379.683000,1465867387.718876,1465867392.723179,1465867392.804000
461,1465867379.684000,1465867388.025189,1465867393.027567,1465867393.107000
462,1465867379.684000,1465867388.022135,1465867393.039859,1465867393.115000
463,1465867379.684000,1465867387.362005,1465867392.364273,1465867392.453000
464,1465867379.684000,1465867388.029852,1465867393.050940,1465867393.130000
465,1465867379.685000,1465867387.590059,1465867392.591952,1465867392.667000
466,1465867379.685000,1465867388.167674,1465867393.179699,1465867393.258000
467,1465867379.685000,1465867389.077016,1465867394.086037,1465867394.157000
468,1465867379.685000,1465867387.841293,1465867392.842508,1465867392.926000
469,1465867379.686000,1465867387.986035,1465867392.988104,1465867393.089000
470,1465867379.686000,1465867388.006382,1465867393.028991,1465867393.124000
471,1465867379.686000,1465867388.043162,1465867393.050045,1465867393.130000
472,1465867379.686000,1465867387.908903,1465867392.920459,1465867393.004000
473,1465867379.686000,1465867387.365080,1465867392.366750,1465867392.455000
474,1465867379.686000,1465867387.975560,1465867392.985069,1465867393.081000
475,1465867379.686000,1465867388.745042,1465867393.764133,1465867393.845000
476,1465867379.686000,1465867389.148001,1465867394.159801,1465867394.241000
477,1465867379.686000,1465867387.951535,1465867392.965961,1465867393.051000
478,1465867379.687000,1465867387.703685,1465867392.718865,1465867392.802000
479,1465867379.687000,1465867387.749110,1465867392.755990,1465867392.851000
480,1465867379.687000,1465867387.824707,1465867392.837730,1465867392.921000
481,1465867379.688000,1465867387.949238,1465867392.952350,1465867393.035000
482,1465867379.688000,1465867388.805543,1465867393.817136,1465867393.900000
483,1465867379.688000,1465867387.374743,1465867392.389544,1465867392.478000
484,1465867379.688000,1465867387.908244,1465867392.926921,1465867393.027000
485,1465867379.688000,1465867387.404243,1465867392.407380,1465867392.494000
486,1465867379.688000,1465867388.119715,1465867393.121277,1465867393.186000
487,1465867379.688000,1465867388.770741,1465867393.782542,1465867393.863000
488,1465867379.689000,1465867387.898292,1465867392.907834,1465867392.999000
489,1465867379.689000,1465867388.025922,1465867393.027130,1465867393.101000
490,1465867379.689000,1465867386.790503,1465867391.793858,1465867391.873000
491,1465867379.689000,1465867388.592779,1465867393.607456,1465867393.690000
492,1465867379.689000,1465867387.691084,1465867392.699900,1465867392.790000
493,1465867379.689000,1465867388.013551,1465867393.015410,1465867393.111000
494,1465867379.689000,1465867387.904704,1465867392.921093,1465867393.013000
495,1465867379.689000,1465867387.475966,1465867392.477688,1465867392.563000
496,1465867379.689000,1465867387.699989,1465867392.709390,1465867392.790000
497,1465867379.689000,1465867387.717922,1465867392.730307,1465867392.811000
498,1465867379.689000,1465867387.869803,1465867392.872411,1465867392.956000
499,1465867379.689000,1465867387.968785,1465867392.985794,1465867393.082000
500,1465867379.689000,1465867387.877213,1465867392.881039,1465867392.965000
501,1465867379.689000,1465867387.367916,1465867392.369440,1465867392.458000
502,1465867379.689000,1465867388.594968,1465867393.609998,1465867393.694000
503,1465867379.689000,1465867387.980145,1465867392.990110,1465867393.068000
504,1465867379.689000,1465867387.867724,1465867392.880517,1465867392.965000
505,1465867379.689000,1465867387.688275,1465867392.689957,1465867392.780000
506,1465867379.689000,1465867387.475323,1465867392.478693,1465867392.564000
507,1465867379.690000,1465867387.957436,1465867392.963725,1465867393.057000
508,1465867379.690000,1465867387.854505,1465867392.863152,1465867392.955000
509,1465867379.690000,1465867387.752019,1465867392.759330,1465867392.842000
510,1465867379.690000,1465867387.902766,1465867392.904351,1465867392.988000
511,1465867379.690000,1465867387.531998,1465867392.543790,1465867392.621000
512,1465867379.690000,1465867389.157204,1465867394.164271,1465867394.245000
513,1465867379.690000,1465867389.160273,1465867394.161873,1465867394.242000
514,1465867379.690000,1465867387.481832,1465867392.483423,1465867392.569000
515,1465867379.690000,1465867387.798545,1465867392.809497,1465867392.895000
516,1465867379.690000,1465867387.985536,1465867392.987863,1465867393.066000
517,1465867379.690000,1465867387.377188,1465867392.385399,1465867392.473000
518,1465867379.690000,1465867387.420379,1465867392.421986,1465867392.500000
519,1465867379.690000,1465867387.889168,1465867392.897992,1465867392.982000
520,1465867379.690000,1465867389.151898,1465867394.161792,1465867394.243000
521,1465867379.690000,1465867388.174269,1465867393.175911,1465867393.241000
522,1465867379.690000,1465867387.712858,1465867392.731231,1465867392.814000
523,1465867379.690000,1465867389.048251,1465867394.078934,1465867394.151000
524,1465867379.690000,1465867387.133138,1465867392.140738,1465867392.218000
525,1465867379.690000,1465867387.136417,1465867392.156906,1465867392.234000
526,1465867379.690000,1465867387.907822,1465867392.923448,1465867393.008000
527,1465867379.690000,1465867388.807351,1465867393.818394,1465867393.901000
528,1465867379.690000,1465867388.030025,1465867393.031643,1465867393.107000
529,1465867379.690000,1465867387.097203,1465867392.098896,1465867392.177000
530,1465867379.690000,1465867387.703483,1465867392.708643,1465867392.789000
531,1465867379.690000,1465867387.794154,1465867392.795330,1465867392.895000
532,1465867379.691000,1465867387.997195,1465867393.008067,1465867393.109000
533,1465867379.691000,1465867388.820074,1465867393.839659,1465867393.923000
534,1465867379.691000,1465867389.142740,1465867394.165680,1465867394.246000
535,1465867379.691000,1465867387.847512,1465867392.860762,1465867392.945000
536,1465867379.691000,1465867387.810726,1465867392.820801,1465867392.907000
537,1465867379.691000,1465867387.376591,1465867392.384075,1465867392.462000
538,1465867379.691000,1465867388.572416,1465867393.587159,1465867393.671000
539,1465867379.691000,1465867388.179694,1465867393.191520,1465867393.270000
540,1465867379.691000,1465867388.576464,1465867393.587244,1465867393.671000
541,1465867379.691000,1465867386.927266,1465867391.934803,1465867392.015000
542,1465867379.691000,1465867387.481623,1465867392.483653,1465867392.562000
543,1465867379.691000,1465867388.826362,1465867393.837974,1465867393.921000
544,1465867379.691000,1465867388.172206,1465867393.184815,1465867393.263000
545,1465867379.691000,1465867387.684465,1465867392.699418,1465867392.790000
546,1465867379.691000,1465867387.788985,1465867392.810070,1465867392.896000
547,1465867379.691000,1465867387.811872,1465867392.822006,1465867392.909000
548,1465867379.691000,1465867387.628362,1465867392.629526,1465867392.705000
549,1465867379.691000,1465867387.720963,1465867392.728196,1465867392.809000
550,1465867379.691000,1465867387.131699,1465867392.138515,1465867392.215000
551,1465867379.691000,1465867388.592326,1465867393.597308,1465867393.681000
552,1465867379.691000,1465867388.024604,1465867393.042927,1465867393.118000
553,1465867379.691000,1465867387.699409,1465867392.707835,1465867392.788000
554,1465867379.691000,1465867388.174603,1465867393.192374,1465867393.271000
555,1465867379.691000,1465867387.902975,1465867392.904533,1465867392.996000
556,1465867379.691000,1465867387.835834,1465867392.842558,1465867392.926000
557,1465867379.691000,1465867388.766740,1465867393.768491,1465867393.849000
558,1465867379.692000,1465867389.162865,1465867394.179138,1465867394.260000
559,1465867379.692000,1465867389.046851,1465867394.065303,1465867394.137000
560,1465867379.692000,1465867388.162110,1465867393.164234,1465867393.229000
561,1465867379.692000,1465867387.708748,1465867392.729100,1465867392.804000
562,1465867379.692000,1465867387.727838,1465867392.729207,1465867392.805000
563,1465867379.692000,1465867387.905632,1465867392.921903,1465867393.013000
564,1465867379.692000,1465867387.112497,1465867392.116483,1465867392.194000
565,1465867379.692000,1465867388.015962,1465867393.017878,1465867393.113000
566,1465867379.692000,1465867387.608414,1465867392.610255,1465867392.686000
567,1465867379.692000,1465867387.677582,1465867392.695385,1465867392.776000
568,1465867379.692000,1465867388.036124,1465867393.056692,1465867393.136000
569,1465867379.692000,1465867388.158676,1465867393.164781,1465867393.230000
570,1465867379.692000,1465867387.962116,1465867392.990351,1465867393.084000
571,1465867379.692000,1465867387.723240,1465867392.731622,1465867392.812000
572,1465867379.692000,1465867387.986346,1465867393.005655,1465867393.086000
573,1465867379.692000,1465867388.035424,1465867393.044089,1465867393.119000
574,1465867379.692000,1465867387.813069,1465867392.822152,1465867392.908000
575,1465867379.692000,1465867388.076509,1465867393.083775,1465867393.175000
576,1465867379.692000,1465867388.009971,1465867393.026813,1465867393.122000
577,1465867379.692000,1465867387.861027,1465867392.880522,1465867392.964000
578,1465867379.692000,1465867388.165600,1465867393.184781,1465867393.264000
579,1465867379.692000,1465867388.015381,1465867393.027596,1465867393.123000
580,1465867379.692000,1465867387.887960,1465867392.903595,1465867392.995000
581,1465867379.692000,1465867388.756793,1465867393.762585,1465867393.843000
582,1465867379.692000,1465867388.059772,1465867393.072566,1465867393.151000
583,1465867379.692000,1465867387.718932,1465867392.731199,1465867392.812000
584,1465867379.692000,1465867389.067885,1465867394.087008,1465867394.159000
585,1465867379.692000,1465867387.909407,1465867392.922955,1465867393.006000
586,1465867379.693000,1465867387.737592,1465867392.740382,1465867392.824000
587,1465867379.693000,1465867386.998486,1465867392.014596,1465867392.095000
588,1465867379.693000,1465867387.373590,1465867392.389022,1465867392.478000
589,1465867379.693000,1465867389.155930,1465867394.164740,1465867394.246000
590,1465867379.693000,1465867388.104765,1465867393.105934,1465867393.171000
591,1465867379.693000,1465867387.402507,1465867392.406667,1465867392.484000
592,1465867379.693000,1465867387.689183,1465867392.698470,1465867392.788000
593,1465867379.693000,1465867388.587867,1465867393.589428,1465867393.673000
594,1465867379.693000,1465867387.742297,1465867392.743538,1465867392.818000
595,1465867379.693000,1465867388.590633,1465867393.609795,1465867393.694000
596,1465867379.693000,1465867387.408262,1465867392.424343,1465867392.502000
597,1465867379.693000,1465867387.712256,1465867392.730247,1465867392.810000
598,1465867379.693000,1465867387.908797,1465867392.910164,1465867392.994000
599,1465867379.693000,1465867387.794652,1465867392.803685,1465867392.890000
600,1465867379.693000,1465867387.603790,1465867392.612367,1465867392.688000
601,1465867379.693000,1465867387.373917,1465867392.388960,1465867392.476000
602,1465867379.693000,1465867387.678532,1465867392.697270,1465867392.787000
603,1465867379.693000,1465867388.097993,1465867393.099455,1465867393.164000
604,1465867379.693000,1465867388.826291,1465867393.838856,1465867393.922000
605,1465867379.693000,1465867388.575836,1465867393.587923,1465867393.671000
606,1465867379.693000,1465867388.015206,1465867393.025570,1465867393.121000
607,1465867379.693000,1465867387.953011,1465867392.965152,1465867393.050000
608,1465867379.693000,1465867387.698439,1465867392.700397,1465867392.790000
609,1465867379.694000,1465867388.008337,1465867393.025898,1465867393.101000
610,1465867379.694000,1465867387.906311,1465867392.921743,1465867393.005000
611,1465867379.694000,1465867387.467589,1465867392.478399,1465867392.563000
612,1465867379.694000,1465867387.766026,1465867392.780352,1465867392.864000
613,1465867379.694000,1465867387.748243,1465867392.749543,1465867392.825000
614,1465867379.694000,1465867387.908291,1465867392.924180,1465867393.008000
615,1465867379.694000,1465867388.106425,1465867393.118845,1465867393.208000
616,1465867379.694000,1465867387.406628,1465867392.426326,1465867392.504000
617,1465867379.694000,1465867387.791191,1465867392.800056,1465867392.887000
618,1465867379.694000,1465867388.058485,1465867393.071340,1465867393.150000
619,1465867379.694000,1465867387.883536,1465867392.901351,1465867392.985000
620,1465867379.694000,1465867387.859812,1465867392.863897,1465867392.956000
621,1465867379.694000,1465867387.702497,1465867392.703933,1465867392.804000
622,1465867379.694000,1465867386.954330,1465867391.974455,1465867392.055000
623,1465867379.694000,1465867388.120228,1465867393.123620,1465867393.189000
624,1465867379.694000,1465867388.676720,1465867393.680464,1465867393.761000
625,1465867379.694000,1465867387.897507,1465867392.899016,1465867392.991000
626,1465867379.694000,1465867387.474573,1465867392.477932,1465867392.563000
627,1465867379.694000,1465867386.890936,1465867391.892324,1465867391.992000
628,1465867379.694000,1465867387.484036,1465867392.495703,1465867392.581000
629,1465867379.694000,1465867386.610490,1465867391.627293,1465867391.713000
630,1465867379.694000,1465867388.811164,1465867393.818608,1465867393.901000
631,1465867379.694000,1465867388.574464,1465867393.577858,1465867393.662000
632,1465867379.694000,1465867387.009424,1465867392.015171,1465867392.096000
633,1465867379.694000,1465867388.063233,1465867393.078937,1465867393.169000
634,1465867379.695000,1465867387.403495,1465867392.407844,1465867392.486000
635,1465867379.695000,1465867387.583181,1465867392.589558,1465867392.665000
636,1465867379.695000,1465867387.415810,1465867392.424939,1465867392.502000
637,1465867379.695000,1465867388.767067,1465867393.769703,1465867393.850000
638,1465867379.695000,1465867388.589295,1465867393.608114,1465867393.692000
639,1465867379.695000,1465867387.779660,1465867392.781221,1465867392.876000
640,1465867379.695000,1465867386.714828,1465867391.716072,1465867391.797000
641,1465867379.695000,1465867387.677158,1465867392.688725,1465867392.765000
642,1465867379.695000,1465867387.479603,1465867392.481442,1465867392.567000
643,1465867379.695000,1465867387.874888,1465867392.882935,1465867392.966000
644,1465867379.695000,1465867387.611966,1465867392.631051,1465867392.725000
645,1465867379.695000,1465867388.160348,1465867393.168514,1465867393.234000
646,1465867379.695000,1465867387.796939,1465867392.806586,1465867392.892000
647,1465867379.695000,1465867387.584053,1465867392.589432,1465867392.665000
648,1465867379.695000,1465867387.120964,1465867392.139373,1465867392.216000
649,1465867379.695000,1465867388.171461,1465867393.173640,1465867393.238000
650,1465867379.695000,1465867387.992117,1465867393.005057,1465867393.100000
651,1465867379.695000,1465867388.810509,1465867393.819275,1465867393.902000
652,1465867379.695000,1465867387.804219,1465867392.805698,1465867392.892000
653,1465867379.695000,1465867387.810125,1465867392.819666,1465867392.906000
654,1465867379.695000,1465867388.044006,1465867393.048151,1465867393.128000
655,1465867379.695000,1465867387.483395,1465867392.484896,1465867392.570000
656,1465867379.695000,1465867388.585396,1465867393.604976,1465867393.688000
657,1465867379.695000,1465867387.596467,1465867392.599755,1465867392.677000
658,1465867379.695000,1465867387.924937,1465867392.939298,1465867393.023000
659,1465867379.695000,1465867387.994215,1465867393.017340,1465867393.113000
660,1465867379.696000,1465867389.058632,1465867394.070153,1465867394.142000
661,1465867379.696000,1465867387.598167,1465867392.599650,1465867392.677000
662,1465867379.696000,1465867388.169129,1465867393.170858,1465867393.235000
663,1465867379.696000,1465867389.153380,1465867394.160525,1465867394.242000
664,1465867379.696000,1465867387.872996,1465867392.881926,1465867392.966000
665,1465867379.696000,1465867387.793610,1465867392.808306,1465867392.894000
666,1465867379.696000,1465867389.136275,1465867394.139872,1465867394.221000
667,1465867379.696000,1465867387.786690,1465867392.798447,1465867392.885000
668,1465867379.696000,1465867386.856989,1465867391.873056,1465867391.956000
669,1465867379.696000,1465867387.316552,1465867392.322203,1465867392.419000
670,1465867379.696000,1465867387.397181,1465867392.403163,1465867392.490000
671,1465867379.696000,1465867387.685447,1465867392.687455,1465867392.777000
672,1465867379.696000,1465867387.833242,1465867392.841813,1465867392.925000
673,1465867379.696000,1465867387.807550,1465867392.818805,1465867392.904000
674,1465867379.696000,1465867387.924703,1465867392.938860,1465867393.022000
675,1465867379.696000,1465867387.376914,1465867392.387229,1465867392.475000
676,1465867379.696000,1465867387.831782,1465867392.846595,1465867392.932000
677,1465867379.696000,1465867387.855568,1465867392.862254,1465867392.953000
678,1465867379.696000,1465867387.094729,1465867392.099522,1465867392.177000
679,1465867379.696000,1465867388.027271,1465867393.030378,1465867393.110000
680,1465867379.696000,1465867388.008794,1465867393.027993,1465867393.123000
681,1465867379.696000,1465867387.566948,1465867392.568870,1465867392.644000
682,1465867379.696000,1465867387.008148,1465867392.014814,1465867392.096000
683,1465867379.696000,1465867388.577997,1465867393.586340,1465867393.670000
684,1465867379.696000,1465867387.585031,1465867392.591500,1465867392.667000
685,1465867379.696000,1465867387.715764,1465867392.719490,1465867392.804000
686,1465867379.696000,1465867388.823146,1465867393.824561,1465867393.907000
687,1465867379.697000,1465867387.807744,1465867392.809505,1465867392.896000
688,1465867379.697000,1465867387.904097,1465867392.912297,1465867392.997000
689,1465867379.697000,1465867387.483144,1465867392.495764,1465867392.582000
690,1465867379.697000,1465867387.688139,1465867392.699583,1465867392.790000
691,1465867379.697000,1465867388.829249,1465867393.840084,1465867393.922000
692,1465867379.697000,1465867387.884167,1465867392.900787,1465867392.984000
693,1465867379.697000,1465867388.031999,1465867393.045388,1465867393.120000
694,1465867379.697000,1465867387.594398,1465867392.604055,1465867392.681000
695,1465867379.697000,1465867386.962325,1465867391.974452,1465867392.054000
696,1465867379.697000,1465867388.028391,1465867393.030386,1465867393.110000
697,1465867379.697000,1465867387.812498,1465867392.823004,1465867392.909000
698,1465867379.697000,1465867387.580887,1465867392.589353,1465867392.683000
699,1465867379.697000,1465867388.099487,1465867393.100689,1465867393.166000
700,1465867379.698000,1465867387.603502,1465867392.610858,1465867392.686000
701,1465867379.698000,1465867388.039058,1465867393.059714,1465867393.139000
702,1465867379.698000,1465867387.703864,1465867392.719928,1465867392.804000
703,1465867379.698000,1465867386.899208,1465867391.914973,1465867391.995000
704,1465867379.698000,1465867387.793028,1465867392.799231,1465867392.886000
705,1465867379.698000,1465867387.802162,1465867392.819410,1465867392.906000
706,1465867379.698000,1465867388.045486,1465867393.050441,1465867393.131000
707,1465867379.698000,1465867387.835054,1465867392.843061,1465867392.927000
708,1465867379.698000,1465867387.094729,1465867392.096769,1465867392.174000
709,1465867379.698000,1465867387.804219,1465867392.820467,1465867392.906000
710,1465867379.698000,1465867389.060317,1465867394.079003,1465867394.150000
711,1465867379.698000,1465867388.084877,1465867393.103951,1465867393.169000
712,1465867379.698000,1465867387.459246,1465867392.481544,1465867392.568000
713,1465867379.698000,1465867387.792677,1465867392.800723,1465867392.888000
714,1465867379.698000,1465867388.012641,1465867393.023459,1465867393.098000
715,1465867379.698000,1465867388.019876,1465867393.022031,1465867393.096000
716,1465867379.698000,1465867387.797504,1465867392.808182,1465867392.893000
717,1465867379.698000,1465867388.023739,1465867393.025361,1465867393.100000
718,1465867379.698000,1465867386.935262,1465867391.945157,1465867392.030000
719,1465867379.698000,1465867387.597666,1465867392.604514,1465867392.682000
720,1465867379.698000,1465867387.980377,1465867392.985289,1465867393.065000
721,1465867379.698000,1465867387.861467,1465867392.863133,1465867392.954000
722,1465867379.698000,1465867388.166668,1465867393.184488,1465867393.250000
723,1465867379.698000,1465867387.600822,1465867392.611777,1465867392.687000
724,1465867379.698000,1465867387.885892,1465867392.902294,1465867392.995000
725,1465867379.698000,1465867388.171770,1465867393.183563,1465867393.247000
726,1465867379.699000,1465867387.874034,1465867392.878938,1465867392.963000
727,1465867379.699000,1465867387.834808,1465867392.846652,1465867392.932000
728,1465867379.699000,1465867387.711640,1465867392.728270,1465867392.809000
729,1465867379.699000,1465867388.828457,1465867393.839603,1465867393.922000
730,1465867379.699000,1465867387.138939,1465867392.156234,1465867392.234000
731,1465867379.700000,1465867387.597234,1465867392.613670,1465867392.690000
732,1465867379.702000,1465867387.886485,1465867392.905777,1465867392.997000
733,1465867379.711000,1465867387.401053,1465867392.407610,1465867392.494000
734,1465867379.722000,1465867387.705600,1465867392.708558,1465867392.789000
735,1465867379.749000,1465867386.982601,1465867391.993903,1465867392.074000
736,1465867379.754000,1465867388.037454,1465867393.044398,1465867393.119000
737,1465867379.754000,1465867388.164579,1465867393.183941,1465867393.248000
738,1465867379.754000,1465867388.052967,1465867393.064718,1465867393.156000
739,1465867379.754000,1465867389.159559,1465867394.167710,1465867394.250000
740,1465867379.755000,1465867387.719584,1465867392.722417,1465867392.804000
741,1465867379.755000,1465867386.838988,1465867391.852147,1465867391.935000
742,1465867379.755000,1465867388.766293,1465867393.781709,1465867393.862000
743,1465867379.755000,1465867387.815792,1465867392.827250,1465867392.913000
744,1465867379.755000,1465867388.810336,1465867393.812086,1465867393.894000
745,1465867379.756000,1465867387.376809,1465867392.387693,1465867392.476000
746,1465867379.756000,1465867386.594219,1465867391.607150,1465867391.692000
747,1465867379.756000,1465867387.874204,1465867392.875977,1465867392.960000
748,1465867379.757000,1465867387.994846,1465867393.010966,1465867393.111000
749,1465867379.757000,1465867388.090961,1465867393.104391,1465867393.195000
750,1465867379.757000,1465867387.763277,1465867392.783053,1465867392.879000
751,1465867379.757000,1465867389.164882,1465867394.179799,1465867394.260000
752,1465867379.757000,1465867387.981555,1465867392.990392,1465867393.068000
753,1465867379.757000,1465867388.001060,1465867393.003755,1465867393.097000
754,1465867379.758000,1465867387.889214,1465867392.910870,1465867392.996000
755,1465867379.758000,1465867386.913518,1465867391.934348,1465867392.014000
756,1465867379.758000,1465867387.121304,1465867392.137909,1465867392.216000
757,1465867379.758000,1465867388.113291,1465867393.121088,1465867393.216000
758,1465867379.758000,1465867386.611393,1465867391.626505,1465867391.712000
759,1465867379.759000,1465867388.087411,1465867393.105172,1465867393.197000
760,1465867379.759000,1465867387.989048,1465867393.006029,1465867393.086000
761,1465867379.760000,1465867387.808848,1465867392.815114,1465867392.895000
762,1465867379.760000,1465867387.708837,1465867392.733802,1465867392.814000
763,1465867379.760000,1465867388.821322,1465867393.836527,1465867393.918000
764,1465867379.761000,1465867387.621508,1465867392.630268,1465867392.725000
765,1465867379.761000,1465867388.088494,1465867393.089881,1465867393.178000
766,1465867379.761000,1465867387.819611,1465867392.821060,1465867392.905000
767,1465867379.762000,1465867387.237895,1465867392.257364,1465867392.357000
768,1465867379.762000,1465867388.725077,1465867393.740727,1465867393.821000
769,1465867379.762000,1465867388.077130,1465867393.080603,1465867393.170000
770,1465867379.762000,1465867387.489985,1465867392.505717,1465867392.591000
771,1465867379.763000,1465867388.756094,1465867393.759303,1465867393.840000
772,1465867379.763000,1465867387.913730,1465867392.939902,1465867393.023000
773,1465867379.763000,1465867387.906208,1465867392.907632,1465867392.992000
774,1465867379.763000,1465867387.547179,1465867392.549024,1465867392.624000
775,1465867379.763000,1465867387.686637,1465867392.695973,1465867392.775000
776,1465867379.763000,1465867388.181188,1465867393.190662,1465867393.268000
777,1465867379.763000,1465867388.150823,1465867393.158727,1465867393.253000
778,1465867379.763000,1465867388.174270,1465867393.184790,1465867393.250000
779,1465867379.763000,1465867387.574035,1465867392.590009,1465867392.685000
780,1465867379.763000,1465867388.077389,1465867393.080073,1465867393.174000
781,1465867379.764000,1465867388.087831,1465867393.103781,1465867393.195000
782,1465867379.764000,1465867387.966395,1465867392.968068,1465867393.068000
783,1465867379.764000,1465867387.723471,1465867392.731937,1465867392.813000
784,1465867379.764000,1465867388.074544,1465867393.092009,1465867393.183000
785,1465867379.764000,1465867388.064139,1465867393.079707,1465867393.170000
786,1465867379.764000,1465867386.856018,1465867391.872362,1465867391.955000
787,1465867379.764000,1465867388.031265,1465867393.044225,1465867393.120000
788,1465867379.765000,1465867389.056244,1465867394.065297,1465867394.138000
789,1465867379.765000,1465867389.064089,1465867394.076091,1465867394.148000
790,1465867379.765000,1465867387.991979,1465867393.008330,1465867393.089000
791,1465867379.765000,1465867387.554283,1465867392.567883,1465867392.662000
792,1465867379.765000,1465867387.676360,1465867392.694555,1465867392.774000
793,1465867379.766000,1465867387.762167,1465867392.777869,1465867392.877000
794,1465867379.766000,1465867388.012302,1465867393.026336,1465867393.111000
795,1465867379.766000,1465867387.291725,1465867392.292830,1465867392.390000
796,1465867379.767000,1465867387.776724,1465867392.787425,1465867392.872000
797,1465867379.767000,1465867388.161025,1465867393.176763,1465867393.255000
798,1465867379.767000,1465867387.751690,1465867392.756378,1465867392.851000
799,1465867379.767000,1465867388.734706,1465867393.741313,1465867393.822000
800,1465867379.767000,1465867387.667532,1465867392.668682,1465867392.749000
801,1465867379.768000,1465867387.933335,1465867392.951894,1465867393.035000
802,1465867379.768000,1465867388.757553,1465867393.764091,1465867393.844000
803,1465867379.768000,1465867387.650639,1465867392.656685,1465867392.737000
804,1465867379.768000,1465867388.163944,1465867393.176174,1465867393.255000
805,1465867379.768000,1465867388.045697,1465867393.047430,1465867393.139000
806,1465867379.769000,1465867387.875556,1465867392.885336,1465867392.971000
807,1465867379.769000,1465867387.750487,1465867392.752374,1465867392.847000
808,1465867379.769000,1465867388.093685,1465867393.099708,1465867393.196000
809,1465867379.769000,1465867387.637819,1465867392.645733,1465867392.731000
810,1465867379.769000,1465867387.540774,1465867392.545600,1465867392.630000
811,1465867379.769000,1465867387.375436,1465867392.386477,1465867392.474000
812,1465867379.769000,1465867388.013551,1465867393.025661,1465867393.111000
813,1465867379.769000,1465867388.093888,1465867393.102566,1465867393.191000
814,1465867379.769000,1465867387.893771,1465867392.901685,1465867392.997000
815,1465867379.769000,1465867387.745133,1465867392.757074,1465867392.857000
816,1465867379.770000,1465867388.744355,1465867393.762672,1465867393.843000
817,1465867379.770000,1465867387.963967,1465867392.965985,1465867393.050000
818,1465867379.770000,1465867387.936821,1465867392.943179,1465867393.039000
819,1465867379.770000,1465867387.120772,1465867392.132189,1465867392.215000
820,1465867379.770000,1465867387.811391,1465867392.814669,1465867392.895000
821,1465867379.770000,1465867388.716629,1465867393.721378,1465867393.801000
822,1465867379.770000,1465867387.919537,1465867392.927115,1465867393.027000
823,1465867379.770000,1465867388.769123,1465867393.782537,1465867393.864000
824,1465867379.770000,1465867388.162414,1465867393.184473,1465867393.263000
825,1465867379.771000,1465867387.726628,1465867392.734447,1465867392.815000
826,1465867379.771000,1465867387.423722,1465867392.425625,1465867392.503000
827,1465867379.771000,1465867388.067486,1465867393.088488,1465867393.183000
828,1465867379.772000,1465867387.980742,1465867392.986346,1465867393.079000
829,1465867379.772000,1465867388.061446,1465867393.080974,1465867393.170000
830,1465867379.772000,1465867387.830311,1465867392.834986,1465867392.915000
831,1465867379.772000,1465867387.277738,1465867392.297309,1465867392.397000
832,1465867379.772000,1465867387.113376,1465867392.117390,1465867392.194000
833,1465867379.773000,1465867387.947189,1465867392.963881,1465867393.041000
834,1465867379.773000,1465867387.763644,1465867392.781958,1465867392.879000
835,1465867379.774000,1465867387.829375,1465867392.837730,1465867392.924000
836,1465867379.774000,1465867388.182801,1465867393.198956,1465867393.293000
837,1465867379.774000,1465867387.795112,1465867392.814518,1465867392.909000
838,1465867379.774000,1465867388.105212,1465867393.117848,1465867393.207000
839,1465867379.774000,1465867388.045859,1465867393.064957,1465867393.157000
840,1465867379.774000,1465867387.097849,1465867392.117439,1465867392.195000
841,1465867379.774000,1465867387.917800,1465867392.921573,1465867393.018000
842,1465867379.774000,1465867387.768986,1465867392.774391,1465867392.869000
843,1465867379.774000,1465867387.984206,1465867392.985668,1465867393.071000
844,1465867379.775000,1465867387.792523,1465867392.798199,1465867392.898000
845,1465867379.775000,1465867388.764641,1465867393.783195,1465867393.864000
846,1465867379.775000,1465867387.946736,1465867392.964471,1465867393.043000
847,1465867379.776000,1465867389.052815,1465867394.071342,1465867394.144000
848,1465867379.776000,1465867387.795934,1465867392.797449,1465867392.897000
849,1465867379.776000,1465867388.081890,1465867393.098269,1465867393.196000
850,1465867379.777000,1465867387.584429,1465867392.589082,1465867392.684000
851,1465867379.777000,1465867386.857415,1465867391.873305,1465867391.956000
852,1465867379.777000,1465867387.996442,1465867393.009169,1465867393.110000
853,1465867379.777000,1465867387.990349,1465867393.004754,1465867393.098000
854,1465867379.777000,1465867387.787592,1465867392.794538,1465867392.889000
855,1465867379.777000,1465867387.961512,1465867392.963153,1465867393.057000
856,1465867379.778000,1465867388.112348,1465867393.121817,1465867393.216000
857,1465867379.778000,1465867388.750642,1465867393.764745,1465867393.846000
858,1465867379.778000,1465867388.040674,1465867393.048906,1465867393.129000
859,1465867379.778000,1465867387.920401,1465867392.927628,1465867393.028000
860,1465867379.778000,1465867387.941194,1465867392.961681,1465867393.058000
861,1465867379.778000,1465867388.770003,1465867393.781227,1465867393.862000
862,1465867379.778000,1465867388.107554,1465867393.109003,1465867393.198000
863,1465867379.779000,1465867388.100711,1465867393.120397,1465867393.215000
864,1465867379.779000,1465867387.909995,1465867392.918266,1465867393.017000
865,1465867379.779000,1465867387.730622,1465867392.734350,1465867392.814000
866,1465867379.779000,1465867387.710858,1465867392.719950,1465867392.803000
867,1465867379.779000,1465867388.065936,1465867393.067455,1465867393.160000
868,1465867379.780000,1465867387.899112,1465867392.910227,1465867392.995000
869,1465867379.780000,1465867387.438098,1465867392.441180,1465867392.537000
870,1465867379.781000,1465867387.673927,1465867392.694762,1465867392.775000
871,1465867379.781000,1465867387.653222,1465867392.655783,1465867392.735000
872,1465867379.781000,1465867386.698539,1465867391.714313,1465867391.794000
873,1465867379.781000,1465867388.092597,1465867393.101864,1465867393.190000
874,1465867379.781000,1465867387.839416,1465867392.846115,1465867392.931000
875,1465867379.782000,1465867387.981555,1465867392.987088,1465867393.065000
876,1465867379.782000,1465867387.847077,1465867392.854478,1465867392.950000
877,1465867379.782000,1465867387.764217,1465867392.777120,1465867392.877000
878,1465867379.782000,1465867389.055072,1465867394.070776,1465867394.142000
879,1465867379.783000,1465867387.937243,1465867392.942254,1465867393.038000
880,1465867379.783000,1465867387.870544,1465867392.881627,1465867392.965000
881,1465867379.783000,1465867387.905764,1465867392.912389,1465867392.998000
882,1465867379.783000,1465867388.099533,1465867393.118411,1465867393.208000
883,1465867379.783000,1465867387.673036,1465867392.675470,1465867392.755000
884,1465867379.784000,1465867387.806316,1465867392.814525,1465867392.910000
885,1465867379.784000,1465867388.158258,1465867393.177221,1465867393.257000
886,1465867379.784000,1465867388.102237,1465867393.116621,1465867393.206000
887,1465867379.785000,1465867386.381662,1465867391.397208,1465867391.496000
888,1465867379.785000,1465867387.350678,1465867392.364814,1465867392.453000
889,1465867379.786000,1465867387.894429,1465867392.911440,1465867392.997000
890,1465867379.786000,1465867387.681611,1465867392.695457,1465867392.775000
891,1465867379.786000,1465867388.096062,1465867393.101717,1465867393.191000
892,1465867379.787000,1465867387.965412,1465867392.972167,1465867393.055000
893,1465867379.788000,1465867387.959208,1465867392.964924,1465867393.049000
894,1465867379.788000,1465867387.571896,1465867392.587959,1465867392.682000
895,1465867379.788000,1465867388.106996,1465867393.138095,1465867393.232000
896,1465867379.788000,1465867387.871027,1465867392.880390,1465867392.963000
897,1465867379.788000,1465867387.998774,1465867393.011112,1465867393.112000
898,1465867379.788000,1465867388.048235,1465867393.055589,1465867393.146000
899,1465867379.789000,1465867387.287657,1465867392.302170,1465867392.398000
