0,1465086903.939000,1465086904.637056,1465086909.638268,1465086909.716000
1,1465086903.939000,1465086904.609606,1465086909.644602,1465086909.728000
2,1465086903.939000,1465086904.607710,1465086909.614052,1465086909.689000
3,1465086903.939000,1465086904.587848,1465086909.597649,1465086909.692000
4,1465086903.939000,1465086904.692220,1465086909.700955,1465086909.783000
5,1465086903.939000,1465086904.656356,1465086909.706664,1465086909.791000
6,1465086903.940000,1465086904.623271,1465086909.624792,1465086909.700000
7,1465086903.940000,1465086904.647171,1465086909.648808,1465086909.736000
8,1465086903.940000,1465086904.646600,1465086909.649795,1465086909.730000
9,1465086903.940000,1465086904.653527,1465086909.654813,1465086909.734000
10,1465086903.940000,1465086904.631968,1465086909.633268,1465086909.726000
11,1465086903.940000,1465086904.630799,1465086909.638215,1465086909.713000
12,1465086903.940000,1465086904.638281,1465086909.643454,1465086909.721000
13,1465086903.940000,1465086904.589059,1465086909.590523,1465086909.685000
14,1465086903.940000,1465086904.638763,1465086909.642116,1465086909.726000
15,1465086903.940000,1465086904.634185,1465086909.635715,1465086909.733000
16,1465086903.940000,1465086904.629668,1465086909.631262,1465086909.708000
17,1465086903.940000,1465086904.628472,1465086909.630050,1465086909.714000
18,1465086903.940000,1465086904.607635,1465086909.609184,1465086909.696000
19,1465086903.940000,1465086904.901907,1465086909.904397,1465086909.987000
20,1465086903.940000,1465086904.636974,1465086909.697508,1465086909.792000
21,1465086903.940000,1465086904.610665,1465086909.615348,1465086909.694000
22,1465086903.940000,1465086904.656373,1465086909.710509,1465086909.795000
23,1465086903.940000,1465086904.649253,1465086909.650609,1465086909.736000
24,1465086903.940000,1465086904.605866,1465086909.607807,1465086909.686000
25,1465086903.941000,1465086904.612331,1465086909.613686,1465086909.701000
26,1465086903.941000,0.000000,0.000000,0.000000
27,1465086903.941000,1465086904.628187,1465086909.644546,1465086909.736000
28,1465086903.941000,1465086904.679700,1465086909.693250,1465086909.768000
29,1465086903.941000,1465086904.631566,1465086909.633087,1465086909.713000
30,1465086903.941000,1465086904.660627,1465086909.661953,1465086909.742000
31,1465086903.941000,1465086904.641326,1465086909.642981,1465086909.737000
32,1465086903.942000,1465086904.869885,1465086909.871340,1465086909.954000
33,1465086903.942000,1465086904.636843,1465086909.638899,1465086909.723000
34,1465086903.942000,1465086904.607370,1465086909.609094,1465086909.687000
35,1465086903.942000,1465086904.614976,1465086909.616687,1465086909.694000
36,1465086903.942000,0.000000,0.000000,0.000000
37,1465086903.942000,1465086904.626568,1465086909.627840,1465086909.705000
38,1465086903.942000,1465086904.876695,1465086909.877980,1465086909.971000
39,1465086903.943000,1465086904.636260,1465086909.637994,1465086909.733000
40,1465086903.943000,1465086904.690737,1465086909.692366,1465086909.773000
41,1465086903.943000,1465086904.604496,1465086909.606002,1465086909.690000
42,1465086903.943000,1465086904.597095,1465086909.598679,1465086909.683000
43,1465086903.943000,1465086904.652353,1465086909.653916,1465086909.746000
44,1465086903.944000,1465086904.856106,1465086909.857401,1465086909.945000
45,1465086903.944000,1465086904.605459,1465086909.613316,1465086909.688000
46,1465086903.944000,1465086904.626847,1465086909.628877,1465086909.715000
47,1465086903.944000,1465086904.635023,1465086909.636361,1465086909.724000
48,1465086903.946000,1465086904.647931,1465086909.660391,1465086909.743000
49,1465086903.946000,1465086904.657939,1465086909.674775,1465086909.760000
50,1465086903.946000,1465086904.855225,1465086909.856509,1465086909.951000
51,1465086903.946000,1465086904.605855,1465086909.607542,1465086909.684000
52,1465086903.946000,1465086904.613872,1465086909.633158,1465086909.708000
53,1465086903.946000,1465086904.649812,1465086909.651350,1465086909.733000
54,1465086903.946000,1465086904.913863,1465086909.915130,1465086909.997000
55,1465086903.946000,0.000000,0.000000,0.000000
56,1465086903.946000,1465086904.604742,1465086909.606336,1465086909.699000
57,1465086903.946000,1465086904.598829,1465086909.600120,1465086909.687000
58,1465086903.946000,1465086904.665926,1465086909.683671,1465086909.779000
59,1465086903.946000,1465086904.606389,1465086909.610679,1465086909.688000
60,1465086903.946000,1465086904.626232,1465086909.627719,1465086909.703000
61,1465086903.947000,1465086904.875076,1465086909.876601,1465086909.971000
62,1465086903.949000,1465086904.934021,1465086909.935659,1465086910.018000
63,1465086903.948000,1465086904.639844,1465086909.641305,1465086909.728000
64,1465086903.948000,1465086904.620353,1465086909.621633,1465086909.697000
65,1465086903.949000,1465086904.643452,1465086909.645354,1465086909.722000
66,1465086903.954000,1465086904.619615,1465086909.643852,1465086909.736000
67,1465086903.955000,1465086904.624838,1465086909.630148,1465086909.714000
68,1465086903.955000,1465086904.616884,1465086909.618644,1465086909.714000
69,1465086903.955000,1465086904.896043,1465086909.898332,1465086909.994000
70,1465086903.955000,1465086904.881169,1465086909.882409,1465086909.974000
71,1465086903.955000,1465086904.662631,1465086909.663941,1465086909.742000
72,1465086903.955000,1465086904.611074,1465086909.612449,1465086909.697000
73,1465086903.955000,1465086904.865410,1465086909.867231,1465086909.962000
74,1465086903.955000,1465086904.921462,1465086909.922858,1465086910.010000
75,1465086903.955000,1465086904.624141,1465086909.625594,1465086909.723000
76,1465086903.955000,1465086904.609066,1465086909.611058,1465086909.694000
77,1465086903.955000,1465086904.899840,1465086909.907323,1465086909.989000
78,1465086903.955000,1465086904.950991,1465086909.967785,1465086910.081000
79,1465086903.956000,1465086904.648912,1465086909.650261,1465086909.726000
80,1465086903.956000,1465086904.859117,1465086909.860685,1465086909.973000
81,1465086903.956000,1465086904.934611,1465086909.935925,1465086910.020000
82,1465086903.956000,1465086904.607153,1465086909.643606,1465086909.727000
83,1465086903.956000,1465086904.641697,1465086909.642990,1465086909.729000
84,1465086903.956000,1465086904.625856,1465086909.628662,1465086909.709000
85,1465086903.956000,1465086904.885779,1465086909.887005,1465086909.965000
86,1465086903.956000,1465086904.883441,1465086909.884741,1465086909.962000
87,1465086903.956000,1465086904.674039,1465086909.679171,1465086909.774000
88,1465086903.956000,1465086904.603857,1465086909.624906,1465086909.702000
89,1465086903.956000,1465086904.900841,1465086909.902140,1465086909.995000
90,1465086903.956000,1465086904.644615,1465086909.649095,1465086909.725000
91,1465086903.956000,1465086904.873511,1465086909.874751,1465086909.952000
92,1465086903.956000,1465086904.666634,1465086909.672945,1465086909.757000
93,1465086903.956000,1465086904.628766,1465086909.630246,1465086909.708000
94,1465086903.956000,0.000000,0.000000,0.000000
95,1465086903.956000,1465086904.643939,1465086909.682153,1465086909.770000
96,1465086903.956000,0.000000,0.000000,0.000000
97,1465086903.957000,1465086904.639855,1465086909.641288,1465086909.723000
98,1465086903.957000,1465086904.935696,1465086909.946193,1465086910.054000
99,1465086903.957000,1465086904.597669,1465086909.599122,1465086909.691000
100,1465086903.957000,1465086904.641836,1465086909.647698,1465086909.732000
101,1465086903.957000,1465086904.856296,1465086909.857550,1465086909.944000
102,1465086903.957000,1465086904.955651,1465086909.956950,1465086910.040000
103,1465086903.957000,1465086904.678797,1465086909.680231,1465086909.761000
104,1465086903.957000,1465086904.594308,1465086909.595847,1465086909.708000
105,1465086903.957000,1465086904.645924,1465086909.647140,1465086909.733000
106,1465086903.957000,1465086904.596829,1465086909.607532,1465086909.692000
107,1465086903.957000,1465086904.644625,1465086909.646194,1465086909.722000
108,1465086903.957000,1465086904.616489,1465086909.617749,1465086909.711000
109,1465086903.957000,1465086904.661433,1465086909.679608,1465086909.774000
110,1465086903.957000,1465086904.627631,1465086909.628971,1465086909.723000
111,1465086903.957000,1465086904.663376,1465086909.713428,1465086909.807000
112,1465086903.957000,1465086904.657275,1465086909.659406,1465086909.743000
113,1465086903.958000,1465086904.580053,1465086909.588403,1465086909.699000
114,1465086903.958000,1465086904.866855,1465086909.868352,1465086909.944000
115,1465086903.958000,1465086904.930737,1465086909.934776,1465086910.027000
116,1465086903.959000,1465086904.635435,1465086909.637196,1465086909.720000
117,1465086903.962000,1465086904.604401,1465086909.661261,1465086909.739000
118,1465086903.968000,1465086904.890021,1465086909.891667,1465086909.984000
119,1465086903.969000,1465086904.660502,1465086909.665000,1465086909.748000
120,1465086903.969000,1465086904.683205,1465086909.684890,1465086909.777000
121,1465086903.969000,1465086906.422215,1465086911.423768,1465086911.507000
122,1465086903.969000,1465086904.662175,1465086909.663502,1465086909.743000
123,1465086903.969000,1465086904.640030,1465086909.641812,1465086909.737000
124,1465086903.969000,1465086904.934866,1465086909.936584,1465086910.044000
125,1465086903.969000,0.000000,0.000000,0.000000
126,1465086903.969000,1465086904.592717,1465086909.594326,1465086909.690000
127,1465086903.969000,1465086904.605567,1465086909.608133,1465086909.684000
128,1465086903.970000,1465086904.891905,1465086909.893200,1465086909.971000
129,1465086903.970000,1465086904.953513,1465086909.983778,1465086910.078000
130,1465086903.970000,1465086904.863273,1465086909.889091,1465086909.972000
131,1465086903.970000,0.000000,0.000000,0.000000
132,1465086903.970000,0.000000,0.000000,0.000000
133,1465086903.970000,1465086904.840674,1465086909.842009,1465086909.955000
134,1465086903.970000,1465086904.933669,1465086909.935084,1465086910.029000
135,1465086903.970000,1465086904.654973,1465086909.656563,1465086909.735000
136,1465086903.971000,1465086904.904621,1465086909.905881,1465086909.993000
137,1465086903.971000,1465086904.636512,1465086909.637920,1465086909.721000
138,1465086903.972000,1465086904.871271,1465086909.903926,1465086909.999000
139,1465086903.972000,1465086904.638929,1465086909.675134,1465086909.750000
140,1465086903.972000,1465086904.683614,1465086909.695391,1465086909.770000
141,1465086903.972000,1465086904.608163,1465086909.609827,1465086909.686000
142,1465086903.972000,1465086904.893000,1465086909.894449,1465086909.988000
143,1465086903.972000,1465086904.910419,1465086909.911649,1465086909.990000
144,1465086903.972000,1465086904.867023,1465086909.868348,1465086909.976000
145,1465086903.972000,1465086904.930661,1465086909.932039,1465086910.040000
146,1465086903.972000,1465086904.620627,1465086909.628775,1465086909.711000
147,1465086903.972000,1465086904.667154,1465086909.668717,1465086909.751000
148,1465086903.972000,0.000000,0.000000,0.000000
149,1465086903.972000,1465086904.927937,1465086909.929174,1465086910.013000
150,1465086903.972000,1465086904.701428,1465086909.732141,1465086909.822000
151,1465086903.972000,1465086904.618973,1465086909.620432,1465086909.695000
152,1465086903.973000,1465086904.620238,1465086909.621850,1465086909.709000
153,1465086903.974000,1465086906.407257,1465086911.408760,1465086911.496000
154,1465086903.974000,1465086904.611274,1465086909.612810,1465086909.688000
155,1465086903.974000,1465086904.897993,1465086909.905594,1465086910.013000
156,1465086903.974000,1465086904.610951,1465086909.612621,1465086909.689000
157,1465086903.974000,1465086906.423612,1465086911.425096,1465086911.513000
158,1465086903.974000,1465086904.916082,1465086909.917317,1465086910.010000
159,1465086903.974000,1465086904.671762,1465086909.673272,1465086909.755000
160,1465086903.974000,1465086904.626994,1465086909.629150,1465086909.714000
161,1465086903.974000,1465086904.659786,1465086909.698816,1465086909.791000
162,1465086903.974000,1465086904.887999,1465086909.889346,1465086909.981000
163,1465086903.974000,1465086904.884702,1465086909.886739,1465086909.981000
164,1465086903.974000,1465086904.602079,1465086909.603636,1465086909.691000
165,1465086903.974000,1465086904.989414,1465086909.990663,1465086910.078000
166,1465086903.974000,1465086904.641156,1465086909.642456,1465086909.730000
167,1465086903.975000,1465086904.620782,1465086909.622316,1465086909.715000
168,1465086903.976000,1465086904.893304,1465086909.894576,1465086909.981000
169,1465086903.976000,0.000000,0.000000,0.000000
170,1465086903.976000,1465086904.971548,1465086909.972981,1465086910.065000
171,1465086903.976000,1465086904.667218,1465086909.669013,1465086909.752000
172,1465086903.976000,0.000000,0.000000,0.000000
173,1465086903.976000,1465086904.902900,1465086909.904375,1465086909.996000
174,1465086903.976000,1465086904.883039,1465086909.884431,1465086909.966000
175,1465086903.976000,1465086904.883615,1465086909.884837,1465086909.964000
176,1465086903.976000,1465086904.670623,1465086909.721724,1465086909.804000
177,1465086903.976000,1465086904.665695,1465086909.667209,1465086909.746000
178,1465086903.976000,1465086904.953229,1465086909.954827,1465086910.050000
179,1465086903.976000,1465086904.935105,1465086909.936406,1465086910.029000
180,1465086903.976000,1465086904.878383,1465086909.879686,1465086909.972000
181,1465086903.976000,1465086904.672942,1465086909.674471,1465086909.749000
182,1465086903.976000,1465086904.667401,1465086909.725713,1465086909.819000
183,1465086903.976000,1465086904.683696,1465086909.687508,1465086909.767000
184,1465086903.976000,1465086904.638878,1465086909.640138,1465086909.732000
185,1465086903.976000,1465086904.869479,1465086909.871256,1465086909.966000
186,1465086903.976000,1465086904.944072,1465086909.945673,1465086910.054000
187,1465086903.976000,1465086904.700545,1465086909.701975,1465086909.780000
188,1465086903.976000,1465086904.947322,1465086909.948981,1465086910.057000
189,1465086903.976000,0.000000,0.000000,0.000000
190,1465086903.976000,1465086904.636030,1465086909.640161,1465086909.724000
191,1465086903.976000,1465086904.906117,1465086909.907560,1465086909.992000
192,1465086903.976000,1465086904.627105,1465086909.628660,1465086909.703000
193,1465086903.976000,0.000000,0.000000,0.000000
194,1465086903.976000,1465086904.899236,1465086909.900562,1465086910.008000
195,1465086903.976000,1465086904.614680,1465086909.615902,1465086909.694000
196,1465086903.976000,1465086904.715531,1465086909.717244,1465086909.810000
197,1465086903.977000,1465086904.693188,1465086909.694960,1465086909.774000
198,1465086903.977000,1465086904.610933,1465086909.612304,1465086909.695000
199,1465086903.977000,0.000000,0.000000,0.000000
200,1465086903.977000,1465086904.649732,1465086909.650958,1465086909.729000
201,1465086903.977000,1465086904.677109,1465086909.726321,1465086909.810000
202,1465086903.977000,1465086904.660565,1465086909.690991,1465086909.783000
203,1465086903.977000,1465086904.939682,1465086909.941399,1465086910.049000
204,1465086903.977000,1465086904.637886,1465086909.639899,1465086909.732000
205,1465086903.977000,1465086904.588578,1465086909.605882,1465086909.714000
206,1465086903.977000,0.000000,0.000000,0.000000
207,1465086903.977000,1465086904.698035,1465086909.699780,1465086909.786000
208,1465086903.977000,1465086904.877986,1465086909.879360,1465086909.992000
209,1465086903.977000,1465086904.921898,1465086909.923365,1465086909.999000
210,1465086903.977000,1465086904.612550,1465086909.613887,1465086909.690000
211,1465086903.977000,1465086904.848978,1465086909.851198,1465086909.946000
212,1465086903.977000,1465086904.936663,1465086909.937953,1465086910.025000
213,1465086903.977000,1465086904.903256,1465086909.913232,1465086910.006000
214,1465086903.977000,1465086904.888950,1465086909.890214,1465086909.978000
215,1465086903.977000,1465086904.654405,1465086909.656015,1465086909.734000
216,1465086903.977000,1465086904.902193,1465086909.904405,1465086909.998000
217,1465086903.977000,1465086904.623532,1465086909.626019,1465086909.724000
218,1465086903.977000,1465086904.622438,1465086909.626494,1465086909.711000
219,1465086903.977000,1465086904.937108,1465086909.938327,1465086910.015000
220,1465086903.977000,1465086904.662844,1465086909.667508,1465086909.749000
221,1465086903.977000,1465086904.618834,1465086909.624206,1465086909.707000
222,1465086903.977000,1465086904.621288,1465086909.622546,1465086909.717000
223,1465086903.977000,1465086904.898439,1465086909.899819,1465086909.980000
224,1465086903.977000,1465086904.668984,1465086909.670276,1465086909.748000
225,1465086903.977000,1465086904.636126,1465086909.637947,1465086909.729000
226,1465086903.977000,1465086904.907864,1465086909.909207,1465086909.991000
227,1465086903.977000,1465086904.695748,1465086909.745602,1465086909.838000
228,1465086903.977000,1465086904.675253,1465086909.685622,1465086909.762000
229,1465086903.978000,1465086904.930760,1465086909.963248,1465086910.056000
230,1465086903.978000,1465086904.879831,1465086909.881346,1465086909.973000
231,1465086903.978000,1465086904.649834,1465086909.665727,1465086909.749000
232,1465086903.978000,1465086904.864530,1465086909.866071,1465086909.952000
233,1465086903.978000,1465086904.871112,1465086909.872515,1465086909.985000
234,1465086903.978000,1465086904.617359,1465086909.618876,1465086909.703000
235,1465086903.978000,1465086904.931664,1465086909.933070,1465086910.025000
236,1465086903.978000,1465086904.610554,1465086909.612130,1465086909.719000
237,1465086903.978000,1465086904.689905,1465086909.692035,1465086909.778000
238,1465086903.978000,1465086904.711038,1465086909.740528,1465086909.822000
239,1465086903.978000,1465086904.652389,1465086909.653859,1465086909.736000
240,1465086903.978000,1465086904.643459,1465086909.644798,1465086909.737000
241,1465086903.978000,1465086904.655844,1465086909.658598,1465086909.754000
242,1465086903.978000,1465086904.946636,1465086909.947916,1465086910.034000
243,1465086903.978000,1465086904.867353,1465086909.868882,1465086909.951000
244,1465086903.978000,1465086904.691371,1465086909.692814,1465086909.780000
245,1465086903.978000,1465086904.915616,1465086909.916929,1465086910.001000
246,1465086903.978000,1465086904.674745,1465086909.726276,1465086909.819000
247,1465086903.978000,1465086904.690279,1465086909.691684,1465086909.775000
248,1465086903.978000,0.000000,0.000000,0.000000
249,1465086903.978000,1465086904.673188,1465086909.675239,1465086909.763000
250,1465086903.978000,1465086904.684637,1465086909.721019,1465086909.799000
251,1465086903.978000,1465086904.916128,1465086909.917421,1465086910.005000
252,1465086903.978000,1465086904.662666,1465086909.676174,1465086909.751000
253,1465086903.978000,1465086904.626038,1465086909.643597,1465086909.741000
254,1465086903.978000,1465086904.901663,1465086909.902898,1465086909.998000
255,1465086903.978000,1465086904.860480,1465086909.861706,1465086909.974000
256,1465086903.978000,1465086904.929955,1465086909.931392,1465086910.012000
257,1465086903.978000,1465086904.647801,1465086909.664179,1465086909.747000
258,1465086903.978000,1465086904.635387,1465086909.688620,1465086909.781000
259,1465086903.978000,0.000000,0.000000,0.000000
260,1465086903.978000,1465086904.926689,1465086909.928261,1465086910.005000
261,1465086903.978000,1465086904.610016,1465086909.611905,1465086909.687000
262,1465086903.978000,1465086904.689455,1465086909.691239,1465086909.783000
263,1465086903.979000,1465086904.675719,1465086909.677238,1465086909.752000
264,1465086903.979000,1465086904.858339,1465086909.859782,1465086909.952000
265,1465086903.979000,1465086904.621095,1465086909.622338,1465086909.715000
266,1465086903.979000,1465086904.649338,1465086909.664413,1465086909.759000
267,1465086903.979000,1465086904.619796,1465086909.622476,1465086909.719000
268,1465086903.979000,1465086904.681869,1465086909.685424,1465086909.777000
269,1465086903.979000,1465086904.593723,1465086909.651324,1465086909.746000
270,1465086903.979000,1465086904.867936,1465086909.881408,1465086909.969000
271,1465086903.979000,1465086904.660288,1465086909.662235,1465086909.755000
272,1465086903.979000,1465086904.902283,1465086909.903997,1465086909.997000
273,1465086903.979000,1465086904.918940,1465086909.920216,1465086910.013000
274,1465086903.981000,1465086904.648466,1465086909.667827,1465086909.760000
275,1465086903.981000,1465086904.890275,1465086909.891696,1465086910.004000
276,1465086903.982000,1465086904.902756,1465086909.904222,1465086909.981000
277,1465086903.990000,1465086904.689624,1465086909.701671,1465086909.785000
278,1465086903.990000,1465086904.934463,1465086909.936316,1465086910.018000
279,1465086903.990000,1465086904.894967,1465086909.896365,1465086909.974000
280,1465086903.997000,1465086904.682657,1465086909.684465,1465086909.777000
281,1465086903.998000,1465086904.653218,1465086909.654511,1465086909.731000
282,1465086903.999000,1465086904.676872,1465086909.678732,1465086909.765000
283,1465086903.999000,1465086904.580703,1465086909.583453,1465086909.691000
284,1465086903.999000,1465086904.910681,1465086909.913318,1465086909.998000
285,1465086903.999000,1465086904.646116,1465086909.657108,1465086909.749000
286,1465086903.999000,1465086904.906594,1465086909.907907,1465086909.985000
287,1465086903.999000,1465086904.650913,1465086909.668007,1465086909.751000
288,1465086903.999000,1465086904.637148,1465086909.644220,1465086909.728000
289,1465086903.999000,1465086904.663881,1465086909.665809,1465086909.761000
290,1465086903.999000,1465086904.637774,1465086909.639065,1465086909.723000
291,1465086904.000000,1465086904.648486,1465086909.649866,1465086909.725000
292,1465086904.000000,1465086904.680704,1465086909.681994,1465086909.774000
293,1465086904.000000,1465086904.694296,1465086909.695956,1465086909.775000
294,1465086904.000000,1465086904.596511,1465086909.598027,1465086909.691000
295,1465086904.000000,0.000000,0.000000,0.000000
296,1465086904.000000,1465086904.932795,1465086909.934182,1465086910.032000
297,1465086904.000000,1465086904.648111,1465086909.666292,1465086909.754000
298,1465086904.000000,1465086904.673172,1465086909.703282,1465086909.786000
299,1465086904.000000,1465086904.630584,1465086909.631990,1465086909.724000
300,1465086904.000000,1465086904.675677,1465086909.683277,1465086909.770000
301,1465086904.000000,1465086904.607217,1465086909.608584,1465086909.701000
302,1465086904.001000,1465086904.928041,1465086909.929304,1465086910.006000
303,1465086904.001000,1465086904.699419,1465086909.701599,1465086909.776000
304,1465086904.001000,1465086904.689697,1465086909.690958,1465086909.769000
305,1465086904.001000,1465086904.913012,1465086909.914263,1465086909.998000
306,1465086904.001000,1465086904.676536,1465086909.677952,1465086909.759000
307,1465086904.001000,1465086904.896684,1465086909.897908,1465086910.011000
308,1465086904.001000,1465086904.611224,1465086909.612879,1465086909.707000
309,1465086904.001000,1465086904.937928,1465086909.943226,1465086910.037000
310,1465086904.002000,1465086904.877305,1465086909.878795,1465086909.973000
311,1465086904.002000,1465086904.685462,1465086909.689818,1465086909.775000
312,1465086904.002000,1465086904.670703,1465086909.672196,1465086909.756000
313,1465086904.002000,1465086904.637723,1465086909.639094,1465086909.723000
314,1465086904.002000,1465086904.704141,1465086909.721473,1465086909.807000
315,1465086904.003000,1465086904.656222,1465086909.701778,1465086909.787000
316,1465086904.003000,1465086904.678544,1465086909.712238,1465086909.802000
317,1465086904.003000,1465086904.580703,1465086909.582565,1465086909.691000
318,1465086904.003000,1465086904.699418,1465086909.753685,1465086909.829000
319,1465086904.003000,1465086904.691139,1465086909.702788,1465086909.789000
320,1465086904.003000,1465086904.673257,1465086909.674900,1465086909.773000
321,1465086904.003000,1465086904.914862,1465086909.916209,1465086910.012000
322,1465086904.004000,1465086904.900021,1465086909.904871,1465086910.001000
323,1465086904.003000,1465086904.630344,1465086909.631637,1465086909.715000
324,1465086904.004000,1465086904.650232,1465086909.651389,1465086909.736000
325,1465086904.004000,1465086904.668809,1465086909.670666,1465086909.758000
326,1465086904.004000,1465086904.671779,1465086909.692958,1465086909.786000
327,1465086904.004000,1465086904.700269,1465086909.713973,1465086909.800000
328,1465086904.004000,1465086904.646010,1465086909.647238,1465086909.742000
329,1465086904.005000,1465086904.931863,1465086909.933221,1465086910.020000
330,1465086904.005000,1465086904.963531,1465086909.964909,1465086910.060000
331,1465086904.005000,0.000000,0.000000,0.000000
332,1465086904.005000,1465086904.679902,1465086909.684926,1465086909.780000
333,1465086904.005000,1465086904.689869,1465086909.692166,1465086909.769000
334,1465086904.005000,1465086904.865840,1465086909.867196,1465086909.963000
335,1465086904.005000,1465086904.679669,1465086909.681309,1465086909.766000
336,1465086904.005000,1465086904.665076,1465086909.666610,1465086909.749000
337,1465086904.005000,1465086904.895391,1465086909.904872,1465086910.000000
338,1465086904.005000,1465086904.663789,1465086909.665214,1465086909.756000
339,1465086904.005000,1465086904.668119,1465086909.670081,1465086909.752000
340,1465086904.005000,1465086904.645576,1465086909.647327,1465086909.731000
341,1465086904.005000,1465086904.700167,1465086909.745761,1465086909.825000
342,1465086904.006000,1465086904.896664,1465086909.897988,1465086909.985000
343,1465086904.006000,1465086904.635057,1465086909.636712,1465086909.720000
344,1465086904.006000,1465086904.648491,1465086909.650210,1465086909.732000
345,1465086904.006000,1465086904.605289,1465086909.608133,1465086909.684000
346,1465086904.006000,1465086904.966581,1465086909.996057,1465086910.088000
347,1465086904.006000,1465086904.901317,1465086909.911782,1465086910.007000
348,1465086904.006000,1465086904.905996,1465086909.908381,1465086909.989000
349,1465086904.006000,1465086904.651652,1465086909.652973,1465086909.728000
350,1465086904.006000,1465086904.871901,1465086909.873275,1465086909.959000
351,1465086904.007000,1465086905.689724,1465086910.691381,1465086910.784000
352,1465086904.007000,1465086904.981575,1465086909.982857,1465086910.070000
353,1465086904.007000,1465086904.667155,1465086909.703626,1465086909.801000
354,1465086904.007000,1465086904.693708,1465086909.709663,1465086909.795000
355,1465086904.007000,1465086904.944790,1465086909.946268,1465086910.037000
356,1465086904.007000,1465086904.679772,1465086909.681335,1465086909.758000
357,1465086904.008000,1465086904.726557,1465086909.728724,1465086909.811000
358,1465086904.008000,1465086904.655273,1465086909.657047,1465086909.740000
359,1465086904.008000,1465086904.680460,1465086909.737409,1465086909.819000
360,1465086904.008000,1465086904.642133,1465086909.703365,1465086909.787000
361,1465086904.008000,1465086904.629249,1465086909.630554,1465086909.718000
362,1465086904.008000,1465086904.721543,1465086909.738463,1465086909.820000
363,1465086904.008000,1465086904.665168,1465086909.667321,1465086909.748000
364,1465086904.008000,1465086904.929655,1465086909.931052,1465086910.043000
365,1465086904.008000,1465086904.681052,1465086909.682452,1465086909.768000
366,1465086904.009000,1465086904.903228,1465086909.904618,1465086910.002000
367,1465086904.009000,1465086904.673923,1465086909.675406,1465086909.759000
368,1465086904.009000,1465086904.960011,1465086909.961217,1465086910.055000
369,1465086904.009000,1465086904.701962,1465086909.703232,1465086909.783000
370,1465086904.009000,1465086904.940913,1465086909.942191,1465086910.027000
371,1465086904.009000,1465086904.678274,1465086909.679501,1465086909.767000
372,1465086904.009000,1465086904.622596,1465086909.637959,1465086909.713000
373,1465086904.009000,1465086904.668974,1465086909.676983,1465086909.770000
374,1465086904.009000,1465086904.673660,1465086909.675179,1465086909.763000
375,1465086904.009000,1465086904.914352,1465086909.915591,1465086909.999000
376,1465086904.010000,1465086904.666669,1465086909.668414,1465086909.745000
377,1465086904.010000,1465086904.655966,1465086909.700320,1465086909.784000
378,1465086904.010000,1465086904.667200,1465086909.669154,1465086909.762000
379,1465086904.010000,1465086904.669697,1465086909.671796,1465086909.748000
380,1465086904.010000,1465086904.644045,1465086909.645700,1465086909.728000
381,1465086904.010000,1465086904.930106,1465086909.931394,1465086910.024000
382,1465086904.010000,1465086904.626847,1465086909.628904,1465086909.715000
383,1465086904.010000,1465086904.677289,1465086909.678837,1465086909.755000
384,1465086904.010000,1465086904.650516,1465086909.651786,1465086909.735000
385,1465086904.011000,1465086904.660667,1465086909.664250,1465086909.748000
386,1465086904.011000,1465086904.685863,1465086909.689520,1465086909.765000
387,1465086904.011000,1465086904.692066,1465086909.722147,1465086909.808000
388,1465086904.011000,1465086904.677492,1465086909.679102,1465086909.773000
389,1465086904.011000,1465086904.681392,1465086909.683409,1465086909.767000
390,1465086904.012000,1465086904.621785,1465086909.623329,1465086909.705000
391,1465086904.012000,1465086904.655095,1465086909.656286,1465086909.743000
392,1465086904.012000,1465086904.683748,1465086909.685452,1465086909.769000
393,1465086904.012000,1465086904.670068,1465086909.671608,1465086909.755000
394,1465086904.012000,1465086904.688345,1465086909.689896,1465086909.768000
395,1465086904.012000,1465086904.683375,1465086909.685089,1465086909.762000
396,1465086904.013000,1465086904.675818,1465086909.717762,1465086909.813000
397,1465086904.013000,1465086904.679664,1465086909.681332,1465086909.764000
398,1465086904.013000,1465086904.697741,1465086909.709761,1465086909.798000
399,1465086904.013000,1465086904.636328,1465086909.643784,1465086909.728000
400,1465086904.013000,1465086904.680639,1465086909.682093,1465086909.756000
401,1465086904.013000,1465086904.658231,1465086909.660166,1465086909.746000
402,1465086904.013000,1465086904.672903,1465086909.681726,1465086909.777000
403,1465086904.014000,1465086904.928246,1465086909.932896,1465086910.026000
404,1465086904.014000,1465086904.647253,1465086909.666390,1465086909.764000
405,1465086904.014000,1465086904.682188,1465086909.685143,1465086909.766000
406,1465086904.014000,1465086904.620978,1465086909.622360,1465086909.730000
407,1465086904.014000,1465086904.631430,1465086909.632643,1465086909.727000
408,1465086904.014000,1465086904.673652,1465086909.675168,1465086909.763000
409,1465086904.014000,1465086904.851884,1465086909.906200,1465086909.990000
410,1465086904.014000,1465086904.973938,1465086909.975121,1465086910.059000
411,1465086904.014000,1465086904.678550,1465086909.681563,1465086909.782000
412,1465086904.014000,1465086904.662645,1465086909.664032,1465086909.748000
413,1465086904.014000,1465086904.631229,1465086909.632501,1465086909.725000
414,1465086904.015000,1465086904.679524,1465086909.681475,1465086909.783000
415,1465086904.015000,1465086904.668099,1465086909.718341,1465086909.814000
416,1465086904.016000,1465086904.670080,1465086909.677563,1465086909.771000
417,1465086904.016000,1465086904.913804,1465086909.923553,1465086910.016000
418,1465086904.016000,1465086904.659580,1465086909.666598,1465086909.750000
419,1465086904.016000,1465086904.698554,1465086909.745734,1465086909.826000
420,1465086904.016000,1465086904.674295,1465086909.676039,1465086909.752000
421,1465086904.016000,1465086904.642315,1465086909.643572,1465086909.735000
422,1465086904.016000,1465086904.698128,1465086909.702537,1465086909.788000
423,1465086904.016000,1465086904.692906,1465086909.705657,1465086909.788000
424,1465086904.016000,1465086904.674137,1465086909.675795,1465086909.760000
425,1465086904.016000,1465086904.659170,1465086909.660517,1465086909.735000
426,1465086904.017000,1465086904.946221,1465086909.947554,1465086910.029000
427,1465086904.017000,1465086904.716888,1465086909.734871,1465086909.810000
428,1465086904.017000,1465086904.688413,1465086909.690223,1465086909.771000
429,1465086904.017000,1465086904.660011,1465086909.662624,1465086909.760000
430,1465086904.017000,1465086904.671666,1465086909.673570,1465086909.768000
431,1465086904.017000,1465086904.926418,1465086909.927783,1465086910.026000
432,1465086904.017000,1465086904.660797,1465086909.662972,1465086909.747000
433,1465086904.018000,1465086904.689994,1465086909.703873,1465086909.796000
434,1465086904.018000,1465086904.676044,1465086909.677558,1465086909.761000
435,1465086904.018000,1465086904.677516,1465086909.683032,1465086909.776000
436,1465086904.019000,1465086904.674786,1465086909.692760,1465086909.770000
437,1465086904.019000,1465086904.690534,1465086909.693918,1465086909.769000
438,1465086904.019000,1465086904.678925,1465086909.680612,1465086909.773000
439,1465086904.019000,1465086904.903423,1465086909.904795,1465086910.013000
440,1465086904.019000,1465086904.658396,1465086909.659793,1465086909.739000
441,1465086904.019000,1465086904.641828,1465086909.644328,1465086909.728000
442,1465086904.019000,1465086904.676223,1465086909.679212,1465086909.759000
443,1465086904.019000,1465086904.658067,1465086909.659822,1465086909.742000
444,1465086904.020000,1465086904.701031,1465086909.759490,1465086909.836000
445,1465086904.020000,1465086904.665245,1465086909.667397,1465086909.742000
446,1465086904.020000,1465086904.672826,1465086909.674493,1465086909.752000
447,1465086904.020000,1465086904.907483,1465086909.913509,1465086910.006000
448,1465086904.020000,1465086904.691042,1465086909.702292,1465086909.785000
449,1465086904.020000,1465086904.881158,1465086909.882449,1465086909.964000
450,1465086904.020000,1465086904.687866,1465086909.745031,1465086909.824000
451,1465086904.021000,1465086904.664330,1465086909.666552,1465086909.769000
452,1465086904.021000,1465086904.653115,1465086909.654878,1465086909.747000
453,1465086904.021000,1465086904.671286,1465086909.673190,1465086909.757000
454,1465086904.021000,1465086904.671580,1465086909.673329,1465086909.767000
455,1465086904.021000,1465086904.702102,1465086909.710387,1465086909.793000
456,1465086904.021000,1465086904.687878,1465086909.710749,1465086909.797000
457,1465086904.021000,1465086904.656900,1465086909.660919,1465086909.745000
458,1465086904.021000,1465086904.680616,1465086909.682660,1465086909.770000
459,1465086904.022000,1465086904.645531,1465086909.647285,1465086909.739000
460,1465086904.022000,1465086904.671293,1465086909.672887,1465086909.760000
461,1465086904.022000,1465086904.655359,1465086909.656981,1465086909.741000
462,1465086904.022000,1465086904.934889,1465086909.943520,1465086910.042000
463,1465086904.022000,1465086904.644666,1465086909.645964,1465086909.741000
464,1465086904.023000,1465086904.947691,1465086909.948935,1465086910.033000
465,1465086904.023000,1465086904.700074,1465086909.713647,1465086909.800000
466,1465086904.023000,1465086904.930163,1465086909.931627,1465086910.008000
467,1465086904.023000,1465086904.686893,1465086909.706776,1465086909.791000
468,1465086904.023000,1465086904.661280,1465086909.662682,1465086909.737000
469,1465086904.023000,1465086904.704171,1465086909.706359,1465086909.783000
470,1465086904.023000,1465086904.698287,1465086909.699732,1465086909.785000
471,1465086904.023000,1465086904.923185,1465086909.924675,1465086910.037000
472,1465086904.024000,1465086904.680235,1465086909.681940,1465086909.761000
473,1465086904.024000,1465086904.693934,1465086909.702985,1465086909.785000
474,1465086904.024000,1465086904.667454,1465086909.669104,1465086909.750000
475,1465086904.024000,1465086904.683359,1465086909.741036,1465086909.818000
476,1465086904.025000,1465086904.886380,1465086909.887806,1465086909.982000
477,1465086904.025000,1465086904.672106,1465086909.701460,1465086909.789000
478,1465086904.025000,1465086904.692826,1465086909.694411,1465086909.778000
479,1465086904.025000,1465086904.689145,1465086909.690986,1465086909.772000
480,1465086904.025000,1465086904.679347,1465086909.681130,1465086909.765000
481,1465086904.025000,1465086904.681345,1465086909.684581,1465086909.767000
482,1465086904.026000,1465086904.702656,1465086909.718766,1465086909.794000
483,1465086904.026000,1465086904.685715,1465086909.702309,1465086909.780000
484,1465086904.026000,1465086904.692378,1465086909.697569,1465086909.773000
485,1465086904.026000,1465086904.669801,1465086909.672258,1465086909.758000
486,1465086904.026000,1465086904.682733,1465086909.684113,1465086909.769000
487,1465086904.026000,1465086904.649388,1465086909.651012,1465086909.740000
488,1465086904.027000,1465086904.682322,1465086909.715582,1465086909.791000
489,1465086904.027000,1465086904.677424,1465086909.680086,1465086909.760000
490,1465086904.027000,1465086904.676836,1465086909.678527,1465086909.771000
491,1465086904.027000,1465086904.659009,1465086909.660328,1465086909.768000
492,1465086904.027000,1465086904.699007,1465086909.700674,1465086909.778000
493,1465086904.028000,1465086904.888958,1465086909.905556,1465086909.998000
494,1465086904.028000,1465086904.682691,1465086909.685284,1465086909.760000
495,1465086904.028000,1465086904.663253,1465086909.664453,1465086909.752000
496,1465086904.028000,1465086904.953537,1465086909.954791,1465086910.052000
497,1465086904.028000,1465086904.706892,1465086909.713637,1465086909.791000
498,1465086904.028000,1465086904.640584,1465086909.642125,1465086909.724000
499,1465086904.028000,1465086904.678917,1465086909.680776,1465086909.763000
500,1465086904.028000,1465086904.703518,1465086909.719853,1465086909.795000
501,1465086904.028000,1465086904.755460,1465086909.756771,1465086909.846000
502,1465086904.028000,1465086905.070234,1465086910.084095,1465086910.167000
503,1465086904.028000,1465086904.787738,1465086909.843946,1465086909.940000
504,1465086904.028000,1465086904.686658,1465086909.702521,1465086909.786000
505,1465086904.028000,1465086904.645639,1465086909.681529,1465086909.769000
506,1465086904.028000,1465086904.700141,1465086909.702378,1465086909.795000
507,1465086904.028000,1465086904.656277,1465086909.657920,1465086909.751000
508,1465086904.028000,1465086904.696528,1465086909.698233,1465086909.787000
509,1465086904.028000,1465086904.736038,1465086909.742266,1465086909.824000
510,1465086904.028000,1465086904.771209,1465086909.772595,1465086909.857000
511,1465086904.028000,1465086904.690608,1465086909.722363,1465086909.809000
512,1465086904.028000,1465086904.686436,1465086909.688033,1465086909.762000
513,1465086904.028000,1465086904.687627,1465086909.703180,1465086909.798000
514,1465086904.028000,1465086905.001891,1465086910.003321,1465086910.094000
515,1465086904.028000,1465086904.691037,1465086909.692334,1465086909.769000
516,1465086904.028000,1465086904.693943,1465086909.730727,1465086909.813000
517,1465086904.028000,1465086904.691450,1465086909.693412,1465086909.780000
518,1465086904.028000,1465086904.679724,1465086909.731604,1465086909.820000
519,1465086904.028000,1465086904.703117,1465086909.727640,1465086909.820000
520,1465086904.028000,1465086904.701743,1465086909.703270,1465086909.792000
521,1465086904.028000,1465086904.763460,1465086909.764691,1465086909.843000
522,1465086904.029000,1465086904.657283,1465086909.669158,1465086909.751000
523,1465086904.029000,1465086904.711612,1465086909.723298,1465086909.809000
524,1465086904.029000,1465086904.716194,1465086909.717728,1465086909.804000
525,1465086904.029000,1465086904.717153,1465086909.718821,1465086909.797000
526,1465086904.029000,1465086904.691935,1465086909.693456,1465086909.785000
527,1465086904.029000,1465086904.675413,1465086909.682330,1465086909.769000
528,1465086904.029000,1465086904.692849,1465086909.694167,1465086909.781000
529,1465086904.029000,1465086904.660109,1465086909.661907,1465086909.760000
530,1465086904.029000,1465086904.701640,1465086909.735689,1465086909.811000
531,1465086904.029000,1465086904.689968,1465086909.709364,1465086909.795000
532,1465086904.029000,1465086904.837084,1465086909.838442,1465086909.921000
533,1465086904.029000,1465086904.791958,1465086909.794580,1465086909.882000
534,1465086904.029000,1465086904.728240,1465086909.729830,1465086909.824000
535,1465086904.029000,1465086904.643891,1465086909.652052,1465086909.736000
536,1465086904.029000,1465086904.674022,1465086909.680394,1465086909.775000
537,1465086904.029000,1465086904.675876,1465086909.677650,1465086909.759000
538,1465086904.029000,1465086904.672956,1465086909.674388,1465086909.762000
539,1465086904.029000,1465086904.706256,1465086909.707614,1465086909.793000
540,1465086904.029000,1465086904.687693,1465086909.706380,1465086909.791000
541,1465086904.029000,1465086904.781339,1465086909.782769,1465086909.859000
542,1465086904.029000,1465086904.810924,1465086909.812289,1465086909.893000
543,1465086904.029000,1465086904.688853,1465086909.690178,1465086909.783000
544,1465086904.029000,1465086904.689054,1465086909.690551,1465086909.766000
545,1465086904.029000,1465086904.624879,1465086909.626758,1465086909.727000
546,1465086904.029000,1465086904.671159,1465086909.672540,1465086909.758000
547,1465086904.029000,1465086904.655384,1465086909.657685,1465086909.753000
548,1465086904.029000,1465086904.685556,1465086909.686803,1465086909.780000
549,1465086904.030000,1465086904.691634,1465086909.724953,1465086909.808000
550,1465086904.030000,1465086904.778335,1465086909.780235,1465086909.893000
551,1465086904.030000,1465086904.709091,1465086909.710527,1465086909.795000
552,1465086904.030000,1465086904.766177,1465086909.787465,1465086909.868000
553,1465086904.030000,1465086904.647265,1465086909.665055,1465086909.748000
554,1465086904.030000,1465086904.689520,1465086909.691186,1465086909.770000
555,1465086904.030000,1465086904.684888,1465086909.714785,1465086909.800000
556,1465086904.030000,1465086904.715486,1465086909.718681,1465086909.800000
557,1465086904.030000,1465086904.677598,1465086909.679325,1465086909.754000
558,1465086904.030000,1465086904.706338,1465086909.725778,1465086909.800000
559,1465086904.030000,1465086904.700878,1465086909.716246,1465086909.807000
560,1465086904.030000,1465086904.758315,1465086909.759684,1465086909.844000
561,1465086904.030000,1465086904.706766,1465086909.713318,1465086909.802000
562,1465086904.030000,1465086905.037242,1465086910.068763,1465086910.151000
563,1465086904.030000,1465086904.662951,1465086909.664696,1465086909.763000
564,1465086904.030000,1465086904.702974,1465086909.709823,1465086909.792000
565,1465086904.030000,1465086905.070594,1465086910.073453,1465086910.167000
566,1465086904.030000,1465086904.638602,1465086909.643443,1465086909.735000
567,1465086904.030000,1465086904.683154,1465086909.696499,1465086909.788000
568,1465086904.030000,1465086904.661176,1465086909.706256,1465086909.790000
569,1465086904.030000,1465086904.664030,1465086909.665817,1465086909.764000
570,1465086904.030000,1465086904.812871,1465086909.823996,1465086909.919000
571,1465086904.030000,1465086904.712397,1465086909.714120,1465086909.800000
572,1465086904.030000,1465086904.654327,1465086909.655837,1465086909.733000
573,1465086904.030000,1465086904.656550,1465086909.689222,1465086909.771000
574,1465086904.030000,1465086904.837762,1465086909.839715,1465086909.924000
575,1465086904.030000,1465086904.662654,1465086909.664559,1465086909.752000
576,1465086904.030000,1465086904.742878,1465086909.744480,1465086909.857000
577,1465086904.031000,1465086904.873821,1465086909.875289,1465086909.968000
578,1465086904.031000,1465086904.794878,1465086909.796098,1465086909.875000
579,1465086904.031000,1465086904.668809,1465086909.670112,1465086909.748000
580,1465086904.031000,1465086904.663619,1465086909.675747,1465086909.769000
581,1465086904.031000,1465086904.696489,1465086909.699594,1465086909.776000
582,1465086904.031000,1465086904.680179,1465086909.686277,1465086909.769000
583,1465086904.031000,1465086904.702068,1465086909.703799,1465086909.788000
584,1465086904.031000,1465086904.829069,1465086909.863328,1465086909.957000
585,1465086904.031000,1465086904.695912,1465086909.697652,1465086909.781000
586,1465086904.031000,1465086904.644114,1465086909.668945,1465086909.752000
587,1465086904.031000,1465086904.704671,1465086909.717182,1465086909.792000
588,1465086904.031000,1465086904.987609,1465086909.989018,1465086910.101000
589,1465086904.031000,1465086904.703967,1465086909.711076,1465086909.793000
590,1465086904.031000,1465086904.670359,1465086909.702056,1465086909.787000
591,1465086904.031000,1465086904.729256,1465086909.730663,1465086909.812000
592,1465086904.031000,1465086904.706938,1465086909.708388,1465086909.784000
593,1465086904.031000,1465086904.760800,1465086909.762096,1465086909.846000
594,1465086904.031000,1465086904.771903,1465086909.803855,1465086909.886000
595,1465086904.031000,1465086904.682209,1465086909.683718,1465086909.771000
596,1465086904.031000,1465086904.719611,1465086909.720987,1465086909.810000
597,1465086904.031000,1465086904.827677,1465086909.829294,1465086909.911000
598,1465086904.031000,1465086904.704056,1465086909.705716,1465086909.797000
599,1465086904.031000,1465086904.816332,1465086909.817707,1465086909.925000
600,1465086904.031000,1465086904.677188,1465086909.678415,1465086909.756000
601,1465086904.031000,1465086904.716307,1465086909.717888,1465086909.800000
602,1465086904.031000,1465086904.682439,1465086909.732743,1465086909.819000
603,1465086904.031000,1465086904.715130,1465086909.716434,1465086909.792000
604,1465086904.031000,1465086904.649966,1465086909.667586,1465086909.755000
605,1465086904.032000,1465086904.753809,1465086909.755233,1465086909.847000
606,1465086904.032000,1465086904.816984,1465086909.818227,1465086909.904000
607,1465086904.032000,1465086904.702497,1465086909.704168,1465086909.782000
608,1465086904.032000,1465086904.611367,1465086909.616533,1465086909.709000
609,1465086904.032000,1465086904.699088,1465086909.756932,1465086909.838000
610,1465086904.032000,1465086904.786021,1465086909.787765,1465086909.870000
611,1465086904.032000,1465086904.676726,1465086909.679900,1465086909.766000
612,1465086904.032000,1465086904.726215,1465086909.727564,1465086909.815000
613,1465086904.032000,1465086904.795374,1465086909.796783,1465086909.886000
614,1465086904.032000,1465086905.089726,1465086910.091089,1465086910.173000
615,1465086904.032000,1465086904.701908,1465086909.746156,1465086909.830000
616,1465086904.032000,1465086904.703630,1465086909.704838,1465086909.791000
617,1465086904.032000,1465086904.681728,1465086909.683829,1465086909.768000
618,1465086904.032000,1465086904.669309,1465086909.671112,1465086909.747000
619,1465086904.032000,1465086904.768163,1465086909.789218,1465086909.871000
620,1465086904.032000,1465086904.820775,1465086909.822241,1465086909.917000
621,1465086904.032000,1465086904.698986,1465086909.701281,1465086909.790000
622,1465086904.032000,1465086904.741524,1465086909.743316,1465086909.818000
623,1465086904.032000,1465086904.694500,1465086909.695906,1465086909.779000
624,1465086904.032000,1465086904.772307,1465086909.773614,1465086909.858000
625,1465086904.032000,1465086904.722210,1465086909.723416,1465086909.810000
626,1465086904.032000,1465086904.760966,1465086909.762690,1465086909.846000
627,1465086904.032000,1465086904.823999,1465086909.825305,1465086909.908000
628,1465086904.032000,1465086904.809608,1465086909.811021,1465086909.888000
629,1465086904.032000,1465086904.771263,1465086909.772728,1465086909.855000
630,1465086904.032000,1465086904.739806,1465086909.742593,1465086909.817000
631,1465086904.032000,1465086904.745479,1465086909.746774,1465086909.833000
632,1465086904.032000,1465086904.684283,1465086909.700289,1465086909.782000
633,1465086904.032000,1465086904.707560,1465086909.770769,1465086909.848000
634,1465086904.032000,1465086904.769917,1465086909.771429,1465086909.854000
635,1465086904.032000,0.000000,0.000000,0.000000
636,1465086904.033000,1465086904.769790,1465086909.771135,1465086909.848000
637,1465086904.033000,1465086904.717185,1465086909.718462,1465086909.803000
638,1465086904.033000,1465086904.740232,1465086909.753978,1465086909.829000
639,1465086904.033000,1465086904.794632,1465086909.795901,1465086909.880000
640,1465086904.033000,1465086904.867504,1465086909.886825,1465086909.970000
641,1465086904.033000,1465086904.702398,1465086909.727930,1465086909.821000
642,1465086904.033000,1465086904.699630,1465086909.700879,1465086909.788000
643,1465086904.033000,1465086904.781936,1465086909.790387,1465086909.885000
644,1465086904.033000,1465086904.770723,1465086909.779501,1465086909.855000
645,1465086904.033000,1465086904.729531,1465086909.744627,1465086909.840000
646,1465086904.033000,1465086905.694657,1465086910.696436,1465086910.789000
647,1465086904.033000,1465086904.715541,1465086909.716821,1465086909.804000
648,1465086904.033000,1465086904.776563,1465086909.778071,1465086909.873000
649,1465086904.033000,1465086904.767209,1465086909.768911,1465086909.850000
650,1465086904.033000,1465086904.842756,1465086909.848359,1465086909.933000
651,1465086904.033000,1465086904.819624,1465086909.822451,1465086909.918000
652,1465086904.033000,1465086904.714560,1465086909.721292,1465086909.803000
653,1465086904.033000,1465086904.727329,1465086909.741770,1465086909.823000
654,1465086904.034000,1465086904.773906,1465086909.776137,1465086909.865000
655,1465086904.034000,1465086904.700285,1465086909.701594,1465086909.795000
656,1465086904.034000,1465086904.767522,1465086909.768945,1465086909.844000
657,1465086904.034000,1465086904.800806,1465086909.802208,1465086909.900000
658,1465086904.034000,1465086904.808480,1465086909.809963,1465086909.886000
659,1465086904.034000,1465086904.836091,1465086909.837674,1465086909.914000
660,1465086904.034000,1465086904.745051,1465086909.746573,1465086909.828000
661,1465086904.034000,1465086904.713852,1465086909.715176,1465086909.799000
662,1465086904.034000,1465086904.775307,1465086909.776705,1465086909.872000
663,1465086904.034000,1465086904.717576,1465086909.719665,1465086909.799000
664,1465086904.034000,1465086904.717456,1465086909.718911,1465086909.808000
665,1465086904.034000,1465086904.678077,1465086909.679581,1465086909.764000
666,1465086904.034000,1465086904.784775,1465086909.786663,1465086909.866000
667,1465086904.034000,1465086904.682376,1465086909.684333,1465086909.774000
668,1465086904.034000,1465086904.703276,1465086909.704871,1465086909.818000
669,1465086904.034000,1465086904.763553,1465086909.766202,1465086909.853000
670,1465086904.034000,1465086904.740875,1465086909.742241,1465086909.825000
671,1465086904.034000,1465086904.643663,1465086909.644968,1465086909.732000
672,1465086904.034000,1465086904.725844,1465086909.740562,1465086909.825000
673,1465086904.034000,1465086904.845950,1465086909.847273,1465086909.942000
674,1465086904.034000,1465086904.715171,1465086909.716507,1465086909.793000
675,1465086904.034000,0.000000,0.000000,0.000000
676,1465086904.034000,1465086904.824729,1465086909.826061,1465086909.902000
677,1465086904.034000,1465086904.738995,1465086909.740249,1465086909.830000
678,1465086904.034000,1465086904.773072,1465086909.788184,1465086909.869000
679,1465086904.034000,1465086904.870164,1465086909.871677,1465086909.958000
680,1465086904.034000,1465086904.684177,1465086909.686258,1465086909.776000
681,1465086904.034000,1465086904.668868,1465086909.676317,1465086909.767000
682,1465086904.034000,1465086904.698477,1465086909.700152,1465086909.793000
683,1465086904.034000,1465086904.721391,1465086909.722984,1465086909.800000
684,1465086904.034000,1465086904.786722,1465086909.788004,1465086909.875000
685,1465086904.035000,1465086904.738661,1465086909.753048,1465086909.830000
686,1465086904.035000,1465086904.692046,1465086909.693973,1465086909.773000
687,1465086904.035000,1465086904.735502,1465086909.741773,1465086909.837000
688,1465086904.035000,1465086904.828446,1465086909.829792,1465086909.922000
689,1465086904.035000,1465086904.831967,1465086909.833590,1465086909.941000
690,1465086904.035000,1465086904.720657,1465086909.752960,1465086909.828000
691,1465086904.035000,1465086904.730993,1465086909.732392,1465086909.811000
692,1465086904.035000,1465086904.720254,1465086909.721515,1465086909.807000
693,1465086904.035000,1465086904.680034,1465086909.681676,1465086909.774000
694,1465086904.035000,1465086904.778075,1465086909.790944,1465086909.886000
695,1465086904.035000,1465086904.717098,1465086909.719169,1465086909.797000
696,1465086904.035000,1465086904.697420,1465086909.698674,1465086909.794000
697,1465086904.035000,1465086904.688638,1465086909.704611,1465086909.786000
698,1465086904.035000,1465086904.819452,1465086909.820744,1465086909.902000
699,1465086904.035000,1465086904.706093,1465086909.711906,1465086909.794000
700,1465086904.035000,1465086904.764707,1465086909.766704,1465086909.848000
701,1465086904.035000,1465086904.820882,1465086909.822358,1465086909.907000
702,1465086904.035000,1465086904.660153,1465086909.678534,1465086909.773000
703,1465086904.035000,1465086904.675426,1465086909.677037,1465086909.756000
704,1465086904.035000,1465086904.694571,1465086909.695859,1465086909.788000
705,1465086904.035000,1465086904.678022,1465086909.682020,1465086909.763000
706,1465086904.035000,1465086904.683031,1465086909.687941,1465086909.770000
707,1465086904.035000,1465086904.779509,1465086909.788313,1465086909.873000
708,1465086904.035000,1465086904.810490,1465086909.811788,1465086909.904000
709,1465086904.035000,1465086904.759445,1465086909.760915,1465086909.836000
710,1465086904.035000,1465086904.741125,1465086909.742407,1465086909.836000
711,1465086904.035000,1465086904.814436,1465086909.851929,1465086909.940000
712,1465086904.035000,1465086904.785209,1465086909.786988,1465086909.869000
713,1465086904.036000,1465086904.680728,1465086909.682473,1465086909.769000
714,1465086904.036000,1465086904.845842,1465086909.847168,1465086909.923000
715,1465086904.036000,1465086905.077339,1465086910.078635,1465086910.172000
716,1465086904.036000,1465086904.711545,1465086909.712901,1465086909.821000
717,1465086904.036000,1465086904.718978,1465086909.720440,1465086909.799000
718,1465086904.036000,1465086904.718004,1465086909.719777,1465086909.813000
719,1465086904.036000,1465086904.785996,1465086909.787270,1465086909.876000
720,1465086904.036000,1465086904.752138,1465086909.755366,1465086909.830000
721,1465086904.036000,1465086904.732008,1465086909.758174,1465086909.840000
722,1465086904.036000,1465086904.719129,1465086909.735118,1465086909.813000
723,1465086904.036000,1465086904.821666,1465086909.823583,1465086909.909000
724,1465086904.036000,1465086904.700653,1465086909.702521,1465086909.786000
725,1465086904.036000,1465086904.803059,1465086909.804411,1465086909.890000
726,1465086904.036000,1465086904.706034,1465086909.710588,1465086909.795000
727,1465086904.036000,1465086904.828589,1465086909.831098,1465086909.914000
728,1465086904.036000,1465086904.722311,1465086909.723699,1465086909.819000
729,1465086904.036000,1465086904.736134,1465086909.737916,1465086909.830000
730,1465086904.036000,1465086904.720637,1465086909.728169,1465086909.841000
731,1465086904.036000,1465086904.745124,1465086909.746537,1465086909.823000
732,1465086904.036000,1465086904.987702,1465086909.989007,1465086910.096000
733,1465086904.036000,1465086904.807364,1465086909.809068,1465086909.897000
734,1465086904.036000,1465086904.708695,1465086909.710126,1465086909.793000
735,1465086904.036000,1465086904.688441,1465086909.720483,1465086909.804000
736,1465086904.036000,1465086905.057846,1465086910.059147,1465086910.147000
737,1465086904.036000,1465086904.835226,1465086909.848637,1465086909.925000
738,1465086904.036000,1465086905.076262,1465086910.081746,1465086910.170000
739,1465086904.036000,0.000000,0.000000,0.000000
740,1465086904.037000,1465086904.771758,1465086909.805151,1465086909.885000
741,1465086904.037000,1465086904.769280,1465086909.770812,1465086909.860000
742,1465086904.037000,1465086904.692439,1465086909.693835,1465086909.789000
743,1465086904.037000,1465086904.753106,1465086909.761389,1465086909.849000
744,1465086904.037000,1465086905.080391,1465086910.081674,1465086910.164000
745,1465086904.037000,1465086904.780222,1465086909.782017,1465086909.877000
746,1465086904.037000,1465086905.105170,1465086910.106435,1465086910.200000
747,1465086904.037000,1465086904.725716,1465086909.727107,1465086909.813000
748,1465086904.037000,1465086904.832690,1465086909.834111,1465086909.916000
749,1465086904.037000,1465086904.706763,1465086909.708522,1465086909.800000
750,1465086904.037000,1465086904.776811,1465086909.786764,1465086909.868000
751,1465086904.037000,1465086904.755841,1465086909.757583,1465086909.839000
752,1465086904.037000,1465086904.752997,1465086909.754310,1465086909.839000
753,1465086904.037000,1465086904.911649,1465086909.913065,1465086909.991000
754,1465086904.037000,1465086904.698727,1465086909.700733,1465086909.790000
755,1465086904.037000,1465086905.119924,1465086910.121186,1465086910.214000
756,1465086904.037000,1465086904.699224,1465086909.700575,1465086909.793000
757,1465086904.037000,1465086904.700928,1465086909.702541,1465086909.795000
758,1465086904.037000,1465086904.814098,1465086909.815563,1465086909.923000
759,1465086904.037000,1465086904.722620,1465086909.723943,1465086909.802000
760,1465086904.037000,1465086904.673795,1465086909.675693,1465086909.761000
761,1465086904.037000,1465086904.718955,1465086909.732812,1465086909.819000
762,1465086904.037000,1465086904.813203,1465086909.814603,1465086909.900000
763,1465086904.037000,1465086904.738797,1465086909.740705,1465086909.824000
764,1465086904.037000,1465086904.745862,1465086909.747202,1465086909.833000
765,1465086904.037000,1465086904.683457,1465086909.685213,1465086909.762000
766,1465086904.037000,1465086904.677269,1465086909.687795,1465086909.771000
767,1465086904.037000,1465086905.012505,1465086910.013715,1465086910.106000
768,1465086904.037000,1465086904.699259,1465086909.710637,1465086909.793000
769,1465086904.038000,1465086904.696981,1465086909.698560,1465086909.783000
770,1465086904.039000,1465086904.710314,1465086909.711795,1465086909.795000
771,1465086904.052000,1465086905.098039,1465086910.099388,1465086910.175000
772,1465086904.052000,1465086904.859204,1465086909.860638,1465086909.936000
773,1465086904.066000,1465086904.838267,1465086909.839436,1465086909.931000
774,1465086904.066000,1465086904.786822,1465086909.788243,1465086909.873000
775,1465086904.088000,1465086904.695810,1465086909.697615,1465086909.782000
776,1465086904.093000,1465086904.861609,1465086909.863059,1465086909.940000
777,1465086904.093000,1465086904.840503,1465086909.845103,1465086909.941000
778,1465086904.093000,1465086904.820065,1465086909.821290,1465086909.919000
779,1465086904.093000,1465086904.782469,1465086909.783813,1465086909.870000
780,1465086904.093000,1465086904.843748,1465086909.845063,1465086909.921000
781,1465086904.094000,1465086904.807440,1465086909.809156,1465086909.886000
782,1465086904.094000,1465086905.094532,1465086910.096076,1465086910.184000
783,1465086904.094000,1465086905.062879,1465086910.069394,1465086910.151000
784,1465086904.094000,1465086905.082326,1465086910.110473,1465086910.194000
785,1465086904.094000,1465086904.826511,1465086909.829072,1465086909.911000
786,1465086904.094000,1465086905.137144,1465086910.138629,1465086910.226000
787,1465086904.094000,1465086904.810962,1465086909.812353,1465086909.906000
788,1465086904.095000,1465086904.746379,1465086909.747753,1465086909.861000
789,1465086904.095000,1465086904.751830,1465086909.753241,1465086909.835000
790,1465086904.095000,1465086904.803759,1465086909.805189,1465086909.889000
791,1465086904.095000,1465086904.844926,1465086909.846271,1465086909.928000
792,1465086904.095000,1465086904.799809,1465086909.801212,1465086909.896000
793,1465086904.095000,1465086904.845606,1465086909.847162,1465086909.924000
794,1465086904.095000,1465086904.831829,1465086909.833074,1465086909.931000
795,1465086904.095000,1465086904.812798,1465086909.814584,1465086909.903000
796,1465086904.095000,0.000000,0.000000,0.000000
797,1465086904.095000,1465086904.823437,1465086909.825044,1465086909.933000
798,1465086904.095000,1465086904.830396,1465086909.831800,1465086909.930000
799,1465086904.095000,1465086904.858148,1465086909.859469,1465086909.942000
800,1465086904.095000,1465086905.081212,1465086910.082483,1465086910.175000
801,1465086904.096000,1465086905.088303,1465086910.089584,1465086910.174000
802,1465086904.096000,1465086904.807277,1465086909.808946,1465086909.895000
803,1465086904.096000,1465086904.800276,1465086909.806898,1465086909.888000
804,1465086904.096000,1465086904.841373,1465086909.842889,1465086909.930000
805,1465086904.096000,0.000000,0.000000,0.000000
806,1465086904.097000,1465086904.809458,1465086909.810983,1465086909.892000
807,1465086904.097000,1465086904.859889,1465086909.861439,1465086909.937000
808,1465086904.097000,1465086904.774025,1465086909.775303,1465086909.867000
809,1465086904.097000,1465086905.139502,1465086910.143860,1465086910.227000
810,1465086904.097000,1465086904.806074,1465086909.807480,1465086909.884000
811,1465086904.097000,1465086904.796798,1465086909.798241,1465086909.882000
812,1465086904.097000,1465086904.730362,1465086909.766162,1465086909.850000
813,1465086904.098000,1465086904.756598,1465086909.773763,1465086909.860000
814,1465086904.099000,1465086904.783235,1465086909.801797,1465086909.897000
815,1465086904.099000,1465086904.820380,1465086909.821756,1465086909.902000
816,1465086904.099000,1465086905.143990,1465086910.145284,1465086910.238000
817,1465086904.099000,1465086904.831519,1465086909.833046,1465086909.914000
818,1465086904.100000,1465086904.800651,1465086909.801930,1465086909.895000
819,1465086904.100000,1465086904.754900,1465086909.756180,1465086909.868000
820,1465086904.100000,1465086904.806975,1465086909.808340,1465086909.903000
821,1465086904.100000,1465086904.727179,1465086909.728693,1465086909.821000
822,1465086904.100000,1465086905.139904,1465086910.143782,1465086910.227000
823,1465086904.100000,1465086904.755861,1465086909.757191,1465086909.841000
824,1465086904.100000,1465086905.117877,1465086910.119118,1465086910.212000
825,1465086904.100000,1465086904.867924,1465086909.900975,1465086909.980000
826,1465086904.101000,1465086905.023270,1465086910.024841,1465086910.120000
827,1465086904.101000,1465086904.727929,1465086909.729475,1465086909.813000
828,1465086904.101000,1465086905.147928,1465086910.149210,1465086910.237000
829,1465086904.101000,1465086904.788052,1465086909.789931,1465086909.885000
830,1465086904.101000,1465086904.826641,1465086909.827966,1465086909.912000
831,1465086904.101000,1465086905.103984,1465086910.105306,1465086910.187000
832,1465086904.102000,1465086905.090532,1465086910.091862,1465086910.180000
833,1465086904.103000,1465086904.724980,1465086909.726765,1465086909.822000
834,1465086904.103000,1465086904.837270,1465086909.838534,1465086909.926000
835,1465086904.103000,1465086904.798620,1465086909.800074,1465086909.898000
836,1465086904.103000,0.000000,0.000000,0.000000
837,1465086904.104000,0.000000,0.000000,0.000000
838,1465086904.104000,1465086904.768893,1465086909.770273,1465086909.866000
839,1465086904.105000,1465086905.061552,1465086910.063102,1465086910.158000
840,1465086904.105000,1465086904.777230,1465086909.778837,1465086909.874000
841,1465086904.105000,1465086905.120533,1465086910.121816,1465086910.205000
842,1465086904.106000,1465086904.770661,1465086909.772100,1465086909.861000
843,1465086904.106000,1465086904.780517,1465086909.788462,1465086909.873000
844,1465086904.106000,1465086905.077590,1465086910.093715,1465086910.180000
845,1465086904.106000,1465086905.140781,1465086910.144615,1465086910.233000
846,1465086904.107000,1465086906.598253,1465086911.600806,1465086911.688000
847,1465086904.107000,0.000000,0.000000,0.000000
848,1465086904.107000,1465086904.788322,1465086909.789691,1465086909.885000
849,1465086904.107000,1465086904.789701,1465086909.790972,1465086909.904000
850,1465086904.107000,1465086905.044359,1465086910.045597,1465086910.127000
851,1465086904.107000,1465086904.760968,1465086909.762379,1465086909.854000
852,1465086904.108000,1465086905.131888,1465086910.136541,1465086910.228000
853,1465086904.109000,1465086904.740304,1465086909.741679,1465086909.827000
854,1465086904.109000,1465086904.836017,1465086909.837732,1465086909.932000
855,1465086904.109000,0.000000,0.000000,0.000000
856,1465086904.109000,1465086904.846704,1465086909.849287,1465086909.934000
857,1465086904.109000,1465086905.100275,1465086910.102040,1465086910.194000
858,1465086904.109000,1465086904.859977,1465086909.861912,1465086909.939000
859,1465086904.110000,1465086904.795831,1465086909.797532,1465086909.881000
860,1465086904.110000,1465086904.800580,1465086909.801960,1465086909.890000
861,1465086904.110000,1465086905.150937,1465086910.152230,1465086910.229000
862,1465086904.110000,1465086904.824043,1465086909.840314,1465086909.924000
863,1465086904.110000,1465086904.846662,1465086909.890260,1465086909.985000
864,1465086904.110000,1465086904.816247,1465086909.817970,1465086909.894000
865,1465086904.111000,1465086904.835975,1465086909.837229,1465086909.921000
866,1465086904.111000,1465086904.825179,1465086909.826551,1465086909.919000
867,1465086904.111000,1465086904.841209,1465086909.843680,1465086909.941000
868,1465086904.111000,1465086904.782724,1465086909.784285,1465086909.869000
869,1465086904.111000,1465086904.784134,1465086909.785559,1465086909.880000
870,1465086904.111000,1465086904.798187,1465086909.799503,1465086909.892000
871,1465086904.111000,1465086905.104007,1465086910.105328,1465086910.193000
872,1465086904.112000,1465086904.850597,1465086909.863671,1465086909.959000
873,1465086904.112000,1465086904.832696,1465086909.834062,1465086909.911000
874,1465086904.112000,1465086904.764874,1465086909.766199,1465086909.854000
875,1465086904.112000,1465086905.131375,1465086910.132637,1465086910.220000
876,1465086904.112000,1465086905.049246,1465086910.050523,1465086910.142000
877,1465086904.113000,1465086904.835510,1465086909.837131,1465086909.913000
878,1465086904.113000,1465086904.802791,1465086909.804158,1465086909.917000
879,1465086904.113000,1465086904.854282,1465086909.883806,1465086909.968000
880,1465086904.113000,1465086904.836280,1465086909.837813,1465086909.926000
881,1465086904.113000,1465086905.077737,1465086910.079061,1465086910.192000
882,1465086904.113000,1465086905.113915,1465086910.116513,1465086910.208000
883,1465086904.114000,1465086904.794084,1465086909.810501,1465086909.905000
884,1465086904.114000,1465086904.822871,1465086909.824201,1465086909.909000
885,1465086904.114000,1465086904.812796,1465086909.814256,1465086909.910000
886,1465086904.114000,1465086904.831226,1465086909.844706,1465086909.939000
887,1465086904.115000,1465086905.130370,1465086910.131535,1465086910.224000
888,1465086904.115000,1465086904.848081,1465086909.850148,1465086909.945000
889,1465086904.115000,0.000000,0.000000,0.000000
890,1465086904.115000,1465086904.819408,1465086909.820692,1465086909.916000
891,1465086904.115000,1465086904.843053,1465086909.844351,1465086909.928000
892,1465086904.115000,1465086905.108553,1465086910.110284,1465086910.197000
893,1465086904.115000,1465086904.832098,1465086909.833524,1465086909.928000
894,1465086904.116000,1465086904.863243,1465086909.864748,1465086909.942000
895,1465086904.116000,1465086905.159098,1465086910.160674,1465086910.236000
896,1465086904.116000,1465086904.811789,1465086909.813083,1465086909.891000
897,1465086904.117000,1465086904.828358,1465086909.829754,1465086909.906000
898,1465086904.117000,1465086904.787634,1465086909.788913,1465086909.877000
899,1465086904.117000,1465086904.809541,1465086909.827390,1465086909.909000
900,1465086904.117000,1465086904.805991,1465086909.807288,1465086909.896000
901,1465086904.118000,1465086905.051458,1465086910.052882,1465086910.136000
902,1465086904.117000,1465086904.837583,1465086909.839060,1465086909.934000
903,1465086904.118000,1465086905.068950,1465086910.070273,1465086910.163000
904,1465086904.118000,1465086904.863290,1465086909.864861,1465086909.942000
905,1465086904.118000,1465086904.843780,1465086909.863956,1465086909.947000
906,1465086904.118000,1465086904.823470,1465086909.825127,1465086909.920000
907,1465086904.118000,1465086905.115885,1465086910.117123,1465086910.204000
908,1465086904.118000,1465086904.848969,1465086909.850653,1465086909.935000
909,1465086904.119000,1465086904.822717,1465086909.824298,1465086909.908000
910,1465086904.119000,1465086905.115260,1465086910.116536,1465086910.210000
911,1465086904.119000,1465086904.845610,1465086909.848280,1465086909.931000
912,1465086904.119000,1465086904.824277,1465086909.825553,1465086909.919000
913,1465086904.120000,1465086904.816376,1465086909.818258,1465086909.894000
914,1465086904.120000,1465086904.841786,1465086909.843341,1465086909.935000
915,1465086904.120000,1465086905.143787,1465086910.145065,1465086910.229000
916,1465086904.120000,1465086904.759855,1465086909.761320,1465086909.847000
917,1465086904.120000,1465086904.858598,1465086909.860799,1465086909.942000
918,1465086904.120000,1465086904.818132,1465086909.819514,1465086909.896000
919,1465086904.120000,1465086904.812090,1465086909.839481,1465086909.916000
920,1465086904.121000,1465086904.781806,1465086909.783346,1465086909.868000
921,1465086904.121000,1465086905.072550,1465086910.074420,1465086910.168000
922,1465086904.121000,1465086904.837600,1465086909.838969,1465086909.933000
923,1465086904.121000,1465086904.849061,1465086909.850271,1465086909.942000
924,1465086904.122000,1465086904.847483,1465086909.848917,1465086909.931000
925,1465086904.122000,1465086905.081710,1465086910.119481,1465086910.195000
926,1465086904.122000,1465086904.850964,1465086909.876267,1465086909.968000
927,1465086904.123000,1465086904.840207,1465086909.841863,1465086909.926000
928,1465086904.123000,1465086904.813604,1465086909.815315,1465086909.897000
929,1465086904.123000,1465086905.158217,1465086910.162161,1465086910.249000
930,1465086904.123000,1465086904.843555,1465086909.845082,1465086909.937000
931,1465086904.123000,1465086904.839765,1465086909.841065,1465086909.939000
932,1465086904.123000,1465086905.080027,1465086910.081399,1465086910.189000
933,1465086904.123000,1465086904.857933,1465086909.860040,1465086909.941000
934,1465086904.124000,1465086904.843973,1465086909.849709,1465086909.931000
935,1465086904.124000,1465086904.852445,1465086909.853764,1465086909.930000
936,1465086904.124000,1465086905.045469,1465086910.047987,1465086910.141000
937,1465086904.124000,1465086904.846737,1465086909.880727,1465086909.968000
938,1465086904.125000,0.000000,0.000000,0.000000
939,1465086904.125000,1465086904.842839,1465086909.845223,1465086909.938000
940,1465086904.125000,1465086905.089128,1465086910.090416,1465086910.175000
941,1465086904.125000,0.000000,0.000000,0.000000
942,1465086904.126000,1465086904.790757,1465086909.792137,1465086909.885000
943,1465086904.126000,1465086904.857368,1465086909.858609,1465086909.936000
944,1465086904.126000,1465086904.784748,1465086909.785980,1465086909.872000
945,1465086904.126000,1465086904.853938,1465086909.855274,1465086909.942000
946,1465086904.126000,1465086904.848338,1465086909.864003,1465086909.959000
947,1465086904.127000,1465086904.834088,1465086909.835544,1465086909.922000
948,1465086904.127000,1465086905.129233,1465086910.130535,1465086910.206000
949,1465086904.127000,1465086904.816816,1465086909.841261,1465086909.927000
950,1465086904.127000,1465086904.828547,1465086909.830082,1465086909.912000
951,1465086904.127000,1465086904.834695,1465086909.836180,1465086909.921000
952,1465086904.127000,1465086904.806641,1465086909.809902,1465086909.898000
953,1465086904.127000,1465086904.825674,1465086909.826929,1465086909.910000
954,1465086904.127000,1465086904.864112,1465086909.881887,1465086909.960000
955,1465086904.129000,1465086905.094887,1465086910.096358,1465086910.188000
956,1465086904.129000,1465086904.835903,1465086909.842497,1465086909.938000
957,1465086904.129000,1465086904.845773,1465086909.849560,1465086909.931000
958,1465086904.129000,1465086904.852142,1465086909.853423,1465086909.931000
959,1465086904.131000,1465086905.082873,1465086910.084245,1465086910.179000
960,1465086904.132000,1465086905.021881,1465086910.023109,1465086910.110000
961,1465086904.133000,1465086904.840566,1465086909.842076,1465086909.935000
962,1465086904.133000,1465086905.075363,1465086910.076960,1465086910.165000
963,1465086904.133000,1465086904.817253,1465086909.818675,1465086909.908000
964,1465086904.134000,1465086905.091371,1465086910.092679,1465086910.201000
965,1465086904.134000,1465086904.845999,1465086909.886216,1465086909.971000
966,1465086904.134000,1465086904.893018,1465086909.894345,1465086909.970000
967,1465086904.134000,1465086904.858456,1465086909.886688,1465086909.968000
968,1465086904.134000,1465086904.824498,1465086909.825797,1465086909.902000
969,1465086904.135000,1465086904.773511,1465086909.774892,1465086909.888000
970,1465086904.135000,1465086904.832501,1465086909.835670,1465086909.924000
971,1465086904.135000,1465086905.150951,1465086910.152208,1465086910.245000
972,1465086904.135000,1465086904.858279,1465086909.860133,1465086909.942000
973,1465086904.135000,1465086904.757495,1465086909.758826,1465086909.844000
974,1465086904.136000,1465086905.075254,1465086910.076982,1465086910.190000
975,1465086904.136000,1465086904.854319,1465086909.855792,1465086909.940000
976,1465086904.136000,1465086904.846988,1465086909.848359,1465086909.946000
977,1465086904.136000,1465086905.040130,1465086910.074266,1465086910.167000
978,1465086904.136000,1465086904.865348,1465086909.870113,1465086909.946000
979,1465086904.136000,1465086905.083512,1465086910.084816,1465086910.197000
980,1465086904.136000,1465086904.845784,1465086909.863522,1465086909.956000
981,1465086904.136000,1465086904.816311,1465086909.817595,1465086909.910000
982,1465086904.137000,1465086904.802417,1465086909.841837,1465086909.937000
983,1465086904.137000,1465086904.794953,1465086909.802431,1465086909.898000
984,1465086904.137000,0.000000,0.000000,0.000000
985,1465086904.137000,1465086904.839736,1465086909.841096,1465086909.923000
986,1465086904.138000,1465086905.136605,1465086910.142547,1465086910.230000
987,1465086904.138000,1465086904.825994,1465086909.827829,1465086909.935000
988,1465086904.138000,1465086904.834989,1465086909.836328,1465086909.929000
989,1465086904.138000,1465086904.855217,1465086909.856546,1465086909.941000
990,1465086904.138000,0.000000,0.000000,0.000000
991,1465086904.138000,1465086904.855012,1465086909.856313,1465086909.932000
992,1465086904.138000,1465086904.824191,1465086909.825914,1465086909.920000
993,1465086904.138000,1465086904.823477,1465086909.824881,1465086909.937000
994,1465086904.138000,1465086904.812910,1465086909.814765,1465086909.923000
995,1465086904.139000,1465086904.830226,1465086909.832116,1465086909.927000
996,1465086904.139000,1465086904.814055,1465086909.815760,1465086909.911000
997,1465086904.139000,1465086904.823290,1465086909.830474,1465086909.915000
998,1465086904.139000,0.000000,0.000000,0.000000
999,1465086904.139000,0.000000,0.000000,0.000000
